  -278.0   -46.7  41.7  12.5     3  -278.0   -46.7  41.7  12.5     3   0.00 120.0  2.0   18 57 16.09293 -23 09 10.8277 03 03 04.3335 22 06 1996 2450256.6271334901 1996.473996258  18.9544702570 -23.1530076847 17.4  51.3  47.3    68 Carme                 0.0000 160/LNA              Varios               Altair               PRAIA V.0.1.0        1rd degree           UCAC4                JUP300               23 Sep 2013                                                  
  -127.1  -103.6  30.6  69.5     8  -112.7  -107.6  52.0  66.0     9  11.11 120.0  2.0   18 41 27.08255 -23 23  4.8938 03 42 49.3113 26 07 1996 2450290.6547373990 1996.567158760  18.6908562647 -23.3846927326 17.5  55.8  46.9   102 Carme                 0.0000 160/LNA              Varios               Altair               PRAIA V.0.1.0        1rd degree           UCAC4                JUP300               23 Sep 2013                                                  
   -89.0    21.0  68.8  51.0     3   -89.0    21.0  68.8  51.0     3   0.00 120.0  2.0   18 42 31.30587 -23 09  3.5124 22 50 59.3330 01 10 1996 2450358.4520756132 1996.752777756  18.7086960743 -23.1509756720 18.3  56.0  49.0    55 Carme                 0.0000 160/LNA              Varios               Altair               PRAIA V.0.1.0        1rd degree           UCAC4                JUP300               23 Sep 2013                                                  
   -17.8    78.7  39.3   6.2     6   -78.5    83.4 122.6  57.4    10  40.00 120.0  2.0   23 56 27.23217 -02 05 12.9303 03 04 35.6632 14 08 1998 2451039.6281905468 1998.617736319  23.9408978255  -2.0869250707 17.5  57.0  59.3    13 Carme                 0.6900 OHP                  Varios               Altair               PRAIA V.0.1.1        1rd degree           UCAC4                SAT359               10 Dec 2013                                                  
   -76.8    28.2  53.0  57.1     9   -95.9    11.1  78.4  76.3    10  10.00 120.0  2.0   23 55  0.54890 -02 13 37.5073 22 28 01.9344 18 08 1998 2451044.4361335002 1998.630899749  23.9168191394  -2.2270853597 17.4  52.9  53.8    14 Carme                 0.6900 OHP                  Varios               Altair               PRAIA V.0.1.1        1rd degree           UCAC4                SAT359               10 Dec 2013                                                  
   173.9  -170.6  51.0  14.5    10   148.7  -179.8  68.0  40.3    13  23.08 120.0  2.0   01 52 59.67662 +09 28 35.9135 03 03 15.6630 09 10 1999 2451460.6272646179 1999.770368965   1.8832435048   9.4766426525 17.4  51.9  38.3    11 Carme                 0.6900 OHP                  Varios               Altair               PRAIA V.0.1.1        1rd degree           UCAC4                SAT359               10 Dec 2013                                                  
    22.2  -203.8  73.6  28.5     5    22.2  -203.8  73.6  28.5     5   0.00 120.0  2.0   01 51 38.83608 +09 20 15.5153 01 52 37.6861 12 10 1999 2451463.5782139599 1999.778448224   1.8607877988   9.3376431380 17.2  43.2  42.0    11 Carme                 0.6900 OHP                  Varios               Altair               PRAIA V.0.1.1        1rd degree           UCAC4                SAT359               10 Dec 2013                                                  
   156.7  -114.7  19.8  30.8     7   156.7  -114.7  19.8  30.8     7   0.00 120.0  2.0   01 37 53.01447 +07 59 10.1310 23 29 51.2644 10 11 1999 2451493.4790655603 1999.860312294   1.6313929094   7.9861475124 17.2  58.7  54.0    17 Carme                 0.6900 OHP                  Varios               Altair               PRAIA V.0.1.1        1rd degree           UCAC4                SAT359               10 Dec 2013                                                  
    82.0  -154.4  17.8  22.9     7    82.0  -154.4  17.8  22.9     7   0.00 120.0  2.0   01 31 47.62899 +07 27 10.9354 21 36 13.5328 30 11 1999 2451513.4001566302 1999.914853269   1.5298969416   7.4530376170 17.5  49.6  42.3    11 Carme                 0.6900 OHP                  Varios               Altair               PRAIA V.0.1.1        1rd degree           UCAC4                SAT359               10 Dec 2013                                                  
   109.0  -134.2  24.3   4.4     6   107.0  -129.9  22.8  12.1     7  14.29 120.0  2.0   01 31 26.61256 +07 25 37.8462 19 19 53.3783 02 12 1999 2451515.3054789151 1999.920069757   1.5240590447   7.4271794878 17.5  42.7  34.5    12 Carme                 0.6900 OHP                  Varios               Altair               PRAIA V.0.1.1        1rd degree           UCAC4                SAT359               10 Dec 2013                                                  
   116.0  -169.6  43.6  32.2     7   116.0  -169.6  43.6  32.2     7   0.00 120.0  2.0   01 30 59.06815 +07 23 46.8813 19 03 55.2714 05 12 1999 2451518.2943897159 1999.928252949   1.5164078184   7.3963559290 17.6  34.0  33.6    19 Carme                 0.6900 OHP                  Varios               Altair               PRAIA V.0.1.1        1rd degree           UCAC4                SAT359               10 Dec 2013                                                  
   124.5  -144.0   5.3  17.0     4   124.5  -144.0   5.3  17.0     4   0.00 120.0  2.0   01 30 38.38425 +07 22 39.5837 18 59 13.4177 08 12 1999 2451521.2911275201 1999.936457570   1.5106622918   7.3776621285 17.4  52.3  37.8    15 Carme                 0.6900 OHP                  Varios               Altair               PRAIA V.0.1.1        1rd degree           UCAC4                SAT359               10 Dec 2013                                                  
   328.0   134.2  82.8  68.9     4   328.0   134.2  82.8  68.9     4   0.00 120.0  2.0   04 12 42.58664 +20 43 51.6694 02 26 08.5001 28 11 2000 2451876.6014872701 2000.909244318   4.2118296210  20.7310192827 17.0  54.5  61.8    18 Carme                 0.6900 OHP                  Varios               Altair               PRAIA V.0.1.1        1rd degree           UCAC4                SAT359               10 Dec 2013                                                  
     3.6  -143.0  13.2   9.3    10     3.6  -143.0  13.2   9.3    10   0.00 120.0  2.0   07 12 19.49432 +21 46 59.9811 03 39 22.1141 20 11 2001 2452233.6523392838 2001.886796274   7.2054150883  21.7833280955 17.7  45.8  42.6    78 Carme                 0.6900 OHP                  Varios               Altair               PRAIA V.0.1.1        1rd degree           UCAC4                SAT359               10 Dec 2013                                                  
   -26.2  -202.2  85.3  37.3     5    27.2  -296.2 151.4 232.6     6  16.67 120.0  2.0   07 11 42.47615 +21 47 57.2129 01 18 38.5801 23 11 2001 2452236.5546131958 2001.894742267   7.1951322640  21.7992257992 17.9  44.6  46.4    60 Carme                 0.6900 OHP                  Varios               Altair               PRAIA V.0.1.1        1rd degree           UCAC4                SAT359               10 Dec 2013                                                  
   -23.3  -222.0  36.9   6.7     9   -22.0  -216.1  35.3  15.5    11  18.18 120.0  2.0   07 01  8.84386 +22 05 12.0610 22 51 04.2710 19 12 2001 2452263.4521327666 2001.968383662   7.0191232951  22.0866835994 17.3  43.2  40.9   112 Carme                 0.6900 OHP                  Varios               Altair               PRAIA V.0.1.1        1rd degree           UCAC4                SAT359               10 Dec 2013                                                  
    55.8  -238.3  94.3  17.1     4   117.6  -248.2 160.6  26.7     5  20.00 120.0  2.0   07 00  6.88909 +22 06 51.0638 22 06 39.5176 21 12 2001 2452265.4212907124 2001.973774923   7.0019136365  22.1141844003 17.3  50.8  44.8   130 Carme                 0.6900 OHP                  Varios               Altair               PRAIA V.0.1.1        1rd degree           UCAC4                SAT359               10 Dec 2013                                                  
    16.9  -174.1  20.0   9.4    10    17.2  -178.8  19.0  18.0    11   9.09 120.0  2.0   06 50  3.56125 +22 22 19.1952 01 05 24.2939 09 01 2002 2452283.5454200679 2002.023396085   6.8343225704  22.3719986771 17.4  45.1  48.2   114 Carme                 0.6900 OHP                  Varios               Altair               PRAIA V.0.1.1        1rd degree           UCAC4                SAT359               10 Dec 2013                                                  
    52.6  -134.4  23.1  27.0     5    52.6  -134.4  23.1  27.0     5   0.00 120.0  2.0   06 36 25.68779 +22 42 42.0925 22 03 50.7439 07 02 2002 2452313.4193373141 2002.105186412   6.6071354970  22.7116923502 17.7  45.2  44.6   163 Carme                 0.6900 OHP                  Varios               Altair               PRAIA V.0.1.1        1rd degree           UCAC4                SAT359               10 Dec 2013                                                  
    48.3  -157.7  25.2  26.5     6    48.3  -157.7  25.2  26.5     6   0.00 120.0  2.0   06 36  5.63584 +22 43 15.6674 00 35 29.3281 09 02 2002 2452314.5246450016 2002.108212580   6.6015655108  22.7210187170 17.7  47.8  45.3   162 Carme                 0.6900 OHP                  Varios               Altair               PRAIA V.0.1.1        1rd degree           UCAC4                SAT359               10 Dec 2013                                                  
   105.4    66.4  17.1  25.6     7   111.4    50.4  23.1  51.2     8  12.50 120.0  2.0   09 13 53.89937 +17 12 51.5268 01 33 58.1856 29 12 2002 2452637.5652567772 2002.992649573   9.2316387136  17.2143129894 18.0  62.9  45.7    12 Carme                 0.6900 OHP                  Varios               Altair               PRAIA V.0.1.1        1rd degree           UCAC4                SAT359               10 Dec 2013                                                  
    44.2    22.0  50.2  61.1     5    44.2    22.0  50.2  61.1     5   0.00 120.0  2.0   09 00 12.90557 +18 16 22.9069 00 04 45.2940 30 01 2003 2452669.5033020140 2003.080091175   9.0035848796  18.2730296906 17.8  45.4  52.4    26 Carme                 0.6900 OHP                  Varios               Altair               PRAIA V.0.1.1        1rd degree           UCAC4                SAT359               10 Dec 2013                                                  
   -63.2   -30.8  41.9  29.4    10   -63.2   -30.8  41.9  29.4    10   0.00 120.0  2.0   10 58 13.01074 +07 32 48.6094 20 49 24.5040 24 03 2004 2453089.3676447221 2004.229617097  10.9702807617   7.5468359350 17.9  33.5  43.1    18 Carme                 0.6900 OHP                  Varios               Altair               PRAIA V.0.1.1        1rd degree           UCAC4                SAT359               10 Dec 2013                                                  
    49.3   -56.7  81.1  33.3     9    49.3   -56.7  81.1  33.3     9   0.00 120.0  2.0   10 48  5.62735 +08 36 43.7101 21 46 41.5566 23 04 2004 2453119.4074254232 2004.311861534  10.8015631536   8.6121416832 18.0  51.1  24.4     9 Carme                 0.6900 OHP                  Varios               Altair               PRAIA V.0.1.1        1rd degree           UCAC4                SAT359               10 Dec 2013                                                  
  -160.0   -67.9  73.7  41.0     8  -160.0   -67.9  73.7  41.0     8   0.00 120.0  2.0   13 10 58.58438 -05 37 37.0677 03 30 08.4139 08 03 2005 2453437.6459307163 2005.183151076  13.1829401059  -5.6269632635 18.2  60.4  49.9    17 Carme                 0.6900 OHP                  Varios               Altair               PRAIA V.0.1.1        1rd degree           UCAC4                SAT359               10 Dec 2013                                                  
  -170.7   -31.1  21.6  38.5    11  -164.3   -33.5  30.3  37.6    12   8.33 120.0  2.0   13 10 22.44729 -05 33 59.4544 01 02 46.7872 10 03 2005 2453439.5435970738 2005.188346603  13.1729020246  -5.5665151177 17.9  59.1  51.3     9 Carme                 0.6900 OHP                  Varios               Altair               PRAIA V.0.1.1        1rd degree           UCAC4                SAT359               10 Dec 2013                                                  
   -48.7   -67.0  10.0  13.5     3   -48.7   -67.0  10.0  13.5     3   0.00 120.0  2.0   13 00 44.21866 -04 37 54.7105 02 04 26.1566 03 04 2005 2453463.5864138501 2005.254172248  13.0122829620  -4.6318640143 17.5  74.0  47.0    10 Carme                 0.0000 IAG/LNA              Varios               Altair               PRAIA V.0.1.0        1rd degree           UCAC4                JUP300               23 Sep 2013                                                  
   -97.9   -54.6  14.6   9.1     9  -103.0   -55.8  21.2   9.4    10  10.00 120.0  2.0   13 00 15.96316 -04 35 14.9670 03 19 18.9434 04 04 2005 2453464.6384136965 2005.257052467  13.0044342113  -4.5874908261 17.8  52.4  54.0    12 Carme                 0.0000 IAG/LNA              Varios               Altair               PRAIA V.0.1.0        1rd degree           UCAC4                JUP300               23 Sep 2013                                                  
   -96.9  -126.8  78.7  20.7     8   -96.9  -126.8  78.7  20.7     8   0.00 120.0  2.0   12 55 51.97856 -04 10 42.8844 00 06 41.4626 14 04 2005 2453474.5046465574 2005.284064740  12.9311051565  -4.1785789998 17.6  59.4  61.6    16 Carme                 0.6900 OHP                  Varios               Altair               PRAIA V.0.1.1        1rd degree           UCAC4                SAT359               10 Dec 2013                                                  
  -198.4   -95.4 103.7  63.8     7  -257.3  -126.5 192.1 105.9     8  12.50 120.0  2.0   12 47 42.61247 -03 27 38.8575 21 12 39.7099 04 05 2005 2453495.3837929387 2005.341228728  12.7951701313  -3.4607937540 17.5  75.1  64.1     6 Carme                 0.6900 OHP                  Varios               Altair               PRAIA V.0.1.1        1rd degree           UCAC4                SAT359               10 Dec 2013                                                  
    -6.0  -206.0  28.7  33.9     4    -6.0  -206.0  28.7  33.9     4   0.00 120.0  2.0   12 47  3.42202 -03 24 27.2962 22 52 35.6598 06 05 2005 2453497.4531905074 2005.346894429  12.7842838955  -3.4075822800 17.6  58.8  39.0    12 Carme                 0.6900 OHP                  Varios               Altair               PRAIA V.0.1.1        1rd degree           UCAC4                SAT359               10 Dec 2013                                                  
   -81.8  -142.8  22.7  19.3     6   -81.8  -142.8  22.7  19.3     6   0.00 120.0  2.0   12 46 27.70722 -03 21 36.0970 22 46 40.1399 08 05 2005 2453499.4490756933 2005.352358865  12.7743631177  -3.3600269425 18.0  58.7  40.2    14 Carme                 0.6900 OHP                  Varios               Altair               PRAIA V.0.1.1        1rd degree           UCAC4                SAT359               10 Dec 2013                                                  
  -100.5  -134.8  49.9  25.3     8  -100.5  -134.8  49.9  25.3     8   0.00 120.0  2.0   12 44 53.87371 -03 14 29.6625 21 57 48.0349 14 05 2005 2453505.4151392924 2005.368693057  12.7482982540  -3.2415729089 18.1  33.6  36.1    13 Carme                 0.6900 OHP                  Varios               Altair               PRAIA V.0.1.1        1rd degree           UCAC4                SAT359               10 Dec 2013                                                  
   124.1   -40.3  93.2  67.6     7   124.1   -40.3  93.2  67.6     7   0.00 120.0  2.0   14 31 38.54853 -13 49 33.9613 21 25 11.0486 25 05 2006 2453881.3924889886 2006.398062940  14.5273745921 -13.8261003653 18.1  56.9  61.6    25 Carme                 0.6900 OHP                  Varios               Altair               PRAIA V.0.1.1        1rd degree           UCAC4                SAT359               10 Dec 2013                                                  
    14.9  -120.1  26.0  26.0    26    25.3  -120.8  45.8  29.6    28   7.14  80.0  2.0   16 37 55.44752 -22 01 52.1825 00 48 28.9389 19 08 2007 2454331.5336682741 2007.630482322  16.6320687558 -22.0311618051 17.5  39.8  53.1     5 Carme                 0.0000 160/LNA              varios               Altair               PRAIA V.0.1.1        1rd degree           UCAC4                JUP300               01 Aug 2014          Irregular                               
    44.8  -170.7  13.7   7.9     9    44.8  -170.7  13.7   7.9     9   0.00 120.0  2.0   16 42 50.13963 -22 16  5.6218 01 29 19.0557 10 09 2007 2454353.5620261077 2007.690792679  16.7139276756 -22.2682282694 18.9  33.2  32.3  1142 Carme                 0.2800 ESO                  Varios               Altair               PRAIA V.0.1.1        1rd degree           UCAC4                jup300+de421         21 Nov 2014                                                  
   -79.0    52.0   7.1   2.8     2   -79.0    52.0   7.1   2.8     2   0.00 120.0  2.0   19 24 14.31180 -22 16 57.3797 07 24 06.9731 04 06 2008 2454621.8084140401 2008.425211263  19.4039754995 -22.2826054730 17.6  10.0  11.0  2491 Carme                 0.2800 ESO                  Varios               Altair               PRAIA V.0.1.1        1rd degree           UCAC4                jup300+de421         21 Nov 2014                                                  
  -130.3    97.5  20.0  23.3    12  -137.6    98.5  32.6  30.8    15  20.00  80.0  2.0   19 08  4.54509 -22 41 51.8877 06 49 36.7008 11 07 2008 2454658.7844525557 2008.526446139  19.1345958576 -22.6977465920 17.7  53.4  56.6    49 Carme                 0.0000 160/LNA              varios               Altair               PRAIA V.0.1.1        1rd degree           UCAC4                JUP300               01 Aug 2014          Irregular                               
    10.3   135.0  25.0  33.6     6    10.3   135.0  25.0  33.6     6   0.00 120.0  2.0   18 55  8.65469 -22 56 19.7156 01 09 54.2084 12 08 2008 2454690.5485440781 2008.613411482  18.9190707485 -22.9388098952 17.7  50.8  48.8   145 Carme                 0.0000 IAG/LNA              Varios               Altair               PRAIA V.0.1.0        1rd degree           UCAC4                JUP300               23 Sep 2013                                                  
   -35.2   117.9  29.5  16.3    10   -35.2   117.9  29.5  16.3    10   0.00 120.0  2.0   18 54 45.67838 -22 53 19.3996 23 31 16.9981 19 09 2008 2454729.4800578482 2008.720000158  18.9126884384 -22.8887221011 18.2  55.1  50.2    53 Carme                 0.0000 160/LNA              Varios               Altair               PRAIA V.0.1.0        1rd degree           UCAC4                JUP300               23 Sep 2013                                                  
   258.5    20.5  12.8  17.6     6   258.5    20.5  12.8  17.6     6   0.00 120.0  2.0   21 51 19.33786 -14 01 46.1910 09 28 36.7140 21 05 2009 2454972.8948693750 2009.386433591  21.8553716277 -14.0294974950 18.3  27.0  26.7   322 Carme                 0.2800 ESO                  Varios               Altair               PRAIA V.0.1.1        1rd degree           UCAC4                jup300+de421         21 Nov 2014                                                  
    41.5  -134.6  22.3  21.9    20    41.5  -134.6  22.3  21.9    20   0.00 120.0  2.0   21 51 45.69435 -14 00 26.7387 08 02 51.0920 23 05 2009 2454974.8353135646 2009.391746238  21.8626928763 -14.0074274162 18.3  26.6  25.7   344 Carme                 0.2800 ESO                  Varios               Altair               PRAIA V.0.1.1        1rd degree           UCAC4                jup300+de421         21 Nov 2014                                                  
    59.3  -120.0  57.1  24.5     4    59.3  -120.0  57.1  24.5     4   0.00 120.0  2.0   21 44 38.79189 -15 06  8.3658 07 54 14.0975 20 07 2009 2455032.8293298325 2009.550525201  21.7441088570 -15.1023238370 17.7  59.8  72.8    15 Carme                 0.0000 IAG/LNA              Varios               Altair               PRAIA V.0.1.0        1rd degree           UCAC4                JUP300               23 Sep 2013                                                  
   -24.0   -58.5   6.2   6.3     6   -24.9   -63.3   6.1  13.9     7  14.29  80.0  2.0   07 33 28.02239 +21 07 13.4626 06 13 43.3655 10 11 2013 2456606.7595296935 2013.859711238   7.5577839983  21.1204062848 18.0  39.7  56.8    14 Carme                 0.0000 160/LNA              varios               Altair               PRAIA V.0.1.1        1rd degree           UCAC4                JUP300               01 Aug 2014          Irregular                               
