 18 57 16.2628 -23 09 10.634   42   12 2450256.62115741 17.4 C  PE 874
 18 57 16.0492 -23 09 10.875   42   12 2450256.62865741 17.3 C  PE 874
 18 57 15.9668 -23 09 10.974   42   12 2450256.63158565 17.4 C  PE 874
 18 41 27.1476 -23 23 05.007   31   70 2450290.65199167 17.8 un PE 874
 18 41 27.1302 -23 23 04.871   31   70 2450290.65288437 17.8 un PE 874
 18 41 27.1130 -23 23 04.891   31   70 2450290.65349780 17.8 un PE 874
 18 41 27.0982 -23 23 04.812   31   70 2450290.65409977 16.4 un PE 874
 18 41 27.0797 -23 23 04.948   31   70 2450290.65470116 18.1 un PE 874
 18 41 27.0548 -23 23 04.864   31   70 2450290.65590521 17.3 un PE 874
 18 41 27.0236 -23 23 04.899   31   70 2450290.65710856 17.7 un PE 874
 18 41 27.0133 -23 23 04.858   31   70 2450290.65771065 17.2 un PE 874
 18 42 30.7107 -23 09 04.434   69   51 2450358.42901620 18.4 C  PE 874
 18 42 31.5908 -23 09 03.076   69   51 2450358.46319444 18.3 C  PE 874
 18 42 31.6160 -23 09 03.027   69   51 2450358.46401620 18.3 C  PE 874
 23 56 27.5601 -02 05 11.073   39    6 2451039.60880266 17.3 R  OH 511
 23 56 27.3706 -02 05 12.146   39    6 2451039.61998912 17.5 R  OH 511
 23 56 27.2438 -02 05 12.853   39    6 2451039.62746678 17.5 R  OH 511
 23 56 27.1474 -02 05 13.405   39    6 2451039.63319664 17.6 R  OH 511
 23 56 27.0734 -02 05 13.844   39    6 2451039.63762685 17.5 R  OH 511
 23 56 26.9977 -02 05 14.260   39    6 2451039.64206123 17.6 R  OH 511
 23 55 00.9605 -02 13 35.227   53   57 2451044.41546817 17.4 R  OH 511
 23 55 00.8306 -02 13 35.844   53   57 2451044.42175775 17.4 R  OH 511
 23 55 00.7397 -02 13 36.391   53   57 2451044.42653576 17.4 R  OH 511
 23 55 00.6493 -02 13 36.937   53   57 2451044.43130324 17.4 R  OH 511
 23 55 00.5477 -02 13 37.522   53   57 2451044.43608484 17.4 R  OH 511
 23 55 00.4522 -02 13 37.996   53   57 2451044.44086632 17.5 R  OH 511
 23 55 00.3630 -02 13 38.512   53   57 2451044.44563322 17.5 R  OH 511
 23 55 00.2654 -02 13 39.234   53   57 2451044.45040833 17.4 R  OH 511
 23 55 00.1316 -02 13 39.903   53   57 2451044.45714387 17.4 R  OH 511
 01 53 00.4086 +09 28 40.380   51   14 2451460.60077188 17.4 R  OH 511
 01 53 00.2487 +09 28 39.418   51   14 2451460.60660938 17.4 R  OH 511
 01 53 00.0364 +09 28 38.144   51   14 2451460.61402222 17.5 R  OH 511
 01 52 59.7192 +09 28 36.165   51   14 2451460.62562419 17.3 R  OH 511
 01 52 59.6310 +09 28 35.642   51   14 2451460.62889641 17.3 R  OH 511
 01 52 59.5426 +09 28 35.090   51   14 2451460.63215856 17.5 R  OH 511
 01 52 59.4471 +09 28 34.546   51   14 2451460.63542338 17.3 R  OH 511
 01 52 59.3643 +09 28 33.975   51   14 2451460.63868738 17.3 R  OH 511
 01 52 59.2704 +09 28 33.429   51   14 2451460.64195301 17.3 R  OH 511
 01 52 59.0980 +09 28 32.347   51   14 2451460.64849977 17.4 R  OH 511
 01 51 39.1112 +09 20 17.165   74   28 2451463.56840567 17.2 R  OH 511
 01 51 39.0201 +09 20 16.654   74   28 2451463.57174977 17.2 R  OH 511
 01 51 38.8368 +09 20 15.540   74   28 2451463.57796123 17.3 R  OH 511
 01 51 38.6535 +09 20 14.384   74   28 2451463.58476586 17.2 R  OH 511
 01 51 38.5588 +09 20 13.832   74   28 2451463.58818727 17.2 R  OH 511
 01 37 53.3708 +07 59 12.066   20   31 2451493.46463102 17.1 R  OH 511
 01 37 53.2264 +07 59 11.350   20   31 2451493.47037824 17.2 R  OH 511
 01 37 53.1194 +07 59 10.722   20   31 2451493.47481574 17.2 R  OH 511
 01 37 53.0095 +07 59 10.061   20   31 2451493.47924850 17.2 R  OH 511
 01 37 52.9004 +07 59 09.481   20   31 2451493.48369259 17.1 R  OH 511
 01 37 52.7931 +07 59 08.911   20   31 2451493.48813102 17.2 R  OH 511
 01 37 52.6817 +07 59 08.327   20   31 2451493.49256181 17.2 R  OH 511
 01 31 47.7726 +07 27 11.551   18   23 2451513.38859398 17.6 R  OH 511
 01 31 47.7387 +07 27 11.374   18   23 2451513.39130926 17.6 R  OH 511
 01 31 47.6748 +07 27 11.136   18   23 2451513.39654884 17.5 R  OH 511
 01 31 47.6276 +07 27 10.956   18   23 2451513.40039630 17.5 R  OH 511
 01 31 47.5782 +07 27 10.735   18   23 2451513.40424016 17.5 R  OH 511
 01 31 47.5288 +07 27 10.494   18   23 2451513.40808171 17.5 R  OH 511
 01 31 47.4821 +07 27 10.301   18   23 2451513.41192616 17.5 R  OH 511
 01 31 26.7453 +07 25 38.392   24    4 2451515.29315359 17.6 R  OH 511
 01 31 26.7154 +07 25 38.256   24    4 2451515.29600602 17.6 R  OH 511
 01 31 26.6503 +07 25 37.997   24    4 2451515.30205810 17.6 R  OH 511
 01 31 26.6020 +07 25 37.802   24    4 2451515.30649537 17.5 R  OH 511
 01 31 26.5055 +07 25 37.409   24    4 2451515.31535995 17.5 R  OH 511
 01 31 26.4569 +07 25 37.221   24    4 2451515.31980046 17.5 R  OH 511
 01 30 59.1716 +07 23 47.282   44   32 2451518.28283981 17.6 R  OH 511
 01 30 59.1401 +07 23 47.107   44   32 2451518.28582535 17.6 R  OH 511
 01 30 59.1033 +07 23 46.960   44   32 2451518.29072419 17.7 R  OH 511
 01 30 59.0660 +07 23 46.861   44   32 2451518.29457014 17.6 R  OH 511
 01 30 59.0286 +07 23 46.764   44   32 2451518.29840880 17.6 R  OH 511
 01 30 59.0015 +07 23 46.673   44   32 2451518.30225833 17.6 R  OH 511
 01 30 58.9659 +07 23 46.523   44   32 2451518.30610139 17.7 R  OH 511
 01 30 38.5220 +07 22 39.906    5   17 2451521.26939190 17.3 R  OH 511
 01 30 38.4788 +07 22 39.780    5   17 2451521.27624144 17.3 R  OH 511
 01 30 38.4304 +07 22 39.698    5   17 2451521.28381736 17.4 R  OH 511
 01 30 38.1059 +07 22 38.951    5   17 2451521.33505938 17.4 R  OH 511
 04 12 42.8392 +20 43 52.363   83   69 2451876.59493264 17.4 R  OH 511
 04 12 42.6717 +20 43 51.828   83   69 2451876.59923924 16.8 R  OH 511
 04 12 42.5102 +20 43 51.481   83   69 2451876.60367141 17.1 R  OH 511
 04 12 42.3255 +20 43 51.006   83   69 2451876.60810579 16.7 R  OH 511
 07 12 19.6776 +21 46 59.728   13    9 2452233.63736157 17.7 R  OH 511
 07 12 19.6442 +21 46 59.794   13    9 2452233.64011563 17.8 R  OH 511
 07 12 19.6045 +21 46 59.817   13    9 2452233.64338924 17.7 R  OH 511
 07 12 19.5624 +21 46 59.890   13    9 2452233.64667338 17.7 R  OH 511
 07 12 19.5225 +21 46 59.939   13    9 2452233.64995475 17.7 R  OH 511
 07 12 19.4831 +21 46 59.997   13    9 2452233.65323843 17.7 R  OH 511
 07 12 19.4237 +21 47 00.075   13    9 2452233.65824896 17.8 R  OH 511
 07 12 19.3826 +21 47 00.133   13    9 2452233.66152639 17.8 R  OH 511
 07 12 19.3415 +21 47 00.202   13    9 2452233.66480069 17.8 R  OH 511
 07 12 19.3010 +21 47 00.237   13    9 2452233.66808380 17.8 R  OH 511
 07 11 42.7757 +21 47 56.727   85   37 2452236.53414433 17.7 R  OH 511
 07 11 42.6474 +21 47 56.961   85   37 2452236.54303854 17.7 R  OH 511
 07 11 42.3867 +21 47 57.376   85   37 2452236.56084456 17.9 R  OH 511
 07 11 42.3099 +21 47 57.497   85   37 2452236.56529387 18.0 R  OH 511
 07 11 42.2611 +21 47 57.503   85   37 2452236.56974468 17.9 R  OH 511
 07 01 09.3211 +22 05 11.290   37    7 2452263.43714062 17.3 R  OH 511
 07 01 09.1957 +22 05 11.480   37    7 2452263.44088576 17.3 R  OH 511
 07 01 09.0812 +22 05 11.667   37    7 2452263.44463380 17.3 R  OH 511
 07 01 08.9625 +22 05 11.874   37    7 2452263.44838252 17.3 R  OH 511
 07 01 08.8444 +22 05 12.055   37    7 2452263.45213160 17.2 R  OH 511
 07 01 08.7263 +22 05 12.261   37    7 2452263.45587998 17.2 R  OH 511
 07 01 08.6083 +22 05 12.457   37    7 2452263.45962870 17.3 R  OH 511
 07 01 08.4841 +22 05 12.641   37    7 2452263.46338252 17.3 R  OH 511
 07 01 08.3712 +22 05 12.824   37    7 2452263.46712940 17.3 R  OH 511
 07 00 07.0740 +22 06 50.743   94   17 2452265.41567627 17.3 R  OH 511
 07 00 06.9577 +22 06 50.975   94   17 2452265.41941887 17.4 R  OH 511
 07 00 06.8237 +22 06 51.162   94   17 2452265.42316250 17.3 R  OH 511
 07 00 06.7010 +22 06 51.375   94   17 2452265.42690521 17.3 R  OH 511
 06 50 04.2564 +22 22 18.208   20    9 2452283.52496516 17.3 R  OH 511
 06 50 03.9920 +22 22 18.597   20    9 2452283.53269051 17.4 R  OH 511
 06 50 03.8652 +22 22 18.773   20    9 2452283.53644421 17.4 R  OH 511
 06 50 03.7384 +22 22 18.959   20    9 2452283.54019213 17.4 R  OH 511
 06 50 03.6110 +22 22 19.113   20    9 2452283.54394433 17.5 R  OH 511
 06 50 03.4866 +22 22 19.291   20    9 2452283.54768993 17.4 R  OH 511
 06 50 03.3590 +22 22 19.478   20    9 2452283.55143900 17.5 R  OH 511
 06 50 03.2300 +22 22 19.671   20    9 2452283.55518981 17.5 R  OH 511
 06 50 03.1007 +22 22 19.841   20    9 2452283.55894664 17.5 R  OH 511
 06 50 02.9734 +22 22 20.022   20    9 2452283.56269896 17.5 R  OH 511
 06 36 25.8552 +22 42 41.876   23   27 2452313.41060440 17.6 R  OH 511
 06 36 25.7532 +22 42 41.970   23   27 2452313.41589282 17.7 R  OH 511
 06 36 25.6842 +22 42 42.088   23   27 2452313.41964329 17.6 R  OH 511
 06 36 25.6104 +22 42 42.215   23   27 2452313.42339826 17.7 R  OH 511
 06 36 25.5359 +22 42 42.313   23   27 2452313.42714780 17.7 R  OH 511
 06 36 05.8367 +22 43 15.360   25   26 2452314.51343229 17.5 R  OH 511
 06 36 05.7389 +22 43 15.472   25   26 2452314.51893704 17.8 R  OH 511
 06 36 05.6703 +22 43 15.631   25   26 2452314.52291863 17.8 R  OH 511
 06 36 05.5952 +22 43 15.719   25   26 2452314.52688553 17.8 R  OH 511
 06 36 05.5234 +22 43 15.879   25   26 2452314.53085937 17.7 R  OH 511
 06 36 05.4506 +22 43 15.943   25   26 2452314.53483715 17.8 R  OH 511
 09 13 54.1133 +17 12 50.449   17   26 2452637.55366933 18.0 R  OH 511
 09 13 54.0433 +17 12 50.749   17   26 2452637.55752176 17.9 R  OH 511
 09 13 53.9696 +17 12 51.178   17   26 2452637.56137187 18.0 R  OH 511
 09 13 53.9011 +17 12 51.501   17   26 2452637.56522685 18.0 R  OH 511
 09 13 53.8275 +17 12 51.914   17   26 2452637.56908472 18.0 R  OH 511
 09 13 53.7570 +17 12 52.263   17   26 2452637.57303495 18.2 R  OH 511
 09 13 53.6838 +17 12 52.633   17   26 2452637.57688796 18.1 R  OH 511
 09 00 13.2562 +18 16 21.434   50   61 2452669.49192014 17.9 R  OH 511
 09 00 13.1560 +18 16 21.960   50   61 2452669.49540567 17.7 R  OH 511
 09 00 12.8253 +18 16 23.279   50   61 2452669.50587454 17.8 R  OH 511
 09 00 12.7025 +18 16 23.736   50   61 2452669.50972720 17.9 R  OH 511
 09 00 12.5878 +18 16 24.126   50   61 2452669.51358252 17.5 R  OH 511
 10 58 13.7927 +07 32 43.700   42   29 2453089.33985903 18.1 R  OH 511
 10 58 13.5849 +07 32 45.042   42   29 2453089.34736285 18.0 R  OH 511
 10 58 13.4174 +07 32 46.104   42   29 2453089.35320509 18.0 R  OH 511
 10 58 13.2524 +07 32 47.117   42   29 2453089.35905532 17.9 R  OH 511
 10 58 13.0863 +07 32 48.159   42   29 2453089.36490486 17.9 R  OH 511
 10 58 12.9232 +07 32 49.151   42   29 2453089.37074572 17.9 R  OH 511
 10 58 12.7575 +07 32 50.155   42   29 2453089.37657836 17.9 R  OH 511
 10 58 12.5958 +07 32 51.164   42   29 2453089.38240208 17.9 R  OH 511
 10 58 12.4357 +07 32 52.208   42   29 2453089.38824595 17.9 R  OH 511
 10 58 12.2616 +07 32 53.294   42   29 2453089.39408796 17.9 R  OH 511
 10 48 05.8751 +08 36 42.223   81   33 2453119.38709896 17.2 R  OH 511
 10 48 05.7793 +08 36 42.779   81   33 2453119.39439479 18.1 R  OH 511
 10 48 05.7244 +08 36 43.082   81   33 2453119.39884653 17.9 R  OH 511
 10 48 05.6839 +08 36 43.384   81   33 2453119.40329086 18.0 R  OH 511
 10 48 05.6225 +08 36 43.715   81   33 2453119.40774421 18.1 R  OH 511
 10 48 05.5713 +08 36 44.106   81   33 2453119.41219097 18.2 R  OH 511
 10 48 05.5226 +08 36 44.384   81   33 2453119.41663657 18.1 R  OH 511
 10 48 05.4623 +08 36 44.673   81   33 2453119.42108738 18.0 R  OH 511
 10 48 05.4047 +08 36 45.045   81   33 2453119.42553854 18.0 R  OH 511
 13 10 58.8333 -05 37 38.494   74   41 2453437.63321933 18.2 R  OH 511
 13 10 58.7579 -05 37 38.012   74   41 2453437.63685336 18.2 R  OH 511
 13 10 58.6911 -05 37 37.659   74   41 2453437.64048565 18.2 R  OH 511
 13 10 58.6241 -05 37 37.335   74   41 2453437.64411088 18.2 R  OH 511
 13 10 58.5486 -05 37 36.902   74   41 2453437.64774398 18.4 R  OH 511
 13 10 58.4813 -05 37 36.446   74   41 2453437.65137778 18.2 R  OH 511
 13 10 58.4020 -05 37 36.050   74   41 2453437.65501181 18.2 R  OH 511
 13 10 58.3368 -05 37 35.643   74   41 2453437.65864294 18.2 R  OH 511
 13 10 22.8040 -05 34 01.583   22   38 2453439.52603171 17.8 R  OH 511
 13 10 22.7301 -05 34 01.145   22   38 2453439.52954549 17.9 R  OH 511
 13 10 22.6580 -05 34 00.662   22   38 2453439.53305521 17.9 R  OH 511
 13 10 22.5896 -05 34 00.283   22   38 2453439.53657268 17.9 R  OH 511
 13 10 22.5173 -05 33 59.890   22   38 2453439.54008021 17.9 R  OH 511
 13 10 22.4497 -05 33 59.439   22   38 2453439.54359340 17.9 R  OH 511
 13 10 22.3750 -05 33 59.005   22   38 2453439.54711065 17.8 R  OH 511
 13 10 22.3042 -05 33 58.570   22   38 2453439.55062731 17.9 R  OH 511
 13 10 22.2349 -05 33 58.198   22   38 2453439.55413877 17.9 R  OH 511
 13 10 22.1638 -05 33 57.832   22   38 2453439.55765023 17.9 R  OH 511
 13 10 22.0934 -05 33 57.393   22   38 2453439.56116215 17.9 R  OH 511
 13 00 44.3435 -04 37 55.410   10   14 2453463.58189456 17.5 C  BC 874
 13 00 44.2126 -04 37 54.670   10   14 2453463.58660845 17.5 C  BC 874
 13 00 44.0999 -04 37 54.051   10   14 2453463.59073854 17.5 C  BC 874
 13 00 16.1674 -04 35 16.091   15    9 2453464.63098611 17.6 C  BC 874
 13 00 16.1065 -04 35 15.763   15    9 2453464.63319433 17.7 C  BC 874
 13 00 16.0646 -04 35 15.528   15    9 2453464.63477836 17.8 C  BC 874
 13 00 16.0179 -04 35 15.277   15    9 2453464.63637315 17.8 C  BC 874
 13 00 15.9769 -04 35 15.029   15    9 2453464.63795718 17.9 C  BC 874
 13 00 15.9322 -04 35 14.789   15    9 2453464.63954201 17.8 C  BC 874
 13 00 15.8445 -04 35 14.331   15    9 2453464.64271273 17.7 C  BC 874
 13 00 15.8008 -04 35 14.076   15    9 2453464.64429676 17.8 C  BC 874
 13 00 15.7577 -04 35 13.819   15    9 2453464.64588264 17.9 C  BC 874
 12 55 52.4789 -04 10 45.587   79   21 2453474.48598750 17.3 R  OH 511
 12 55 52.3585 -04 10 44.935   79   21 2453474.49051169 17.7 R  OH 511
 12 55 52.2104 -04 10 44.121   79   21 2453474.49611412 17.7 R  OH 511
 12 55 52.0636 -04 10 43.301   79   21 2453474.50171181 17.6 R  OH 511
 12 55 51.9034 -04 10 42.482   79   21 2453474.50731192 17.7 R  OH 511
 12 55 51.7535 -04 10 41.718   79   21 2453474.51291308 17.7 R  OH 511
 12 55 51.6133 -04 10 40.899   79   21 2453474.51851343 17.6 R  OH 511
 12 55 51.4469 -04 10 40.032   79   21 2453474.52410891 17.6 R  OH 511
 12 47 42.9441 -03 27 40.470  104   64 2453495.36744861 17.1 R  OH 511
 12 47 42.8473 -03 27 40.022  104   64 2453495.37230567 17.6 R  OH 511
 12 47 42.7529 -03 27 39.492  104   64 2453495.37731979 17.5 R  OH 511
 12 47 42.6347 -03 27 38.919  104   64 2453495.38233287 17.6 R  OH 511
 12 47 42.5359 -03 27 38.420  104   64 2453495.38734977 17.6 R  OH 511
 12 47 42.3397 -03 27 37.607  104   64 2453495.39738935 17.7 R  OH 511
 12 47 42.2327 -03 27 37.072  104   64 2453495.40240451 17.6 R  OH 511
 12 47 03.6368 -03 24 28.340   29   34 2453497.44189444 17.5 R  OH 511
 12 47 03.5382 -03 24 27.870   29   34 2453497.44691215 17.6 R  OH 511
 12 47 03.3521 -03 24 26.914   29   34 2453497.45695486 17.5 R  OH 511
 12 47 03.1610 -03 24 26.061   29   34 2453497.46700058 17.7 R  OH 511
 12 46 27.9339 -03 21 37.119   23   19 2453499.43653113 18.0 R  OH 511
 12 46 27.8410 -03 21 36.740   23   19 2453499.44154780 18.0 R  OH 511
 12 46 27.7504 -03 21 36.328   23   19 2453499.44657060 18.0 R  OH 511
 12 46 27.6618 -03 21 35.868   23   19 2453499.45158472 18.1 R  OH 511
 12 46 27.5743 -03 21 35.477   23   19 2453499.45659942 18.1 R  OH 511
 12 46 27.4819 -03 21 35.050   23   19 2453499.46162049 18.0 R  OH 511
 12 44 54.2286 -03 14 31.129   50   25 2453505.39095764 18.2 R  OH 511
 12 44 54.0381 -03 14 30.405   50   25 2453505.40353738 18.1 R  OH 511
 12 44 53.9647 -03 14 30.056   50   25 2453505.40855428 18.1 R  OH 511
 12 44 53.8954 -03 14 29.780   50   25 2453505.41357778 18.1 R  OH 511
 12 44 53.8248 -03 14 29.432   50   25 2453505.41859456 18.0 R  OH 511
 12 44 53.7537 -03 14 29.166   50   25 2453505.42360891 18.0 R  OH 511
 12 44 53.6782 -03 14 28.820   50   25 2453505.42863113 18.1 R  OH 511
 12 44 53.6063 -03 14 28.512   50   25 2453505.43365266 17.9 R  OH 511
 14 31 39.0045 -13 49 36.359   93   68 2453881.37534294 18.8 R  OH 511
 14 31 38.7687 -13 49 35.101   93   68 2453881.38423750 17.9 R  OH 511
 14 31 38.6566 -13 49 34.468   93   68 2453881.38867697 17.9 R  OH 511
 14 31 38.5301 -13 49 33.838   93   68 2453881.39311991 17.9 R  OH 511
 14 31 38.4164 -13 49 33.361   93   68 2453881.39757153 17.9 R  OH 511
 14 31 38.2949 -13 49 32.662   93   68 2453881.40201238 18.0 R  OH 511
 14 31 38.1687 -13 49 31.940   93   68 2453881.40646169 18.1 R  OH 511
 16 37 55.4049 -22 01 51.927   26   26 2454331.52455891 17.8 C  PE 874
 16 37 55.4022 -22 01 52.027   26   26 2454331.52481644 17.5 C  PE 874
 16 37 55.4083 -22 01 51.998   26   26 2454331.52558704 17.9 C  PE 874
 16 37 55.4107 -22 01 52.027   26   26 2454331.52637905 17.2 C  PE 874
 16 37 55.4136 -22 01 51.988   26   26 2454331.52663646 17.4 C  PE 874
 16 37 55.4174 -22 01 52.000   26   26 2454331.52768403 17.5 C  PE 874
 16 37 55.4225 -22 01 52.054   26   26 2454331.52820995 17.4 C  PE 874
 16 37 55.4232 -22 01 52.072   26   26 2454331.52899236 17.4 C  PE 874
 16 37 55.4256 -22 01 52.063   26   26 2454331.52925972 17.5 C  PE 874
 16 37 55.4287 -22 01 52.097   26   26 2454331.52977442 17.9 C  PE 874
 16 37 55.4266 -22 01 52.126   26   26 2454331.53003183 17.5 C  PE 874
 16 37 55.4365 -22 01 52.166   26   26 2454331.53134873 17.5 C  PE 874
 16 37 55.4382 -22 01 52.144   26   26 2454331.53186007 17.5 C  PE 874
 16 37 55.4382 -22 01 52.125   26   26 2454331.53211481 17.5 C  PE 874
 16 37 55.4397 -22 01 52.185   26   26 2454331.53238206 17.5 C  PE 874
 16 37 55.4494 -22 01 52.141   26   26 2454331.53344109 17.6 C  PE 874
 16 37 55.4507 -22 01 52.174   26   26 2454331.53422789 17.9 C  PE 874
 16 37 55.4539 -22 01 52.243   26   26 2454331.53553403 17.4 C  PE 874
 16 37 55.4613 -22 01 52.267   26   26 2454331.53686539 17.6 C  PE 874
 16 37 55.4764 -22 01 52.329   26   26 2454331.53978241 17.5 C  PE 874
 16 37 55.4847 -22 01 52.390   26   26 2454331.54161829 17.3 C  PE 874
 16 37 55.4922 -22 01 52.391   26   26 2454331.54215324 17.7 C  PE 874
 16 37 55.4981 -22 01 52.448   26   26 2454331.54373623 17.3 C  PE 874
 16 37 55.5068 -22 01 52.414   26   26 2454331.54506748 17.7 C  PE 874
 16 37 55.5115 -22 01 52.458   26   26 2454331.54612708 17.6 C  PE 874
 16 37 55.5142 -22 01 52.493   26   26 2454331.54718611 17.5 C  PE 874
 16 42 49.9875 -22 16 05.265   14    8 2454353.55469836 18.9 RE E  809
 16 42 50.0272 -22 16 05.363   14    8 2454353.55650366 18.9 RE E  809
 16 42 50.0630 -22 16 05.437   14    8 2454353.55832273 18.9 RE E  809
 16 42 50.1047 -22 16 05.545   14    8 2454353.56032289 18.9 RE E  809
 16 42 50.1406 -22 16 05.608   14    8 2454353.56207134 18.9 RE E  809
 16 42 50.1794 -22 16 05.720   14    8 2454353.56390072 18.8 RE E  809
 16 42 50.2156 -22 16 05.799   14    8 2454353.56567638 18.9 RE E  809
 16 42 50.2518 -22 16 05.890   14    8 2454353.56749974 18.8 RE E  809
 16 42 50.2867 -22 16 05.970   14    8 2454353.56923915 18.8 RE E  809
 19 24 14.3511 -22 16 57.318    7    3 2454621.80637684 17.7 RE E  809
 19 24 14.2725 -22 16 57.442    7    3 2454621.81045124 17.5 RE E  809
 19 08 04.9720 -22 41 51.400   20   23 2454658.77027141 17.6 I  PE 874
 19 08 04.8591 -22 41 51.539   20   23 2454658.77393472 17.6 I  PE 874
 19 08 04.8056 -22 41 51.620   20   23 2454658.77572500 17.9 I  PE 874
 19 08 04.7002 -22 41 51.716   20   23 2454658.77931308 17.7 I  PE 874
 19 08 04.6466 -22 41 51.752   20   23 2454658.78110116 17.6 I  PE 874
 19 08 04.5347 -22 41 51.902   20   23 2454658.78473762 17.7 I  PE 874
 19 08 04.4817 -22 41 51.954   20   23 2454658.78658854 17.6 I  PE 874
 19 08 04.4163 -22 41 52.017   20   23 2454658.78876620 17.6 I  PE 874
 19 08 04.3617 -22 41 52.091   20   23 2454658.79055926 17.6 I  PE 874
 19 08 04.3083 -22 41 52.131   20   23 2454658.79235266 17.6 I  PE 874
 19 08 04.2557 -22 41 52.258   20   23 2454658.79414387 17.6 I  PE 874
 19 08 04.1989 -22 41 52.274   20   23 2454658.79593715 17.8 I  PE 874
 18 55 08.7977 -22 56 19.602   25   34 2454690.53993079 17.7 I  BC 874
 18 55 08.7548 -22 56 19.651   25   34 2454690.54278414 17.8 I  BC 874
 18 55 08.7262 -22 56 19.601   25   34 2454690.54421609 17.7 I  BC 874
 18 55 08.6549 -22 56 19.756   25   34 2454690.54849109 17.6 I  BC 874
 18 55 08.5094 -22 56 19.833   25   34 2454690.55721007 17.7 I  BC 874
 18 55 08.4852 -22 56 19.850   25   34 2454690.55863229 17.9 I  BC 874
 18 54 45.6006 -22 53 19.536   30   16 2454729.47467292 16.7 I  PE 874
 18 54 45.6163 -22 53 19.511   30   16 2454729.47586447 18.2 I  PE 874
 18 54 45.6348 -22 53 19.454   30   16 2454729.47705544 18.6 I  PE 874
 18 54 45.6524 -22 53 19.428   30   16 2454729.47824699 18.2 I  PE 874
 18 54 45.6669 -22 53 19.423   30   16 2454729.47944815 18.1 I  PE 874
 18 54 45.6900 -22 53 19.387   30   16 2454729.48065845 18.3 I  PE 874
 18 54 45.7084 -22 53 19.348   30   16 2454729.48185984 18.3 I  PE 874
 18 54 45.7222 -22 53 19.303   30   16 2454729.48306053 18.6 I  PE 874
 18 54 45.7380 -22 53 19.305   30   16 2454729.48426076 18.4 I  PE 874
 18 54 45.7541 -22 53 19.300   30   16 2454729.48545093 18.4 I  PE 874
 21 51 19.2997 -14 01 46.326   13   18 2454972.89199661 18.3 RE E  809
 21 51 19.3146 -14 01 46.273   13   18 2454972.89315912 18.4 RE E  809
 21 51 19.3312 -14 01 46.234   13   18 2454972.89429327 18.3 RE E  809
 21 51 19.3447 -14 01 46.139   13   18 2454972.89545092 18.4 RE E  809
 21 51 19.3606 -14 01 46.126   13   18 2454972.89657419 18.4 RE E  809
 21 51 19.3764 -14 01 46.048   13   18 2454972.89774214 18.3 RE E  809
 21 51 45.5520 -14 00 27.137   22   22 2454974.82385310 18.4 RE E  809
 21 51 45.5639 -14 00 27.087   22   22 2454974.82497799 18.3 RE E  809
 21 51 45.5783 -14 00 27.045   22   22 2454974.82615267 18.3 RE E  809
 21 51 45.5923 -14 00 27.005   22   22 2454974.82729873 18.4 RE E  809
 21 51 45.6087 -14 00 26.979   22   22 2454974.82842419 18.2 RE E  809
 21 51 45.6208 -14 00 26.922   22   22 2454974.82955846 18.4 RE E  809
 21 51 45.6357 -14 00 26.890   22   22 2454974.83070511 18.2 RE E  809
 21 51 45.6504 -14 00 26.848   22   22 2454974.83182560 18.1 RE E  809
 21 51 45.6661 -14 00 26.795   22   22 2454974.83297063 18.4 RE E  809
 21 51 45.6810 -14 00 26.770   22   22 2454974.83413268 18.3 RE E  809
 21 51 45.7103 -14 00 26.708   22   22 2454974.83644508 18.3 RE E  809
 21 51 45.7238 -14 00 26.689   22   22 2454974.83762368 18.4 RE E  809
 21 51 45.7391 -14 00 26.620   22   22 2454974.83878353 18.3 RE E  809
 21 51 45.7528 -14 00 26.593   22   22 2454974.83994140 18.4 RE E  809
 21 51 45.7666 -14 00 26.530   22   22 2454974.84107266 18.4 RE E  809
 21 51 45.7812 -14 00 26.507   22   22 2454974.84219477 18.3 RE E  809
 21 51 45.7931 -14 00 26.467   22   22 2454974.84334177 18.4 RE E  809
 21 51 45.8094 -14 00 26.429   22   22 2454974.84450023 18.3 RE E  809
 21 51 45.8240 -14 00 26.394   22   22 2454974.84565429 18.4 RE E  809
 21 51 45.8375 -14 00 26.357   22   22 2454974.84681472 18.4 RE E  809
 21 44 38.8650 -15 06 07.936   57   24 2455032.82666968 17.7 C  BC 874
 21 44 38.8099 -15 06 08.203   57   24 2455032.82844641 17.7 C  BC 874
 21 44 38.7716 -15 06 08.513   57   24 2455032.83021296 17.6 C  BC 874
 21 44 38.7211 -15 06 08.812   57   24 2455032.83199028 17.7 C  BC 874
 07 33 28.0135 +21 07 13.402    6    6 2456606.74360280 18.1 I  PE 874
 07 33 28.0215 +21 07 13.470    6    6 2456606.75843477 18.0 I  PE 874
 07 33 28.0235 +21 07 13.470    6    6 2456606.76057490 18.0 I  PE 874
 07 33 28.0244 +21 07 13.473    6    6 2456606.76271503 18.0 I  PE 874
 07 33 28.0255 +21 07 13.477    6    6 2456606.76485527 18.0 I  PE 874
 07 33 28.0260 +21 07 13.486    6    6 2456606.76699539 18.0 I  PE 874
