 19 00 03.5485 -22 24 03.822   13    9 2450256.55099537 16.9 C  PE 874
 19 00 03.4884 -22 24 04.013   13    9 2450256.55334491 16.8 C  PE 874
 19 00 03.4569 -22 24 04.113   13    9 2450256.55458333 16.8 C  PE 874
 19 00 03.4204 -22 24 04.232   13    9 2450256.55596065 16.8 C  PE 874
 18 58 46.3327 -22 27 57.090   24   10 2450259.56603009 16.6 C  PE 874
 18 58 46.2453 -22 27 57.372   24   10 2450259.56921296 16.7 C  PE 874
 18 58 46.1808 -22 27 57.578   24   10 2450259.57179398 16.6 C  PE 874
 18 58 46.1124 -22 27 57.795   24   10 2450259.57437500 16.6 C  PE 874
 18 58 19.8562 -22 29 19.712   50    8 2450260.59775463 16.8 C  PE 874
 18 58 19.6074 -22 29 20.490   50    8 2450260.60706019 16.8 C  PE 874
 18 58 19.5473 -22 29 20.686   50    8 2450260.60964120 16.8 C  PE 874
 18 58 19.4751 -22 29 20.915   50    8 2450260.61222222 16.8 C  PE 874
 18 46 31.8280 -23 11 57.971   12   14 2450289.51206782 17.1 un PE 874
 18 46 31.8069 -23 11 58.039   12   14 2450289.51308102 17.0 un PE 874
 18 46 31.7935 -23 11 58.095   12   14 2450289.51368241 17.0 un PE 874
 18 46 31.7783 -23 11 58.121   12   14 2450289.51428438 17.0 un PE 874
 18 46 31.7665 -23 11 58.182   12   14 2450289.51488646 17.0 un PE 874
 18 46 31.7511 -23 11 58.217   12   14 2450289.51548773 17.0 un PE 874
 18 46 31.7380 -23 11 58.303   12   14 2450289.51608981 17.1 un PE 874
 18 46 31.7258 -23 11 58.355   12   14 2450289.51669178 17.1 un PE 874
 18 46 31.7109 -23 11 58.416   12   14 2450289.51729387 17.0 un PE 874
 18 46 31.6986 -23 11 58.440   12   14 2450289.51789525 17.1 un PE 874
 18 46 31.6834 -23 11 58.500   12   14 2450289.51849722 17.1 un PE 874
 18 46 31.6703 -23 11 58.559   12   14 2450289.51908785 17.1 un PE 874
 18 46 31.6330 -23 11 58.680   12   14 2450289.52071968 17.1 un PE 874
 18 45 47.5102 -23 14 51.229    7   12 2450291.58577778 17.1 un PE 874
 18 45 47.4962 -23 14 51.258    7   12 2450291.58637917 17.0 un PE 874
 18 45 47.4831 -23 14 51.301    7   12 2450291.58698183 17.1 un PE 874
 18 45 47.4702 -23 14 51.355    7   12 2450291.58758380 17.1 un PE 874
 18 45 47.4187 -23 14 51.569    7   12 2450291.58999063 17.1 un PE 874
 18 45 47.4046 -23 14 51.620    7   12 2450291.59059271 17.1 un PE 874
 18 43 16.6188 -23 48 24.616   49    6 2450358.42094144 17.7 C  PE 874
 18 43 17.0528 -23 48 24.048   49    6 2450358.44318750 17.9 C  PE 874
 18 43 17.0623 -23 48 24.030   49    6 2450358.44380035 17.7 C  PE 874
 21 20 33.8447 -16 51 56.673   62   50 2450674.59410880 16.2 un PE 874
 21 20 33.7989 -16 51 56.838   62   50 2450674.59525463 16.3 un PE 874
 21 20 29.7995 -16 52 11.130   62   50 2450674.70431713 16.3 un PE 874
 21 20 29.7044 -16 52 11.509   62   50 2450674.70685185 16.0 un PE 874
 21 19 57.9579 -16 54 07.818   37   68 2450675.59714120 15.9 un PE 874
 21 19 57.8592 -16 54 08.296   37   68 2450675.59968750 15.6 un PE 874
 21 19 54.3299 -16 54 20.639   37   68 2450675.69612268 16.0 un PE 874
 21 19 54.2347 -16 54 21.001   37   68 2450675.69866898 16.2 un PE 874
 23 47 10.0504 -02 40 38.492   34   12 2451040.60173819 16.7 R  OH 511
 23 47 09.9335 -02 40 39.512   34   12 2451040.60725255 16.7 R  OH 511
 23 47 09.8562 -02 40 40.185   34   12 2451040.61099514 16.7 R  OH 511
 23 47 09.7761 -02 40 40.904   34   12 2451040.61472616 16.8 R  OH 511
 23 47 09.6756 -02 40 41.825   34   12 2451040.61971725 16.6 R  OH 511
 23 47 09.5380 -02 40 43.052   34   12 2451040.62630486 16.5 R  OH 511
 23 47 09.4302 -02 40 43.995   34   12 2451040.63140660 16.5 R  OH 511
 23 47 09.3666 -02 40 44.535   34   12 2451040.63444201 16.5 R  OH 511
 23 47 09.3012 -02 40 45.128   34   12 2451040.63747986 16.5 R  OH 511
 23 47 09.2382 -02 40 45.725   34   12 2451040.64063576 16.5 R  OH 511
 23 45 28.0052 -02 56 10.830   15   20 2451045.42909826 16.4 R  OH 511
 23 45 27.8800 -02 56 11.960   15   20 2451045.43463958 16.4 R  OH 511
 23 45 27.7776 -02 56 12.869   15   20 2451045.43923056 16.4 R  OH 511
 23 45 27.6720 -02 56 13.811   15   20 2451045.44388021 16.4 R  OH 511
 23 45 27.6217 -02 56 14.244   15   20 2451045.44622037 16.4 R  OH 511
 23 45 27.5673 -02 56 14.763   15   20 2451045.44856424 16.4 R  OH 511
 23 45 27.5156 -02 56 15.211   15   20 2451045.45091123 16.4 R  OH 511
 23 45 27.4626 -02 56 15.695   15   20 2451045.45325370 16.4 R  OH 511
 23 45 27.4104 -02 56 16.142   15   20 2451045.45559132 16.4 R  OH 511
 23 45 27.3588 -02 56 16.596   15   20 2451045.45793542 16.4 R  OH 511
 23 45 27.3075 -02 56 17.125   15   20 2451045.46028194 16.3 R  OH 511
 23 45 27.2014 -02 56 17.995   15   20 2451045.46496632 16.4 R  OH 511
 23 29 11.6194 -05 11 41.694   18   34 2451163.32825660 17.2 R  OH 511
 23 29 11.6917 -05 11 41.065   18   34 2451163.33152951 17.3 R  OH 511
 23 29 11.8084 -05 11 40.171   18   34 2451163.33671979 17.2 R  OH 511
 23 29 11.8829 -05 11 39.512   18   34 2451163.33999456 17.2 R  OH 511
 23 29 11.9587 -05 11 38.888   18   34 2451163.34326574 17.2 R  OH 511
 23 29 12.0302 -05 11 38.367   18   34 2451163.34654086 17.3 R  OH 511
 23 29 12.1069 -05 11 37.700   18   34 2451163.34980498 17.2 R  OH 511
 02 05 46.9718 +10 55 46.388   28   20 2451460.41066250 16.0 R  OH 511
 02 05 46.8565 +10 55 45.936   28   20 2451460.41467303 16.0 R  OH 511
 02 05 46.7342 +10 55 45.460   28   20 2451460.41908113 16.2 R  OH 511
 02 05 46.6587 +10 55 45.192   28   20 2451460.42176493 16.1 R  OH 511
 02 05 46.5836 +10 55 44.854   28   20 2451460.42444988 16.1 R  OH 511
 02 05 46.5097 +10 55 44.575   28   20 2451460.42714410 16.1 R  OH 511
 02 05 46.4366 +10 55 44.294   28   20 2451460.42982569 16.2 R  OH 511
 02 05 46.3569 +10 55 44.024   28   20 2451460.43251238 16.2 R  OH 511
 02 05 46.2836 +10 55 43.685   28   20 2451460.43520463 16.1 R  OH 511
 02 05 46.2309 +10 55 43.492   28   20 2451460.43723183 16.2 R  OH 511
 02 05 46.0348 +10 55 42.690   28   20 2451460.44424074 16.1 R  OH 511
 02 04 22.9099 +10 50 09.054   22   19 2451463.41359120 16.0 R  OH 511
 02 04 22.8233 +10 50 08.702   22   19 2451463.41667581 16.0 R  OH 511
 02 04 22.7025 +10 50 08.254   22   19 2451463.42071528 16.2 R  OH 511
 02 04 22.4470 +10 50 07.250   22   19 2451463.42939630 16.0 R  OH 511
 02 04 22.3596 +10 50 06.929   22   19 2451463.43244352 16.1 R  OH 511
 02 04 22.2714 +10 50 06.553   22   19 2451463.43548021 16.0 R  OH 511
 02 04 22.1836 +10 50 06.192   22   19 2451463.43851551 16.1 R  OH 511
 02 04 22.0927 +10 50 05.828   22   19 2451463.44154965 16.1 R  OH 511
 02 04 22.0066 +10 50 05.493   22   19 2451463.44458854 16.0 R  OH 511
 01 48 58.3335 +09 48 20.689   40   34 2451492.55056134 16.2 R  OH 511
 01 48 58.2287 +09 48 20.198   40   34 2451492.55394016 16.2 R  OH 511
 01 48 58.1611 +09 48 19.912   40   34 2451492.55604838 16.2 R  OH 511
 01 48 58.0914 +09 48 19.674   40   34 2451492.55816007 16.2 R  OH 511
 01 48 58.0299 +09 48 19.446   40   34 2451492.56026956 16.2 R  OH 511
 01 46 30.3227 +09 38 29.194   39   14 2451497.34833900 15.5 R  OH 511
 01 46 30.2535 +09 38 28.914   39   14 2451497.35050625 15.6 R  OH 511
 01 46 30.1286 +09 38 28.417   39   14 2451497.35453588 15.6 R  OH 511
 01 46 30.0464 +09 38 28.110   39   14 2451497.35723299 15.5 R  OH 511
 01 46 29.9703 +09 38 27.793   39   14 2451497.35992442 15.5 R  OH 511
 01 46 29.8957 +09 38 27.533   39   14 2451497.36224815 15.6 R  OH 511
 01 46 28.3547 +09 38 21.519   39   14 2451497.41222685 15.6 R  OH 511
 01 46 28.2724 +09 38 21.200   39   14 2451497.41491296 15.6 R  OH 511
 01 46 28.1666 +09 38 20.768   39   14 2451497.41845775 15.6 R  OH 511
 01 46 28.0805 +09 38 20.433   39   14 2451497.42114583 15.6 R  OH 511
 01 46 27.9946 +09 38 20.122   39   14 2451497.42404954 15.6 R  OH 511
 01 46 27.9053 +09 38 19.792   39   14 2451497.42673356 15.6 R  OH 511
 01 38 41.2782 +09 07 31.850   30   40 2451515.45262025 16.7 R  OH 511
 01 38 41.2271 +09 07 31.635   30   40 2451515.45520845 16.5 R  OH 511
 01 38 41.1089 +09 07 31.212   30   40 2451515.46071644 16.4 R  OH 511
 01 38 41.0632 +09 07 31.027   30   40 2451515.46271482 16.3 R  OH 511
 01 38 41.0220 +09 07 30.811   30   40 2451515.46471030 16.4 R  OH 511
 01 38 40.9793 +09 07 30.653   30   40 2451515.46670289 16.4 R  OH 511
 01 38 40.9357 +09 07 30.569   30   40 2451515.46869595 16.5 R  OH 511
 01 38 40.8878 +09 07 30.422   30   40 2451515.47088310 16.4 R  OH 511
 01 38 23.0264 +09 06 19.953   21   17 2451516.34870440 16.5 R  OH 511
 01 38 22.9216 +09 06 19.538   21   17 2451516.35385579 16.6 R  OH 511
 01 38 22.8734 +09 06 19.356   21   17 2451516.35606424 16.4 R  OH 511
 01 38 22.8271 +09 06 19.164   21   17 2451516.35817176 16.5 R  OH 511
 01 38 22.7857 +09 06 18.993   21   17 2451516.36028206 16.4 R  OH 511
 01 38 22.6946 +09 06 18.650   21   17 2451516.36470440 16.4 R  OH 511
 01 38 22.6499 +09 06 18.492   21   17 2451516.36682049 16.5 R  OH 511
 01 37 42.1495 +09 03 39.519   16   10 2451518.45116505 16.6 R  OH 511
 01 37 42.0579 +09 03 39.161   16   10 2451518.45598900 16.6 R  OH 511
 01 37 42.0193 +09 03 39.018   16   10 2451518.45810266 16.5 R  OH 511
 01 37 41.9773 +09 03 38.844   16   10 2451518.46021250 16.6 R  OH 511
 01 37 41.8971 +09 03 38.555   16   10 2451518.46443125 16.6 R  OH 511
 04 17 57.4049 +19 59 13.423   23   23 2451869.48693542 16.3 R  OH 511
 04 17 57.1565 +19 59 12.629   23   23 2451869.49420046 16.2 R  OH 511
 04 17 51.9535 +19 58 55.424   23   23 2451869.64729595 16.2 R  OH 511
 04 17 51.8362 +19 58 54.987   23   23 2451869.65075046 16.2 R  OH 511
 04 17 51.7565 +19 58 54.753   23   23 2451869.65310312 16.2 R  OH 511
 04 17 51.6368 +19 58 54.336   23   23 2451869.65667384 16.2 R  OH 511
 04 17 51.5181 +19 58 53.989   23   23 2451869.66014259 16.2 R  OH 511
 04 17 51.4368 +19 58 53.683   23   23 2451869.66258877 16.2 R  OH 511
 04 17 51.3551 +19 58 53.419   23   23 2451869.66510278 16.2 R  OH 511
 04 15 46.6150 +19 52 04.961   13   22 2451873.41782407 16.1 R  OH 511
 04 15 46.5061 +19 52 04.656   13   22 2451873.42099005 16.2 R  OH 511
 04 15 46.4357 +19 52 04.457   13   22 2451873.42309931 16.2 R  OH 511
 04 15 46.3651 +19 52 04.228   13   22 2451873.42520463 16.1 R  OH 511
 04 15 46.2945 +19 52 03.983   13   22 2451873.42731863 16.1 R  OH 511
 04 15 46.2210 +19 52 03.754   13   22 2451873.42942720 16.2 R  OH 511
 04 15 46.1515 +19 52 03.574   13   22 2451873.43153449 16.2 R  OH 511
 04 15 46.0790 +19 52 03.356   13   22 2451873.43364028 16.2 R  OH 511
 04 13 34.5562 +19 45 06.897   20   17 2451877.43967187 15.1 R  OH 511
 04 13 34.4709 +19 45 06.667   20   17 2451877.44226053 15.1 R  OH 511
 04 13 34.4016 +19 45 06.426   20   17 2451877.44436887 15.1 R  OH 511
 04 13 34.3340 +19 45 06.215   20   17 2451877.44647222 15.1 R  OH 511
 04 13 34.2610 +19 45 05.999   20   17 2451877.44858206 15.1 R  OH 511
 04 13 34.1900 +19 45 05.766   20   17 2451877.45069734 15.1 R  OH 511
 06 55 00.5669 +22 57 42.137   22   18 2452263.47157350 16.7 R  OH 511
 06 55 00.4391 +22 57 42.488   22   18 2452263.47617662 17.0 R  OH 511
 06 55 00.3688 +22 57 42.685   22   18 2452263.47852870 16.9 R  OH 511
 06 55 00.3019 +22 57 42.893   22   18 2452263.48088125 16.9 R  OH 511
 06 55 00.2330 +22 57 43.053   22   18 2452263.48323252 16.6 R  OH 511
 06 55 00.1692 +22 57 43.302   22   18 2452263.48558090 16.6 R  OH 511
 06 55 00.0976 +22 57 43.466   22   18 2452263.48793947 16.5 R  OH 511
 06 55 00.0304 +22 57 43.691   22   18 2452263.49029363 15.8 R  OH 511
 06 54 59.8963 +22 57 44.073   22   18 2452263.49499803 16.5 R  OH 511
 06 54 59.8286 +22 57 44.271   22   18 2452263.49735590 16.6 R  OH 511
 06 43 54.3841 +23 26 09.835    9    7 2452285.38389225 16.5 R  OH 511
 06 43 54.2365 +23 26 10.153    9    7 2452285.38859572 16.5 R  OH 511
 06 43 54.1597 +23 26 10.312    9    7 2452285.39095081 16.5 R  OH 511
 06 43 54.0863 +23 26 10.480    9    7 2452285.39329977 16.5 R  OH 511
 06 43 54.0113 +23 26 10.636    9    7 2452285.39565451 16.5 R  OH 511
 06 43 53.9370 +23 26 10.814    9    7 2452285.39800833 16.5 R  OH 511
 06 43 53.8613 +23 26 10.972    9    7 2452285.40036400 16.5 R  OH 511
 06 43 53.7875 +23 26 11.147    9    7 2452285.40271458 16.6 R  OH 511
 06 31 16.8098 +23 46 55.804   38    9 2452313.31101007 16.9 R  OH 511
 06 31 15.5209 +23 46 56.898   38    9 2452313.37087292 17.0 R  OH 511
 06 31 15.3762 +23 46 57.012   38    9 2452313.37762836 17.0 R  OH 511
 06 31 15.2334 +23 46 57.128   38    9 2452313.38437627 17.1 R  OH 511
 06 31 15.0601 +23 46 57.268   38    9 2452313.39254687 17.0 R  OH 511
 06 31 14.9069 +23 46 57.358   38    9 2452313.39929201 17.1 R  OH 511
 06 30 55.1576 +23 47 13.078   45   38 2452314.36196887 16.0 R  OH 511
 06 30 55.1110 +23 47 13.039   45   38 2452314.36432106 17.3 R  OH 511
 06 30 55.0059 +23 47 13.161   45   38 2452314.36903368 17.0 R  OH 511
 09 01 54.8570 +17 15 44.516   57   42 2452668.47382616 16.6 R  OH 511
 09 01 54.7688 +17 15 44.787   57   42 2452668.47617650 16.7 R  OH 511
 09 01 54.6774 +17 15 45.206   57   42 2452668.47852558 16.7 R  OH 511
 09 01 54.5945 +17 15 45.570   57   42 2452668.48087859 16.7 R  OH 511
 09 01 54.5134 +17 15 45.900   57   42 2452668.48322766 16.7 R  OH 511
 09 01 18.6695 +17 18 06.617   21   22 2452669.46310069 16.5 R  OH 511
 09 01 18.3316 +17 18 07.988   21   22 2452669.47218090 16.1 R  OH 511
 09 01 18.2466 +17 18 08.284   21   22 2452669.47453299 16.7 R  OH 511
 09 01 18.1544 +17 18 08.622   21   22 2452669.47689062 16.5 R  OH 511
 09 01 18.0686 +17 18 08.990   21   22 2452669.47923912 16.5 R  OH 511
 09 01 17.9821 +17 18 09.326   21   22 2452669.48159074 16.5 R  OH 511
 08 39 23.1899 +18 55 20.627   31   24 2452723.29539514 16.9 R  OH 511
 08 39 23.1602 +18 55 20.787   31   24 2452723.29951273 17.3 R  OH 511
 08 39 23.1292 +18 55 21.050   31   24 2452723.30543900 16.9 R  OH 511
 08 39 23.0897 +18 55 21.353   31   24 2452723.31211458 16.9 R  OH 511
 08 39 23.0105 +18 55 21.960   31   24 2452723.32615463 17.0 R  OH 511
 08 39 13.7352 +18 56 52.110   36   16 2452725.48138646 17.3 R  OH 511
 08 39 13.7221 +18 56 52.214   36   16 2452725.48466620 17.3 R  OH 511
 08 39 13.7109 +18 56 52.401   36   16 2452725.48974201 17.4 R  OH 511
 08 39 13.6955 +18 56 52.498   36   16 2452725.49301979 17.4 R  OH 511
 08 39 13.6847 +18 56 52.649   36   16 2452725.49629340 17.4 R  OH 511
 08 39 13.6582 +18 56 52.863   36   16 2452725.50285023 17.1 R  OH 511
 08 39 13.6458 +18 56 52.995   36   16 2452725.50612407 17.4 R  OH 511
 08 39 13.6373 +18 56 53.105   36   16 2452725.50940301 17.4 R  OH 511
 08 39 13.6271 +18 56 53.259   36   16 2452725.51267697 17.3 R  OH 511
 08 39 13.6117 +18 56 53.327   36   16 2452725.51595093 17.4 R  OH 511
 11 15 43.0053 +06 10 31.483   48   20 2453026.62202986 17.5 R  OH 511
 11 15 42.9861 +06 10 31.808   48   20 2453026.62472488 17.0 R  OH 511
 11 15 42.9580 +06 10 32.113   48   20 2453026.62742789 17.2 R  OH 511
 11 15 42.8756 +06 10 32.983   48   20 2453026.63552118 17.1 R  OH 511
 10 48 18.1449 +09 22 59.691   24   12 2453116.31832107 17.0 R  OH 511
 10 48 18.0770 +09 22 59.820   24   12 2453116.32474525 16.9 R  OH 511
 10 48 18.0484 +09 22 59.828   24   12 2453116.32709988 17.1 R  OH 511
 10 48 17.9967 +09 22 59.920   24   12 2453116.33180799 16.9 R  OH 511
 10 48 17.9455 +09 23 00.008   24   12 2453116.33651933 17.0 R  OH 511
 10 48 17.9198 +09 23 00.042   24   12 2453116.33887153 17.1 R  OH 511
 10 48 17.8897 +09 23 00.067   24   12 2453116.34122454 17.0 R  OH 511
 12 51 40.8161 -04 21 54.310   64   32 2453464.60203148 16.6 C  BC 874
 12 51 40.7803 -04 21 54.028   64   32 2453464.60325891 16.4 C  BC 874
 12 51 40.6484 -04 21 53.266   64   32 2453464.60694965 15.4 C  BC 874
 12 51 40.5983 -04 21 53.010   64   32 2453464.60818611 16.4 C  BC 874
 12 51 40.5532 -04 21 52.741   64   32 2453464.60942303 16.4 C  BC 874
 12 51 40.5177 -04 21 52.492   64   32 2453464.61066111 16.3 C  BC 874
 12 51 40.4727 -04 21 52.277   64   32 2453464.61189826 16.3 C  BC 874
 12 46 46.9237 -03 50 34.984   46   33 2453473.38537720 16.0 R  OH 511
 12 46 46.7927 -03 50 34.177   46   33 2453473.38924144 16.2 R  OH 511
 12 46 46.6675 -03 50 33.363   46   33 2453473.39310324 16.3 R  OH 511
 12 46 46.5428 -03 50 32.551   46   33 2453473.39696053 16.1 R  OH 511
 12 46 46.4139 -03 50 31.780   46   33 2453473.40082581 16.4 R  OH 511
 12 46 46.2783 -03 50 30.982   46   33 2453473.40468947 16.3 R  OH 511
 12 46 46.1515 -03 50 30.080   46   33 2453473.40855660 16.3 R  OH 511
 12 36 50.7834 -02 43 54.457   52   14 2453494.40697859 16.8 R  OH 511
 12 36 50.6427 -02 43 53.494   52   14 2453494.41315995 16.9 R  OH 511
 12 36 50.4475 -02 43 52.114   52   14 2453494.42158171 16.8 R  OH 511
 12 36 50.3384 -02 43 51.441   52   14 2453494.42578611 17.1 R  OH 511
 12 36 50.2466 -02 43 50.768   52   14 2453494.42999028 16.7 R  OH 511
 12 36 50.1491 -02 43 50.085   52   14 2453494.43420289 16.8 R  OH 511
 12 36 50.0474 -02 43 49.434   52   14 2453494.43840845 16.7 R  OH 511
 15 03 14.1355 -16 01 17.796   22   22 2453794.74704664 17.4 C  BC 874
 15 03 14.1409 -16 01 17.750   22   22 2453794.74813646 17.3 C  BC 874
 15 03 14.1385 -16 01 17.752   22   22 2453794.74921644 17.2 C  BC 874
 15 03 14.1427 -16 01 17.659   22   22 2453794.75029236 16.9 C  BC 874
 15 03 14.1398 -16 01 17.629   22   22 2453794.75137164 17.4 C  BC 874
 15 03 14.1421 -16 01 17.530   22   22 2453794.75464028 17.2 C  BC 874
 15 03 14.1430 -16 01 17.504   22   22 2453794.75571991 17.3 C  BC 874
 15 03 14.1467 -16 01 17.466   22   22 2453794.75679954 17.2 C  BC 874
 15 03 14.1463 -16 01 17.403   22   22 2453794.75787292 16.9 C  BC 874
 15 03 14.1464 -16 01 17.368   22   22 2453794.75895243 17.4 C  BC 874
 15 03 14.1457 -16 01 17.305   22   22 2453794.76004167 17.4 C  BC 874
 15 03 14.1481 -16 01 17.333   22   22 2453794.76113113 17.4 C  BC 874
 15 03 14.1492 -16 01 17.230   22   22 2453794.76222037 17.3 C  BC 874
 15 03 14.1521 -16 01 17.236   22   22 2453794.76330961 17.3 C  BC 874
 15 03 14.1498 -16 01 17.168   22   22 2453794.76438970 17.3 C  BC 874
 15 03 14.1502 -16 01 17.156   22   22 2453794.76546921 17.3 C  BC 874
 15 03 14.1531 -16 01 17.080   22   22 2453794.76765174 17.3 C  BC 874
 15 03 15.2038 -16 00 38.792   11   10 2453795.74559826 17.2 C  BC 874
 15 03 15.2051 -16 00 38.718   11   10 2453795.74702998 17.2 C  BC 874
 15 03 15.2048 -16 00 38.553   11   10 2453795.75098299 17.2 C  BC 874
 15 03 15.2037 -16 00 38.503   11   10 2453795.75240475 17.2 C  BC 874
 15 03 15.2042 -16 00 38.447   11   10 2453795.75382778 17.2 C  BC 874
 15 03 15.2043 -16 00 38.408   11   10 2453795.75525926 17.2 C  BC 874
 15 03 15.2058 -16 00 38.330   11   10 2453795.75667604 17.2 C  BC 874
 15 03 15.2050 -16 00 38.286   11   10 2453795.75810752 17.1 C  BC 874
 15 03 15.2057 -16 00 38.107   11   10 2453795.76237211 17.2 C  BC 874
 15 03 15.2058 -16 00 38.041   11   10 2453795.76380370 17.2 C  BC 874
 15 03 15.2046 -16 00 38.003   11   10 2453795.76522766 17.2 C  BC 874
 15 03 15.2064 -16 00 37.946   11   10 2453795.76666030 17.1 C  BC 874
 15 03 15.2056 -16 00 37.868   11   10 2453795.76808218 17.3 C  BC 874
 15 03 15.2064 -16 00 37.761   11   10 2453795.77092523 17.2 C  BC 874
 15 03 15.2064 -16 00 37.712   11   10 2453795.77234560 17.3 C  BC 874
 15 03 15.2066 -16 00 37.672   11   10 2453795.77377674 17.3 C  BC 874
 15 03 15.2559 -15 59 11.320   20   12 2453797.74673368 17.1 C  BC 874
 15 03 15.2508 -15 59 11.239   20   12 2453797.74815544 17.2 C  BC 874
 15 03 15.2521 -15 59 11.169   20   12 2453797.74958681 17.0 C  BC 874
 15 03 15.2511 -15 59 11.121   20   12 2453797.75101539 17.1 C  BC 874
 15 03 15.2479 -15 59 11.049   20   12 2453797.75244722 17.1 C  BC 874
 15 03 15.2434 -15 59 10.963   20   12 2453797.75386887 17.1 C  BC 874
 15 03 15.2463 -15 59 10.895   20   12 2453797.75529086 17.1 C  BC 874
 15 03 15.2424 -15 59 10.857   20   12 2453797.75671215 17.1 C  BC 874
 15 03 15.2389 -15 59 10.784   20   12 2453797.75813380 17.1 C  BC 874
 15 03 15.2378 -15 59 10.730   20   12 2453797.75956539 17.2 C  BC 874
 15 03 15.2371 -15 59 10.648   20   12 2453797.76099155 17.1 C  BC 874
 15 03 15.2318 -15 59 10.535   20   12 2453797.76384514 17.2 C  BC 874
 15 03 15.2285 -15 59 10.441   20   12 2453797.76526759 17.1 C  BC 874
 15 03 15.2293 -15 59 10.406   20   12 2453797.76668715 17.2 C  BC 874
 15 03 15.2253 -15 59 10.325   20   12 2453797.76811019 17.0 C  BC 874
 15 03 15.2240 -15 59 10.266   20   12 2453797.76954236 17.2 C  BC 874
 15 02 58.9545 -15 53 38.150    8   15 2453803.73087431 17.2 C  BC 874
 15 02 58.9399 -15 53 37.971    8   15 2453803.73345208 17.0 C  BC 874
 15 02 58.9230 -15 53 37.809    8   15 2453803.73640625 17.1 C  BC 874
 15 02 58.9080 -15 53 37.640    8   15 2453803.73922373 17.1 C  BC 874
 15 02 54.0135 -15 52 34.052   30   34 2453804.70536933 17.2 C  BC 874
 15 02 53.9938 -15 52 33.806   30   34 2453804.70894873 16.0 C  BC 874
 15 02 53.9867 -15 52 33.748   30   34 2453804.71014664 17.2 C  BC 874
 15 02 53.9829 -15 52 33.634   30   34 2453804.71133669 16.0 C  BC 874
 15 02 53.9713 -15 52 33.640   30   34 2453804.71252674 17.0 C  BC 874
 15 02 53.9651 -15 52 33.518   30   34 2453804.71372685 17.3 C  BC 874
 15 02 53.9566 -15 52 33.454   30   34 2453804.71492650 16.1 C  BC 874
 15 02 53.9517 -15 52 33.344   30   34 2453804.71611678 17.2 C  BC 874
 15 02 53.9392 -15 52 33.198   30   34 2453804.71850255 17.1 C  BC 874
 15 02 53.9249 -15 52 33.155   30   34 2453804.71969294 17.0 C  BC 874
 15 02 53.9212 -15 52 33.026   30   34 2453804.72088299 16.6 C  BC 874
 15 02 53.9056 -15 52 32.840   30   34 2453804.72327303 17.2 C  BC 874
 15 02 53.9005 -15 52 32.864   30   34 2453804.72446343 17.2 C  BC 874
 15 02 53.8818 -15 52 32.716   30   34 2453804.72684387 17.1 C  BC 874
 15 02 53.8729 -15 52 32.460   30   34 2453804.72924502 15.8 C  BC 874
 15 02 53.8638 -15 52 32.445   30   34 2453804.73043507 17.0 C  BC 874
 15 02 27.1870 -15 47 44.431   28   17 2453808.69527512 17.2 C  BC 874
 15 02 27.1546 -15 47 44.120   28   17 2453808.69941852 16.9 C  BC 874
 15 02 27.1151 -15 47 43.773   28   17 2453808.70384896 17.0 C  BC 874
 15 02 27.0896 -15 47 43.532   28   17 2453808.70696030 17.0 C  BC 874
 15 02 27.0722 -15 47 43.411   28   17 2453808.70846736 17.1 C  BC 874
 15 02 27.0665 -15 47 43.329   28   17 2453808.70965775 17.0 C  BC 874
 15 02 27.0568 -15 47 43.253   28   17 2453808.71084803 17.2 C  BC 874
 15 02 27.0325 -15 47 43.028   28   17 2453808.71323866 17.1 C  BC 874
 15 02 27.0243 -15 47 42.949   28   17 2453808.71443877 17.0 C  BC 874
 15 02 27.0113 -15 47 42.878   28   17 2453808.71562905 17.0 C  BC 874
 15 02 27.0028 -15 47 42.812   28   17 2453808.71681875 17.0 C  BC 874
 15 02 26.9949 -15 47 42.715   28   17 2453808.71800868 17.1 C  BC 874
 14 33 54.2012 -13 32 04.103   54   22 2453894.51511319 16.9 C  BC 874
 14 33 54.1696 -13 32 04.070   54   22 2453894.51703958 16.7 C  BC 874
 14 33 54.1583 -13 32 04.050   54   22 2453894.51800914 16.6 C  BC 874
 14 33 54.1152 -13 32 04.030   54   22 2453894.52091539 16.6 C  BC 874
 14 33 54.0984 -13 32 04.051   54   22 2453894.52188310 16.2 C  BC 874
 14 33 54.0862 -13 32 04.035   54   22 2453894.52285093 16.4 C  BC 874
 14 33 54.0750 -13 32 04.017   54   22 2453894.52381887 16.8 C  BC 874
 14 33 54.0648 -13 32 03.953   54   22 2453894.52428970 16.3 C  BC 874
 14 33 54.0472 -13 32 03.962   54   22 2453894.52525822 16.7 C  BC 874
 14 33 54.0254 -13 32 03.986   54   22 2453894.52720486 16.8 C  BC 874
 14 33 54.0110 -13 32 03.923   54   22 2453894.52817257 16.6 C  BC 874
 14 33 54.0017 -13 32 03.949   54   22 2453894.52913229 16.1 C  BC 874
 14 33 53.9851 -13 32 03.954   54   22 2453894.53010000 16.6 C  BC 874
 14 33 53.9546 -13 32 03.917   54   22 2453894.53203218 16.7 C  BC 874
 14 33 53.8960 -13 32 03.899   54   22 2453894.53561319 16.7 C  BC 874
 14 33 53.8842 -13 32 03.815   54   22 2453894.53657627 15.8 C  BC 874
 14 33 53.8536 -13 32 03.833   54   22 2453894.53849375 16.8 C  BC 874
 14 33 53.8446 -13 32 03.813   54   22 2453894.53945683 16.7 C  BC 874
 14 33 53.8286 -13 32 03.812   54   22 2453894.54041979 16.8 C  BC 874
 14 33 53.7771 -13 32 03.753   54   22 2453894.54331181 16.7 C  BC 874
 14 33 53.7708 -13 32 03.803   54   22 2453894.54427488 16.6 C  BC 874
 14 33 53.7421 -13 32 03.722   54   22 2453894.54620127 16.5 C  BC 874
 14 33 53.6954 -13 32 03.691   54   22 2453894.54909352 16.8 C  BC 874
 14 33 53.6627 -13 32 03.698   54   22 2453894.55100961 16.7 C  BC 874
 14 33 53.6535 -13 32 03.681   54   22 2453894.55197257 16.5 C  BC 874
 14 30 19.3429 -13 42 24.398   14   30 2453920.53311863 17.2 C  BC 874
 14 30 19.3389 -13 42 24.456   14   30 2453920.53465590 17.2 C  BC 874
 14 30 19.3348 -13 42 24.530   14   30 2453920.53619329 17.2 C  BC 874
 14 30 19.3321 -13 42 24.620   14   30 2453920.53773090 17.1 C  BC 874
 14 30 19.3295 -13 42 24.692   14   30 2453920.53926817 17.2 C  BC 874
 14 30 19.3245 -13 42 24.786   14   30 2453920.54081551 17.1 C  BC 874
 14 30 19.3222 -13 42 24.879   14   30 2453920.54235336 17.2 C  BC 874
 14 30 19.3177 -13 42 24.951   14   30 2453920.54389074 17.2 C  BC 874
 14 30 19.3088 -13 42 25.138   14   30 2453920.54696551 17.3 C  BC 874
 14 30 19.3060 -13 42 25.199   14   30 2453920.54851285 17.2 C  BC 874
 14 30 19.3027 -13 42 25.292   14   30 2453920.55006019 17.2 C  BC 874
 14 30 19.2983 -13 42 25.388   14   30 2453920.55160775 17.2 C  BC 874
 14 30 19.2956 -13 42 25.488   14   30 2453920.55314514 17.2 C  BC 874
 14 30 19.2907 -13 42 25.540   14   30 2453920.55469248 17.2 C  BC 874
 14 30 19.2892 -13 42 25.643   14   30 2453920.55622998 17.2 C  BC 874
 14 30 19.2843 -13 42 25.753   14   30 2453920.55776725 17.2 C  BC 874
 14 30 19.2811 -13 42 25.837   14   30 2453920.55930451 17.2 C  BC 874
 14 30 19.2780 -13 42 25.930   14   30 2453920.56085174 17.1 C  BC 874
 14 30 19.2609 -13 42 26.308   14   30 2453920.56814711 17.1 C  BC 874
 14 30 19.2579 -13 42 26.388   14   30 2453920.56968449 17.0 C  BC 874
 14 30 19.2522 -13 42 26.532   14   30 2453920.57276910 17.1 C  BC 874
 14 30 19.2415 -13 42 26.753   14   30 2453920.57738125 17.1 C  BC 874
 14 30 19.2372 -13 42 26.846   14   30 2453920.57892847 17.1 C  BC 874
 14 30 19.2346 -13 42 26.877   14   30 2453920.58046586 17.0 C  BC 874
 14 44 21.3289 -15 23 19.908   34   20 2453978.43073056 17.4 C  BC 874
 14 44 21.3986 -15 23 20.271   34   20 2453978.43316319 17.5 C  BC 874
 14 44 21.4445 -15 23 20.506   34   20 2453978.43459502 17.4 C  BC 874
 14 44 21.5277 -15 23 20.916   34   20 2453978.43743831 17.5 C  BC 874
 14 44 21.5693 -15 23 21.128   34   20 2453978.43885995 17.4 C  BC 874
 14 44 21.6603 -15 23 21.545   34   20 2453978.44172384 17.6 C  BC 874
 14 44 21.6985 -15 23 21.713   34   20 2453978.44314560 17.3 C  BC 874
 14 44 21.7383 -15 23 21.973   34   20 2453978.44456725 17.3 C  BC 874
 14 44 21.7829 -15 23 22.157   34   20 2453978.44598935 17.5 C  BC 874
 14 44 21.9579 -15 23 23.019   34   20 2453978.45169583 17.4 C  BC 874
 14 44 52.3591 -15 25 49.547   22   13 2453979.44100313 17.6 C  BC 874
 14 44 52.4063 -15 25 49.803   22   13 2453979.44254109 17.5 C  BC 874
 14 44 52.4566 -15 25 50.032   22   13 2453979.44408831 17.7 C  BC 874
 14 44 52.5508 -15 25 50.473   22   13 2453979.44716308 17.7 C  BC 874
 14 44 52.6446 -15 25 50.904   22   13 2453979.45023808 17.7 C  BC 874
 14 44 52.6931 -15 25 51.142   22   13 2453979.45178530 17.2 C  BC 874
 14 44 52.7402 -15 25 51.384   22   13 2453979.45333264 17.6 C  BC 874
 14 44 52.7851 -15 25 51.607   22   13 2453979.45487002 17.6 C  BC 874
 14 44 52.8325 -15 25 51.837   22   13 2453979.45640752 17.5 C  BC 874
 14 44 52.8789 -15 25 52.071   22   13 2453979.45794491 17.8 C  BC 874
 14 44 52.9256 -15 25 52.291   22   13 2453979.45949213 17.4 C  BC 874
 17 17 42.3919 -22 45 26.849   18   23 2454208.67818241 17.7 U  BC 874
 17 17 42.3919 -22 45 26.851   18   21 2454208.67818241 17.7 U  Z  874
 17 17 42.3839 -22 45 26.906   18   23 2454208.67891655 17.7 U  BC 874
 17 17 42.3842 -22 45 26.907   18   21 2454208.67891655 17.7 U  Z  874
 17 17 42.3778 -22 45 26.923   18   21 2454208.67964225 17.7 U  Z  874
 17 17 42.3778 -22 45 26.924   18   23 2454208.67964225 17.7 U  BC 874
 17 17 42.3746 -22 45 26.913   18   23 2454208.68037662 17.7 U  BC 874
 17 17 42.3747 -22 45 26.912   18   21 2454208.68037662 17.7 U  Z  874
 17 17 42.3672 -22 45 26.982   18   21 2454208.68112176 17.7 U  Z  874
 17 17 42.3675 -22 45 26.988   18   23 2454208.68112176 17.7 U  BC 874
 17 17 42.3580 -22 45 27.000   18   23 2454208.68185683 17.7 U  BC 874
 17 17 42.3581 -22 45 26.995   18   21 2454208.68185683 17.7 U  Z  874
 17 17 42.3541 -22 45 26.984   18   23 2454208.68258194 17.7 U  BC 874
 17 17 42.3543 -22 45 26.981   18   21 2454208.68258194 17.7 U  Z  874
 17 17 42.3466 -22 45 27.000   18   23 2454208.68331667 17.7 U  BC 874
 17 17 42.3469 -22 45 27.005   18   21 2454208.68331667 17.7 U  Z  874
 17 17 42.3405 -22 45 27.041   18   21 2454208.68406146 17.7 U  Z  874
 17 17 42.3408 -22 45 27.047   18   23 2454208.68406146 17.7 U  BC 874
 17 17 42.3336 -22 45 27.017   18   23 2454208.68479711 17.7 U  BC 874
 17 17 42.3338 -22 45 27.014   18   21 2454208.68479711 17.7 U  Z  874
 16 31 16.1493 -21 14 36.254   53   23 2454334.54048322 17.7 C  BC 874
 16 31 16.1583 -21 14 36.285   53   23 2454334.54155579 17.7 C  BC 874
 16 31 16.1807 -21 14 36.318   53   23 2454334.54371273 17.7 C  BC 874
 16 31 16.1853 -21 14 36.334   53   23 2454334.54478495 17.2 C  BC 874
 16 31 16.2036 -21 14 36.315   53   23 2454334.54586389 17.7 C  BC 874
 16 31 16.2121 -21 14 36.276   53   23 2454334.54694248 17.7 C  BC 874
 16 31 16.2218 -21 14 36.333   53   23 2454334.54802095 17.8 C  BC 874
 16 31 16.2445 -21 14 36.281   53   23 2454334.55016852 17.6 C  BC 874
 16 31 16.2585 -21 14 36.284   53   23 2454334.55124711 17.8 C  BC 874
 16 31 16.2617 -21 14 36.324   53   23 2454334.55232581 17.4 C  BC 874
 16 31 16.2823 -21 14 36.332   53   23 2454334.55339468 17.1 C  BC 874
 16 31 16.3039 -21 14 36.310   53   23 2454334.55663067 17.8 C  BC 874
 16 31 16.3250 -21 14 36.293   53   23 2454334.55770926 17.1 C  BC 874
 16 31 16.3259 -21 14 36.311   53   23 2454334.55878924 17.0 C  BC 874
 16 31 16.3485 -21 14 36.312   53   23 2454334.55987245 17.6 C  BC 874
 16 31 16.3549 -21 14 36.323   53   23 2454334.56096516 17.5 C  BC 874
 16 31 26.6847 -21 14 42.011   60   22 2454335.49991748 16.2 C  BC 874
 16 31 26.7630 -21 14 42.071   60   22 2454335.50750891 17.9 C  BC 874
 16 31 26.8061 -21 14 42.098   60   22 2454335.51075394 17.5 C  BC 874
 16 31 26.8315 -21 14 42.127   60   22 2454335.51400023 17.9 C  BC 874
 16 31 38.5444 -21 14 50.038   22   36 2454336.50675556 17.7 C  BC 874
 16 31 38.5680 -21 14 50.054   22   36 2454336.50892095 17.7 C  BC 874
 16 31 38.5828 -21 14 50.100   22   36 2454336.50999410 17.7 C  BC 874
 16 31 38.5967 -21 14 50.023   22   36 2454336.51107743 17.7 C  BC 874
 16 31 38.6177 -21 14 50.109   22   36 2454336.51323079 17.6 C  BC 874
 16 31 38.6452 -21 14 50.093   22   36 2454336.51539456 17.8 C  BC 874
 16 31 38.6831 -21 14 50.174   22   36 2454336.51862951 17.7 C  BC 874
 16 31 38.6986 -21 14 50.165   22   36 2454336.51970914 17.8 C  BC 874
 16 31 38.7072 -21 14 50.095   22   36 2454336.52078854 17.7 C  BC 874
 16 31 38.7209 -21 14 50.149   22   36 2454336.52186713 17.7 C  BC 874
 16 31 38.7317 -21 14 50.098   22   36 2454336.52294630 15.9 C  BC 874
 16 31 51.0574 -21 15 00.020   19    7 2454337.49888518 17.5 C  BC 874
 16 31 51.1497 -21 15 00.088   19    7 2454337.50642361 17.5 C  BC 874
 16 31 51.1662 -21 15 00.096   19    7 2454337.50750220 17.6 C  BC 874
 16 31 51.1778 -21 15 00.113   19    7 2454337.50858102 17.5 C  BC 874
 16 31 51.1929 -21 15 00.125   19    7 2454337.50965486 17.5 C  BC 874
 16 31 51.2054 -21 15 00.144   19    7 2454337.51073368 17.6 C  BC 874
 16 31 51.2175 -21 15 00.150   19    7 2454337.51180266 17.5 C  BC 874
 16 31 51.2424 -21 15 00.153   19    7 2454337.51396007 17.5 C  BC 874
 16 31 51.2595 -21 15 00.170   19    7 2454337.51503924 17.6 C  BC 874
 16 31 51.2980 -21 15 00.196   19    7 2454337.51827546 17.5 C  BC 874
 16 37 00.5920 -21 22 09.447   70   79 2454353.48345198 17.3 RE E  809
 16 37 00.6176 -21 22 09.496   70   79 2454353.48452182 17.4 RE E  809
 16 37 00.6455 -21 22 09.527   70   79 2454353.48559421 17.4 RE E  809
 16 37 00.6741 -21 22 09.582   70   79 2454353.48674128 17.4 RE E  809
 16 37 00.7019 -21 22 09.618   70   79 2454353.48786369 17.4 RE E  809
 16 37 00.7291 -21 22 09.679   70   79 2454353.48897243 17.4 RE E  809
 16 37 00.7579 -21 22 09.728   70   79 2454353.49009472 17.3 RE E  809
 16 37 00.7852 -21 22 09.770   70   79 2454353.49120636 17.3 RE E  809
 16 37 00.8130 -21 22 09.810   70   79 2454353.49233618 17.3 RE E  809
 16 37 00.8479 -21 22 09.780   70   79 2454353.49411346 17.0 RE E  809
 16 37 00.8764 -21 22 09.824   70   79 2454353.49524328 17.0 RE E  809
 16 37 00.9320 -21 22 09.915   70   79 2454353.49747003 17.0 RE E  809
 16 37 01.0158 -21 22 10.053   70   79 2454353.50085797 17.0 RE E  809
 16 37 01.0437 -21 22 10.099   70   79 2454353.50198651 17.0 RE E  809
 16 37 01.0732 -21 22 10.147   70   79 2454353.50311992 16.9 RE E  809
 16 37 03.2474 -21 22 13.763   70   79 2454353.58938916 17.6 RE E  809
 16 37 03.3003 -21 22 13.844   70   79 2454353.59144976 17.6 RE E  809
 16 37 03.3524 -21 22 13.927   70   79 2454353.59349936 17.6 RE E  809
 16 37 03.4036 -21 22 14.004   70   79 2454353.59555626 17.6 RE E  809
 16 37 03.4545 -21 22 14.064   70   79 2454353.59754010 17.6 RE E  809
 16 37 03.5073 -21 22 14.151   70   79 2454353.59959317 17.6 RE E  809
 16 37 03.5573 -21 22 14.242   70   79 2454353.60158303 17.5 RE E  809
 16 37 03.6094 -21 22 14.325   70   79 2454353.60361967 17.6 RE E  809
 16 37 03.6596 -21 22 14.406   70   79 2454353.60560721 17.6 RE E  809
 19 33 50.0320 -21 41 40.908   33   29 2454574.75515509 17.8 I  BC 874
 19 33 50.0602 -21 41 40.769   33   29 2454574.75796562 17.6 I  BC 874
 19 33 50.1340 -21 41 40.495   33   29 2454574.76359664 17.5 I  BC 874
 19 33 50.1649 -21 41 40.313   33   29 2454574.76641713 18.0 I  BC 874
 19 33 50.2006 -21 41 40.136   33   29 2454574.76922766 17.7 I  BC 874
 19 33 50.2306 -21 41 39.966   33   29 2454574.77203819 17.7 I  BC 874
 19 33 50.2675 -21 41 39.892   33   29 2454574.77485208 17.5 I  BC 874
 19 32 03.6641 -21 28 43.556   85   20 2454612.77008796 17.4 I  BC 874
 19 32 03.6099 -21 28 43.571   85   20 2454612.77359028 15.7 I  BC 874
 19 32 03.5473 -21 28 43.652   85   20 2454612.77644132 17.3 I  BC 874
 19 32 03.4962 -21 28 43.679   85   20 2454612.77929965 17.4 I  BC 874
 19 32 03.4478 -21 28 43.731   85   20 2454612.78216667 17.4 I  BC 874
 19 32 03.4036 -21 28 43.775   85   20 2454612.78359514 17.5 I  BC 874
 19 32 03.3844 -21 28 43.791   85   20 2454612.78502373 17.3 I  BC 874
 19 32 03.3352 -21 28 43.858   85   20 2454612.78788137 17.5 I  BC 874
 19 32 03.2839 -21 28 43.912   85   20 2454612.79072870 16.1 I  BC 874
 19 32 03.2459 -21 28 43.943   85   20 2454612.79215822 17.3 I  BC 874
 19 30 04.8519 -21 31 00.522   78    7 2454618.74278898 17.1 RE E  809
 19 30 04.7215 -21 31 00.697   78    7 2454618.74827064 17.2 RE E  809
 19 30 04.6308 -21 31 00.821   78    7 2454618.75276894 17.2 RE E  809
 19 28 54.5585 -21 32 37.748    3    7 2454621.81553304 16.9 RE E  809
 19 28 54.4511 -21 32 37.907    3    7 2454621.81988766 17.1 RE E  809
 18 58 00.5190 -23 28 03.618   41   34 2454729.47887488 18.0 I  BC 874
 18 58 00.5321 -23 28 03.650   41   34 2454729.47983079 18.0 I  BC 874
 18 58 00.5395 -23 28 03.622   41   34 2454729.48080127 18.0 I  BC 874
 18 58 00.5850 -23 28 03.647   41   34 2454729.48405139 18.2 I  BC 874
 18 58 00.5988 -23 28 03.611   41   34 2454729.48524676 17.9 I  BC 874
 18 58 00.6299 -23 28 03.610   41   34 2454729.48764502 18.1 I  BC 874
 18 58 00.6437 -23 28 03.653   41   34 2454729.48884248 18.0 I  BC 874
 18 58 00.7184 -23 28 03.725   41   34 2454729.49541725 17.9 I  BC 874
 18 58 00.7378 -23 28 03.694   41   34 2454729.49661574 17.9 I  BC 874
 18 58 00.7594 -23 28 03.773   41   34 2454729.49831227 16.6 I  BC 874
 18 58 00.7670 -23 28 03.750   41   34 2454729.49950961 17.9 I  BC 874
 18 58 00.7830 -23 28 03.803   41   34 2454729.50071539 17.8 I  BC 874
 18 58 00.7949 -23 28 03.845   41   34 2454729.50190255 17.8 I  BC 874
 18 58 00.8112 -23 28 03.810   41   34 2454729.50310012 17.9 I  BC 874
 18 58 00.8403 -23 28 03.881   41   34 2454729.50550509 17.4 I  BC 874
 18 58 00.8630 -23 28 03.856   41   34 2454729.50669502 17.3 I  BC 874
 18 58 00.8708 -23 28 03.890   41   34 2454729.50789259 18.1 I  BC 874
 18 58 00.8877 -23 28 03.895   41   34 2454729.50909537 18.1 I  BC 874
 18 58 00.9809 -23 28 03.934   41   34 2454729.51679884 18.0 I  BC 874
 18 58 01.0013 -23 28 03.950   41   34 2454729.51857465 18.0 I  BC 874
 18 58 01.0262 -23 28 03.953   41   34 2454729.52035081 17.8 I  BC 874
 18 58 01.0410 -23 28 03.950   41   34 2454729.52212685 17.8 I  BC 874
 18 58 01.0623 -23 28 04.012   41   34 2454729.52389259 18.0 I  BC 874
 18 58 01.0883 -23 28 03.937   41   34 2454729.52567014 18.1 I  BC 874
 18 58 01.1566 -23 28 04.000   41   34 2454729.53100197 18.1 I  BC 874
 18 58 01.7987 -23 28 04.406   41   34 2454729.58334537 16.1 I  BC 874
 18 58 01.8139 -23 28 04.465   41   34 2454729.58512245 17.0 I  BC 874
 21 53 54.2166 -13 48 01.258   16   12 2454974.86827824 17.4 RE E  809
 21 53 54.3053 -13 48 01.032   16   12 2454974.87227624 17.8 RE E  809
 21 53 54.4248 -13 48 00.729   16   12 2454974.87754880 17.6 RE E  809
 21 53 54.4737 -13 48 00.580   16   12 2454974.87984847 17.2 RE E  809
 21 53 54.5459 -13 48 00.390   16   12 2454974.88311258 17.4 RE E  809
 21 53 55.0731 -13 47 59.054   16   12 2454974.90695453 17.3 RE E  809
 21 53 55.1226 -13 47 58.923   16   12 2454974.90923765 17.3 RE E  809
 21 53 55.1946 -13 47 58.727   16   12 2454974.91243510 17.3 RE E  809
 21 53 55.2352 -13 47 58.634   16   12 2454974.91426377 17.3 RE E  809
 21 53 55.2765 -13 47 58.527   16   12 2454974.91608167 17.3 RE E  809
 21 53 55.3163 -13 47 58.431   16   12 2454974.91791069 17.4 RE E  809
 21 53 55.3541 -13 47 58.334   16   12 2454974.91965798 17.3 RE E  809
 21 53 55.4023 -13 47 58.221   16   12 2454974.92193566 17.4 RE E  809
 21 53 55.4487 -13 47 58.088   16   12 2454974.92396076 17.3 RE E  809
 21 53 55.4877 -13 47 58.006   16   12 2454974.92577947 17.3 RE E  809
 21 53 55.5275 -13 47 57.884   16   12 2454974.92762076 17.3 RE E  809
 21 53 55.5662 -13 47 57.794   16   12 2454974.92936713 17.4 RE E  809
 22 00 02.4516 -13 40 33.930   10    8 2455003.74997755 17.2 I  PE 874
 22 00 02.4543 -13 40 34.033   10    8 2455003.75305521 17.2 I  PE 874
 22 00 02.4581 -13 40 34.107   10    8 2455003.75657350 17.2 I  PE 874
 22 00 02.4610 -13 40 34.179   10    8 2455003.75832245 17.2 I  PE 874
 22 00 02.4632 -13 40 34.223   10    8 2455003.76007407 17.2 I  PE 874
 22 00 02.4644 -13 40 34.284   10    8 2455003.76189757 17.2 I  PE 874
 22 00 02.4664 -13 40 34.343   10    8 2455003.76385914 17.2 I  PE 874
 22 00 02.4691 -13 40 34.375   10    8 2455003.76530000 17.2 I  PE 874
 22 00 02.4704 -13 40 34.418   10    8 2455003.76677812 17.2 I  PE 874
 22 00 02.4712 -13 40 34.480   10    8 2455003.76823333 17.2 I  PE 874
 22 00 02.4723 -13 40 34.507   10    8 2455003.76967731 17.2 I  PE 874
 22 00 02.4743 -13 40 34.551   10    8 2455003.77112234 17.2 I  PE 874
 22 00 02.4756 -13 40 34.601   10    8 2455003.77256725 17.2 I  PE 874
 22 00 02.4768 -13 40 34.651   10    8 2455003.77401238 17.2 I  PE 874
 22 00 03.8447 -13 41 05.061    9   11 2455004.76173125 17.1 C  PE 874
 22 00 03.8447 -13 41 05.091    9   11 2455004.76307824 17.1 C  PE 874
 22 00 03.8452 -13 41 05.174    9   11 2455004.76497581 17.1 C  PE 874
 22 00 03.8459 -13 41 05.201    9   11 2455004.76561343 17.1 C  PE 874
 22 00 03.8463 -13 41 05.220    9   11 2455004.76688669 17.2 C  PE 874
 22 00 03.8462 -13 41 05.262    9   11 2455004.76752338 17.1 C  PE 874
 22 00 03.8459 -13 41 05.276    9   11 2455004.76815984 17.2 C  PE 874
 22 00 03.8457 -13 41 05.299    9   11 2455004.76879711 17.2 C  PE 874
 22 00 03.8458 -13 41 05.307    9   11 2455004.76945891 17.2 C  PE 874
 22 00 03.8457 -13 41 05.353    9   11 2455004.77015613 17.1 C  PE 874
 22 00 03.8465 -13 41 05.368    9   11 2455004.77079282 17.1 C  PE 874
 22 00 03.8478 -13 41 05.419    9   11 2455004.77206690 17.1 C  PE 874
 22 00 03.8477 -13 41 05.439    9   11 2455004.77271319 17.1 C  PE 874
 22 00 03.8465 -13 41 05.532    9   11 2455004.77529190 17.1 C  PE 874
 22 00 03.8482 -13 41 05.536    9   11 2455004.77591840 17.1 C  PE 874
 22 00 03.8475 -13 41 05.553    9   11 2455004.77660845 17.2 C  PE 874
 22 00 03.8465 -13 41 05.561    9   11 2455004.77730231 17.1 C  PE 874
 22 00 03.8484 -13 41 05.622    9   11 2455004.77869225 17.2 C  PE 874
 22 00 03.8486 -13 41 05.658    9   11 2455004.77939630 17.2 C  PE 874
 22 00 03.8476 -13 41 05.669    9   11 2455004.78003044 17.2 C  PE 874
 22 00 03.8483 -13 41 05.696    9   11 2455004.78131007 17.2 C  PE 874
 22 00 03.8475 -13 41 05.726    9   11 2455004.78193738 17.2 C  PE 874
 22 00 03.8474 -13 41 05.730    9   11 2455004.78262477 17.1 C  PE 874
 22 00 03.8485 -13 41 05.774    9   11 2455004.78332755 17.1 C  PE 874
 22 00 03.8486 -13 41 05.793    9   11 2455004.78398333 17.2 C  PE 874
 22 00 04.0755 -13 42 18.554    8    5 2455006.81971273 17.3 I  PE 874
 22 00 04.0742 -13 42 18.598    8    5 2455006.82085544 17.3 I  PE 874
 22 00 04.0733 -13 42 18.635    8    5 2455006.82195255 17.2 I  PE 874
 22 00 04.0651 -13 42 18.808    8    5 2455006.82639884 17.2 I  PE 874
 22 00 04.0636 -13 42 18.893    8    5 2455006.82859826 17.1 I  PE 874
 22 00 04.0611 -13 42 18.943    8    5 2455006.82971389 17.3 I  PE 874
 22 00 04.0571 -13 42 19.027    8    5 2455006.83200289 17.2 I  PE 874
 22 00 04.0561 -13 42 19.071    8    5 2455006.83310220 17.3 I  PE 874
 22 00 04.0536 -13 42 19.103    8    5 2455006.83420185 17.2 I  PE 874
 22 00 04.0527 -13 42 19.143    8    5 2455006.83530127 17.2 I  PE 874
 22 00 04.0510 -13 42 19.184    8    5 2455006.83640046 17.2 I  PE 874
 22 00 04.0459 -13 42 19.338    8    5 2455006.84015498 17.2 I  PE 874
 21 55 58.7844 -14 12 24.911   14   15 2455030.81335799 16.7 C  BC 874
 21 55 58.7596 -14 12 25.012   14   15 2455030.81455544 16.8 C  BC 874
 21 55 58.7351 -14 12 25.156   14   15 2455030.81575266 16.8 C  BC 874
 21 55 58.6876 -14 12 25.428   14   15 2455030.81814792 16.8 C  BC 874
 21 55 58.6392 -14 12 25.651   14   15 2455030.82054132 16.7 C  BC 874
 21 55 58.6168 -14 12 25.783   14   15 2455030.82172893 16.9 C  BC 874
 21 55 58.5938 -14 12 25.892   14   15 2455030.82292581 16.8 C  BC 874
 21 55 58.5668 -14 12 26.053   14   15 2455030.82412245 16.7 C  BC 874
 00 14 38.5168 +00 28 24.334   14   16 2455383.82543981 16.6 C  BC 874
 00 14 38.5259 +00 28 24.369   14   16 2455383.82659722 16.7 C  BC 874
 00 14 38.5305 +00 28 24.450   14   16 2455383.82719907 16.7 C  BC 874
 00 14 38.5360 +00 28 24.491   14   16 2455383.82780093 16.7 C  BC 874
 00 14 38.5413 +00 28 24.530   14   16 2455383.82840278 16.7 C  BC 874
 00 14 38.5532 +00 28 24.637   14   16 2455383.83020833 16.7 C  BC 874
 00 14 38.5600 +00 28 24.720   14   16 2455383.83081019 16.7 C  BC 874
 00 14 38.5692 +00 28 24.769   14   16 2455383.83202546 16.6 C  BC 874
 00 14 38.5756 +00 28 24.829   14   16 2455383.83262731 16.6 C  BC 874
 00 14 38.5809 +00 28 24.853   14   16 2455383.83322917 16.7 C  BC 874
 00 14 38.5836 +00 28 24.922   14   16 2455383.83383102 16.6 C  BC 874
 00 14 38.5881 +00 28 24.954   14   16 2455383.83443287 16.6 C  BC 874
 00 14 38.5979 +00 28 25.061   14   16 2455383.83564815 16.5 C  BC 874
 00 14 38.6102 +00 28 25.137   14   16 2455383.83685185 16.5 C  BC 874
 00 14 38.6130 +00 28 25.152   14   16 2455383.83745370 16.5 C  BC 874
 00 14 47.0216 +00 29 32.988   32   47 2455384.83496528 16.4 C  BC 874
 00 14 47.0329 +00 29 32.980   32   47 2455384.83605324 17.0 C  BC 874
 00 14 47.0333 +00 29 33.008   32   47 2455384.83665509 16.9 C  BC 874
 00 14 47.0359 +00 29 33.144   32   47 2455384.83724537 16.9 C  BC 874
 00 14 47.0421 +00 29 33.215   32   47 2455384.83784722 17.0 C  BC 874
 00 14 47.0442 +00 29 33.223   32   47 2455384.83844907 16.9 C  BC 874
 00 14 47.0596 +00 29 33.311   32   47 2455384.84025463 17.0 C  BC 874
 00 14 47.0668 +00 29 33.310   32   47 2455384.84085648 17.1 C  BC 874
 23 41 04.2332 -03 57 29.864   22   40 2455489.63581019 16.5 I  PE 874
 23 41 04.1875 -03 57 30.317   22   40 2455489.63868056 16.4 I  PE 874
 23 41 04.1797 -03 57 30.446   22   40 2455489.63918981 16.3 I  PE 874
 23 41 04.1605 -03 57 30.522   22   40 2455489.64019676 16.6 I  PE 874
 23 41 04.1321 -03 57 30.772   22   40 2455489.64221065 16.4 I  PE 874
 23 41 04.1052 -03 57 31.006   22   40 2455489.64371528 16.5 I  PE 874
 06 52 14.7958 +23 34 23.715   58   40 2456698.54518453 16.2 I  BC 874
 06 52 14.7499 +23 34 23.830   58   40 2456698.54755707 17.1 I  BC 874
 06 52 14.7011 +23 34 23.853   58   40 2456698.54992925 16.4 I  BC 874
 06 52 14.6512 +23 34 23.977   58   40 2456698.55230161 17.4 I  BC 874
 06 52 14.6066 +23 34 24.011   58   40 2456698.55467398 17.0 I  BC 874
 06 52 14.5621 +23 34 24.145   58   40 2456698.55704634 16.7 I  BC 874
 06 52 14.5246 +23 34 24.243   58   40 2456698.55941870 17.0 I  BC 874
 06 52 14.4772 +23 34 24.295   58   40 2456698.56179125 16.3 I  BC 874
 06 52 14.4290 +23 34 24.374   58   40 2456698.56416380 17.5 I  BC 874
 06 52 14.3902 +23 34 24.528   58   40 2456698.56653597 17.0 I  BC 874
