 19 04 30.0789 -23 15 46.759   32    9 2450255.57457176 17.2 C  PE 874
 19 04 30.0122 -23 15 47.009   32    9 2450255.57703704 17.2 C  PE 874
 19 04 29.8842 -23 15 47.471   32    9 2450255.58159722 17.2 C  PE 874
 19 04 29.8188 -23 15 47.708   32    9 2450255.58402778 17.2 C  PE 874
 19 04 03.8762 -23 17 21.169   24    6 2450256.56313657 16.9 C  PE 874
 19 04 03.8139 -23 17 21.378   24    6 2450256.56530093 16.9 C  PE 874
 19 04 03.7609 -23 17 21.571   24    6 2450256.56733796 17.0 C  PE 874
 19 04 03.7045 -23 17 21.762   24    6 2450256.56928241 17.0 C  PE 874
 19 02 13.1641 -23 23 46.216   66   16 2450260.61912037 16.7 C  PE 874
 19 02 13.0264 -23 23 46.671   66   16 2450260.62427083 16.9 C  PE 874
 19 02 12.9221 -23 23 47.016   66   16 2450260.62754630 16.8 C  PE 874
 19 02 12.8311 -23 23 47.321   66   16 2450260.63082176 16.9 C  PE 874
 18 47 51.8209 -24 05 12.414    8   11 2450291.59537257 17.1 un PE 874
 18 47 51.8053 -24 05 12.431    8   11 2450291.59597396 17.1 un PE 874
 18 47 51.7898 -24 05 12.488    8   11 2450291.59657604 17.1 un PE 874
 18 47 51.7766 -24 05 12.498    8   11 2450291.59717870 17.1 un PE 874
 18 47 51.7611 -24 05 12.558    8   11 2450291.59777940 17.1 un PE 874
 18 47 51.7465 -24 05 12.599    8   11 2450291.59837002 17.1 un PE 874
 18 47 51.7154 -24 05 12.667    8   11 2450291.59958542 17.1 un PE 874
 18 47 51.7003 -24 05 12.698    8   11 2450291.60018750 17.1 un PE 874
 18 40 18.9146 -24 24 45.779    4   22 2450321.52970949 17.8 un PE 874
 18 40 18.9112 -24 24 45.789    4   22 2450321.53038009 17.8 un PE 874
 18 40 18.8359 -24 24 46.019    4   22 2450321.54483681 17.8 un PE 874
 18 40 18.7367 -24 24 46.387    4   22 2450321.56433924 17.7 un PE 874
 18 40 18.7337 -24 24 46.354    4   22 2450321.56502130 17.7 un PE 874
 21 14 55.2239 -16 52 42.769   50   15 2450674.59864583 17.1 un PE 874
 21 14 55.1403 -16 52 43.081   50   15 2450674.60118056 17.1 un PE 874
 21 14 51.4482 -16 52 56.461   50   15 2450674.71082176 16.8 un PE 874
 21 14 51.3568 -16 52 56.797   50   15 2450674.71335648 16.9 un PE 874
 23 58 05.8733 -02 32 15.532   26   43 2451039.47498553 17.1 R  OH 511
 23 58 05.7825 -02 32 16.463   26   43 2451039.48057627 17.1 R  OH 511
 23 58 05.7322 -02 32 16.993   26   43 2451039.48384884 17.1 R  OH 511
 23 58 05.6777 -02 32 17.565   26   43 2451039.48711088 17.1 R  OH 511
 23 58 05.6260 -02 32 17.977   26   43 2451039.49037488 17.2 R  OH 511
 23 58 05.5226 -02 32 19.064   26   43 2451039.49691111 17.3 R  OH 511
 23 58 05.4670 -02 32 19.667   26   43 2451039.50017280 17.1 R  OH 511
 23 58 05.4137 -02 32 20.202   26   43 2451039.50344525 17.3 R  OH 511
 23 58 05.3597 -02 32 20.749   26   43 2451039.50670914 17.2 R  OH 511
 23 58 05.3096 -02 32 21.299   26   43 2451039.50997315 17.3 R  OH 511
 23 58 05.1009 -02 32 23.317   26   43 2451039.52249363 17.3 R  OH 511
 01 49 27.7332 +10 21 41.510  115   39 2451460.52286238 16.1 R  OH 511
 01 49 27.2344 +10 21 39.208  115   39 2451460.53973160 16.7 R  OH 511
 01 49 27.1272 +10 21 38.795  115   39 2451460.54346400 16.5 R  OH 511
 01 49 26.9563 +10 21 38.013  115   39 2451460.54875683 16.0 R  OH 511
 01 49 26.8529 +10 21 37.527  115   39 2451460.55249282 16.4 R  OH 511
 01 49 26.7625 +10 21 37.060  115   39 2451460.55623681 16.5 R  OH 511
 01 49 26.6427 +10 21 36.585  115   39 2451460.55998241 16.5 R  OH 511
 01 49 26.5351 +10 21 36.094  115   39 2451460.56372245 16.5 R  OH 511
 01 48 02.9821 +10 15 12.473   55   17 2451463.45505139 16.3 R  OH 511
 01 48 02.8595 +10 15 11.935   55   17 2451463.45923183 16.2 R  OH 511
 01 48 02.7047 +10 15 11.215   55   17 2451463.46441921 16.3 R  OH 511
 01 48 02.5919 +10 15 10.725   55   17 2451463.46815266 16.2 R  OH 511
 01 48 02.4872 +10 15 10.236   55   17 2451463.47189144 16.4 R  OH 511
 01 48 02.3715 +10 15 09.706   55   17 2451463.47562442 16.4 R  OH 511
 01 48 02.2624 +10 15 09.222   55   17 2451463.47936331 16.3 R  OH 511
 01 48 01.5837 +10 15 06.193   55   17 2451463.50168310 16.4 R  OH 511
 01 48 01.4417 +10 15 05.533   55   17 2451463.50652222 16.4 R  OH 511
 01 48 01.3084 +10 15 04.915   55   17 2451463.51118576 16.4 R  OH 511
 01 34 08.1286 +09 10 46.926   30   29 2451492.33885671 16.7 R  OH 511
 01 34 08.0365 +09 10 46.463   30   29 2451492.34227488 16.7 R  OH 511
 01 34 07.9067 +09 10 45.845   30   29 2451492.34732975 16.8 R  OH 511
 01 34 07.7517 +09 10 45.176   30   29 2451492.35343148 16.8 R  OH 511
 01 34 07.6388 +09 10 44.724   30   29 2451492.35768634 16.8 R  OH 511
 01 34 07.5238 +09 10 44.230   30   29 2451492.36209167 16.8 R  OH 511
 01 34 07.4167 +09 10 43.730   30   29 2451492.36611921 16.8 R  OH 511
 01 34 07.3033 +09 10 43.211   30   29 2451492.37064387 16.8 R  OH 511
 01 34 07.1757 +09 10 42.618   30   29 2451492.37553252 16.8 R  OH 511
 01 34 07.0932 +09 10 42.284   30   29 2451492.37879826 16.8 R  OH 511
 01 34 07.0045 +09 10 41.904   30   29 2451492.38206042 16.8 R  OH 511
 01 34 06.9217 +09 10 41.534   30   29 2451492.38532986 16.8 R  OH 511
 01 27 08.9700 +08 41 01.179  101   58 2451514.39978495 16.9 R  OH 511
 01 27 08.9249 +08 41 00.839  101   58 2451514.40476215 16.9 R  OH 511
 01 27 08.8736 +08 41 00.673  101   58 2451514.40897975 16.9 R  OH 511
 01 27 08.8474 +08 41 00.609  101   58 2451514.41109016 16.9 R  OH 511
 01 27 08.8227 +08 41 00.520  101   58 2451514.41320428 16.9 R  OH 511
 01 26 46.8194 +08 39 48.005   28   88 2451516.45590868 17.0 R  OH 511
 01 26 46.8009 +08 39 47.980   28   88 2451516.45824896 16.9 R  OH 511
 01 26 46.7479 +08 39 47.993   28   88 2451516.46299144 16.8 R  OH 511
 01 26 46.7253 +08 39 47.829   28   88 2451516.46533403 16.7 R  OH 511
 01 26 46.7018 +08 39 47.583   28   88 2451516.46767257 16.7 R  OH 511
 01 26 46.6756 +08 39 47.553   28   88 2451516.47000833 16.7 R  OH 511
 01 26 46.6498 +08 39 47.583   28   88 2451516.47235683 16.6 R  OH 511
 01 26 46.6267 +08 39 47.409   28   88 2451516.47470104 16.6 R  OH 511
 01 26 46.6030 +08 39 47.272   28   88 2451516.47717917 16.7 R  OH 511
 01 26 37.3268 +08 39 19.185   27   39 2451517.44712245 16.9 R  OH 511
 01 26 37.3051 +08 39 19.243   27   39 2451517.44971667 16.7 R  OH 511
 01 26 37.2509 +08 39 19.027   27   39 2451517.45494282 16.9 R  OH 511
 01 26 37.2271 +08 39 18.971   27   39 2451517.45762535 16.9 R  OH 511
 01 26 37.1998 +08 39 18.874   27   39 2451517.46031123 16.9 R  OH 511
 01 26 37.1711 +08 39 18.789   27   39 2451517.46299329 17.0 R  OH 511
 01 26 37.1473 +08 39 18.699   27   39 2451517.46567720 16.9 R  OH 511
 01 26 37.1204 +08 39 18.702   27   39 2451517.46837361 17.0 R  OH 511
 01 26 37.0937 +08 39 18.585   27   39 2451517.47106505 17.0 R  OH 511
 01 26 07.8509 +08 38 08.022   29   11 2451521.29544363 16.9 R  OH 511
 01 26 07.8011 +08 38 07.955   29   11 2451521.30274884 16.9 R  OH 511
 01 26 07.7574 +08 38 07.875   29   11 2451521.30919051 16.9 R  OH 511
 01 26 07.7067 +08 38 07.799   29   11 2451521.31625324 16.9 R  OH 511
 01 26 07.6615 +08 38 07.749   29   11 2451521.32373982 16.8 R  OH 511
 04 14 42.2306 +18 57 40.558   23   11 2451873.45415625 16.9 R  OH 511
 04 14 42.1431 +18 57 40.375   23   11 2451873.45650035 16.9 R  OH 511
 04 14 42.0501 +18 57 40.165   23   11 2451873.45884583 16.9 R  OH 511
 04 14 41.9597 +18 57 39.968   23   11 2451873.46119491 16.9 R  OH 511
 04 14 41.8716 +18 57 39.775   23   11 2451873.46353518 16.9 R  OH 511
 07 05 28.8191 +23 26 53.293   16   10 2452235.50563183 17.3 R  OH 511
 07 05 28.7589 +23 26 53.546   16   10 2452235.51003079 17.3 R  OH 511
 07 05 28.7265 +23 26 53.682   16   10 2452235.51239306 17.3 R  OH 511
 07 05 28.6922 +23 26 53.803   16   10 2452235.51474873 17.3 R  OH 511
 07 05 28.6607 +23 26 53.933   16   10 2452235.51710579 17.3 R  OH 511
 07 05 28.6283 +23 26 54.063   16   10 2452235.51946146 17.3 R  OH 511
 07 05 28.5949 +23 26 54.219   16   10 2452235.52181400 17.3 R  OH 511
 07 05 28.5652 +23 26 54.343   16   10 2452235.52417049 17.3 R  OH 511
 07 05 28.5339 +23 26 54.455   16   10 2452235.52652627 17.3 R  OH 511
 07 05 28.5001 +23 26 54.577   16   10 2452235.52887662 17.3 R  OH 511
 06 55 50.7770 +23 53 23.174   13   12 2452261.42368484 17.0 R  OH 511
 06 55 50.6799 +23 53 23.375   13   12 2452261.42696817 16.9 R  OH 511
 06 55 50.5808 +23 53 23.620   13   12 2452261.43024375 16.9 R  OH 511
 06 55 50.4795 +23 53 23.816   13   12 2452261.43352650 17.0 R  OH 511
 06 55 50.3813 +23 53 24.053   13   12 2452261.43680208 16.9 R  OH 511
 06 55 50.2338 +23 53 24.359   13   12 2452261.44168148 17.0 R  OH 511
 06 55 50.1358 +23 53 24.569   13   12 2452261.44495498 16.9 R  OH 511
 06 55 50.0354 +23 53 24.784   13   12 2452261.44822812 17.0 R  OH 511
 06 55 49.9353 +23 53 25.013   13   12 2452261.45151007 17.0 R  OH 511
 06 55 49.8386 +23 53 25.222   13   12 2452261.45478333 17.0 R  OH 511
 06 54 14.8324 +23 56 40.972   37   13 2452264.59511053 16.8 R  OH 511
 06 54 14.6925 +23 56 41.227   37   13 2452264.59938333 16.7 R  OH 511
 06 54 14.6199 +23 56 41.355   37   13 2452264.60173368 16.7 R  OH 511
 06 54 14.5442 +23 56 41.493   37   13 2452264.60408854 16.8 R  OH 511
 06 54 14.4726 +23 56 41.626   37   13 2452264.60644039 16.8 R  OH 511
 06 54 14.3956 +23 56 41.755   37   13 2452264.60879271 16.8 R  OH 511
 06 43 08.6300 +24 14 54.721   25   18 2452285.41196088 16.8 R  OH 511
 06 43 08.5308 +24 14 54.880   25   18 2452285.41495231 16.9 R  OH 511
 06 43 08.4607 +24 14 54.972   25   18 2452285.41730660 16.8 R  OH 511
 06 43 08.3858 +24 14 55.080   25   18 2452285.41966100 16.8 R  OH 511
 06 43 08.3087 +24 14 55.169   25   18 2452285.42201863 16.9 R  OH 511
 06 43 08.2332 +24 14 55.282   25   18 2452285.42437685 16.8 R  OH 511
 06 43 08.1548 +24 14 55.381   25   18 2452285.42672384 16.9 R  OH 511
 06 43 08.0805 +24 14 55.488   25   18 2452285.42907639 16.8 R  OH 511
 06 43 08.0063 +24 14 55.601   25   18 2452285.43143449 16.8 R  OH 511
 06 43 07.9304 +24 14 55.657   25   18 2452285.43378854 16.8 R  OH 511
 06 31 30.8218 +24 24 51.920   31   56 2452313.48213079 17.3 R  OH 511
 06 31 30.7508 +24 24 52.024   31   56 2452313.48668796 17.2 R  OH 511
 06 31 30.6956 +24 24 52.028   31   56 2452313.48996863 17.2 R  OH 511
 06 31 30.6446 +24 24 52.044   31   56 2452313.49325243 17.2 R  OH 511
 06 31 30.5861 +24 24 52.061   31   56 2452313.49652847 17.2 R  OH 511
 06 31 16.4136 +24 24 53.753   16   35 2452314.40899676 17.0 R  OH 511
 06 31 16.3544 +24 24 53.818   16   35 2452314.41267824 17.0 R  OH 511
 06 31 16.2408 +24 24 53.762   16   35 2452314.41973322 17.1 R  OH 511
 06 34 39.4459 +24 06 06.334   64   22 2452362.34777431 17.6 R  OH 511
 06 34 39.5208 +24 06 06.232   64   22 2452362.35082072 18.2 R  OH 511
 06 34 39.5787 +24 06 06.043   64   22 2452362.35387083 16.5 R  OH 511
 06 34 39.7138 +24 06 05.745   64   22 2452362.35998345 17.7 R  OH 511
 09 10 38.2761 +15 56 38.805   32   25 2452637.62589803 17.0 R  OH 511
 09 10 38.1615 +15 56 39.440   32   25 2452637.63178437 17.0 R  OH 511
 09 10 38.1016 +15 56 39.709   32   25 2452637.63483542 17.0 R  OH 511
 09 10 38.0421 +15 56 39.982   32   25 2452637.63788484 17.1 R  OH 511
 09 10 37.9761 +15 56 40.326   32   25 2452637.64093414 17.0 R  OH 511
 09 10 18.1560 +15 58 23.492   38   18 2452638.64887315 16.9 R  OH 511
 09 10 18.0760 +15 58 23.907   38   18 2452638.65294792 17.0 R  OH 511
 09 10 18.0045 +15 58 24.274   38   18 2452638.65622106 17.0 R  OH 511
 09 10 17.8719 +15 58 24.921   38   18 2452638.66277998 16.9 R  OH 511
 09 10 17.8063 +15 58 25.245   38   18 2452638.66606042 17.0 R  OH 511
 09 10 17.7361 +15 58 25.584   38   18 2452638.66933403 16.9 R  OH 511
 09 10 17.6681 +15 58 25.929   38   18 2452638.67261065 16.9 R  OH 511
 09 10 17.6031 +15 58 26.242   38   18 2452638.67589248 16.9 R  OH 511
 09 10 17.5396 +15 58 26.624   38   18 2452638.67916736 16.9 R  OH 511
 09 10 17.4629 +15 58 26.969   38   18 2452638.68244063 16.9 R  OH 511
 09 03 51.1699 +16 31 18.398   24   27 2452654.46125324 17.4 R  OH 511
 09 03 51.0580 +16 31 19.006   24   27 2452654.46520868 17.4 R  OH 511
 09 03 51.0056 +16 31 19.211   24   27 2452654.46689850 17.4 R  OH 511
 09 03 50.9619 +16 31 19.451   24   27 2452654.46855069 17.4 R  OH 511
 09 03 50.9131 +16 31 19.648   24   27 2452654.47020521 17.4 R  OH 511
 09 03 50.8629 +16 31 19.902   24   27 2452654.47186204 17.5 R  OH 511
 09 03 50.8150 +16 31 20.194   24   27 2452654.47352176 17.4 R  OH 511
 08 36 03.7110 +18 53 08.527   12   14 2452724.31175301 17.5 R  OH 511
 08 36 03.6786 +18 53 08.784   12   14 2452724.31796725 17.3 R  OH 511
 08 36 03.3362 +18 53 11.745   12   14 2452724.38682685 17.3 R  OH 511
 08 36 03.3186 +18 53 11.893   12   14 2452724.39068738 17.3 R  OH 511
 08 36 03.2980 +18 53 12.073   12   14 2452724.39454190 17.3 R  OH 511
 08 36 03.2788 +18 53 12.243   12   14 2452724.39839803 17.2 R  OH 511
 08 35 56.2545 +18 54 32.207   20   53 2452726.38473900 17.3 R  OH 511
 08 35 56.2417 +18 54 32.398   20   53 2452726.38859931 17.4 R  OH 511
 08 35 56.2072 +18 54 32.701   20   53 2452726.40016215 16.9 R  OH 511
 08 35 56.1949 +18 54 33.020   20   53 2452726.40401366 17.2 R  OH 511
 08 35 56.1462 +18 54 33.379   20   53 2452726.41822650 16.3 R  OH 511
 08 35 56.1339 +18 54 33.545   20   53 2452726.42207905 17.3 R  OH 511
 08 35 56.1212 +18 54 33.646   20   53 2452726.42593970 17.9 R  OH 511
 08 35 56.1101 +18 54 33.829   20   53 2452726.42979329 17.4 R  OH 511
 08 35 56.0975 +18 54 33.984   20   53 2452726.43364572 17.3 R  OH 511
 08 35 56.0830 +18 54 34.151   20   53 2452726.43750336 16.9 R  OH 511
 11 00 17.7422 +09 05 19.426   58   77 2453090.55997801 17.4 R  OH 511
 11 00 17.5168 +09 05 20.651   58   77 2453090.56792558 17.5 R  OH 511
 11 00 17.3791 +09 05 21.223   58   77 2453090.57292326 17.6 R  OH 511
 11 00 17.2722 +09 05 21.744   58   77 2453090.57666620 17.3 R  OH 511
 11 00 17.1666 +09 05 22.182   58   77 2453090.58041088 17.4 R  OH 511
 11 00 17.0611 +09 05 22.928   58   77 2453090.58416123 17.7 R  OH 511
 11 00 16.8541 +09 05 23.958   58   77 2453090.59165243 17.6 R  OH 511
 11 00 16.7599 +09 05 24.435   58   77 2453090.59540486 17.5 R  OH 511
 10 51 24.0440 +09 45 32.625   25   14 2453115.36683299 16.5 R  OH 511
 10 51 23.9253 +09 45 33.018   25   14 2453115.37462535 16.4 R  OH 511
 10 51 23.8829 +09 45 33.150   25   14 2453115.37767095 16.4 R  OH 511
 10 51 23.8390 +09 45 33.264   25   14 2453115.38072269 16.4 R  OH 511
 10 51 23.7916 +09 45 33.441   25   14 2453115.38377083 16.3 R  OH 511
 10 51 23.7437 +09 45 33.553   25   14 2453115.38682222 16.3 R  OH 511
 10 51 23.6992 +09 45 33.706   25   14 2453115.38987407 16.4 R  OH 511
 10 51 23.6520 +09 45 33.836   25   14 2453115.39292685 16.3 R  OH 511
 10 51 10.1796 +09 46 15.948   19   35 2453116.34490648 16.0 R  OH 511
 10 51 10.0769 +09 46 16.122   19   35 2453116.35188576 16.5 R  OH 511
 10 51 10.0305 +09 46 16.320   19   35 2453116.35517234 16.6 R  OH 511
 10 51 09.9843 +09 46 16.446   19   35 2453116.35845972 16.6 R  OH 511
 10 51 09.9339 +09 46 16.603   19   35 2453116.36174387 16.6 R  OH 511
 10 51 09.8897 +09 46 16.708   19   35 2453116.36502697 16.8 R  OH 511
 10 51 09.8413 +09 46 16.869   19   35 2453116.36831042 16.6 R  OH 511
 10 51 09.7935 +09 46 17.015   19   35 2453116.37159606 16.6 R  OH 511
 10 51 09.7486 +09 46 17.101   19   35 2453116.37488137 16.6 R  OH 511
 10 48 55.2409 +09 38 57.588   54   74 2453143.40866238 17.7 R  OH 511
 10 48 55.2667 +09 38 57.197   54   74 2453143.41269549 17.5 R  OH 511
 10 48 55.2713 +09 38 56.942   54   74 2453143.41575197 17.7 R  OH 511
 10 48 55.2829 +09 38 56.794   54   74 2453143.41880023 17.6 R  OH 511
 10 48 55.2955 +09 38 56.492   54   74 2453143.42184907 17.4 R  OH 511
 10 48 55.3045 +09 38 56.327   54   74 2453143.42489977 16.8 R  OH 511
 10 48 55.3123 +09 38 56.209   54   74 2453143.42794734 17.6 R  OH 511
 10 48 55.3308 +09 38 55.889   54   74 2453143.43099792 17.4 R  OH 511
 10 48 55.3319 +09 38 55.792   54   74 2453143.43404641 17.7 R  OH 511
 10 48 55.3475 +09 38 55.362   54   74 2453143.43710336 17.6 R  OH 511
 10 48 55.3613 +09 38 55.116   54   74 2453143.44015266 16.9 R  OH 511
 10 49 15.4042 +09 33 42.555   92   77 2453147.33850660 17.6 R  OH 511
 10 49 15.4144 +09 33 41.929   92   77 2453147.34346227 18.0 R  OH 511
 10 49 15.5809 +09 33 39.645   92   77 2453147.36987407 17.2 R  OH 511
 10 49 15.6001 +09 33 39.353   92   77 2453147.37292280 17.4 R  OH 511
 10 49 15.6155 +09 33 39.136   92   77 2453147.37597338 17.3 R  OH 511
 10 49 15.6373 +09 33 38.809   92   77 2453147.37902639 17.2 R  OH 511
 10 49 15.6575 +09 33 38.505   92   77 2453147.38207581 17.6 R  OH 511
 10 49 15.7007 +09 33 37.884   92   77 2453147.39123113 16.2 R  OH 511
 13 07 22.1707 -06 07 34.864   40   26 2453437.52715590 17.6 R  OH 511
 13 07 22.0960 -06 07 34.260   40   26 2453437.53137338 17.6 R  OH 511
 13 07 22.0395 -06 07 33.818   40   26 2453437.53441968 17.5 R  OH 511
 13 07 21.9793 -06 07 33.399   40   26 2453437.53747049 17.6 R  OH 511
 13 07 21.9180 -06 07 32.967   40   26 2453437.54052373 17.4 R  OH 511
 13 07 21.8663 -06 07 32.515   40   26 2453437.54357662 17.6 R  OH 511
 13 07 21.8040 -06 07 32.018   40   26 2453437.54663090 17.5 R  OH 511
 13 07 21.7518 -06 07 31.592   40   26 2453437.54967778 17.5 R  OH 511
 13 07 21.6897 -06 07 31.180   40   26 2453437.55272731 17.5 R  OH 511
 13 06 24.7829 -06 00 08.927   38   32 2453440.54013611 17.5 R  OH 511
 13 06 24.6804 -06 00 08.171   38   32 2453440.54510185 17.5 R  OH 511
 13 06 24.6187 -06 00 07.660   38   32 2453440.54815405 17.5 R  OH 511
 13 06 24.5533 -06 00 07.236   38   32 2453440.55120093 17.5 R  OH 511
 13 06 24.4915 -06 00 06.696   38   32 2453440.55425104 17.5 R  OH 511
 13 06 24.4264 -06 00 06.268   38   32 2453440.55729954 17.4 R  OH 511
 13 06 24.3696 -06 00 05.797   38   32 2453440.56035255 17.3 R  OH 511
 13 06 24.3051 -06 00 05.291   38   32 2453440.56340394 17.5 R  OH 511
 13 06 24.2389 -06 00 04.894   38   32 2453440.56645231 17.5 R  OH 511
 12 57 19.3756 -04 52 18.916   20   16 2453463.56013727 16.9 C  BC 874
 12 57 19.3133 -04 52 18.501   20   16 2453463.56240475 16.9 C  BC 874
 12 57 19.2795 -04 52 18.232   20   16 2453463.56364144 17.0 C  BC 874
 12 57 19.2451 -04 52 18.021   20   16 2453463.56487893 16.9 C  BC 874
 12 57 19.2127 -04 52 17.758   20   16 2453463.56611678 16.9 C  BC 874
 12 57 19.1465 -04 52 17.298   20   16 2453463.56859178 16.9 C  BC 874
 12 57 19.1139 -04 52 17.055   20   16 2453463.56982940 17.0 C  BC 874
 12 57 19.0793 -04 52 16.856   20   16 2453463.57106736 16.8 C  BC 874
 12 56 51.8680 -04 48 58.116   16   23 2453464.61584988 16.9 C  BC 874
 12 56 51.8367 -04 48 57.845   16   23 2453464.61708623 16.9 C  BC 874
 12 56 51.8021 -04 48 57.619   16   23 2453464.61832350 17.0 C  BC 874
 12 56 51.7695 -04 48 57.423   16   23 2453464.61956169 16.9 C  BC 874
 12 56 51.7024 -04 48 56.943   16   23 2453464.62203461 17.0 C  BC 874
 12 56 51.6679 -04 48 56.657   16   23 2453464.62328113 16.9 C  BC 874
 12 56 51.6356 -04 48 56.439   16   23 2453464.62451840 17.0 C  BC 874
 12 56 51.6046 -04 48 56.193   16   23 2453464.62575694 16.8 C  BC 874
 12 56 51.5710 -04 48 55.941   16   23 2453464.62699907 17.0 C  BC 874
 12 53 00.6447 -04 20 55.683  100   45 2453473.54714213 16.5 R  OH 511
 12 53 00.5240 -04 20 54.702  100   45 2453473.55226713 16.0 R  OH 511
 12 53 00.4160 -04 20 53.863  100   45 2453473.55647280 16.1 R  OH 511
 12 53 00.2937 -04 20 53.069  100   45 2453473.56068576 16.1 R  OH 511
 12 53 00.1956 -04 20 52.299  100   45 2453473.56489062 16.3 R  OH 511
 12 45 10.0856 -03 23 50.196   32   16 2453494.44561319 17.0 R  OH 511
 12 45 09.9533 -03 23 49.287   32   16 2453494.45229259 17.0 R  OH 511
 12 45 09.8759 -03 23 48.759   32   16 2453494.45649861 17.0 R  OH 511
 12 45 09.7960 -03 23 48.163   32   16 2453494.46071331 17.0 R  OH 511
 12 45 09.7153 -03 23 47.616   32   16 2453494.46492546 17.0 R  OH 511
 12 45 09.6367 -03 23 47.028   32   16 2453494.46913935 17.0 R  OH 511
 12 45 09.5532 -03 23 46.459   32   16 2453494.47335104 17.0 R  OH 511
 12 45 09.4723 -03 23 45.899   32   16 2453494.47756678 17.0 R  OH 511
 12 42 45.9309 -03 06 04.554   29   29 2453503.39954653 17.7 R  OH 511
 12 42 45.8481 -03 06 03.990   29   29 2453503.40531227 17.7 R  OH 511
 12 42 45.7868 -03 06 03.475   29   29 2453503.40976574 17.6 R  OH 511
 12 42 45.7264 -03 06 03.102   29   29 2453503.41422176 17.7 R  OH 511
 12 42 45.6645 -03 06 02.651   29   29 2453503.41868067 17.7 R  OH 511
 12 42 45.5992 -03 06 02.171   29   29 2453503.42313426 17.7 R  OH 511
 12 42 45.5347 -03 06 01.739   29   29 2453503.42758171 17.7 R  OH 511
 12 42 45.4723 -03 06 01.246   29   29 2453503.43202928 17.6 R  OH 511
 15 11 14.0144 -15 22 55.197   21   12 2453796.73934016 17.9 C  BC 874
 15 11 14.0102 -15 22 55.144   21   12 2453796.74219387 18.0 C  BC 874
 15 11 14.0094 -15 22 55.101   21   12 2453796.74504734 17.9 C  BC 874
 15 11 14.0042 -15 22 55.065   21   12 2453796.74646863 18.0 C  BC 874
 15 11 14.0043 -15 22 55.015   21   12 2453796.74790012 17.9 C  BC 874
 15 11 14.0019 -15 22 54.995   21   12 2453796.75074988 18.0 C  BC 874
 15 11 13.9919 -15 22 54.855   21   12 2453796.75667986 18.0 C  BC 874
 15 11 13.9901 -15 22 54.812   21   12 2453796.75952373 18.0 C  BC 874
 15 11 13.9900 -15 22 54.786   21   12 2453796.76094560 17.9 C  BC 874
 15 11 13.9875 -15 22 54.734   21   12 2453796.76237708 17.9 C  BC 874
 15 10 44.3579 -15 18 40.124   24   32 2453804.73402870 18.2 C  BC 874
 15 10 44.3162 -15 18 39.811   24   32 2453804.73980914 18.3 C  BC 874
 15 10 44.2982 -15 18 39.730   24   32 2453804.74236736 18.0 C  BC 874
 15 10 44.2642 -15 18 39.615   24   32 2453804.74697523 17.5 C  BC 874
 15 10 44.2531 -15 18 39.491   24   32 2453804.74851470 17.6 C  BC 874
 15 10 44.2388 -15 18 39.374   24   32 2453804.75005197 18.1 C  BC 874
 15 10 44.2189 -15 18 39.305   24   32 2453804.75314653 16.7 C  BC 874
 15 10 44.2039 -15 18 39.241   24   32 2453804.75468391 16.7 C  BC 874
 15 10 44.1910 -15 18 39.189   24   32 2453804.75622130 17.5 C  BC 874
 15 10 44.1848 -15 18 39.076   24   32 2453804.75775880 18.2 C  BC 874
 15 10 44.1469 -15 18 38.899   24   32 2453804.76239051 17.5 C  BC 874
 15 10 44.1243 -15 18 38.790   24   32 2453804.76546100 18.1 C  BC 874
 15 10 11.1900 -15 15 28.681   29   17 2453808.72073900 17.8 C  BC 874
 15 10 11.1669 -15 15 28.563   29   17 2453808.72312234 17.8 C  BC 874
 15 10 11.1248 -15 15 28.315   29   17 2453808.72726609 17.8 C  BC 874
 15 10 11.1108 -15 15 28.255   29   17 2453808.72881354 17.7 C  BC 874
 15 10 11.0924 -15 15 28.182   29   17 2453808.73035081 17.8 C  BC 874
 15 10 11.0276 -15 15 27.824   29   17 2453808.73651042 17.8 C  BC 874
 15 10 11.0112 -15 15 27.768   29   17 2453808.73804734 17.7 C  BC 874
 15 10 10.9912 -15 15 27.658   29   17 2453808.73958484 17.8 C  BC 874
 14 37 21.5120 -13 10 16.628  119   57 2453880.40388056 16.3 R  OH 511
 14 37 21.3870 -13 10 16.174  119   57 2453880.40796470 16.4 R  OH 511
 14 37 20.6414 -13 10 13.996  119   57 2453880.43208704 16.2 R  OH 511
 14 37 20.5218 -13 10 13.643  119   57 2453880.43594456 16.4 R  OH 511
 14 37 20.3836 -13 10 13.359  119   57 2453880.43980150 15.9 R  OH 511
 14 24 38.5528 -12 49 55.650   19   11 2453920.45846354 17.9 C  BC 874
 14 24 38.5446 -12 49 55.719   19   11 2453920.46000104 17.9 C  BC 874
 14 24 38.5335 -12 49 55.772   19   11 2453920.46153843 17.9 C  BC 874
 14 24 38.5246 -12 49 55.836   19   11 2453920.46308576 17.9 C  BC 874
 14 24 38.5185 -12 49 55.920   19   11 2453920.46463310 17.9 C  BC 874
 14 24 38.4879 -12 49 56.088   19   11 2453920.46924560 17.9 C  BC 874
 14 24 38.4592 -12 49 56.291   19   11 2453920.47387731 17.8 C  BC 874
 14 24 38.4534 -12 49 56.352   19   11 2453920.47541458 17.9 C  BC 874
 14 24 38.4433 -12 49 56.421   19   11 2453920.47696181 17.8 C  BC 874
 14 24 38.4339 -12 49 56.482   19   11 2453920.47850903 17.8 C  BC 874
 14 24 38.4169 -12 49 56.614   19   11 2453920.48159363 17.9 C  BC 874
 14 24 38.3898 -12 49 56.788   19   11 2453920.48621574 17.9 C  BC 874
 14 24 38.3023 -12 49 57.394   19   11 2453920.50069491 17.8 C  BC 874
 14 24 38.2920 -12 49 57.481   19   11 2453920.50223472 17.8 C  BC 874
 14 24 38.2564 -12 49 57.711   19   11 2453920.50840428 17.8 C  BC 874
 14 24 38.2357 -12 49 57.831   19   11 2453920.51147882 17.8 C  BC 874
 14 24 38.2182 -12 49 57.976   19   11 2453920.51456331 17.9 C  BC 874
 14 24 38.2100 -12 49 58.052   19   11 2453920.51610139 17.8 C  BC 874
 14 24 38.1928 -12 49 58.151   19   11 2453920.51917604 17.8 C  BC 874
 14 24 38.1733 -12 49 58.297   19   11 2453920.52227049 17.9 C  BC 874
 14 24 38.1656 -12 49 58.362   19   11 2453920.52380787 17.8 C  BC 874
 14 39 53.2363 -15 02 02.405  109   46 2453978.45940938 17.4 C  BC 874
 14 39 53.2926 -15 02 02.819  109   46 2453978.46083137 17.6 C  BC 874
 14 39 53.3766 -15 02 03.319  109   46 2453978.46367593 17.0 C  BC 874
 14 39 53.4365 -15 02 03.618  109   46 2453978.46509803 17.3 C  BC 874
 14 39 53.5454 -15 02 04.181  109   46 2453978.46796146 15.9 C  BC 874
 14 39 53.5820 -15 02 04.580  109   46 2453978.46938310 17.5 C  BC 874
 14 39 53.6910 -15 02 05.134  109   46 2453978.47222708 16.2 C  BC 874
 14 39 53.7358 -15 02 05.466  109   46 2453978.47365868 17.3 C  BC 874
 14 39 53.7803 -15 02 05.712  109   46 2453978.47508032 16.4 C  BC 874
 14 39 53.8155 -15 02 05.946  109   46 2453978.47650197 16.8 C  BC 874
 14 39 53.8828 -15 02 06.260  109   46 2453978.47792361 17.4 C  BC 874
 14 40 26.8017 -15 05 21.899   56   40 2453979.41392106 17.4 C  BC 874
 14 40 26.8577 -15 05 22.347   56   40 2453979.41583472 16.8 C  BC 874
 14 40 26.9070 -15 05 22.462   56   40 2453979.41702488 17.3 C  BC 874
 14 40 27.0253 -15 05 23.249   56   40 2453979.42060521 16.4 C  BC 874
 14 40 27.0735 -15 05 23.571   56   40 2453979.42180521 16.5 C  BC 874
 14 40 27.1992 -15 05 24.271   56   40 2453979.42537569 17.4 C  BC 874
 14 40 27.2347 -15 05 24.519   56   40 2453979.42657569 17.2 C  BC 874
 14 40 27.4023 -15 05 25.541   56   40 2453979.43133634 17.0 C  BC 874
 14 40 27.4481 -15 05 25.740   56   40 2453979.43253634 17.4 C  BC 874
 17 24 49.2276 -22 47 25.422   25   25 2454208.64438137 18.2 U  Z  874
 17 24 49.2195 -22 47 25.370   25   25 2454208.64547326 18.1 U  Z  874
 17 24 49.2085 -22 47 25.350   25   25 2454208.64655509 18.2 U  Z  874
 17 24 49.2010 -22 47 25.296   25   25 2454208.64763750 18.2 U  Z  874
 17 24 49.1929 -22 47 25.336   25   25 2454208.64871910 18.3 U  Z  874
 17 24 49.1865 -22 47 25.247   25   25 2454208.64980046 18.2 U  Z  874
 17 24 49.1751 -22 47 25.274   25   25 2454208.65088229 18.4 U  Z  874
 17 24 49.1654 -22 47 25.238   25   25 2454208.65196377 18.4 U  Z  874
 17 24 49.1633 -22 47 25.163   25   25 2454208.65304560 18.4 U  Z  874
 17 24 49.1502 -22 47 25.167   25   25 2454208.65412743 18.2 U  Z  874
 17 24 49.1347 -22 47 25.077   25   25 2454208.65631065 18.1 U  Z  874
 16 43 38.1868 -21 19 25.816   24   11 2454330.57369271 17.7 C  PE 874
 16 43 38.1849 -21 19 25.818   24   11 2454330.57398032 17.7 C  PE 874
 16 43 38.1880 -21 19 25.848   24   11 2454330.57447731 17.7 C  PE 874
 16 43 38.1984 -21 19 25.835   24   11 2454330.57643090 17.6 C  PE 874
 16 43 38.2004 -21 19 25.849   24   11 2454330.57670845 17.7 C  PE 874
 16 43 38.2012 -21 19 25.837   24   11 2454330.57698611 17.6 C  PE 874
 16 43 38.2040 -21 19 25.834   24   11 2454330.57754120 17.7 C  PE 874
 16 43 38.2055 -21 19 25.840   24   11 2454330.57781875 17.6 C  PE 874
 16 43 38.2114 -21 19 25.842   24   11 2454330.57866516 17.6 C  PE 874
 16 43 38.2110 -21 19 25.836   24   11 2454330.57894317 17.6 C  PE 874
 16 43 38.2137 -21 19 25.835   24   11 2454330.57922072 17.7 C  PE 874
 16 43 38.2136 -21 19 25.827   24   11 2454330.57949826 17.6 C  PE 874
 16 43 38.2166 -21 19 25.842   24   11 2454330.58005370 17.6 C  PE 874
 16 43 38.2200 -21 19 25.859   24   11 2454330.58033183 17.6 C  PE 874
 16 43 38.2225 -21 19 25.822   24   11 2454330.58060938 17.7 C  PE 874
 16 43 38.2249 -21 19 25.861   24   11 2454330.58116690 17.7 C  PE 874
 16 43 38.2275 -21 19 25.860   24   11 2454330.58144468 17.7 C  PE 874
 16 43 38.2288 -21 19 25.849   24   11 2454330.58173264 17.7 C  PE 874
 16 43 38.2273 -21 19 25.858   24   11 2454330.58202037 17.8 C  PE 874
 16 43 38.2327 -21 19 25.840   24   11 2454330.58229792 17.7 C  PE 874
 16 43 38.2297 -21 19 25.858   24   11 2454330.58257546 17.7 C  PE 874
 16 43 38.2361 -21 19 25.846   24   11 2454330.58314433 17.7 C  PE 874
 16 43 38.2388 -21 19 25.846   24   11 2454330.58342187 17.7 C  PE 874
 16 43 38.2380 -21 19 25.835   24   11 2454330.58369942 17.7 C  PE 874
 16 43 38.2402 -21 19 25.829   24   11 2454330.58397743 17.7 C  PE 874
 16 43 38.2410 -21 19 25.859   24   11 2454330.58425498 17.8 C  PE 874
 16 43 38.2439 -21 19 25.843   24   11 2454330.58453252 17.6 C  PE 874
 16 43 38.2461 -21 19 25.842   24   11 2454330.58481007 17.8 C  PE 874
 16 43 38.2451 -21 19 25.851   24   11 2454330.58508773 17.8 C  PE 874
 16 43 38.2482 -21 19 25.845   24   11 2454330.58536528 17.7 C  PE 874
 16 43 38.2501 -21 19 25.850   24   11 2454330.58564282 17.8 C  PE 874
 16 43 50.4253 -21 19 39.589   12    9 2454332.51822384 18.0 C  PE 874
 16 43 50.4317 -21 19 39.594   12    9 2454332.51909572 18.1 C  PE 874
 16 43 50.4412 -21 19 39.591   12    9 2454332.52039896 17.9 C  PE 874
 16 43 50.4435 -21 19 39.599   12    9 2454332.52093900 18.0 C  PE 874
 16 43 50.4468 -21 19 39.609   12    9 2454332.52137002 18.0 C  PE 874
 16 43 50.4495 -21 19 39.607   12    9 2454332.52180116 18.0 C  PE 874
 16 43 50.4522 -21 19 39.628   12    9 2454332.52223229 18.0 C  PE 874
 16 43 50.4593 -21 19 39.623   12    9 2454332.52354560 17.9 C  PE 874
 16 43 50.4650 -21 19 39.614   12    9 2454332.52430914 17.9 C  PE 874
 16 43 50.4708 -21 19 39.634   12    9 2454332.52517951 18.0 C  PE 874
 16 43 50.4743 -21 19 39.626   12    9 2454332.52561065 18.0 C  PE 874
 16 43 50.4784 -21 19 39.635   12    9 2454332.52605162 18.0 C  PE 874
 16 43 50.4819 -21 19 39.635   12    9 2454332.52692396 17.9 C  PE 874
 16 43 50.4853 -21 19 39.657   12    9 2454332.52735208 17.9 C  PE 874
 16 43 50.4924 -21 19 39.661   12    9 2454332.52821435 17.9 C  PE 874
 16 43 50.4923 -21 19 39.658   12    9 2454332.52865521 17.9 C  PE 874
 16 43 50.4974 -21 19 39.649   12    9 2454332.52909606 17.9 C  PE 874
 16 43 50.5005 -21 19 39.673   12    9 2454332.52952697 17.9 C  PE 874
 16 43 50.5009 -21 19 39.652   12    9 2454332.52995787 17.9 C  PE 874
 16 43 50.5050 -21 19 39.675   12    9 2454332.53038877 17.9 C  PE 874
 16 43 50.5079 -21 19 39.671   12    9 2454332.53081979 17.9 C  PE 874
 16 43 50.5118 -21 19 39.681   12    9 2454332.53126065 17.9 C  PE 874
 16 43 50.5172 -21 19 39.681   12    9 2454332.53214225 17.9 C  PE 874
 16 43 50.5225 -21 19 39.680   12    9 2454332.53300451 17.9 C  PE 874
 16 43 50.5284 -21 19 39.680   12    9 2454332.53386655 17.9 C  PE 874
 16 43 50.5359 -21 19 39.688   12    9 2454332.53515938 18.0 C  PE 874
 16 43 50.5428 -21 19 39.697   12    9 2454332.53604120 18.0 C  PE 874
 16 43 50.5488 -21 19 39.697   12    9 2454332.53690336 18.0 C  PE 874
 16 43 50.5508 -21 19 39.690   12    9 2454332.53733426 17.9 C  PE 874
 16 43 50.5569 -21 19 39.696   12    9 2454332.53821644 17.9 C  PE 874
 16 43 50.5589 -21 19 39.721   12    9 2454332.53865729 17.9 C  PE 874
 16 43 50.5667 -21 19 39.729   12    9 2454332.53995035 17.9 C  PE 874
 16 43 50.5716 -21 19 39.736   12    9 2454332.54039120 17.9 C  PE 874
 16 43 50.5725 -21 19 39.735   12    9 2454332.54083206 18.0 C  PE 874
 16 43 50.5820 -21 19 39.728   12    9 2454332.54211435 18.0 C  PE 874
 16 48 12.2928 -21 26 22.068   23   16 2454351.48667060 17.2 C  PE 874
 16 48 12.3147 -21 26 22.102   23   16 2454351.48784664 17.4 C  PE 874
 16 48 12.3315 -21 26 22.157   23   16 2454351.48862627 17.3 C  PE 874
 16 48 12.3660 -21 26 22.191   23   16 2454351.49018634 17.3 C  PE 874
 16 48 12.3979 -21 26 22.253   23   16 2454351.49175428 17.3 C  PE 874
 16 48 12.4104 -21 26 22.290   23   16 2454351.49254410 17.2 C  PE 874
 16 48 12.4865 -21 26 22.364   23   16 2454351.49645579 17.2 C  PE 874
 16 48 12.5032 -21 26 22.426   23   16 2454351.49724537 17.4 C  PE 874
 16 48 12.5193 -21 26 22.444   23   16 2454351.49802500 17.2 C  PE 874
 16 48 12.5352 -21 26 22.452   23   16 2454351.49881447 17.3 C  PE 874
 16 48 12.5988 -21 26 22.550   23   16 2454351.50195278 17.3 C  PE 874
 16 48 12.6992 -21 26 22.716   23   16 2454351.50697917 17.3 C  PE 874
 16 48 54.7173 -21 27 30.046   16   15 2454353.50485505 18.0 RE E  809
 16 48 54.7405 -21 27 30.072   16   15 2454353.50599227 18.0 RE E  809
 16 48 54.7638 -21 27 30.111   16   15 2454353.50712475 18.0 RE E  809
 16 48 54.7860 -21 27 30.144   16   15 2454353.50826001 18.0 RE E  809
 16 48 54.8105 -21 27 30.195   16   15 2454353.50938890 18.0 RE E  809
 16 48 54.8329 -21 27 30.246   16   15 2454353.51051327 18.0 RE E  809
 16 48 54.8591 -21 27 30.289   16   15 2454353.51164703 18.0 RE E  809
 16 48 54.8859 -21 27 30.335   16   15 2454353.51293327 18.0 RE E  809
 16 48 54.9107 -21 27 30.377   16   15 2454353.51406459 18.0 RE E  809
 19 27 25.6517 -21 05 24.882   41   24 2454574.78289271 18.0 I  BC 874
 19 27 25.6937 -21 05 24.841   41   24 2454574.78571331 17.9 I  BC 874
 19 27 25.8105 -21 05 24.743   41   24 2454574.79414514 17.9 I  BC 874
 19 27 25.8426 -21 05 24.726   41   24 2454574.79695625 17.9 I  BC 874
 19 27 25.8851 -21 05 24.685   41   24 2454574.79977674 17.8 I  BC 874
 19 27 25.9219 -21 05 24.716   41   24 2454574.80258727 17.8 I  BC 874
 19 27 25.9937 -21 05 24.650   41   24 2454574.80821308 17.9 I  BC 874
 19 27 43.5876 -21 24 51.303   91   21 2454612.73134583 17.7 I  BC 874
 19 27 43.5422 -21 24 51.512   91   21 2454612.73444016 17.8 I  BC 874
 19 27 43.4987 -21 24 51.770   91   21 2454612.73819387 17.7 I  BC 874
 19 27 43.4654 -21 24 51.958   91   21 2454612.74066493 17.5 I  BC 874
 19 27 43.4198 -21 24 52.145   91   21 2454612.74313530 17.5 I  BC 874
 19 27 43.3859 -21 24 52.344   91   21 2454612.74560625 16.0 I  BC 874
 19 27 43.3557 -21 24 52.509   91   21 2454612.74807697 17.6 I  BC 874
 19 27 43.3093 -21 24 52.644   91   21 2454612.75055741 17.5 I  BC 874
 19 27 43.2509 -21 24 53.034   91   21 2454612.75549907 17.6 I  BC 874
 19 27 43.1991 -21 24 53.167   91   21 2454612.75796979 16.8 I  BC 874
 19 25 36.0063 -21 35 26.486   25   29 2454620.70732523 16.7 RE E  809
 19 25 35.9223 -21 35 26.823   25   29 2454620.71154717 17.1 RE E  809
 19 25 35.8640 -21 35 27.167   25   29 2454620.71475645 17.0 RE E  809
 18 55 50.9190 -23 32 42.301   33   30 2454690.49973229 17.1 I  BC 874
 18 55 50.8724 -23 32 42.493   33   30 2454690.50258576 17.1 I  BC 874
 18 55 50.8506 -23 32 42.669   33   30 2454690.50400764 15.6 I  BC 874
 18 55 50.7267 -23 32 43.117   33   30 2454690.51128113 17.1 I  BC 874
 18 55 50.6389 -23 32 43.507   33   30 2454690.51625995 17.0 I  BC 874
 18 55 49.1919 -23 32 49.425   33   30 2454690.60335544 17.2 I  BC 874
 18 55 49.1446 -23 32 49.653   33   30 2454690.60625417 17.2 I  BC 874
 18 55 49.0694 -23 32 49.961   33   30 2454690.61051979 17.1 I  BC 874
 18 55 31.0825 -23 55 07.924   53   52 2454729.54704803 18.1 I  BC 874
 18 55 31.1075 -23 55 07.913   53   52 2454729.54898252 18.0 I  BC 874
 18 55 31.1284 -23 55 07.957   53   52 2454729.55075833 17.5 I  BC 874
 18 55 31.1525 -23 55 07.917   53   52 2454729.55253461 18.4 I  BC 874
 18 55 31.1851 -23 55 07.976   53   52 2454729.55431053 18.0 I  BC 874
 18 55 31.2438 -23 55 07.930   53   52 2454729.55786238 17.8 I  BC 874
 18 55 31.2650 -23 55 07.933   53   52 2454729.55963819 17.1 I  BC 874
 18 55 31.2903 -23 55 07.868   53   52 2454729.56141412 18.3 I  BC 874
 18 55 31.3201 -23 55 07.885   53   52 2454729.56318912 16.2 I  BC 874
 18 55 31.3746 -23 55 07.970   53   52 2454729.56688356 18.5 I  BC 874
 18 55 31.4013 -23 55 07.958   53   52 2454729.56865764 18.1 I  BC 874
 18 55 31.4325 -23 55 07.909   53   52 2454729.57043183 18.0 I  BC 874
 18 55 31.4491 -23 55 07.775   53   52 2454729.57220579 16.9 I  BC 874
 21 56 02.3381 -13 20 21.502   18   18 2454971.91656241 17.7 RE E  809
 21 56 02.3549 -13 20 21.365   18   18 2454971.91773082 17.8 RE E  809
 21 56 02.3735 -13 20 21.265   18   18 2454971.91888314 17.7 RE E  809
 21 56 02.3886 -13 20 21.143   18   18 2454971.92004507 17.7 RE E  809
 21 56 02.4235 -13 20 20.896   18   18 2454971.92234266 17.8 RE E  809
 21 56 02.4413 -13 20 20.817   18   18 2454971.92347137 17.7 RE E  809
 21 56 02.4784 -13 20 20.622   18   18 2454971.92578064 17.7 RE E  809
 21 56 02.4966 -13 20 20.480   18   18 2454971.92694095 17.7 RE E  809
 21 56 31.5001 -13 17 25.182   15   12 2454973.82595317 17.7 RE E  809
 21 56 31.5326 -13 17 24.963   15   12 2454973.82829289 17.7 RE E  809
 21 56 31.5496 -13 17 24.854   15   12 2454973.82945459 17.7 RE E  809
 21 56 31.6183 -13 17 24.455   15   12 2454973.83430395 17.8 RE E  809
 21 56 31.6353 -13 17 24.357   15   12 2454973.83547306 17.8 RE E  809
 21 56 31.6512 -13 17 24.266   15   12 2454973.83662874 17.7 RE E  809
 21 56 31.6676 -13 17 24.149   15   12 2454973.83778396 17.8 RE E  809
 21 56 31.6839 -13 17 24.053   15   12 2454973.83890930 17.9 RE E  809
 21 56 31.6999 -13 17 23.935   15   12 2454973.84005433 17.7 RE E  809
 21 56 31.7161 -13 17 23.834   15   12 2454973.84121349 17.9 RE E  809
 21 56 31.7654 -13 17 23.562   15   12 2454973.84461827 17.8 RE E  809
 21 56 31.7933 -13 17 23.390   15   12 2454973.84656987 17.7 RE E  809
 21 56 31.8206 -13 17 23.223   15   12 2454973.84850306 17.8 RE E  809
 21 56 31.8460 -13 17 23.054   15   12 2454973.85044239 17.7 RE E  809
 21 56 31.8738 -13 17 22.895   15   12 2454973.85230463 17.8 RE E  809
 21 56 31.8997 -13 17 22.713   15   12 2454973.85423852 17.7 RE E  809
 21 56 31.9254 -13 17 22.544   15   12 2454973.85611673 17.7 RE E  809
 21 56 31.9557 -13 17 22.362   15   12 2454973.85825214 17.7 RE E  809
 21 56 31.9936 -13 17 22.103   15   12 2454973.86085995 17.8 RE E  809
 21 56 32.0205 -13 17 21.963   15   12 2454973.86280657 17.7 RE E  809
 21 56 32.0482 -13 17 21.782   15   12 2454973.86474092 17.6 RE E  809
 21 56 32.0742 -13 17 21.622   15   12 2454973.86667956 17.7 RE E  809
 21 56 32.1012 -13 17 21.441   15   12 2454973.86854492 17.8 RE E  809
 21 56 32.1286 -13 17 21.273   15   12 2454973.87047765 17.7 RE E  809
 21 56 32.1555 -13 17 21.101   15   12 2454973.87235355 17.6 RE E  809
 21 56 32.1819 -13 17 20.938   15   12 2454973.87428731 17.6 RE E  809
 21 56 59.5004 -13 14 33.336   73   26 2454975.83673787 17.7 RE E  809
 21 56 59.5287 -13 14 33.160   73   26 2454975.83904680 18.3 RE E  809
 21 56 59.5430 -13 14 33.033   73   26 2454975.84018153 17.9 RE E  809
 21 56 59.5583 -13 14 32.973   73   26 2454975.84134531 17.8 RE E  809
 21 56 59.5679 -13 14 32.856   73   26 2454975.84249590 17.6 RE E  809
 21 56 59.5893 -13 14 32.774   73   26 2454975.84361928 17.8 RE E  809
 21 56 59.6042 -13 14 32.707   73   26 2454975.84476570 17.9 RE E  809
 21 56 59.8919 -13 14 30.823   73   26 2454975.86863389 18.2 RE E  809
 21 56 59.9490 -13 14 30.449   73   26 2454975.87298587 17.9 RE E  809
 21 56 59.9628 -13 14 30.327   73   26 2454975.87414178 18.0 RE E  809
 21 56 59.9801 -13 14 30.274   73   26 2454975.87529919 18.1 RE E  809
 21 57 00.0214 -13 14 30.001   73   26 2454975.87871918 17.9 RE E  809
 21 57 00.0480 -13 14 29.792   73   26 2454975.88068797 18.0 RE E  809
 21 57 00.0605 -13 14 29.720   73   26 2454975.88185140 17.9 RE E  809
 21 57 00.0751 -13 14 29.619   73   26 2454975.88300789 17.9 RE E  809
 21 57 00.0887 -13 14 29.480   73   26 2454975.88416334 17.9 RE E  809
 21 57 00.1049 -13 14 29.445   73   26 2454975.88528811 17.8 RE E  809
 21 57 00.1170 -13 14 29.359   73   26 2454975.88645965 17.1 RE E  809
 21 57 00.1339 -13 14 29.217   73   26 2454975.88761313 17.9 RE E  809
 21 57 00.1494 -13 14 29.165   73   26 2454975.88876952 17.9 RE E  809
 21 58 32.4511 -13 00 16.035   24    8 2455003.78317211 17.9 I  PE 874
 21 58 32.4380 -13 00 16.081   24    8 2455003.78497894 18.0 I  PE 874
 21 58 32.4243 -13 00 16.117   24    8 2455003.78678056 18.0 I  PE 874
 21 58 32.3971 -13 00 16.182   24    8 2455003.79036956 17.9 I  PE 874
 21 58 32.3801 -13 00 16.221   24    8 2455003.79216470 18.1 I  PE 874
 21 58 32.3386 -13 00 16.341   24    8 2455003.79754630 17.9 I  PE 874
 21 58 32.3147 -13 00 16.419   24    8 2455003.80113380 18.0 I  PE 874
 21 58 32.3020 -13 00 16.456   24    8 2455003.80292674 18.0 I  PE 874
 21 58 08.4724 -13 01 39.775   21   17 2455006.80057049 17.6 I  PE 874
 21 58 08.4629 -13 01 39.771   21   17 2455006.80168032 17.7 I  PE 874
 21 58 08.4521 -13 01 39.839   21   17 2455006.80277812 17.7 I  PE 874
 21 58 08.4389 -13 01 39.865   21   17 2455006.80387755 16.0 I  PE 874
 21 58 08.4324 -13 01 39.894   21   17 2455006.80497743 17.7 I  PE 874
 21 58 08.4177 -13 01 39.978   21   17 2455006.80607685 17.7 I  PE 874
 21 58 08.4083 -13 01 39.991   21   17 2455006.80717477 17.6 I  PE 874
 21 58 08.3960 -13 01 40.017   21   17 2455006.80827431 17.7 I  PE 874
 21 58 08.3863 -13 01 40.061   21   17 2455006.80937303 17.7 I  PE 874
 21 58 08.3777 -13 01 40.098   21   17 2455006.81047164 17.7 I  PE 874
 21 51 16.4196 -13 31 20.145  107   45 2455030.79565035 17.1 C  BC 874
 21 51 16.3820 -13 31 20.251  107   45 2455030.79696204 17.2 C  BC 874
 21 51 16.3480 -13 31 20.523  107   45 2455030.79827535 17.1 C  BC 874
 21 51 16.2833 -13 31 20.765  107   45 2455030.80089479 16.9 C  BC 874
 21 51 16.2019 -13 31 21.146  107   45 2455030.80483484 17.5 C  BC 874
 21 51 16.1529 -13 31 21.318  107   45 2455030.80614792 17.1 C  BC 874
 00 09 17.4638 +00 09 14.491   31   48 2455383.84000000 17.3 C  BC 874
 00 09 17.4853 +00 09 14.577   31   48 2455383.84120370 17.2 C  BC 874
 00 09 17.4943 +00 09 14.624   31   48 2455383.84180556 17.0 C  BC 874
 00 09 17.5064 +00 09 14.623   31   48 2455383.84241898 17.3 C  BC 874
 00 09 17.5215 +00 09 14.632   31   48 2455383.84362269 17.4 C  BC 874
 00 09 17.5333 +00 09 14.788   31   48 2455383.84423611 16.9 C  BC 874
 00 09 17.5414 +00 09 14.807   31   48 2455383.84483796 16.9 C  BC 874
 00 09 17.5570 +00 09 14.729   31   48 2455383.84543981 17.1 C  BC 874
 23 48 33.9226 -03 39 24.338   26   20 2455489.64674769 17.3 I  PE 874
 23 48 33.8705 -03 39 24.730   26   20 2455489.64946759 17.3 I  PE 874
 23 48 33.8228 -03 39 25.004   26   20 2455489.65167824 17.2 I  PE 874
 23 48 33.8111 -03 39 25.153   26   20 2455489.65240741 17.1 I  PE 874
 23 48 33.7967 -03 39 25.219   26   20 2455489.65314815 17.2 I  PE 874
 23 48 33.7668 -03 39 25.424   26   20 2455489.65461806 17.3 I  PE 874
 23 48 33.7561 -03 39 25.496   26   20 2455489.65534722 17.1 I  PE 874
 07 24 18.4726 +23 11 13.112   26   12 2456606.71500487 17.1 I  PE 874
 07 24 18.4707 +23 11 13.224   26   12 2456606.71736017 17.1 I  PE 874
 07 24 18.4661 +23 11 13.306   26   12 2456606.72025150 17.1 I  PE 874
 07 24 18.4654 +23 11 13.364   26   12 2456606.72169740 17.1 I  PE 874
 07 24 18.4666 +23 11 13.405   26   12 2456606.72314309 17.1 I  PE 874
 07 24 18.4654 +23 11 13.469   26   12 2456606.72458892 17.1 I  PE 874
 07 24 18.4656 +23 11 13.501   26   12 2456606.72603462 17.1 I  PE 874
 07 24 18.4646 +23 11 13.534   26   12 2456606.72748023 17.1 I  PE 874
 07 24 18.4607 +23 11 13.585   26   12 2456606.72892604 17.1 I  PE 874
 07 24 18.4528 +23 11 13.746   26   12 2456606.73326324 17.1 I  PE 874
 07 24 18.4564 +23 11 13.791   26   12 2456606.73470890 17.1 I  PE 874
 07 24 18.4546 +23 11 13.859   26   12 2456606.73615470 17.1 I  PE 874
