   -27.8    44.0   9.7   6.8     8   -58.0    23.8  89.4  33.3    12  33.33 120.0  2.0   00 15 51.70460 -01 08 36.6325 04 09 58.7499 01 10 1996 2450357.6735966424 1996.750646397   0.2643623876  -1.1435090171 16.3 115.5  81.2     4 Phoebe                0.0000 160/LNA              Varios               Altair               PRAIA V.0.1.1        1rd degree           UCAC4                JUP300               23 Jan 2014                                                  
    98.0  -180.4  23.8   6.8     5    98.0  -180.4  23.8   6.8     5   0.00 120.0  2.0   01 20 42.09492 +05 41 49.3691 07 35 21.8001 12 08 1997 2450672.8162245378 1997.613459889   1.3450263676   5.6970469704 16.7  25.6  58.4     4 Phoebe                0.0000 160/LNA              Varios               Altair               PRAIA V.0.1.1        1rd degree           UCAC4                JUP300               23 Jan 2014                                                  
   -44.4    45.4  21.2  25.3     8   -62.0    50.0  38.6  52.1    11  27.27 120.0  2.0   02 10 44.49945 +10 30 15.2998 01 01 44.6401 12 08 1998 2451037.5428777789 1998.612027043   2.1790276262  10.5042499413 16.5  61.6  46.4    18 Phoebe                0.6900 OHP                  Varios               Altair               PRAIA V.0.1.1        1rd degree           UCAC4                SAT359               10 Dec 2013                                                  
   -67.5    31.3  21.2  36.2    10   -74.3    29.1  30.2  35.1    11   9.09 120.0  2.0   02 10 51.89106 +10 30  6.6348 01 03 25.5820 15 08 1998 2451040.5440460881 1998.620243794   2.1810808511  10.5018430030 16.7  54.8  36.8    21 Phoebe                0.6900 OHP                  Varios               Altair               PRAIA V.0.1.1        1rd degree           UCAC4                SAT359               10 Dec 2013                                                  
   -40.8    57.7  16.4  33.6     9   -48.3    54.6  24.5  71.4    11  18.18 120.0  2.0   02 10 53.60195 +10 29 58.9492 02 36 45.0312 16 08 1998 2451041.6088545281 1998.623159081   2.1815560979  10.4997080998 16.6  62.0  34.6    19 Phoebe                0.6900 OHP                  Varios               Altair               PRAIA V.0.1.1        1rd degree           UCAC4                SAT359               10 Dec 2013                                                  
    90.2    83.7   4.7  21.7     8    90.2    83.7   4.7  21.7     8   0.00 120.0  2.0   02 10 54.79437 +10 29 49.5743 02 23 14.8089 17 08 1998 2451042.5994769549 1998.625871257   2.1818873241  10.4971039729 16.5  61.4  38.9    19 Phoebe                0.6900 OHP                  Varios               Altair               PRAIA V.0.1.1        1rd degree           UCAC4                SAT359               10 Dec 2013                                                  
   -91.4    29.3  27.0  14.9    10   -92.5    34.5  25.9  22.2    11   9.09 120.0  2.0   02 10 55.91443 +10 29 23.6107 03 12 54.9090 19 08 1998 2451044.6339688539 1998.631441393   2.1821984541  10.4898918722 16.5  55.5  34.0    19 Phoebe                0.6900 OHP                  Varios               Altair               PRAIA V.0.1.1        1rd degree           UCAC4                SAT359               10 Dec 2013                                                  
   -32.1     3.9  17.7  14.5     7   -31.6    10.8  16.4  23.7     8  12.50 120.0  2.0   02 10 55.83785 +10 29  7.3198 03 36 16.0699 20 08 1998 2451045.6501859943 1998.634223644   2.1821771796  10.4853665999 16.5  62.1  41.6    20 Phoebe                0.6900 OHP                  Varios               Altair               PRAIA V.0.1.1        1rd degree           UCAC4                SAT359               10 Dec 2013                                                  
    -4.0    26.5  12.5  22.0     6    -4.0    26.5  12.5  22.0     6   0.00 120.0  2.0   02 09 52.49689 +10 19 22.3584 02 04 13.4250 06 09 1998 2451062.5862664934 1998.680592105   2.1645824693  10.3228773337 16.5  69.8  56.0    12 Phoebe                0.6900 OHP                  Varios               Altair               PRAIA V.0.1.1        1rd degree           UCAC4                SAT359               10 Dec 2013                                                  
   -50.2    27.8  48.4  33.5     5   -50.2    27.8  48.4  33.5     5   0.00 120.0  2.0   02 09 29.28641 +10 16 38.8651 02 47 17.4141 09 09 1998 2451065.6161737740 1998.688887539   2.1581351130  10.2774625374 16.3  49.8  38.8    20 Phoebe                0.6900 OHP                  Varios               Altair               PRAIA V.0.1.1        1rd degree           UCAC4                SAT359               10 Dec 2013                                                  
   -17.4   -21.8  21.5  10.2     5   -17.4   -21.8  21.5  10.2     5   0.00 120.0  2.0   02 09 20.83493 +10 15 40.8994 02 55 08.9958 10 09 1998 2451066.6216318961 1998.691640333   2.1557874798  10.2613609472 16.3  49.8  42.0    14 Phoebe                0.6900 OHP                  Varios               Altair               PRAIA V.0.1.1        1rd degree           UCAC4                SAT359               10 Dec 2013                                                  
   -40.0    34.6  36.0  21.5    12   -40.0    34.6  36.0  21.5    12   0.00 120.0  2.0   01 46 10.66548 +08 11 30.1766 21 41 03.2424 15 12 1998 2451163.4035097500 1998.956614674   1.7696293011   8.1917157353 16.7  63.8  68.8    10 Phoebe                0.6900 OHP                  Varios               Altair               PRAIA V.0.1.1        1rd degree           UCAC4                SAT359               10 Dec 2013                                                  
   -30.7   -20.0  47.2  16.1     7   -30.7   -20.0  47.2  16.1     7   0.00 120.0  2.0   01 46  4.45741 +08 11  9.9596 20 47 30.5200 16 12 1998 2451164.3663254627 1998.959250720   1.7679048351   8.1860998876 16.6  66.7  64.1     8 Phoebe                0.6900 OHP                  Varios               Altair               PRAIA V.0.1.1        1rd degree           UCAC4                SAT359               10 Dec 2013                                                  
   -63.9   -34.1  20.6  29.6     9   -48.4   -19.8  39.9  45.0    11  18.18 120.0  2.0   01 45 58.27896 +08 10 50.9844 21 10 13.6134 17 12 1998 2451165.3821020066 1998.962031764   1.7661885987   8.1808289930 16.4  65.2  79.2     9 Phoebe                0.6900 OHP                  Varios               Altair               PRAIA V.0.1.1        1rd degree           UCAC4                SAT359               10 Dec 2013                                                  
   -44.8   -89.3  10.3  14.7     6   -44.8   -89.3  10.3  14.7     6   0.00 120.0  2.0   02 59 38.90997 +14 26  4.0128 07 32 02.6399 21 08 1999 2451411.8139194432 1999.636725309   2.9941416595  14.4344480042 16.7  30.7  67.8     6 Phoebe                0.0000 160/LNA              Varios               Altair               PRAIA V.0.1.1        1rd degree           UCAC4                JUP300               23 Jan 2014                                                  
    10.0    16.9  12.2  24.4     7    10.0    16.9  12.2  24.4     7   0.00 120.0  2.0   02 55 19.88713 +13 58 56.7742 04 02 27.4986 09 10 1999 2451460.6683738260 1999.770481516   2.9221908683  13.9824372656 16.2  52.7  50.6    22 Phoebe                0.6900 OHP                  Varios               Altair               PRAIA V.0.1.1        1rd degree           UCAC4                SAT359               10 Dec 2013                                                  
     2.8   -22.3  12.8   9.2     8     0.3   -18.8  14.0  13.5     9  11.11 120.0  2.0   02 54 52.03141 +13 56 45.9805 04 06 10.6075 11 10 1999 2451462.6709561050 1999.775964287   2.9144531684  13.9461056955 16.1  43.8  50.5    16 Phoebe                0.6900 OHP                  Varios               Altair               PRAIA V.0.1.1        1rd degree           UCAC4                SAT359               10 Dec 2013                                                  
   -48.0    16.6  37.9  24.6     5   -48.0    16.6  37.9  24.6     5   0.00 120.0  2.0   02 54 10.73468 +13 53 34.3319 00 31 19.0600 14 10 1999 2451465.5217483798 1999.783769331   2.9029818552  13.8928699750 16.0  44.4  63.6    14 Phoebe                0.6900 OHP                  Varios               Altair               PRAIA V.0.1.1        1rd degree           UCAC4                SAT359               10 Dec 2013                                                  
    12.0   -29.8  32.1  37.2     5    12.0   -29.8  32.1  37.2     5   0.00 120.0  2.0   02 46 20.96162 +13 19 26.5840 01 23 43.5521 11 11 1999 2451493.5581429638 1999.860528796   2.7724893396  13.3240511180 15.9  45.4  50.8    12 Phoebe                0.6900 OHP                  Varios               Altair               PRAIA V.0.1.1        1rd degree           UCAC4                SAT359               10 Dec 2013                                                  
   -13.7   -81.3  12.4   8.3     7     2.8   -72.1  35.1  19.6     9  22.22 120.0  2.0   03 39 32.68751 +17 06 15.7889 21 37 31.2085 24 11 2000 2451873.4010556540 2000.900482014   3.6590798641  17.1043858023 15.9  45.9  41.9    31 Phoebe                0.6900 OHP                  Varios               Altair               PRAIA V.0.1.1        1rd degree           UCAC4                SAT359               10 Dec 2013                                                  
    34.0   -64.0  49.4  29.0     4    34.0   -64.0  49.4  29.0     4   0.00 120.0  2.0   03 38 29.73921 +17 02 57.8187 23 04 22.5553 27 11 2000 2451876.4613721678 2000.908860704   3.6415942260  17.0493940970 16.1  31.5  49.3    29 Phoebe                0.6900 OHP                  Varios               Altair               PRAIA V.0.1.1        1rd degree           UCAC4                SAT359               10 Dec 2013                                                  
    26.6   -51.0  37.4  38.8     7    26.6   -51.0  37.4  38.8     7   0.00 120.0  2.0   03 38 10.20725 +17 01 56.7646 22 06 44.7671 28 11 2000 2451877.4213514715 2000.911488984   3.6361686796  17.0324346179 16.2  52.0  55.4    20 Phoebe                0.6900 OHP                  Varios               Altair               PRAIA V.0.1.1        1rd degree           UCAC4                SAT359               10 Dec 2013                                                  
   -40.0   -28.3  22.0  44.9     8   -40.0   -28.3  22.0  44.9     8   0.00 120.0  2.0   03 31 18.65109 +16 41 43.1120 18 46 50.2736 21 12 2000 2451900.2825263152 2000.974079469   3.5218475259  16.6953088906 15.9  46.2  40.4    20 Phoebe                0.6900 OHP                  Varios               Altair               PRAIA V.0.1.1        1rd degree           UCAC4                SAT359               29 Oct 2014                                                  
   -20.3   -11.5  11.6  21.4    13   -20.3   -11.5  11.6  21.4    13   0.00 120.0  2.0   04 53 27.25593 +20 51 26.2731 03 07 09.0130 24 08 2001 2452145.6299654283 2001.645804149   4.8909044245  20.8572980756 16.8  48.7  53.1    59 Phoebe                0.6900 OHP                  Varios               Altair               PRAIA V.0.1.1        1rd degree           UCAC4                SAT359               10 Dec 2013                                                  
   -31.4   -21.9  33.7  23.2     7   -33.8   -33.6  31.9  39.6     8  12.50 120.0  2.0   04 53 41.58428 +20 51 43.3429 01 52 38.1172 25 08 2001 2452146.5782189486 2001.648400325   4.8948845217  20.8620397009 16.7  55.4  51.9    58 Phoebe                0.6900 OHP                  Varios               Altair               PRAIA V.0.1.1        1rd degree           UCAC4                SAT359               10 Dec 2013                                                  
   -55.0   -41.6  10.7  16.0    17   -59.6   -50.3  19.5  22.3    22  22.73 120.0  2.0   04 53 59.60346 +20 52  5.5696 07 24 52.1995 26 08 2001 2452147.8089374942 2001.651769849   4.8998898508  20.8682137681 16.8  48.6  50.7    35 Phoebe                0.0000 IAG/LNA              Varios               Altair               PRAIA V.0.1.1        1rd degree           UCAC4                SAT359               23 Jan 2014                                                  
   -20.1   -51.8  11.9  14.7    26   -18.6   -54.8  15.4  18.2    30  13.33 120.0  2.0   04 54 38.92441 +20 46 14.4036 05 17 41.1827 25 10 2001 2452207.7206155406 2001.815799084   4.9108123367  20.7706676609 16.3  61.9  68.7    14 Phoebe                0.0000 160/LNA              Varios               Altair               PRAIA V.0.1.1        1rd degree           UCAC4                JUP300               23 Jan 2014                                                  
   -30.3   -42.7  21.7  29.9    23   -25.8   -39.8  26.0  30.4    25   8.00 120.0  2.0   04 54 25.99474 +20 45 48.8553 04 45 01.4769 26 10 2001 2452208.6979337605 2001.818474835   4.9072207613  20.7635709210 16.4  53.8  68.9    16 Phoebe                0.0000 160/LNA              Varios               Altair               PRAIA V.0.1.1        1rd degree           UCAC4                JUP300               23 Jan 2014                                                  
   -74.6   -83.2  21.4  18.4    19   -74.6   -83.2  21.4  18.4    19   0.00 120.0  2.0   04 54 12.87681 +20 45 23.0734 03 53 16.2690 27 10 2001 2452209.6619938537 2001.821114288   4.9035768927  20.7564092822 16.4  37.4  51.7    19 Phoebe                0.0000 160/LNA              Varios               Altair               PRAIA V.0.1.1        1rd degree           UCAC4                JUP300               23 Jan 2014                                                  
   -40.7  -112.7  26.6  25.5    27   -41.6  -111.6  36.4  24.7    30  10.00 120.0  2.0   04 53 59.21703 +20 44 56.4502 03 20 09.9414 28 10 2001 2452210.6390039520 2001.823789196   4.8997825094  20.7490139466 16.4  44.1  65.7    13 Phoebe                0.0000 160/LNA              Varios               Altair               PRAIA V.0.1.1        1rd degree           UCAC4                JUP300               23 Jan 2014                                                  
    29.4     9.7  20.1  26.1    16    25.8    11.4  24.7  26.2    17   5.88 120.0  2.0   04 48 11.46258 +20 34 15.7373 01 38 49.3612 17 11 2001 2452230.5686268662 2001.878353530   4.8031840508  20.5710381367 16.2  46.5  47.7    35 Phoebe                0.6900 OHP                  Varios               Altair               PRAIA V.0.1.1        1rd degree           UCAC4                SAT359               10 Dec 2013                                                  
    -1.6    46.0  10.2  10.1    10    -1.6    46.0  10.2  10.1    10   0.00 120.0  2.0   04 47 51.04120 +20 33 39.3347 01 51 32.1900 18 11 2001 2452231.5774559029 2001.881115553   4.7975114442  20.5609263061 16.1  49.7  52.5    40 Phoebe                0.6900 OHP                  Varios               Altair               PRAIA V.0.1.1        1rd degree           UCAC4                SAT359               10 Dec 2013                                                  
    19.1     5.9  23.6  30.0     7    32.4     9.1  43.3  29.2     8  12.50 120.0  2.0   04 47  9.45997 +20 32 25.2968 02 29 01.5816 20 11 2001 2452233.6034905273 2001.886662534   4.7859611029  20.5403602114 16.1  47.9  33.6    42 Phoebe                0.6900 OHP                  Varios               Altair               PRAIA V.0.1.1        1rd degree           UCAC4                SAT359               29 Oct 2014                                                  
     9.5    14.1   7.8  12.1    14     9.2    17.5  23.2  22.5    21  33.33 120.0  2.0   04 46 52.82512 +20 31 55.6424 21 47 02.6443 20 11 2001 2452234.4076694944 2001.888864256   4.7813403109  20.5321228861 16.1  51.9  44.8    44 Phoebe                0.6900 OHP                  Varios               Altair               PRAIA V.0.1.1        1rd degree           UCAC4                SAT359               10 Dec 2013                                                  
    23.8    -8.6  19.8   8.5    10    20.8    -5.7  21.3  12.5    11   9.09 120.0  2.0   04 46 31.95848 +20 31 18.6440 21 44 39.5871 21 11 2001 2452235.4060137388 2001.891597573   4.7755440211  20.5218455470 16.2  57.0  50.4    39 Phoebe                0.6900 OHP                  Varios               Altair               PRAIA V.0.1.1        1rd degree           UCAC4                SAT359               10 Dec 2013                                                  
     3.7   -19.1  34.1   5.8     8    -4.2   -17.6  36.0  16.0    10  20.00 120.0  2.0   04 46 10.13284 +20 30 40.0786 22 36 47.5487 22 11 2001 2452236.4422169989 2001.894434543   4.7694813455  20.5111329507 16.2  50.5  51.3    30 Phoebe                0.6900 OHP                  Varios               Altair               PRAIA V.0.1.1        1rd degree           UCAC4                SAT359               10 Dec 2013                                                  
    -4.7    -1.3  16.0  19.3    16    -7.5    -6.9  35.5  36.0    20  20.00 120.0  2.0   04 45 49.46130 +20 30  3.5556 22 02 15.9605 23 11 2001 2452237.4182402836 2001.897106749   4.7637392501  20.5009876541 16.2  55.6  52.3    31 Phoebe                0.6900 OHP                  Varios               Altair               PRAIA V.0.1.1        1rd degree           UCAC4                SAT359               10 Dec 2013                                                  
    -7.9   -52.5  22.9  16.6    15    -7.9   -52.5  22.9  16.6    15   0.00 120.0  2.0   04 36 51.58769 +20 14 31.7965 20 49 35.7914 18 12 2001 2452262.3677753634 2001.965414853   4.6143299153  20.2421656892 16.1  60.6  47.5    24 Phoebe                0.6900 OHP                  Varios               Altair               PRAIA V.0.1.1        1rd degree           UCAC4                SAT359               10 Dec 2013                                                  
   -23.0   -10.9  23.9   6.3     7   -22.8   -14.9  22.2  12.8     8  12.50 120.0  2.0   04 36 30.83134 +20 13 56.8800 21 04 17.0399 19 12 2001 2452263.3779749987 2001.968180629   4.6085642617  20.2324666666 16.1  54.6  42.9    26 Phoebe                0.6900 OHP                  Varios               Altair               PRAIA V.0.1.1        1rd degree           UCAC4                SAT359               10 Dec 2013                                                  
   -36.1   -42.8  14.6   8.0    11   -36.1   -42.8  14.6   8.0    11   0.00 120.0  2.0   04 36 11.51531 +20 13 24.3620 19 51 29.2038 20 12 2001 2452264.3274213402 2001.970780072   4.6031986980  20.2234338775 16.2  60.4  49.6    25 Phoebe                0.6900 OHP                  Varios               Altair               PRAIA V.0.1.1        1rd degree           UCAC4                SAT359               10 Dec 2013                                                  
   -20.6   -26.6  25.5  14.3     5   -20.6   -26.6  25.5  14.3     5   0.00 120.0  2.0   04 35 51.48943 +20 12 50.8730 19 41 29.1682 21 12 2001 2452265.3204764840 2001.973498908   4.5976359514  20.2141313914 16.2  53.8  44.8    29 Phoebe                0.6900 OHP                  Varios               Altair               PRAIA V.0.1.1        1rd degree           UCAC4                SAT359               10 Dec 2013                                                  
   -22.9    13.8  21.4  23.2    10   -22.9    13.8  21.4  23.2    10   0.00 120.0  2.0   04 30 33.95998 +20 04 28.3488 18 21 33.3860 08 01 2002 2452283.2649697461 2002.022628253   4.5094333287  20.0745413199 16.4  48.3  44.3    31 Phoebe                0.6900 OHP                  Varios               Altair               PRAIA V.0.1.1        1rd degree           UCAC4                SAT359               10 Dec 2013                                                  
   -16.8   -18.0  29.5  17.3     6   -16.8   -18.0  29.5  17.3     6   0.00 120.0  2.0   04 30 18.77683 +20 04  6.6422 19 11 33.1934 09 01 2002 2452284.2996897381 2002.025461162   4.5052157857  20.0685117325 16.2  56.3  51.7    27 Phoebe                0.6900 OHP                  Varios               Altair               PRAIA V.0.1.1        1rd degree           UCAC4                SAT359               10 Dec 2013                                                  
    -4.2    32.4  16.5  10.1     5    -4.2    32.4  16.5  10.1     5   0.00 120.0  2.0   04 30  4.70300 +20 03 46.8803 18 50 36.3540 10 01 2002 2452285.2851429861 2002.028159186   4.5013063896  20.0630223112 16.4  47.2  56.0    27 Phoebe                0.6900 OHP                  Varios               Altair               PRAIA V.0.1.1        1rd degree           UCAC4                SAT359               10 Dec 2013                                                  
   -10.0     1.7  28.0  12.8     4   -10.0     1.7  28.0  12.8     4   0.00 120.0  2.0   04 29 50.95716 +20 03 27.8509 18 33 51.0303 11 01 2002 2452286.2735072952 2002.030865180   4.4974881010  20.0577363713 16.4  45.5  47.3    28 Phoebe                0.6900 OHP                  Varios               Altair               PRAIA V.0.1.1        1rd degree           UCAC4                SAT359               10 Dec 2013                                                  
    31.5    -8.3  10.5  13.7     6    31.5    -8.3  10.5  13.7     6   0.00 120.0  2.0   05 44 19.39726 +22 06 37.6550 01 32 32.5982 13 12 2002 2452621.5642661834 2002.948841249   5.7387214605  22.1104597272 15.8  49.3  52.3   122 Phoebe                0.6900 OHP                  Varios               Altair               PRAIA V.0.1.1        1rd degree           UCAC4                SAT359               10 Dec 2013                                                  
    -4.0    33.8  50.7  14.4     8    -7.2    39.1  48.4  21.0     9  11.11 120.0  2.0   05 43 21.30020 +22 06 38.5083 23 09 50.0425 15 12 2002 2452624.4651625287 2002.956783470   5.7225833894  22.1106967440 15.9  44.6  47.7   104 Phoebe                0.6900 OHP                  Varios               Altair               PRAIA V.0.1.1        1rd degree           UCAC4                SAT359               29 Oct 2014                                                  
    57.8   -27.2  22.9  16.5     6    57.8   -27.2  22.9  16.5     6   0.00 120.0  2.0   05 39  1.40657 +22 06 40.4514 22 10 12.5050 28 12 2002 2452637.4237558451 2002.992262165   5.6503907150  22.1112364975 16.1  52.8  44.8    66 Phoebe                0.6900 OHP                  Varios               Altair               PRAIA V.0.1.1        1rd degree           UCAC4                SAT359               10 Dec 2013                                                  
    16.3   -31.1   9.8  16.4     7    22.1   -31.0  18.8  15.2     8  12.50 120.0  2.0   05 38 41.18440 +22 06 40.6621 22 54 12.5030 29 12 2002 2452638.4543113774 2002.995083672   5.6447734443  22.1112950304 16.1  50.3  52.6    74 Phoebe                0.6900 OHP                  Varios               Altair               PRAIA V.0.1.1        1rd degree           UCAC4                SAT359               10 Dec 2013                                                  
    23.3    14.6  12.0  19.5     9    22.8    18.1  19.2  26.5    11  18.18 120.0  2.0   05 30 40.65756 +22 07 39.5939 20 56 59.3844 28 01 2003 2452668.3729095412 2003.076996330   5.5112937659  22.1276649680 16.3  48.6  50.3   103 Phoebe                0.6900 OHP                  Varios               Altair               PRAIA V.0.1.1        1rd degree           UCAC4                SAT359               10 Dec 2013                                                  
    10.1    42.0  22.8  16.3     7    10.1    42.0  22.8  16.3     7   0.00 120.0  2.0   05 28 23.73833 +22 12 35.2810 18 49 13.1615 28 02 2003 2452699.2841801099 2003.161626776   5.4732606480  22.2098002723 16.4  46.6  49.6   111 Phoebe                0.6900 OHP                  Varios               Altair               PRAIA V.0.1.1        1rd degree           UCAC4                SAT359               10 Dec 2013                                                  
    -6.3    24.0  14.9  19.4     7    -6.3    24.0  14.9  19.4     7   0.00 120.0  2.0   05 32 21.46944 +22 20 36.6210 19 45 58.3071 27 03 2003 2452726.3235915173 2003.235656650   5.5392970660  22.3435058323 16.6  50.0  48.7    95 Phoebe                0.6900 OHP                  Varios               Altair               PRAIA V.0.1.1        1rd degree           UCAC4                SAT359               10 Dec 2013                                                  
     0.5   -34.5  18.0  11.6     8     6.8   -40.7  22.9  17.0    10  20.00 120.0  2.0   06 33 14.95917 +22 30 51.4355 20 37 58.2676 19 01 2004 2453024.3597021713 2004.051635050   6.5541553251  22.5142876381 15.9  52.0  53.0   163 Phoebe                0.6900 OHP                  Varios               Altair               PRAIA V.0.1.1        1rd degree           UCAC4                SAT359               10 Dec 2013                                                  
    23.7   -38.8  46.8  36.0    14    22.5   -52.6  59.6  50.8    16  12.50 120.0  2.0   06 32 56.32694 +22 31 15.7710 21 31 52.2236 20 01 2004 2453025.3971322170 2004.054475379   6.5489797054  22.5210475000 15.8  50.9  49.9   124 Phoebe                0.6900 OHP                  Varios               Altair               PRAIA V.0.1.1        1rd degree           UCAC4                SAT359               10 Dec 2013                                                  
    50.2   -21.5  31.5  41.7    12    27.7    -0.4  75.7  65.5    16  25.00 120.0  2.0   06 32 37.98291 +22 31 39.8648 22 25 00.2893 21 01 2004 2453026.4340311256 2004.057314253   6.5438841430  22.5277402327 16.0  50.4  49.2   170 Phoebe                0.6900 OHP                  Varios               Altair               PRAIA V.0.1.1        1rd degree           UCAC4                SAT359               29 Oct 2014                                                  
    18.6   -45.3  12.9  16.1     8    31.3   -41.9  49.1  36.3    14  42.86 120.0  2.0   06 32 21.66987 +22 32  1.4338 20 55 33.9125 22 01 2004 2453027.3719202839 2004.059882054   6.5393527429  22.5337315985 15.9  50.5  48.7   176 Phoebe                0.6900 OHP                  Varios               Altair               PRAIA V.0.1.1        1rd degree           UCAC4                SAT359               10 Dec 2013                                                  
    11.4   -16.6  24.4  29.2     5    11.4   -16.6  24.4  29.2     5   0.00 120.0  2.0   07 54 35.56775 +20 44 16.8156 07 28 23.3041 09 10 2004 2453287.8113808339 2004.772926436   7.9098799306  20.7380043210 16.5  43.0  48.6    32 Phoebe                0.0000 IAG/LNA              Varios               Altair               PRAIA V.0.1.1        1rd degree           UCAC4                SAT359               23 Jan 2014                                                  
     4.9    16.7  20.7  16.4     9     9.8    15.8  55.6  36.7    13  30.77 120.0  2.0   07 26 34.34012 +22 00 56.4381 20 13 01.9499 07 03 2005 2453437.3423836790 2005.182320010   7.4428722556  22.0156772556 16.3  50.8  44.2    69 Phoebe                0.6900 OHP                  Varios               Altair               PRAIA V.0.1.1        1rd degree           UCAC4                SAT359               10 Dec 2013                                                  
    -8.3    -1.2  15.6   8.7     8    -7.6     9.9  14.3  27.9    10  20.00 120.0  2.0   07 26 27.51130 +22 01 14.0311 19 31 44.3614 08 03 2005 2453438.3137078863 2005.184979350   7.4409753610  22.0205641875 16.4  45.9  44.1    67 Phoebe                0.6900 OHP                  Varios               Altair               PRAIA V.0.1.1        1rd degree           UCAC4                SAT359               10 Dec 2013                                                  
    -0.9    -2.8  13.4  30.0    10    -6.2    -6.3  21.7  30.7    11   9.09 120.0  2.0   07 26 20.84549 +22 01 31.4120 19 51 35.1589 09 03 2005 2453439.3274902650 2005.187754935   7.4391237479  22.0253922177 16.4  48.7  42.6    63 Phoebe                0.6900 OHP                  Varios               Altair               PRAIA V.0.1.1        1rd degree           UCAC4                SAT359               10 Dec 2013                                                  
   -20.1    -6.8   9.4  15.2     9   -22.9    10.6  12.5  56.8    10  10.00 120.0  2.0   07 26 14.89715 +22 01 47.1781 19 17 34.7978 10 03 2005 2453440.3038749746 2005.190428131   7.4374714299  22.0297717073 16.4  51.1  44.7    72 Phoebe                0.6900 OHP                  Varios               Altair               PRAIA V.0.1.1        1rd degree           UCAC4                SAT359               10 Dec 2013                                                  
    21.3    47.0  27.3  14.7     7    58.5    84.5 108.2 106.9     8  12.50 120.0  2.0   07 26  3.44991 +22 03 29.2603 21 29 58.6830 01 04 2005 2453462.3958180901 2005.250912575   7.4342916413  22.0581278664 16.5  51.9  45.3    74 Phoebe                0.6900 OHP                  Varios               Altair               PRAIA V.0.1.1        1rd degree           UCAC4                SAT359               10 Dec 2013                                                  
    23.8    -3.1  28.8  27.9    18    22.6    -3.2  32.8  37.0    20  10.00 120.0  2.0   07 26  3.93503 +22 03 29.6642 23 53 14.2522 01 04 2005 2453462.4953038450 2005.251184952   7.4344263959  22.0582400550 16.6  56.9  56.1    51 Phoebe                0.0000 IAG/LNA              Varios               Altair               PRAIA V.0.1.1        1rd degree           UCAC4                SAT359               23 Jan 2014                                                  
    20.4    21.5  27.6  23.2     8    20.4    21.5  27.6  23.2     8   0.00 120.0  2.0   07 26  8.28674 +22 03 22.7715 20 26 15.2237 02 04 2005 2453463.3515650886 2005.253529267   7.4356352049  22.0563254042 16.6  50.0  44.5    78 Phoebe                0.6900 OHP                  Varios               Altair               PRAIA V.0.1.1        1rd degree           UCAC4                SAT359               10 Dec 2013                                                  
     8.9   -25.0  25.1  36.4    31    10.6   -29.5  31.3  47.4    35  11.43 120.0  2.0   07 26 14.49093 +22 03 15.0189 23 17 36.5087 03 04 2005 2453464.4705614434 2005.256592912   7.4373585906  22.0541719190 16.6  52.3  53.2    49 Phoebe                0.0000 IAG/LNA              Varios               Altair               PRAIA V.0.1.1        1rd degree           UCAC4                SAT359               23 Jan 2014                                                  
     9.0    -6.2  17.1  46.1    20    26.5   -17.7  43.2  61.0    27  25.93 120.0  2.0   07 26 20.47369 +22 03  6.2723 23 01 42.0636 04 04 2005 2453465.4595146244 2005.259300519   7.4390204691  22.0517423119 16.6  50.3  54.3    56 Phoebe                0.0000 IAG/LNA              Varios               Altair               PRAIA V.0.1.1        1rd degree           UCAC4                SAT359               23 Jan 2014                                                  
     1.8    26.0  23.3  16.3     6     1.8    26.0  23.3  16.3     6   0.00 120.0  2.0   07 26 32.91230 +22 02 46.2612 19 26 18.5333 06 04 2005 2453467.3099367283 2005.264366698   7.4424756398  22.0461836610 16.4  48.0  46.2    73 Phoebe                0.6900 OHP                  Varios               Altair               PRAIA V.0.1.1        1rd degree           UCAC4                SAT359               10 Dec 2013                                                  
    -1.5    29.8  16.2   5.8     6   -27.1    22.2  49.4  28.1     9  33.33 120.0  2.0   07 26 48.44702 +22 02 21.4140 20 18 40.8633 08 04 2005 2453469.3463062881 2005.269941974   7.4467908380  22.0392816698 16.5  46.8  47.2    83 Phoebe                0.6900 OHP                  Varios               Altair               PRAIA V.0.1.1        1rd degree           UCAC4                SAT359               10 Dec 2013                                                  
    19.1     6.4  18.3   9.4     7     1.9    -9.1  51.7  44.8     8  12.50 120.0  2.0   07 27 24.33161 +22 01 21.2102 19 40 17.4086 12 04 2005 2453473.3196459329 2005.280820385   7.4567587819  22.0225583920 16.5  50.0  48.0    78 Phoebe                0.6900 OHP                  Varios               Altair               PRAIA V.0.1.1        1rd degree           UCAC4                SAT359               10 Dec 2013                                                  
    -6.0   -18.3  32.6  25.8     6    -6.0   -18.3  32.6  25.8     6   0.00 120.0  2.0   07 27 34.51447 +22 01  3.5541 19 42 52.7017 13 04 2005 2453474.3214433067 2005.283563157   7.4595873525  22.0176539152 16.6  43.8  46.3    57 Phoebe                0.6900 OHP                  Varios               Altair               PRAIA V.0.1.1        1rd degree           UCAC4                SAT359               10 Dec 2013                                                  
    -3.9    -8.9  23.4  13.1     7    -3.9    -8.9  23.4  13.1     7   0.00 120.0  2.0   07 27 45.04445 +22 00 45.1504 19 30 54.0500 14 04 2005 2453475.3131255787 2005.286278235   7.4625123470  22.0125417856 16.5  49.6  43.1    58 Phoebe                0.6900 OHP                  Varios               Altair               PRAIA V.0.1.1        1rd degree           UCAC4                SAT359               10 Dec 2013                                                  
    -6.7     5.7  10.7  33.7     6    -2.3    13.8  38.8  57.0     8  25.00 120.0  2.0   07 32 46.77883 +21 51 10.0203 20 20 50.1366 04 05 2005 2453495.3478025068 2005.341130191   7.5463274523  21.8527834138 16.6  45.8  52.5    61 Phoebe                0.6900 OHP                  Varios               Altair               PRAIA V.0.1.1        1rd degree           UCAC4                SAT359               10 Dec 2013                                                  
    13.1   -17.9  37.7  36.9     7    13.1   -17.9  37.7  36.9     7   0.00 120.0  2.0   07 33  6.14525 +21 50 30.9687 20 31 41.3386 05 05 2005 2453496.3553395672 2005.343888677   7.5517070137  21.8419357616 16.8  45.1  44.3    60 Phoebe                0.6900 OHP                  Varios               Altair               PRAIA V.0.1.1        1rd degree           UCAC4                SAT359               10 Dec 2013                                                  
     2.6     7.7  36.0  23.4     9     2.6     7.7  36.0  23.4     9   0.00 120.0  2.0   07 34  5.84074 +21 48 29.4631 20 20 30.7587 08 05 2005 2453499.3475782257 2005.352080980   7.5682890937  21.8081841822 16.7  46.6  45.2    61 Phoebe                0.6900 OHP                  Varios               Altair               PRAIA V.0.1.1        1rd degree           UCAC4                SAT359               10 Dec 2013                                                  
   -74.9   -68.2  25.1  21.9     9   -66.7   -66.3  35.1  21.5    10  10.00 120.0  2.0   08 33 11.67179 +19 36  7.7167 01 21 22.6966 01 03 2006 2453795.5565126920 2006.163056845   8.5532421642  19.6021435356 16.3  46.4  50.0    21 Phoebe                0.0000 IAG/LNA              Varios               Altair               PRAIA V.0.1.1        1rd degree           UCAC4                SAT359               23 Jan 2014                                                  
    -1.7   -40.8  14.8  23.2    10    -1.7   -40.8  14.8  23.2    10   0.00 120.0  2.0   08 30  5.78886 +19 47 32.3882 23 03 59.2461 14 03 2006 2453809.4611023851 2006.201125537   8.5016080166  19.7923300582 16.3  49.5  57.5    16 Phoebe                0.0000 IAG/LNA              Varios               Altair               PRAIA V.0.1.1        1rd degree           UCAC4                SAT359               23 Jan 2014                                                  
  -123.1   167.4  61.5  28.2    11  -115.9   168.1  56.4  74.8    14  21.43 120.0  2.0   09 35 11.20495 +15 42  9.5137 01 45 29.3946 17 02 2007 2454148.5732568819 2007.129564016   9.5864458185  15.7026426859 16.2   1.9  17.7     3 Phoebe                0.0000 160/LNA              Varios               Altair               PRAIA V.0.1.1        1rd degree           UCAC4                JUP300               23 Jan 2014                                                  
   -36.3     2.0  27.5  13.5     4   -36.3     2.0  27.5  13.5     4   0.00 120.0  2.0   09 25  3.77390 +16 33 26.6907 03 00 04.0949 12 04 2007 2454202.6250473950 2007.277549753   9.4177149727  16.5574140755 16.4  29.8  31.8   305 Phoebe                0.2800 ESO                  Varios               Altair               PRAIA V.0.1.1        1rd degree           UCAC4                sat359l+de421        22 Nov 2014                                                  
    20.1   -70.7  30.1  19.4    34    14.9   -67.8  32.5  27.8    40  15.00 120.0  2.0   09 24 59.30387 +16 33 47.3267 01 09 42.7644 15 04 2007 2454205.5484116250 2007.285553488   9.4164732967  16.5631462955 16.4  58.6  57.6    15 Phoebe                0.0000 IAG/LNA              Varios               Altair               PRAIA V.0.1.1        1rd degree           UCAC4                SAT359               23 Jan 2014                                                  
    29.5   -99.6  19.0   8.5     8    31.2   -96.7  20.3  25.1    10  20.00 120.0  2.0   09 24 58.56764 +16 33 50.5406 01 17 08.6925 16 04 2007 2454206.5535728298 2007.288305469   9.4162687884  16.5640390575 16.6  67.3  57.6    13 Phoebe                0.0000 IAG/LNA              Varios               Altair               PRAIA V.0.1.1        1rd degree           UCAC4                SAT359               23 Jan 2014                                                  
    24.6   -60.4  37.2  30.6    19    33.9   -64.4  45.9  31.7    21   9.52 120.0  2.0   09 24 58.33457 +16 33 50.9493 02 22 24.8379 18 04 2007 2454208.5988985868 2007.293905266   9.4162040472  16.5641525805 16.6  60.2  60.0    16 Phoebe                0.0000 Zeiss/LNA            Varios               Altair               PRAIA V.0.1.1        1rd degree           UCAC4                SAT359               23 Jan 2014                                                  
    33.1   -65.4  36.9  28.4    19    27.9   -60.9  42.8  34.3    20   5.00 120.0  2.0   09 24 58.33519 +16 33 50.9427 02 23 07.6126 18 04 2007 2454208.5993936649 2007.293906621   9.4162042207  16.5641507466 16.6  60.2  59.2    15 Phoebe                0.0000 IAG/LNA              Varios               Altair               PRAIA V.0.1.1        1rd degree           UCAC4                SAT359               23 Jan 2014                                                  
    17.5   -85.4  33.2  40.4    15    57.7  -115.1 140.1 164.9    19  21.05  80.0  2.0   09 24 58.83266 +16 33 48.3104 01 25 13.9441 19 04 2007 2454209.5591891673 2007.296534398   9.4163424049  16.5634195547 16.7  61.5  56.8    16 Phoebe                0.0000 IAG/LNA              varios               Altair               PRAIA V.0.1.1        1rd degree           UCAC4                SAT359L              01 Aug 2014          Irregular                               
     3.9   -72.4  26.3  32.3    40    -1.9   -73.6  47.1  48.8    47  14.89 120.0  2.0   09 24 59.68107 +16 33 44.1232 23 28 52.8437 19 04 2007 2454210.4783893954 2007.299051031   9.4165780750  16.5622564582 16.6  58.0  57.6    17 Phoebe                0.0000 IAG/LNA              Varios               Altair               PRAIA V.0.1.1        1rd degree           UCAC4                SAT359               23 Jan 2014                                                  
    -2.8   -41.6  29.8   3.9     8    -7.8   -29.6  28.0  20.2    12  33.33 120.0  2.0   09 25  6.99222 +16 33  6.4599 21 07 09.4624 23 04 2007 2454214.3799706297 2007.309732979   9.4186089491  16.5517944227 16.6  55.4  50.8    17 Phoebe                0.6900 OHP                  Varios               Altair               PRAIA V.0.1.1        1rd degree           UCAC4                SAT359               10 Dec 2013                                                  
    45.9   -88.2  24.4  28.2    24    38.6   -67.6  78.5  65.1    33  27.27 120.0  2.0   10 16 40.07214 +12 31  6.2046 23 41 41.8438 24 05 2008 2454611.4872898585 2008.396953565  10.2777978158  12.5183901792 16.9  56.3  52.4    14 Phoebe                0.0000 IAG/LNA              Varios               Altair               PRAIA V.0.1.1        1rd degree           UCAC4                SAT359               23 Jan 2014                                                  
    84.0   -27.5  16.2  28.2    20    77.9   -30.9  26.2  29.2    22   9.09 120.0  2.0   10 16 59.98779 +12 28 59.1527 23 08 05.2304 26 05 2008 2454613.4639494265 2008.402365364  10.2833299425  12.4830979615 17.2  59.9  64.2    16 Phoebe                0.0000 IAG/LNA              Varios               Altair               PRAIA V.0.1.1        1rd degree           UCAC4                SAT359               23 Jan 2014                                                  
    43.7   -65.9  75.3  21.6    12    43.7   -65.9  75.3  21.6    12   0.00 120.0  2.0   10 17 10.23672 +12 27 54.1941 22 14 53.8376 27 05 2008 2454614.4270120091 2008.405002086  10.2861768669  12.4650539298 17.1  65.7  56.9    10 Phoebe                0.0000 IAG/LNA              Varios               Altair               PRAIA V.0.1.1        1rd degree           UCAC4                SAT359               23 Jan 2014                                                  
   142.0   -14.0  77.9  48.4     3   142.0   -14.0  77.9  48.4     3   0.00 120.0  2.0   10 18 23.58476 +12 20 15.4507 01 25 26.8006 03 06 2008 2454620.5593379699 2008.421791479  10.3065513223  12.3376251930 16.8   7.0   6.0   108 Phoebe                0.2800 ESO                  Varios               Altair               PRAIA V.0.1.1        1rd degree           UCAC4                sat359l+de421        22 Nov 2014                                                  
    71.4    45.8  34.8  32.2     5    71.4    45.8  34.8  32.2     5   0.00 120.0  2.0   10 19  3.31848 +12 16 10.4829 23 24 37.1836 05 06 2008 2454623.4754303661 2008.429775305  10.3175884662  12.2695785898 16.6  15.6  16.4   446 Phoebe                0.2800 ESO                  Varios               Altair               PRAIA V.0.1.1        1rd degree           UCAC4                sat359l+de421        22 Nov 2014                                                  
   -60.1   -60.4  16.0  21.8    10   -60.1   -60.4  16.0  21.8    10   0.00 120.0  2.0   11 05 40.09871 +08 10 39.0163 02 06 44.3636 22 05 2009 2454973.5880134678 2009.388331316  11.0944718642   8.1775045149 16.1  22.8  22.4   415 Phoebe                0.2800 ESO                  Varios               Altair               PRAIA V.0.1.1        1rd degree           UCAC4                sat359l+de421        22 Nov 2014                                                  
  -107.6  -104.5  19.9  28.9    10  -107.6  -104.5  19.9  28.9    10   0.00 120.0  2.0   11 05 42.71278 +08 09 56.6098 02 02 21.7895 24 05 2009 2454975.5849744151 2009.393798697  11.0951979953   8.1657249469 16.3  24.2  26.3   286 Phoebe                0.2800 ESO                  Varios               Altair               PRAIA V.0.1.1        1rd degree           UCAC4                sat359l+de421        22 Nov 2014                                                  
    -3.9   -72.2  32.8  19.9    14    24.0    -0.1 270.1 258.9    21  33.33 120.0  2.0   11 09 10.91765 +07 42  9.0064 23 08 49.9487 21 06 2009 2455004.4644669984 2009.472866439  11.1530326799   7.7025017696 17.0  26.9  24.1     4 Phoebe                0.0000 160/LNA              Varios               Altair               PRAIA V.0.1.1        1rd degree           UCAC4                JUP300               23 Jan 2014                                                  
    13.8   -84.6  70.1  32.5     5    13.8   -84.6  70.1  32.5     5   0.00 120.0  2.0   11 17 39.34898 +06 43 41.3270 22 19 46.7739 21 07 2009 2455034.4304024759 2009.554908699  11.2942636056   6.7281463918 17.1  51.4  62.8     9 Phoebe                0.0000 IAG/LNA              Varios               Altair               PRAIA V.0.1.1        1rd degree           UCAC4                SAT359               23 Jan 2014                                                  
    61.9   -33.9  51.4  11.4    26    66.5   -21.1  58.6  32.8    38  31.58  80.0  2.0   12 16 58.10524 +00 51 30.9671 06 25 19.8793 21 02 2010 2455248.7675911952 2010.141731940  12.2828070113   0.8586019746 16.3  64.3  52.1     6 Phoebe                0.0000 IAG/LNA              varios               Altair               PRAIA V.0.1.1        1rd degree           UCAC4                SAT359L              01 Aug 2014          Irregular                               
    31.6     0.9  25.8  27.8    54    47.3    -4.8  58.9  39.5    86  37.21  80.0  2.0   12 16 46.11172 +00 53  2.2979 05 55 15.3160 22 02 2010 2455249.7467050469 2010.144412607  12.2794754777   0.8839716264 16.4  62.2  61.8     9 Phoebe                0.0000 IAG/LNA              varios               Altair               PRAIA V.0.1.1        1rd degree           UCAC4                SAT359L              01 Aug 2014          Irregular                               
    16.0    -6.0  22.4  17.7    38    38.3   -10.2  68.6  29.9    55  30.91  80.0  2.0   12 16 33.28461 +00 54 39.2449 06 29 33.7866 23 02 2010 2455250.7705299375 2010.147215687  12.2759123913   0.9109013696 16.1  57.6  41.2     9 Phoebe                0.0000 IAG/LNA              varios               Altair               PRAIA V.0.1.1        1rd degree           UCAC4                SAT359L              01 Aug 2014          Irregular                               
    -0.5    44.0  27.3  18.9    30     8.6    27.4  51.4  43.0    38  21.05 120.0  2.0   11 59 23.46318 +02 48 48.1060 23 55 47.5000 03 05 2010 2455320.4970775465 2010.338116571  11.9898508832   2.8133627777 16.7  54.2  56.3    11 Phoebe                0.0000 IAG/LNA              Varios               Altair               PRAIA V.0.1.1        1rd degree           UCAC4                SAT359               23 Jan 2014                                                  
   -64.5    31.2  39.5  13.6    16   -67.4    31.5  38.3  18.8    18  11.11 120.0  2.0   11 59 14.17848 +02 49 40.8012 22 15 47.4375 04 05 2010 2455321.4276323789 2010.340664291  11.9872718006   2.8280003381 16.8  55.1  50.6    14 Phoebe                0.0000 IAG/LNA              Varios               Altair               PRAIA V.0.1.1        1rd degree           UCAC4                SAT359               23 Jan 2014                                                  
   -69.6    40.1  10.4  24.1    19   -64.6    40.1  33.2  30.8    28  32.14 120.0  2.0   11 58 54.05370 +02 51 33.1065 00 44 56.8421 07 05 2010 2455323.5312134507 2010.346423582  11.9816815829   2.8591962415 16.9  72.1  57.1     6 Phoebe                0.0000 IAG/LNA              Varios               Altair               PRAIA V.0.1.1        1rd degree           UCAC4                SAT359               23 Jan 2014                                                  
     3.2    73.2  66.7  11.2    14   -11.2    57.7  66.4  34.9    18  22.22 120.0  2.0   11 58 44.49965 +02 52 25.6723 01 59 46.0714 08 05 2010 2455324.5831721229 2010.349303688  11.9790276808   2.8737978691 16.8  60.9  45.4     7 Phoebe                0.0000 IAG/LNA              Varios               Altair               PRAIA V.0.1.1        1rd degree           UCAC4                SAT359               23 Jan 2014                                                  
   -47.4    35.6   3.7  25.3    35   -31.2     3.7 111.6 135.5    49  28.57 120.0  2.0   11 56 48.82399 +02 59 22.9681 22 35 46.9143 06 06 2010 2455354.4415152119 2010.431051376  11.9468955529   2.9897133545 16.8  45.4  76.8     4 Phoebe                0.0000 160/LNA              Varios               Altair               PRAIA V.0.1.1        1rd degree           UCAC4                JUP300               23 Jan 2014                                                  
   -22.3    -6.8  13.6   9.1    38   -25.4    -6.2  45.5  18.4    50  24.00 120.0  2.0   11 57 11.23605 +02 55 16.3424 22 56 35.5527 14 06 2010 2455362.4559670449 2010.452993749  11.9531211249   2.9212062163 17.0  54.5  37.5     4 Phoebe                0.0000 160/LNA              Varios               Altair               PRAIA V.0.1.1        1rd degree           UCAC4                JUP300               23 Jan 2014                                                  
   -26.9    11.7   3.9   4.3    18   -26.5    11.1   7.8   4.2    22  18.18 120.0  2.0   11 57 15.79716 +02 54 33.5136 23 52 05.6111 15 06 2010 2455363.4945093878 2010.455837123  11.9543880986   2.9093093379 17.0  35.2  42.9     5 Phoebe                0.0000 160/LNA              Varios               Altair               PRAIA V.0.1.1        1rd degree           UCAC4                JUP300               23 Jan 2014                                                  
   -39.1    32.8   7.1   4.4    19   -36.9    33.2  11.9   4.5    20   5.00 120.0  2.0   11 57 25.19003 +02 53  8.6923 21 32 22.9474 17 06 2010 2455365.3974878169 2010.461047194  11.9569972317   2.8857478569 17.0  54.5  26.7     5 Phoebe                0.0000 160/LNA              Varios               Altair               PRAIA V.0.1.1        1rd degree           UCAC4                JUP300               23 Jan 2014                                                  
   -30.6    33.0   8.2   7.3     5   -30.6    33.0   8.2   7.3     5   0.00 120.0  2.0   11 57 30.92585 +02 52 17.9493 22 57 14.6000 18 06 2010 2455366.4564189818 2010.463946390  11.9585905136   2.8716525764 16.9   0.0   0.0     3 Phoebe                0.0000 160/LNA              Varios               Altair               PRAIA V.0.1.1        1rd degree           UCAC4                JUP300               23 Jan 2014                                                  
    17.1    24.9  22.8  12.4    25    17.1    24.2  27.1  12.3    27   7.41 120.0  2.0   11 59 43.18668 +02 34 42.7161 21 52 51.2000 04 07 2010 2455382.4117037035 2010.507629578  11.9953296339   2.5785322480 17.0  59.7  42.1    14 Phoebe                0.0000 IAG/LNA              Varios               Altair               PRAIA V.0.1.1        1rd degree           UCAC4                SAT359               23 Jan 2014                                                  
    30.8    19.7  28.0  18.9    24    28.6    23.7  31.3  27.4    30  20.00 120.0  2.0   11 59 55.18930 +02 33 11.6898 00 00 36.4583 06 07 2010 2455383.5004219711 2010.510610327  11.9986636937   2.5532471766 17.2  54.9  42.0    13 Phoebe                0.0000 IAG/LNA              Varios               Altair               PRAIA V.0.1.1        1rd degree           UCAC4                SAT359               23 Jan 2014                                                  
     8.1    11.5  26.0  27.4    19    12.6    11.9  32.3  26.8    20   5.00 120.0  2.0   12 00  6.54125 +02 31 46.1751 23 58 31.2632 06 07 2010 2455384.4989729538 2010.513344210  12.0018170138   2.5294930836 17.1  53.0  43.1    12 Phoebe                0.0000 IAG/LNA              Varios               Altair               PRAIA V.0.1.1        1rd degree           UCAC4                SAT359               23 Jan 2014                                                  
    40.7   -55.6  56.2  45.9    29    61.9   -17.6  97.2 174.3    42  30.95 120.0  2.0   12 42 29.25239 -01 44 13.3606 22 49 43.5862 23 05 2011 2455705.4511989146 2011.392063515  12.7081256635  -1.7370446064 16.8  49.2  65.3    12 Phoebe                0.0000 IAG/LNA              Varios               Altair               PRAIA V.0.1.1        1rd degree           UCAC4                SAT359               23 Jan 2014                                                  
   180.4  -179.6  19.6   9.1     5   180.4  -179.6  19.6   9.1     5   0.00 120.0  2.0   12 41 36.21270 -01 41 56.8791 23 17 36.0000 05 06 2011 2455718.4705555560 2011.427708571  12.6933924180  -1.6991330734 16.8   0.0   0.0     3 Phoebe                0.0000 160/LNA              Varios               Altair               PRAIA V.0.1.1        1rd degree           UCAC4                JUP300               23 Jan 2014                                                  
    21.5   -48.4  20.0  15.1    25    29.9   -49.8  45.7  20.8    30  16.67 120.0  2.0   13 28 24.57810 -06 18 58.3761 01 48 35.4800 24 05 2012 2456071.5754106478 2012.394456976  13.4734939163  -6.3162155711 16.6  59.6  60.9    15 Phoebe                0.0000 IAG/LNA              Varios               Altair               PRAIA V.0.1.1        1rd degree           UCAC4                SAT359               23 Jan 2014                                                  
   -29.4   -28.6  58.0  19.3     5    81.8   -36.5 440.2  58.4     8  37.50 120.0  2.0   13 28 14.75340 -06 18 12.0715 22 36 39.7999 24 05 2012 2456072.4421273139 2012.396829917  13.4707648336  -6.3033532062 16.9  59.6  48.8    16 Phoebe                0.0000 IAG/LNA              Varios               Altair               PRAIA V.0.1.1        1rd degree           UCAC4                SAT359               23 Jan 2014                                                  
   -48.7   -70.8  16.4  23.7    24   -57.0   -66.0  87.7  24.8    30  20.00 120.0  2.0   13 27 52.31490 -06 16 28.7816 23 48 13.4375 26 05 2012 2456074.4918221938 2012.402441676  13.4645319169  -6.2746615682 16.7  60.4  55.3    15 Phoebe                0.0000 IAG/LNA              Varios               Altair               PRAIA V.0.1.1        1rd degree           UCAC4                SAT359               23 Jan 2014                                                  
   -90.1   -74.8  28.9  25.9    26  -100.8   -73.7  42.1  28.1    30  13.33 120.0  2.0   13 27 42.42295 -06 15 43.9841 22 31 38.6538 27 05 2012 2456075.4386418271 2012.405033927  13.4617841533  -6.2622178121 16.7  62.7  58.9    17 Phoebe                0.0000 IAG/LNA              Varios               Altair               PRAIA V.0.1.1        1rd degree           UCAC4                SAT359               23 Jan 2014                                                  
   -25.0   -39.0  71.8  27.0     9    -2.9   -50.2  97.3  43.6    10  10.00 120.0  2.0   13 27 31.14026 -06 14 53.8518 01 09 37.4444 29 05 2012 2456076.5483500510 2012.408072142  13.4586500720  -6.2482921603 16.7  53.0  48.9    10 Phoebe                0.0000 IAG/LNA              Varios               Altair               PRAIA V.0.1.1        1rd degree           UCAC4                SAT359               23 Jan 2014                                                  
   102.6    46.9  14.2  14.3    17   105.0    45.8  17.2  14.6    18   5.56  80.0  2.0   13 25 56.07576 -06 18  9.7966 22 13 45.7648 10 07 2012 2456119.4262241293 2012.525465363  13.4322432673  -6.3027212779 16.8  46.4  49.7    14 Phoebe                0.0000 IAG/LNA              varios               Altair               PRAIA V.0.1.1        1rd degree           UCAC4                SAT359L              01 Aug 2014          Irregular                               
    84.5   -91.5  18.7  16.2    13    80.3   -88.9  22.5  19.9    15  13.33  80.0  2.0   13 27 13.90621 -06 28 57.4709 00 23 34.8283 21 07 2012 2456129.5163753279 2012.553090692  13.4538628356  -6.4826308034 16.9  63.2  61.9    12 Phoebe                0.0000 IAG/LNA              varios               Altair               PRAIA V.0.1.1        1rd degree           UCAC4                SAT359L              01 Aug 2014          Irregular                               
    60.3  -120.3  27.0  26.2    16    60.3  -120.3  27.0  26.2    16   0.00  80.0  2.0   13 27 22.81702 -06 30  6.6938 22 20 56.0813 21 07 2012 2456130.4312046450 2012.555595358  13.4563380604  -6.5018593893 17.1  47.4  48.3    10 Phoebe                0.0000 IAG/LNA              varios               Altair               PRAIA V.0.1.1        1rd degree           UCAC4                SAT359L              01 Aug 2014          Irregular                               
   -12.2    40.7  41.3  33.7    28   -19.1     4.1 105.2  84.0    40  30.00  80.0  2.0   14 26  4.87378 -11 38 59.1231 01 49 20.7464 03 05 2013 2456415.5759345652 2013.336279081  14.4346871608 -11.6497564129 16.6  53.9  57.7    20 Phoebe                0.0000 IAG/LNA              varios               Altair               PRAIA V.0.1.1        1rd degree           UCAC4                SAT359L              01 Aug 2014          Irregular                               
   -17.4    31.3  28.4  17.5    20    -1.2    27.1  99.1  21.9    29  31.03  80.0  2.0   14 25 48.30659 -11 37 37.0191 23 13 16.7682 03 05 2013 2456416.4675551876 2013.338720205  14.4300851646 -11.6269497389 16.6  53.3  68.8    18 Phoebe                0.0000 IAG/LNA              varios               Altair               PRAIA V.0.1.1        1rd degree           UCAC4                SAT359L              01 Aug 2014          Irregular                               
    16.0    25.8  16.5  16.7    12   -14.5    23.0 105.3  29.1    17  29.41  80.0  2.0   14 25 26.82725 -11 35 51.4590 02 53 13.6836 05 05 2013 2456417.6202972643 2013.341876241  14.4241186800 -11.5976275043 16.7  57.4  57.8    17 Phoebe                0.0000 IAG/LNA              varios               Altair               PRAIA V.0.1.1        1rd degree           UCAC4                SAT359L              01 Aug 2014          Irregular                               
    79.7   -25.7  60.5  20.6     7    60.4   -28.9  92.7  51.2    10  30.00  80.0  2.0   14 24 52.55704 -11 33  2.8967 23 21 26.7683 06 05 2013 2456419.4732264844 2013.346949285  14.4145991789 -11.5508046384 16.7  49.4  49.4    10 Phoebe                0.0000 IAG/LNA              varios               Altair               PRAIA V.0.1.1        1rd degree           UCAC4                SAT359L              01 Aug 2014          Irregular                               
   -23.1   -68.0  42.5  32.5    10   -92.3   -50.8 201.8  58.2    12  16.67  80.0  2.0   14 24 31.77306 -11 31 21.5814 02 20 23.0172 08 05 2013 2456420.5974886250 2013.350027347  14.4088258509 -11.5226614925 16.7  67.9  55.9     8 Phoebe                0.0000 IAG/LNA              varios               Altair               PRAIA V.0.1.1        1rd degree           UCAC4                SAT359L              01 Aug 2014          Irregular                               
    35.8   -34.7  18.1  31.2    10    35.8   -34.7  18.1  31.2    10   0.00  80.0  2.0   14 24 12.82910 -11 29 49.1886 03 04 55.7487 09 05 2013 2456421.6284230170 2013.352849891  14.4035636380 -11.4969968274 16.7  73.1  62.6    15 Phoebe                0.0000 IAG/LNA              varios               Altair               PRAIA V.0.1.1        1rd degree           UCAC4                SAT359L              01 Aug 2014          Irregular                               
    33.4   -84.4  22.4   7.3     7    58.7   -81.6  57.0  13.3    10  30.00  80.0  2.0   14 23 55.08707 -11 28 22.8875 02 22 46.1717 10 05 2013 2456422.5991455056 2013.355507585  14.3986352973 -11.4730243059 16.8  68.4  44.7    18 Phoebe                0.0000 IAG/LNA              varios               Altair               PRAIA V.0.1.1        1rd degree           UCAC4                SAT359L              01 Aug 2014          Irregular                               
    40.0   -38.2   5.6   3.4    35    37.4   -38.4  13.0   4.5    50  30.00  80.0  2.0   14 16 41.97600 -10 54 50.1637 02 07 01.4479 06 06 2013 2456449.5882112025 2013.429399620  14.2783266670 -10.9139343624 16.8  16.3  25.2     5 Phoebe                0.0000 160/LNA              varios               Altair               PRAIA V.0.1.1        1rd degree           UCAC4                SAT359L              01 Aug 2014          Irregular                               
   -92.5  -178.2   6.3   3.6    32   -93.4  -178.7   8.0   5.3    40  20.00  80.0  2.0   14 16 17.54448 -10 53  5.3608 00 21 47.8260 08 06 2013 2456451.5151368752 2013.434675255  14.2715401341 -10.8848224501 16.9   0.0   0.0     3 Phoebe                0.0000 160/LNA              varios               Altair               PRAIA V.0.1.1        1rd degree           UCAC4                SAT359L              01 Aug 2014          Irregular                               
   138.8   170.7   5.8   6.3    27   141.6   172.4  10.8  12.8    30  10.00  80.0  2.0   14 16  5.07728 -10 52 12.0988 00 48 13.3702 09 06 2013 2456452.5334880813 2013.437463348  14.2680770228 -10.8700274491 16.7  44.5  68.4     4 Phoebe                0.0000 160/LNA              varios               Altair               PRAIA V.0.1.1        1rd degree           UCAC4                SAT359L              01 Aug 2014          Irregular                               
    76.3    37.8  27.7  12.2    17    72.1    36.3  32.3  13.6    18   5.56  80.0  2.0   14 20 24.60645 -11 34 37.5965 22 00 51.6962 01 09 2013 2456537.4172650022 2013.669862464  14.3401684593 -11.5771101299 17.5  82.0  51.4     5 Phoebe                0.0000 160/LNA              varios               Altair               PRAIA V.0.1.1        1rd degree           UCAC4                SAT359L              01 Aug 2014          Irregular                               
    22.8    14.4   3.2   6.9    14    23.3    14.7   7.0   6.4    19  26.32  80.0  2.0   15 01  3.27760 -14 43 17.0188 21 51 10.9533 02 07 2014 2456841.4105434408 2014.502150700  15.0175771115 -14.7213941090 17.4  53.0  53.1     6 Phoebe                0.0000 160/LNA              varios               Altair               PRAIA V.0.1.1        1rd degree           UCAC4                SAT359L              01 Aug 2014          Irregular                               
    30.2    10.2   4.3  17.6    13   -43.0   121.6 329.6 360.7    20  35.00  80.0  2.0   15 00 56.96757 -14 43  6.3060 22 31 57.3440 03 07 2014 2456842.4388581486 2014.504966073  15.0158243248 -14.7184183223 17.0  14.6  41.6     5 Phoebe                0.0000 160/LNA              varios               Altair               PRAIA V.0.1.1        1rd degree           UCAC4                SAT359L              01 Aug 2014          Irregular                               
    54.3    20.5  11.4   6.3    13    48.3     7.3  15.9  21.3    20  35.00  80.0  2.0   15 00 50.97667 -14 42 57.1454 23 25 34.0491 04 07 2014 2456843.4760885318 2014.507805855  15.0141601868 -14.7158737227 17.2  43.2  80.2     5 Phoebe                0.0000 160/LNA              varios               Altair               PRAIA V.0.1.1        1rd degree           UCAC4                SAT359L              01 Aug 2014          Irregular                               
