OBSERVATORIO (?=LISTA SITIOS, X=PROMPT, G=GEOCENTRICO, H=HELIOCENTRICO, OU CODIGO IAU): NOME/ID DO OBJETO DO SISTEMA SOLAR: EFEMERIDE DE/LE (EX: de421, <ENTER>=CANONICO JPL): Arquivo com datas: Alvo: PHOEBE (    609)     Efemerides: sat359l+de421   Sitio: 874 (OPD/LNA) (314°25'02.5"E 22°32'07.8"S  1810.7 m)

     Data Cal. UTC                  JD_UTC         JD_TT (Obs.)      R.A.__(ICRF//J2000.0)__DEC     R.A.__(ap./sem atms.)__DEC            DIST (km)           APmag        S-O-A (°)     X_(sat-primario)_Y      AZ (°)   EL (°)       Hour Angle       AZ__SOL__EL (°)    L-O-A (°)    JD_TT (El. Orb.)    Semi-eixo maior (km)       Excentricidade          Inclinacao (°)      Long. Nodo Ascend. (°)    Arg. Periastro (°)       Anom. Media (°)       Anom. Verdadeira (°)      Per. Orbital (s)       Pass. Periast. (JD_TT)
1996-OCT-01 04:09:58.750      2450357.673596643 2450357.674316366   00 15 51.7065  -01 08 36.676   00 15 43.0817  -01 09 33.586    0.1270548491442724E+10      n.d.       174.2519 G   -1572.512    -710.747   310.3129  58.9586     +01 32 38.114    141.1294 -57.9241      57.4      2450357.625264145   0.1288576985155519E+08  0.1703176693201264E+00  0.1547477058274267E+03  0.1960009291120639E+03  0.2883033323896476E+03  0.3591652013215707E+03  0.3588050308099460E+03  0.4718968591936129E+08      2450358.891785732
1997-AUG-12 07:35:21.800      2450672.816224537 2450672.816955833   01 20 42.0884  +05 41 49.549   01 20 35.2051  +05 41 05.284    0.1336709205809288E+10      n.d.       118.8589 G    1605.639     653.047   341.7856  60.4646     +00 35 37.918     84.0144 -26.5778     142.4      2450672.765349345   0.1293733859523674E+08  0.1772642967136364E+00  0.1547980726225640E+03  0.1960264056004839E+03  0.2851360713624932E+03  0.2090868799865051E+03  0.2008490670861350E+03  0.4747324824609470E+08      2450903.100226210
1998-AUG-12 01:01:44.640      2451037.542877777 2451037.543609074   02 10 44.5253  +10 30 16.175   02 10 40.0196  +10 29 48.586    0.1335646139058322E+10      n.d.       105.0744 G    1413.824     694.513    84.8492 -15.4761     -06 50 06.935    261.4783 -59.3991      21.1      2451037.492043908   0.1292084751401096E+08  0.1740456465982650E+00  0.1548479937057128E+03  0.1959952387929823E+03  0.2851803372626240E+03  0.8666850842240824E+02  0.1064340351581875E+03  0.4738250674810430E+08      2450905.464935331
1998-AUG-15 01:03:25.582      2451040.544046088 2451040.544777384   02 10 51.9211  +10 30 07.533   02 10 47.4944  +10 29 40.330    0.1328828995575632E+10      n.d.       107.9242 G    1468.298     716.487    83.6451 -12.3990     -06 36 43.539    259.4244 -59.5960      21.7      2451040.493475395   0.1293318905678844E+08  0.1734522578325475E+00  0.1548626612970210E+03  0.1960174564517714E+03  0.2855228599029212E+03  0.8836436479630231E+02  0.1079666558511695E+03  0.4745041013251786E+08      2450905.690062629
1998-AUG-16 02:36:45.031      2451041.608854526 2451041.609585822   02 10 53.6455  +10 29 59.861   02 10 49.2607  +10 29 32.824    0.1326436278714428E+10      n.d.       108.9409 G    1487.262     724.122    74.2874   9.6833     -04 59 13.969    220.5109 -78.7669      36.6      2451041.558376114   0.1293973265648003E+08  0.1735075148902103E+00  0.1548714614888158E+03  0.1960313320198229E+03  0.2857013346021452E+03  0.8887854619717086E+02  0.1084542028050367E+03  0.4748642627965785E+08      2450905.867643995
1998-AUG-17 02:23:14.809      2451042.599476956 2451042.600208253   02 10 54.8278  +10 29 50.457   02 10 50.4750  +10 29 23.589    0.1324227269286886E+10      n.d.       109.8882 G    1504.731     731.149    75.2997   7.5412     -05 08 51.065    230.5557 -76.3375      50.0      2451042.549083837   0.1294306946120224E+08  0.1736848411060499E+00  0.1548773373072041E+03  0.1960408250082428E+03  0.2857937264816047E+03  0.8941692450281674E+02  0.1089761142089508E+03  0.4750479564829852E+08      2450905.983602677
1998-AUG-19 03:12:54.909      2451044.633968854 2451044.634700151   02 10 55.9665  +10 29 24.580   02 10 51.6855  +10 28 58.093    0.1319735446974988E+10      n.d.       111.8411 G    1540.076     745.353    68.7359  20.2113     -04 11 10.899    170.1389 -80.1944      77.1      2451044.583749097   0.1294430782127953E+08  0.1742589237847824E+00  0.1548846893651630E+03  0.1960530942604361E+03  0.2858358992478118E+03  0.9064879983628228E+02  0.1101821291663927E+03  0.4751161351901622E+08      2450906.116968497
1998-AUG-20 03:36:16.070      2451045.650185995 2451045.650917292   02 10 55.8879  +10 29 08.331   02 10 51.6399  +10 28 42.034    0.1317516958620090E+10      n.d.       112.8201 G    1557.457     752.334    65.0567  26.0252     -03 43 49.299    142.8074 -77.6503      90.3      2451045.600051865   0.1293987598852457E+08  0.1746692910268904E+00  0.1548836951423305E+03  0.1960513542398776E+03  0.2857234272717949E+03  0.9138675423900094E+02  0.1109073744639862E+03  0.4748721528499459E+08      2450906.077724423
1998-SEP-06 02:04:13.425      2451062.586266493 2451062.586997789   02 09 52.5446  +10 19 23.362   02 09 48.7148  +10 18 59.339    0.1283714518304214E+10      n.d.       129.4524 G    1817.614     856.780    68.4917  20.9662     -04 08 02.761    222.6854 -68.9897      55.6      2451062.537437391   0.1291182169303375E+08  0.1754546085646505E+00  0.1548804023313846E+03  0.1960540014792257E+03  0.2850585673142426E+03  0.1031537566045784E+03  0.1214843661298515E+03  0.4733286704823397E+08      2450905.562030791
1998-SEP-09 02:47:17.414      2451065.616173773 2451065.616905069   02 09 29.3406  +10 16 39.903   02 09 25.5685  +10 16 16.159    0.1278429906580813E+10      n.d.       132.4909 G    1858.078     873.003    60.4131  32.5396     -03 12 38.914    190.5150 -72.6296      10.1      2451065.567548650   0.1289075883645004E+08  0.1759893912345237E+00  0.1548644195046154E+03  0.1960129839758870E+03  0.2844917942820944E+03  0.1057047870187218E+03  0.1237266222348532E+03  0.4721709422548717E+08      2450905.103528307
1998-SEP-10 02:55:08.996      2451066.621631898 2451066.622363195   02 09 20.8872  +10 15 41.996   02 09 17.1360  +10 15 18.329    0.1276736036232527E+10      n.d.       133.5033 G    1871.066     878.214    58.3423  34.9267     -03 00 41.060    183.5931 -72.4851       5.3      2451066.573072162   0.1288680327888161E+08  0.1758870191297848E+00  0.1548597375906751E+03  0.1960005325699657E+03  0.2843623631338838E+03  0.1065172181451822E+03  0.1244091547963112E+03  0.4719536288968662E+08      2450904.950169501
1998-DEC-15 21:41:03.242      2451163.403509745 2451163.404241042   01 46 10.7156  +08 11 31.242   01 46 07.5842  +08 11 08.446    0.1306444760864275E+10      n.d.       123.8191 S    2056.130     899.554    38.1812  52.1846     -01 30 03.245    244.4338  -0.4869     158.2      2451163.353802991   0.1288773835161594E+08  0.1734121872331658E+00  0.1548746363568685E+03  0.1959762535440855E+03  0.2833024958364790E+03  0.1718584287071892E+03  0.1741723874476187E+03  0.4720049976070925E+08      2450902.557644199
1998-DEC-16 20:47:30.520      2451164.366325463 2451164.367056760   01 46 04.5091  +08 11 11.055   01 46 01.3680  +08 10 48.184    0.1308565554140887E+10      n.d.       122.8147 S    2047.896     894.870    52.0178  44.0321     -02 19 41.990    249.1355  10.9951     146.9      2451164.316536855   0.1289400082001965E+08  0.1728329854436902E+00  0.1548749374641294E+03  0.1959709823162656E+03  0.2832869380618411E+03  0.1725161574037149E+03  0.1746379401470078E+03  0.4723490776189139E+08      2450902.331429396
1998-DEC-17 21:10:13.613      2451165.382102002 2451165.382833299   01 45 58.3319  +08 10 52.104   01 45 55.1858  +08 10 29.180    0.1310826384506317E+10      n.d.       121.7566 S    2039.025     889.839    45.1486  48.6860     -01 52 52.424    247.2588   6.2443     134.6      2451165.332226097   0.1290149080057504E+08  0.1721535309372208E+00  0.1548748403764606E+03  0.1959725148927206E+03  0.2833046755690721E+03  0.1731710504436602E+03  0.1751014005083326E+03  0.4727607108101019E+08      2450902.123414048
1999-AUG-21 07:32:02.640      2451411.813919445 2451411.814662315   02 59 38.9132  +14 26 04.104   02 59 37.2632  +14 25 53.291    0.1340529532343834E+10      n.d.       101.1707 G   -1586.640    -625.727    13.1571  52.1512     -00 33 10.032     87.0020 -26.0748     145.0      2451411.762908356   0.1287994528719223E+08  0.1582294297023071E+00  0.1549016112607392E+03  0.1959330749564957E+03  0.2869078529193706E+03  0.3300028060553235E+03  0.3191495418688720E+03  0.4715769384939856E+08      2451457.242540828
1999-OCT-09 04:02:27.499      2451460.668373831 2451460.669116701   02 55 19.9335  +13 58 57.953   02 55 19.4815  +13 58 52.407    0.1237345462204958E+10      n.d.       149.8053 G   -1062.589    -389.297    18.1664  51.7957     -00 45 50.790    146.0082 -56.3210     146.4      2451460.621346366   0.1294551219146721E+08  0.1622310442848872E+00  0.1549148014361728E+03  0.1959319703332419E+03  0.2867940710656865E+03  0.2304153255539634E+01  0.3238967787832487E+01  0.4751824456905022E+08      2451457.101242266
1999-OCT-11 04:06:10.607      2451462.670956099 2451462.671698970   02 54 52.0770  +13 56 47.210   02 54 51.6527  +13 56 41.721    0.1234715691323503E+10      n.d.       151.8935 G   -1025.801    -373.706    13.5657  52.5937     -00 33 46.149    145.1204 -55.1187     170.7      2451462.624030160   0.1295751713598631E+08  0.1630340002521787E+00  0.1549107241715331E+03  0.1959569570587850E+03  0.2866509160534168E+03  0.3726711079157954E+01  0.5246746127213592E+01  0.4758435853726427E+08      2451456.922732701
1999-OCT-14 00:31:19.060      2451465.521748380 2451465.522491250   02 54 10.7890  +13 53 35.365   02 54 10.4058  +13 53 29.927    0.1231267209403471E+10      n.d.       154.8725 G    -971.848    -350.812    63.6783  21.5571     -03 56 42.090    231.7205 -44.6724     155.1      2451465.474955681   0.1294918354761950E+08  0.1625497819758767E+00  0.1549042855217109E+03  0.1959926041361672E+03  0.2864395822126297E+03  0.5769741768993393E+01  0.8109950526723619E+01  0.4753846031239451E+08      2451456.656648064
1999-NOV-11 01:23:43.552      2451493.558142963 2451493.558885833   02 46 21.0107  +13 19 27.814   02 46 20.9807  +13 19 23.314    0.1217171894459004E+10      n.d.       174.3946 S    -366.373     -91.772    25.8273  50.6716     -01 05 56.090    208.6361 -45.3891     144.1      2451493.511894341   0.1298839433846444E+08  0.1650808913599355E+00  0.1549205090272285E+03  0.1959411142201062E+03  0.2866639662619264E+03  0.2378628951580519E+02  0.3312872613911108E+02  0.4775454702477459E+08      2451456.992363694
2000-NOV-24 21:37:31.209      2451873.401055660 2451873.401798530   03 39 32.7352  +17 06 16.846   03 39 36.0347  +17 06 25.147    0.1227011936567012E+10      n.d.       173.2875 S   -1438.349    -520.361    67.0325   9.2454     -04 47 50.058    246.2673  -2.5762     172.7      2451873.354427295   0.1291505027415203E+08  0.1498375616164629E+00  0.1549151682926691E+03  0.1959133391880208E+03  0.2877353144276977E+03  0.2704214438554879E+03  0.2534783293381197E+03  0.4735062142368591E+08      2452009.722749687
2000-NOV-27 23:04:22.555      2451876.461372165 2451876.462115035   03 38 29.7914  +17 02 58.953   03 38 33.1310  +17 03 07.321    0.1227706957089242E+10      n.d.       170.0777 S   -1472.834    -534.703    53.2993  29.3555     -03 07 51.862    235.5375 -19.6436     148.7      2451876.414716885   0.1291813929323787E+08  0.1506050163973035E+00  0.1549251210101280E+03  0.1959143709903292E+03  0.2876530799185856E+03  0.2726075664706683E+03  0.2554774207550470E+03  0.4736761040737663E+08      2452009.502768068
2000-NOV-28 22:06:44.767      2451877.421351470 2451877.422094340   03 38 10.2569  +17 01 57.833   03 38 13.6038  +17 02 06.231    0.1228015450484326E+10      n.d.       169.0533 S   -1483.289    -539.066    61.4603  18.9448     -04 01 23.029    242.6717  -8.0614     137.0      2451877.374684322   0.1292272944211425E+08  0.1507037417404499E+00  0.1549324527309241E+03  0.1959154147462004E+03  0.2875218186834956E+03  0.2733869208278753E+03  0.2562147251229646E+03  0.4739285905484840E+08      2452009.346181670
2000-DEC-21 18:46:50.274      2451900.282526319 2451900.283269190   03 31 18.6914  +16 41 44.062   03 31 22.0477  +16 41 52.864    0.1247180533889979E+10      n.d.       144.3380 G   -1677.936    -620.948    73.0898  -2.8409     -05 44 18.008    257.2305  38.3013     170.0      2451900.235119358   0.1290464733244823E+08  0.1494644956973279E+00  0.1549499197539648E+03  0.1959234133868455E+03  0.2879733292897509E+03  0.2878179468280809E+03  0.2707821651010252E+03  0.4729342227958696E+08      2452009.987444514
2001-AUG-24 03:07:09.013      2452145.629965428 2452145.630708299   04 53 27.2826  +20 51 27.021   04 53 31.6568  +20 51 34.475    0.1384693637204661E+10      n.d.        76.5442 G    1916.268     453.162    73.7493 -16.3832     -06 38 50.724    177.0434 -78.5587     144.6      2452145.577249563   0.1288799679863492E+08  0.1543370302967660E+00  0.1549577553229015E+03  0.1959374455143070E+03  0.2853889861274278E+03  0.9143727757676832E+02  0.1087647026502642E+03  0.4720191958581154E+08      2452006.816478495
2001-AUG-25 01:52:38.117      2452146.578218947 2452146.578961817   04 53 41.5974  +20 51 44.074   04 53 45.9940  +20 51 51.542    0.1382553310805227E+10      n.d.        77.4017 G    1920.965     453.777    78.8250 -32.3139     -07 49 51.646    238.5493 -69.1946     157.3      2452146.525585775   0.1288342159876013E+08  0.1545532001645689E+00  0.1549544603986230E+03  0.1959321070209143E+03  0.2852540597825123E+03  0.9217654016963994E+02  0.1094789971188589E+03  0.4717678700865193E+08      2452006.717425963
2001-AUG-26 07:24:52.199      2452147.808937488 2452147.809680359   04 53 59.6074  +20 52 05.611   04 54 04.0727  +20 52 13.130    0.1379754928729361E+10      n.d.        78.5206 G    1926.742     454.532    39.2005  35.8072     -02 13 04.509     89.5020 -26.7674     173.7      2452147.756412077   0.1287659126839166E+08  0.1548152728916758E+00  0.1549491363344935E+03  0.1959232496660282E+03  0.2850523220170307E+03  0.9316630792881291E+02  0.1104280373306183E+03  0.4713927480830598E+08      2452006.559389433
2001-OCT-25 05:17:41.183      2452207.720615544 2452207.721358415   04 54 38.9261  +20 46 14.461   04 54 45.1923  +20 46 25.076    0.1252428298628974E+10      n.d.       137.0650 G    1790.533     439.298     8.3795  46.2727     -00 24 44.363    129.2659 -39.2723     121.3      2452207.673005793   0.1292435373894611E+08  0.1498575082045430E+00  0.1549482152906853E+03  0.1959603096851532E+03  0.2860659793667360E+03  0.1319383105635467E+03  0.1432139756613701E+03  0.4740179476267321E+08      2452006.601995034
2001-OCT-26 04:45:01.477      2452208.697933761 2452208.698676632   04 54 25.9970  +20 45 48.899   04 54 32.2867  +20 45 59.590    0.1250914488594012E+10      n.d.       138.0887 G    1782.373     438.152    17.6872  44.7868     -00 53 19.976    137.3308 -44.5073     109.7      2452208.650382458   0.1292013368556348E+08  0.1502779646632173E+00  0.1549484540944326E+03  0.1959617931324941E+03  0.2860269632107406E+03  0.1325958017835481E+03  0.1437676502552462E+03  0.4737858024320122E+08      2452006.676332988
2001-OCT-27 03:53:16.269      2452209.661993854 2452209.662736725   04 54 12.8822  +20 45 23.157   04 54 19.1914  +20 45 33.909    0.1249452420363294E+10      n.d.       139.1000 G    1774.166     436.987    31.4938  40.1812     -01 41 04.040    153.4324 -51.0517      98.2      2452209.614499012   0.1291642246415205E+08  0.1506043047838318E+00  0.1549480926737329E+03  0.1959594445852695E+03  0.2859753174037780E+03  0.1332644867525686E+03  0.1443225033379647E+03  0.4735816794193007E+08      2452006.709343908
2001-OCT-28 03:20:09.941      2452210.639003947 2452210.639746817   04 53 59.2200  +20 44 56.563   04 54 05.5469  +20 45 07.376    0.1248002544263176E+10      n.d.       140.1270 G    1765.693     435.772    38.6154  36.3323     -02 10 05.613    166.0284 -53.3930      86.4      2452210.591565093   0.1291103663927221E+08  0.1509991225286527E+00  0.1549467269850678E+03  0.1959502894999176E+03  0.2858680460713965E+03  0.1339991306152168E+03  0.1449325759301976E+03  0.4732855027388103E+08      2452006.695455590
2001-NOV-17 01:38:49.361      2452230.568626863 2452230.569369733   04 48 11.5166  +20 34 16.820   04 48 18.2771  +20 34 28.688    0.1226233485456290E+10      n.d.       161.4356 G    1558.829     401.862    42.4793  33.9184     -02 27 04.493    203.2800 -45.2663     176.5      2452230.522028454   0.1292308842108793E+08  0.1497175794854304E+00  0.1549386226639459E+03  0.1958761312468149E+03  0.2858703773504710E+03  0.1470940270681197E+03  0.1551178357598596E+03  0.4739483384950730E+08      2452006.386966303
2001-NOV-18 01:51:32.190      2452231.577455903 2452231.578198773   04 47 51.0970  +20 33 40.402   04 47 57.8846  +20 33 52.338    0.1225566198716441E+10      n.d.       162.5277 G    1546.731     399.635    38.7477  36.4871     -02 10 02.621    199.2002 -46.0849     163.1      2452231.530883247   0.1292813193469197E+08  0.1491885583286339E+00  0.1549376338376145E+03  0.1958610526623608E+03  0.2858531312526928E+03  0.1477917241753387E+03  0.1556327067045284E+03  0.4742258183848554E+08      2452006.200857052
2001-NOV-20 02:29:01.582      2452233.603490533 2452233.604233403   04 47 09.5117  +20 32 26.460   04 47 16.3505  +20 32 38.591    0.1224362488591776E+10      n.d.       164.7221 G    1521.962     394.995    26.9442  42.3092     -01 23 52.413    186.5881 -47.5389     137.3      2452233.556964329   0.1294239881119667E+08  0.1479762866179935E+00  0.1549375423430203E+03  0.1958597280173447E+03  0.2860076280209263E+03  0.1489874395190652E+03  0.1565024023541492E+03  0.4750110347788327E+08      2452006.027778967
2001-NOV-20 21:47:02.644      2452234.407669491 2452234.408412361   04 46 52.8611  +20 31 56.497   04 46 59.6966  +20 32 08.644    0.1223941010177684E+10      n.d.       165.5909 S    1511.944     393.089    71.1201  -8.2521     -06 02 24.461    245.9758  -5.2126     127.1      2452234.361159760   0.1294867812343970E+08  0.1475076198857733E+00  0.1549380274634138E+03  0.1958687084739993E+03  0.2861247621198492E+03  0.1493989661883708E+03  0.1567999236954074E+03  0.4753567710377331E+08      2452006.037438812
2001-NOV-21 21:44:39.587      2452235.406013738 2452235.406756609   04 46 31.9930  +20 31 19.519   04 46 38.8464  +20 31 31.770    0.1223451759382212E+10      n.d.       166.6716 S    1499.391     390.671    70.9679  -7.8336     -06 00 30.502    246.0524  -4.5599     114.9      2452235.359522894   0.1295543666559925E+08  0.1470306096186938E+00  0.1549386950125656E+03  0.1958819157938229E+03  0.2862722803810573E+03  0.1499028109497322E+03  0.1571686619614787E+03  0.4757289871739098E+08      2452006.086399091
2001-NOV-22 22:36:47.549      2452236.442217002 2452236.442959873   04 46 10.1782  +20 30 41.015   04 46 17.0516  +20 30 53.372    0.1222990319792775E+10      n.d.       167.7926 G    1486.213     388.098    65.6817   4.3147     -05 03 55.627    239.9217 -15.1264     102.5      2452236.395743921   0.1296173591024349E+08  0.1466353149722031E+00  0.1549396099861225E+03  0.1959015396887139E+03  0.2864502008239563E+03  0.1503942011754642E+03  0.1575314848991026E+03  0.4760759956453352E+08      2452006.203263649
2001-NOV-23 22:02:15.961      2452237.418240289 2452237.418983160   04 45 49.5027  +20 30 04.447   04 45 56.3846  +20 30 16.890    0.1222602263182193E+10      n.d.       168.8470 G    1473.658     385.617    68.6526  -2.1372     -05 34 15.667    243.8556  -7.9374      90.6      2452237.371782217   0.1296616827859907E+08  0.1464278625503913E+00  0.1549406331713155E+03  0.1959255257125857E+03  0.2866341155866539E+03  0.1508327706336979E+03  0.1578614526567527E+03  0.4763202134620012E+08      2452006.389601451
2001-DEC-18 20:49:35.791      2452262.367775359 2452262.368518229   04 36 51.6343  +20 14 32.771   04 36 58.7877  +20 14 46.804    0.1227598375925949E+10      n.d.       163.4699 G    1110.632     303.507    65.4743   5.3422     -04 59 36.241    248.9873  10.8137     117.5      2452262.321124370   0.1296521778333191E+08  0.1468490454849922E+00  0.1549426980555431E+03  0.1958799215841325E+03  0.2868472848615953E+03  0.1667732489913797E+03  0.1700354393491716E+03  0.4762678388743515E+08      2452006.956107397
2001-DEC-19 21:04:17.040      2452263.377975000 2452263.378717870   04 36 30.8817  +20 13 57.836   04 36 38.0398  +20 14 11.969    0.1228403389081203E+10      n.d.       162.3661 S    1094.337     299.429    63.4165   9.3083     -04 40 35.274    247.8068   7.7746     105.2      2452263.331292915   0.1297057775199905E+08  0.1463486666462803E+00  0.1549435421313444E+03  0.1958639622978356E+03  0.2868065168216906E+03  0.1674796676095851E+03  0.1705604156017197E+03  0.4765632112184767E+08      2452006.725556644
2001-DEC-20 19:51:29.204      2452264.327421342 2452264.328164213   04 36 11.5559  +20 13 25.281   04 36 18.7075  +20 13 39.491    0.1229203314104816E+10      n.d.       161.3284 G    1078.909     295.545    70.2730  -5.2865     -05 49 19.182    253.2662  23.7342      93.4      2452264.280708437   0.1297830128767675E+08  0.1456717072575394E+00  0.1549437937879165E+03  0.1958594231515951E+03  0.2868374153874494E+03  0.1680683563123665E+03  0.1709940243187093E+03  0.4769889402323869E+08      2452006.542966784
2001-DEC-21 19:41:29.168      2452265.320476482 2452265.321219352   04 35 51.5278  +20 12 51.770   04 35 58.6761  +20 13 06.054    0.1230080895064806E+10      n.d.       160.2433 G    1062.661     291.427    70.7869  -6.5352     -05 55 04.277    253.9504  26.0601      81.4      2452265.273729702   0.1298510190156198E+08  0.1450953318458573E+00  0.1549436167206242E+03  0.1958623606731570E+03  0.2869061357902312E+03  0.1686410432655664E+03  0.1714180727048355E+03  0.4773639017670440E+08      2452006.454457546
2002-JAN-08 18:21:33.386      2452283.264969746 2452283.265712616   04 30 33.9971  +20 04 29.189   04 30 41.1042  +20 04 44.296    0.1252939342832729E+10      n.d.       140.7560 G     752.198     208.254    71.2547  -7.3333     -05 58 57.604    260.7806  45.7041     161.3      2452283.217340474   0.1301310133012792E+08  0.1428687015171055E+00  0.1549434883328084E+03  0.1958883854656219E+03  0.2875493974020813E+03  0.1795150266178088E+03  0.1796325078525539E+03  0.4789087243403048E+08      2452006.817802159
2002-JAN-09 19:11:33.193      2452284.299689733 2452284.300432604   04 30 18.8223  +20 04 07.559   04 30 25.9314  +20 04 22.673    0.1254630392826533E+10      n.d.       139.6433 G     733.399     203.012    66.1525   4.3598     -05 04 37.852    257.9830  34.4256     175.1      2452284.251995124   0.1301505353099572E+08  0.1426987326085029E+00  0.1549407058068713E+03  0.1959092962334585E+03  0.2877043206161251E+03  0.1800075967886889E+03  0.1800057583646190E+03  0.4790164958545598E+08      2452561.448915992
2002-JAN-10 18:50:36.354      2452285.285142986 2452285.285885856   04 30 04.7450  +20 03 47.731   04 30 11.8521  +20 04 02.861    0.1256277021338734E+10      n.d.       138.5846 G     715.418     197.979    67.8387   0.7854     -05 21 27.491    259.4868  39.2288     171.9      2452285.237384821   0.1301461247117194E+08  0.1427361391431701E+00  0.1549379846139424E+03  0.1959291172156842E+03  0.2878481100291044E+03  0.1804814678469025E+03  0.1803649274917022E+03  0.4789921463802230E+08      2452561.690468126
2002-JAN-11 18:33:51.030      2452286.273507292 2452286.274250162   04 29 50.9975  +20 03 28.720   04 29 58.1038  +20 03 43.885    0.1257961563039679E+10      n.d.       137.5242 G     697.313     192.892    69.0432  -1.9247     -05 34 05.257    260.7359  43.0993     159.0      2452286.225684104   0.1301273543872657E+08  0.1428972434377896E+00  0.1549354079032349E+03  0.1959473261315333E+03  0.2879808273536901E+03  0.1809701671049156E+03  0.1807351165259506E+03  0.4788885261552507E+08      2452561.866543199
2002-DEC-13 01:32:32.598      2452621.564266181 2452621.565009051   05 44 19.4516  +22 06 38.822   05 44 30.4461  +22 06 45.995    0.1197865865035416E+10      n.d.       174.2995 G    1536.042     190.581    32.3550  38.1798     -01 48 01.357    205.3957 -40.0086      80.6      2452621.518762944   0.1291990620273265E+08  0.1504501614505058E+00  0.1549445815250318E+03  0.1959379965962237E+03  0.2899573977943229E+03  0.3780085851646431E+02  0.5009988402088150E+02  0.4737732896751293E+08      2452563.940840195
2002-DEC-15 23:09:50.042      2452624.465162524 2452624.465905394   05 43 21.3553  +22 06 39.464   05 43 32.3681  +22 06 46.768    0.1197755742620955E+10      n.d.       177.2995 G    1586.979     203.041    56.5665  16.7969     -03 58 19.621    234.1028 -18.1274      45.2      2452624.419663620   0.1293322714404047E+08  0.1515166092269642E+00  0.1549463425821121E+03  0.1959363399690310E+03  0.2900056168338893E+03  0.3958152930610363E+02  0.5241014828731345E+02  0.4745061973941208E+08      2452564.036172886
2002-DEC-28 22:10:12.505      2452637.423755845 2452637.424498715   05 39 01.4566  +22 06 41.458   05 39 12.6167  +22 06 50.015    0.1202212337067239E+10      n.d.       168.1226 S    1782.466     255.811    57.1248  15.9834     -04 02 31.945    242.1693  -5.1868     126.6      2452637.378084889   0.1290337433161230E+08  0.1495791352152844E+00  0.1549436361520737E+03  0.1959462006878384E+03  0.2896069643388590E+03  0.4858903354394963E+02  0.6308797536918325E+02  0.4728642444232240E+08      2452563.509718653
2002-DEC-29 22:54:12.503      2452638.454311377 2452638.455054248   05 38 41.2405  +22 06 41.735   05 38 52.4099  +22 06 50.351    0.1202910861636093E+10      n.d.       166.9999 S    1795.692     259.711    49.9852  24.9833     -03 14 07.956    237.1897 -13.8906     141.4      2452638.408613417   0.1290913388674291E+08  0.1499274698232441E+00  0.1549475384794348E+03  0.1959450769845980E+03  0.2896943401740658E+03  0.4915957029416548E+02  0.6379769045533994E+02  0.4731808815492997E+08      2452563.622834069
2003-JAN-28 20:56:59.384      2452668.372909537 2452668.373652407   05 30 40.7114  +22 07 40.600   05 30 51.8702  +22 07 51.707    0.1243341513775545E+10      n.d.       134.7248 S    2028.428     343.758    48.4966  26.5024     -03 05 23.062    254.7420  10.9091     177.9      2452668.325650667   0.1288185946150299E+08  0.1479292527647071E+00  0.1549370886040555E+03  0.1959561732943112E+03  0.2891817262153359E+03  0.6952397428345303E+02  0.8625653282765873E+02  0.4716820686764425E+08      2452562.894799289
2003-FEB-28 18:49:13.161      2452699.284180104 2452699.284922974   05 28 23.7901  +22 12 36.197   05 28 34.5613  +22 12 48.412    0.1314799486457258E+10      n.d.       102.9646 G    1978.344     355.592    49.0437  25.8207     -03 08 59.755    277.0291  36.5722     130.6      2452699.234162461   0.1288993573934419E+08  0.1465931957550724E+00  0.1549297158607545E+03  0.1959524447931215E+03  0.2894105000815356E+03  0.8981015084501867E+02  0.1063845206187725E+03  0.4721257195875685E+08      2452562.911882066
2003-MAR-27 19:45:58.307      2452726.323591516 2452726.324334386   05 32 21.5122  +22 20 37.682   05 32 31.8418  +22 20 48.979    0.1385402607661513E+10      n.d.        76.9285 S    1730.889     309.308     9.6195  44.5431     -00 29 35.646    280.6915  17.7173     133.8      2452726.270848036   0.1289736816053499E+08  0.1465950379553141E+00  0.1549186530899766E+03  0.1959159107989006E+03  0.2895550921629029E+03  0.1074212191552340E+03  0.1224415694753710E+03  0.4725341246089895E+08      2452563.075787086
2004-JAN-19 20:37:58.268      2453024.359702176 2453024.360445046   06 33 15.0061  +22 30 52.370   06 33 30.3060  +22 30 45.744    0.1207266370906291E+10      n.d.       158.6197 G   -1863.576    -141.732    63.8428   3.5183     -05 03 31.935    253.9666  15.3674     171.9      2453024.313836152   0.1290223886545008E+08  0.1557164111488203E+00  0.1549073240524695E+03  0.1960366203139057E+03  0.2966067022935450E+03  0.2949138510307258E+03  0.2775624082036384E+03  0.4728018294080181E+08      2453123.249183059
2004-JAN-20 21:31:52.224      2453025.397132223 2453025.397875093   06 32 56.3792  +22 31 16.784   06 33 11.6992  +22 31 10.305    0.1208097992244080E+10      n.d.       157.4920 S   -1847.189    -142.524    57.1249  15.2387     -04 05 13.951    249.6686   3.5322     170.6      2453025.351234043   0.1291094625514224E+08  0.1558902850775330E+00  0.1549133713674918E+03  0.1960464412964652E+03  0.2963896532918773E+03  0.2958234135185958E+03  0.2785272857728212E+03  0.4732805328717820E+08      2453123.002754901
2004-JAN-21 22:25:00.289      2453026.434031122 2453026.434773993   06 32 38.0364  +22 31 40.946   06 32 53.3724  +22 31 34.651    0.1208977294565939E+10      n.d.       156.3660 S   -1830.495    -143.248    48.5637  25.8387     -03 07 42.265    244.6176  -7.8094     155.9      2453026.388098952   0.1291902517430920E+08  0.1559385638894316E+00  0.1549204586057964E+03  0.1960582744711446E+03  0.2961705681842163E+03  0.2967207705436005E+03  0.2794987572589223E+03  0.4737248294991892E+08      2453122.764584887
2004-JAN-22 20:55:33.913      2453027.371920289 2453027.372663160   06 32 21.7194  +22 32 02.411   06 32 37.0545  +22 31 56.261    0.1209816238243813E+10      n.d.       155.3488 G   -1815.121    -143.845    60.5333   9.7104     -04 33 10.456    253.2653  11.4428     142.4      2453027.325955797   0.1292374338654814E+08  0.1558503652630587E+00  0.1549259738688170E+03  0.1960677283447067E+03  0.2960227527442295E+03  0.2974698725729679E+03  0.2803286432476240E+03  0.4739843697882106E+08      2453122.613709915
2004-OCT-09 07:28:23.304      2453287.811380833 2453287.812123703   07 54 35.5670  +20 44 16.832   07 54 51.5522  +20 43 40.602    0.1385250555907153E+10      n.d.        79.6434 G     684.767      67.187    39.9170  35.5190     -02 15 47.213    104.1780 -15.9877      22.9      2453287.758643254   0.1297423693888938E+08  0.1486986495990339E+00  0.1549216192222815E+03  0.1961046813647772E+03  0.2961905815379864E+03  0.1079034516908556E+03  0.1230625337429550E+03  0.4767648934649386E+08      2453122.363267579
2005-MAR-07 20:13:01.950      2453437.342383681 2453437.343126551   07 26 34.3934  +22 00 57.406   07 26 53.4070  +22 00 26.368    0.1278541313518695E+10      n.d.       122.7146 S   -1848.397     158.322    49.9923  25.1408     -03 13 37.930    271.1159  15.8034     157.9      2453437.293765859   0.1289796547898593E+08  0.1610969420301758E+00  0.1549050195846535E+03  0.1962958869863988E+03  0.2994659152000606E+03  0.2012407114198277E+03  0.1956233194302018E+03  0.4725669518434849E+08      2453678.498733327
2005-MAR-08 19:31:44.361      2453438.313707882 2453438.314450752   07 26 27.5636  +22 01 14.967   07 26 46.5628  +22 00 44.065    0.1280484392132540E+10      n.d.       121.7159 G   -1856.754     157.275    55.6513  18.2614     -03 50 58.905    275.6430  25.1209     143.7      2453438.265015071   0.1289491367989697E+08  0.1614445469774665E+00  0.1549084365635017E+03  0.1962879180870613E+03  0.2994104103347189E+03  0.2019590170581865E+03  0.1961464209245792E+03  0.4723992400346041E+08      2453678.293436612
2005-MAR-09 19:51:35.159      2453439.327490266 2453439.328233137   07 26 20.8986  +22 01 32.377   07 26 39.8820  +22 01 01.631    0.1282534083726125E+10      n.d.       120.6760 S   -1865.308     156.199    52.1308  22.7285     -03 27 01.618    273.9508  20.3431     128.8      2453439.278718305   0.1289243137651415E+08  0.1617561055739831E+00  0.1549127219036670E+03  0.1962781008757338E+03  0.2993404103572105E+03  0.2027216818094548E+03  0.1967034634829745E+03  0.4722628395330279E+08      2453678.079853675
2005-MAR-10 19:17:34.798      2453440.303874977 2453440.304617847   07 26 14.9497  +22 01 48.110   07 26 33.9100  +22 01 17.480    0.1284530553632258E+10      n.d.       119.6766 G   -1873.381     155.183    56.4786  17.0871     -03 57 05.047    277.9397  27.9454     114.6      2453440.255025961   0.1289276542502223E+08  0.1618317199882893E+00  0.1549188025270502E+03  0.1962643852494890E+03  0.2992394913237053E+03  0.2034869331238864E+03  0.1972700102949647E+03  0.4722811944554920E+08      2453677.903489735
2005-APR-01 21:29:58.683      2453462.395818091 2453462.396560961   07 26 03.4905  +22 03 30.353   07 26 22.1033  +22 03 00.467    0.1333714274200159E+10      n.d.        97.6994 S   -2012.675     137.312     5.7242  45.2138     -00 17 23.447    272.2030  -7.3718     169.7      2453462.345070138   0.1290005208702213E+08  0.1612974840204089E+00  0.1549318716724273E+03  0.1962420597699987E+03  0.2991127258543986E+03  0.2181401323797853E+03  0.2083408836266524E+03  0.4726816329395878E+08      2453677.926840571
2005-APR-01 23:53:14.252      2453462.495303843 2453462.496046713   07 26 03.9333  +22 03 29.668   07 26 22.5423  +22 02 59.847    0.1333947855387007E+10      n.d.        97.6025 S   -2013.103     137.253   323.2381  35.8424     +02 06 15.217    256.6679 -40.2472     171.3      2453462.444546903   0.1290004759797554E+08  0.1612814626631946E+00  0.1549313811328127E+03  0.1962427979260490E+03  0.2991207554890633E+03  0.2181948954186915E+03  0.2083836629695900E+03  0.4726813862092248E+08      2453677.942982490
2005-APR-02 20:26:15.224      2453463.351565093 2453463.352307963   07 26 08.3339  +22 03 23.825   07 26 26.9383  +22 02 53.913    0.1335952959843717E+10      n.d.        96.7754 S   -2016.731     136.775    24.2536  41.5928     -01 17 25.648    278.6524   7.0634     174.2      2453463.300730723   0.1289833903131392E+08  0.1612716783762052E+00  0.1549256969352562E+03  0.1962512666871927E+03  0.2992172754597716E+03  0.2186417669653282E+03  0.2087266828634030E+03  0.4725874817980076E+08      2453678.077387684
2005-APR-03 23:17:36.509      2453464.470561447 2453464.471304317   07 26 14.4898  +22 03 15.048   07 26 33.0814  +22 02 45.248    0.1338579075630443E+10      n.d.        95.6960 S   -2021.264     136.163   330.0935  39.4055     +01 38 14.202    261.9979 -32.6062     159.3      2453464.419625698   0.1289429146237592E+08  0.1614398801855618E+00  0.1549179424258653E+03  0.1962625943450037E+03  0.2993524246329677E+03  0.2192271991622915E+03  0.2091669905185979E+03  0.4723650484674246E+08      2453678.206119045
2005-APR-04 23:01:42.064      2453465.459514630 2453465.460257500   07 26 20.4727  +22 03 06.281   07 26 39.0493  +22 02 36.515    0.1340903634320927E+10      n.d.        94.7449 S   -2025.076     135.644   333.3237  40.7332     +01 26 07.730    264.1600 -29.1718     145.6      2453465.408489132   0.1288875608773149E+08  0.1617606050104289E+00  0.1549100232992317E+03  0.1962739181666923E+03  0.2994935029844737E+03  0.2197306047402444E+03  0.2095364198523193E+03  0.4720609095914117E+08      2453678.293321675
2005-APR-06 19:26:18.533      2453467.309936724 2453467.310679595   07 26 32.9632  +22 02 47.251   07 26 51.4975  +22 02 17.446    0.1345261020392838E+10      n.d.        92.9715 S   -2031.706     134.720    35.8258  36.4093     -02 02 10.535    286.4270  19.6770     120.1      2453467.258743016   0.1287421425694410E+08  0.1628654687590429E+00  0.1548965994034035E+03  0.1962925949236418E+03  0.2997438724779582E+03  0.2207253996969468E+03  0.2102407079405582E+03  0.4712622258560564E+08      2453678.276162460
2005-APR-08 20:18:40.863      2453469.346306285 2453469.347049155   07 26 48.4939  +22 02 22.464   07 27 06.9784  +22 01 52.652    0.1350061596976907E+10      n.d.        91.0291 S   -2038.216     133.772    19.7904  42.9423     -01 02 01.991    281.3376   7.4835      91.8      2453469.294927219   0.1286434147442397E+08  0.1639358391968857E+00  0.1548961839234444E+03  0.1962931980742367E+03  0.2997778147845009E+03  0.2221044876886868E+03  0.2112419647125669E+03  0.4707202381354737E+08      2453677.982582804
2005-APR-12 19:40:17.409      2453473.319645938 2453473.320388808   07 27 24.3786  +22 01 22.251   07 27 42.7913  +22 00 52.099    0.1359425659785608E+10      n.d.        87.2674 S   -2048.513     132.169    26.4816  40.8390     -01 25 21.353    286.6963  15.2260      39.8      2453473.267905361   0.1287187511141156E+08  0.1641352440621481E+00  0.1549227220064125E+03  0.1962601560090046E+03  0.2993463892496034E+03  0.2252625540897498E+03  0.2136725332692903E+03  0.4711337946173127E+08      2453677.355367323
2005-APR-13 19:42:52.702      2453474.321443310 2453474.322186180   07 27 34.5627  +22 01 04.625   07 27 52.9647  +22 00 34.390    0.1361781521931451E+10      n.d.        86.3250 S   -2050.610     131.816    24.7148  41.4788     -01 18 59.249    286.7105  14.4365      27.6      2453474.269611778   0.1287788117279147E+08  0.1637222704936057E+00  0.1549292062863844E+03  0.1962524381686061E+03  0.2992262274922710E+03  0.2260365834862565E+03  0.2142998825050709E+03  0.4714635820632637E+08      2453677.326685515
2005-APR-14 19:30:54.050      2453475.313125579 2453475.313868449   07 27 45.0931  +22 00 46.201   07 28 03.4848  +22 00 15.890    0.1364110390037631E+10      n.d.        85.3943 S   -2052.491     131.487    27.0002  40.6532     -01 27 13.829    288.3946  16.8589      16.0      2453475.261204139   0.1288242065344760E+08  0.1633780560920190E+00  0.1549332663827806E+03  0.1962477179936189E+03  0.2991468065980077E+03  0.2267594272924127E+03  0.2148851160888047E+03  0.4717128919121394E+08      2453677.329413604
2005-MAY-04 20:20:50.137      2453495.347802512 2453495.348545382   07 32 46.8114  +21 51 11.136   07 33 04.9086  +21 50 39.247    0.1409527095620994E+10      n.d.        67.0609 S   -2046.871     127.422   347.9859  44.7304     +00 36 40.125    288.5828   2.3164     111.1      2453495.294127659   0.1288170188380285E+08  0.1633082481637010E+00  0.1549237718770179E+03  0.1962614697127820E+03  0.2992077505434193E+03  0.2398969023822605E+03  0.2253702846893066E+03  0.4716734139070942E+08      2453677.423236694
2005-MAY-05 20:31:41.339      2453496.355339572 2453496.356082442   07 33 06.1739  +21 50 32.117   07 33 24.2491  +21 50 00.115    0.1411686296070989E+10      n.d.        66.1603 S   -2044.312     127.300   343.4216  43.9134     +00 51 10.316    287.7823  -0.1987      97.5      2453496.301581361   0.1287744509509880E+08  0.1633928383958012E+00  0.1549159508916217E+03  0.1962664585541756E+03  0.2993393112288247E+03  0.2404141169093670E+03  0.2257860805853196E+03  0.4714396348384307E+08      2453677.556484448
2005-MAY-08 20:20:30.759      2453499.347578229 2453499.348321100   07 34 05.8701  +21 48 30.580   07 34 23.8965  +21 47 58.081    0.1418001753668425E+10      n.d.        63.4967 S   -2035.382     126.932   343.5238  43.9705     +00 50 47.910    289.6000   1.8715      58.5      2453499.293576198   0.1285821143449114E+08  0.1646262388278080E+00  0.1548921103156284E+03  0.1962806213808705E+03  0.2997605694339421E+03  0.2420129957127483E+03  0.2269969808752342E+03  0.4703838209835337E+08      2453677.724575115
2006-MAR-01 01:21:22.697      2453795.556512697 2453795.557267141   08 33 11.6771  +19 36 07.785   08 33 34.2230  +19 34 54.808    0.1250144627514620E+10      n.d.       145.4945 S    1226.165     -78.676   352.8858  47.5908     +00 20 20.663    225.7734 -48.9555     131.2      2453795.509002681   0.1293958434524753E+08  0.1589377612541093E+00  0.1549265119346946E+03  0.1963279900167946E+03  0.2974031547978000E+03  0.7879287874179803E+02  0.9705911074217978E+02  0.4748560986979664E+08      2453675.218110820
2006-MAR-14 23:03:59.246      2453809.461102384 2453809.461856829   08 30 05.7890  +19 47 32.429   08 30 28.2508  +19 46 21.505    0.1274601337482443E+10      n.d.       130.8349 S     976.462     -24.886    19.9577  45.2976     -00 59 07.647    256.1288 -24.8305      49.5      2453809.412648176   0.1295659425452824E+08  0.1600755504655824E+00  0.1549363535972059E+03  0.1963371656780680E+03  0.2978317025341698E+03  0.8733440768706549E+02  0.1055195815603240E+03  0.4757927493138014E+08      2453675.818647587
2007-FEB-17 01:45:29.395      2454148.573256887 2454148.574011331   09 35 11.2135  +15 42 09.347   09 35 36.5665  +15 40 11.117    0.1216038387667893E+10      n.d.       172.9723 G    -185.261    -111.416    24.3114  48.5400     -01 05 46.934    214.9528 -48.7684     178.6      2454148.527063607   0.1297229375531560E+08  0.1716506263403950E+00  0.1549906132861900E+03  0.1965725339489795E+03  0.2957572154980191E+03  0.3111113078542054E+03  0.2941321766464127E+03  0.4766577880886263E+08      2454223.447253488
2007-APR-12 03:00:04.095      2454202.625047396 2454202.625801840   09 25 03.7545  +16 33 26.516   09 25 28.9848  +16 31 34.702    0.1294909093458907E+10      n.d.       116.6709 S    1033.988    -359.244   299.3607  21.1087     +03 52 01.449    183.2950 -75.9526     171.0      2454202.575809254   0.1293354760129854E+08  0.1690383100712395E+00  0.1549904632323353E+03  0.1965506464266034E+03  0.2960215637821177E+03  0.3460811254502763E+03  0.3402457082122494E+03  0.4745238333517029E+08      2454223.810498385
2007-APR-15 01:09:42.764      2454205.548411620 2454205.549166065   09 24 59.3024  +16 33 47.398   09 25 24.4941  +16 31 55.885    0.1301854595427814E+10      n.d.       113.7876 S    1086.005    -367.213   317.2607  39.1144     +02 13 16.129    248.9431 -60.0332     147.9      2454205.498905267   0.1294893507349086E+08  0.1698703710059289E+00  0.1549883502378442E+03  0.1965867757082954E+03  0.2957783134564430E+03  0.3482152142454511E+03  0.3432170035556063E+03  0.4753709203838765E+08      2454223.509914946
2007-APR-16 01:17:08.692      2454206.553572824 2454206.554327269   09 24 58.5656  +16 33 50.640   09 25 23.7352  +16 31 59.231    0.1304282412259851E+10      n.d.       112.8001 S    1103.349    -369.802   314.6778  37.2826     +02 24 40.581    247.6734 -61.8568     133.0      2454206.503972746   0.1294666710970858E+08  0.1696741041477677E+00  0.1549871768721039E+03  0.1966034419403195E+03  0.2957158481440594E+03  0.3489228560891455E+03  0.3442240185315101E+03  0.4752460363510652E+08      2454223.429026559
2007-APR-18 02:22:24.838      2454208.598898588 2454208.599653033   09 24 58.3328  +16 33 51.010   09 25 23.4582  +16 31 59.723    0.1309280302590006E+10      n.d.       110.7973 S    1137.742    -374.827   301.3876  23.8961     +03 38 00.821    220.0216 -74.8340     102.1      2454208.549105607   0.1293420114870267E+08  0.1688219357916609E+00  0.1549853093696264E+03  0.1966265869647254E+03  0.2956733973120652E+03  0.3502875522974865E+03  0.3461819662066754E+03  0.4745598011789467E+08      2454223.367576705
2007-APR-18 02:23:07.613      2454208.599393669 2454208.600148113   09 24 58.3328  +16 33 51.008   09 25 23.4582  +16 31 59.721    0.1309281535209808E+10      n.d.       110.7969 S    1137.750    -374.828   301.2812  23.7551     +03 38 43.713    219.4850 -74.9394     102.1      2454208.549600640   0.1293419767701504E+08  0.1688217061016778E+00  0.1549853090138988E+03  0.1966265909721847E+03  0.2956733959071784E+03  0.3502878753663267E+03  0.3461824302851152E+03  0.4745596101130358E+08      2454223.367572861
2007-APR-19 01:25:13.944      2454209.559189166 2454209.559943611   09 24 58.8313  +16 33 48.396   09 25 23.9477  +16 31 57.096    0.1311649979232708E+10      n.d.       109.8611 S    1153.464    -377.075   310.5352  33.8939     +02 44 36.599    247.3342 -64.2550      88.0      2454209.509304661   0.1292597891850128E+08  0.1682812142156244E+00  0.1549845392171663E+03  0.1966349381751529E+03  0.2956747145754528E+03  0.3509103405164952E+03  0.3470789866998973E+03  0.4741073588858697E+08      2454223.364353693
2007-APR-19 23:28:52.844      2454210.478389398 2454210.479143843   09 24 59.6806  +16 33 44.199   09 25 24.7933  +16 31 52.847    0.1313931823516134E+10      n.d.       108.9673 S    1168.251    -379.159   340.8897  48.9234     +00 51 52.100    266.7630 -38.2067      74.6      2454210.428416749   0.1291523510270354E+08  0.1676004934030282E+00  0.1549844703539485E+03  0.1966356972691352E+03  0.2957221419435895E+03  0.3514673412963091E+03  0.3478855083867772E+03  0.4735163788640538E+08      2454223.418236874
2007-APR-23 21:07:09.462      2454214.379970625 2454214.380725069   09 25 07.0396  +16 33 07.599   09 25 32.1282  +16 31 16.217    0.1323759458044886E+10      n.d.       105.1918 S    1228.020    -387.279    26.6522  46.8892     -01 14 35.654    281.0958  -6.2810      20.3      2454214.329618567   0.1289358574692208E+08  0.1663201781650555E+00  0.1549894968738590E+03  0.1965935288717241E+03  0.2960349419583372E+03  0.3537636824812977E+03  0.3511621400969449E+03  0.4723262695914055E+08      2454223.799707911
2008-MAY-24 23:41:41.844      2454611.487289861 2454611.488044306   10 16 40.0689  +12 31 06.293   10 17 07.6489  +12 28 35.229    0.1380614049209505E+10      n.d.        87.4996 S   -1577.902     410.034   309.0146  38.5370     +02 33 59.085    277.8488 -44.3169     147.1      2454611.434742847   0.1294774765328285E+08  0.1792547152139900E+00  0.1550519083832981E+03  0.1967403924735037E+03  0.2948896058152037E+03  0.2553823879480090E+03  0.2368951364036855E+03  0.4753055344552223E+08      2454771.302701984
2008-MAY-26 23:08:05.230      2454613.463949421 2454613.464703866   10 16 59.9819  +12 28 59.181   10 17 27.5383  +12 26 28.121    0.1385328145214874E+10      n.d.        85.6910 S   -1542.667     396.778   314.9795  43.0530     +02 07 50.175    280.4706 -36.6789     171.0      2454613.411220395   0.1293811249398465E+08  0.1793057940056761E+00  0.1550353889452939E+03  0.1967456220105734E+03  0.2951459990978090E+03  0.2563885008629620E+03  0.2377522872473080E+03  0.4747750801365019E+08      2454771.565019926
2008-MAY-27 22:14:53.838      2454614.427012014 2454614.427766458   10 17 10.2337  +12 27 54.261   10 17 37.7758  +12 25 23.210    0.1387622469356969E+10      n.d.        84.8127 S   -1525.287     390.267   329.3224  50.1272     +01 18 16.361    284.2096 -24.6946     175.4      2454614.374194390   0.1293275403939161E+08  0.1795496315452403E+00  0.1550277130404649E+03  0.1967478015304044E+03  0.2952712917368819E+03  0.2569032679073155E+03  0.2381716173385375E+03  0.4744801610809428E+08      2454771.644494192
2008-JUN-03 01:25:26.801      2454620.559337974 2454620.560092418   10 18 23.5599  +12 20 15.305   10 18 50.9854  +12 17 44.162    0.1402166953717406E+10      n.d.        79.2580 S   -1411.331     348.011   288.1672  10.5486     +04 51 46.738    274.0891 -68.0655      90.0      2454620.505958976   0.1294631674424569E+08  0.1804393797752347E+00  0.1550453453983228E+03  0.1967455925273369E+03  0.2948648822517723E+03  0.2614831354385203E+03  0.2420720134768584E+03  0.4752267446673953E+08      2454771.026306329
2008-JUN-05 23:24:37.184      2454623.475430370 2454623.476184815   10 19 03.2909  +12 16 10.308   10 19 30.7155  +12 13 38.859    0.1409008067215415E+10      n.d.        76.6424 S   -1355.177     327.466   303.3534  33.5133     +03 01 47.244    281.2403 -40.3602      46.9      2454623.421787167   0.1296488820956046E+08  0.1794940991378111E+00  0.1550655403594028E+03  0.1967436420315169E+03  0.2944296628596555E+03  0.2637703795929166E+03  0.2441958587518536E+03  0.4762496790108237E+08      2454770.764012702
2009-MAY-22 02:06:44.364      2454973.588013473 2454973.588779491   11 05 40.0831  +08 10 38.943   11 06 10.5432  +08 07 31.037    0.1373281410444707E+10      n.d.       103.3261 S   -1510.477     720.156   290.7988  24.2838     +03 57 36.473    262.4106 -77.6676     135.1      2454973.535761175   0.1290407662442994E+08  0.1830022671832139E+00  0.1551244415733830E+03  0.1968396608179676E+03  0.2944596563719606E+03  0.1319257276263131E+03  0.1453306151775678E+03  0.4729028498692873E+08      2454772.956888472
2009-MAY-24 02:02:21.789      2454975.584974410 2454975.585740428   11 05 42.7007  +08 09 56.581   11 06 13.1398  +08 06 48.746    0.1377949316703833E+10      n.d.       101.4216 S   -1532.861     726.420   290.3324  23.5429     +04 01 03.697    265.0384 -76.6991     107.1      2454975.532541902   0.1291093124037114E+08  0.1822782530040148E+00  0.1551237950723913E+03  0.1968309572361525E+03  0.2944990756617938E+03  0.1332349358899145E+03  0.1462788163162988E+03  0.4732797072703903E+08      2454772.801730894
2009-JUN-21 23:08:49.949      2455004.464467003 2455004.465233021   11 09 10.9174  +07 42 09.080   11 09 41.0509  +07 39 01.923    0.1446031954190769E+10      n.d.        74.7746 S   -1786.950     790.161   299.5672  37.0209     +02 57 55.609    283.2912 -36.2149      87.3      2455004.409405981   0.1287385278387934E+08  0.1854128125067021E+00  0.1551291701082377E+03  0.1968764341996413E+03  0.2940569332593532E+03  0.1527156474442255E+03  0.1607581402538285E+03  0.4712423783451384E+08      2454773.036962205
2009-JUL-21 22:19:46.774      2455034.430402477 2455034.431168495   11 17 39.3481  +06 43 41.412   11 18 09.2125  +06 40 33.486    0.1507283035820546E+10      n.d.        48.5301 S   -1903.005     800.545   289.2805  24.7812     +03 58 32.971    283.2845 -23.3994      51.9      2455034.372976783   0.1285986813565522E+08  0.1865758655938996E+00  0.1551251982542784E+03  0.1969277912529165E+03  0.2939217760753577E+03  0.1727459965930374E+03  0.1749353173568533E+03  0.4704747329889181E+08      2454773.079809917
2010-FEB-21 06:25:19.879      2455248.767591192 2455248.768357210   12 16 58.1009  +00 51 30.999   12 17 31.3968  +00 47 53.923    0.1281763853931108E+10      n.d.       148.7238 G    1006.449    -577.878   321.6217  61.1330     +01 09 46.400    120.4433 -33.0194     130.4      2455248.718871995   0.1294260850365957E+08  0.1722625376791166E+00  0.1551954337089431E+03  0.1969180725554353E+03  0.2919583125867426E+03  0.3147355165755639E+03  0.2984553467826026E+03  0.4750225790032104E+08      2455317.847124482
2010-FEB-22 05:55:15.316      2455249.746705046 2455249.747471065   12 16 46.1095  +00 53 02.297   12 17 19.4288  +00 49 25.076    0.1280648057727762E+10      n.d.       149.7619 G    1022.807    -583.658   334.0282  64.3237     +00 43 45.421    125.7200 -39.0378     117.8      2455249.698028921   0.1293421780390716E+08  0.1719253808913559E+00  0.1551922596441638E+03  0.1969087906524030E+03  0.2921057994050634E+03  0.3152202330510908E+03  0.2990862469493987E+03  0.4745607178060719E+08      2455318.019525662
2010-FEB-23 06:29:33.787      2455250.770529942 2455250.771295961   12 16 33.2833  +00 54 39.251   12 17 06.6280  +00 51 01.863    0.1279524451056217E+10      n.d.       150.8483 G    1039.718    -589.593   316.6628  59.1957     +01 22 18.889    118.9756 -32.5427     104.0      2455250.721897206   0.1292511423122429E+08  0.1716594585309626E+00  0.1551870781128302E+03  0.1968931993042293E+03  0.2922949666252418E+03  0.3157031460983624E+03  0.2997086433518365E+03  0.4740597863483088E+08      2455318.235262357
2010-MAY-03 23:55:47.500      2455320.497077547 2455320.497843565   11 59 23.4630  +02 48 48.068   11 59 57.1444  +02 45 09.447    0.1313849063855743E+10      n.d.       135.4053 S    1532.448    -653.999    11.2172  64.2725     -00 19 23.912    269.6484 -46.3664     111.4      2455320.447119631   0.1292139120959479E+08  0.1721426947210863E+00  0.1551947004310933E+03  0.1968917339937238E+03  0.2931404634506229E+03  0.8654252128029269E+00  0.1243874422667638E+01  0.4738549748814425E+08      2455319.128684566
2010-MAY-04 22:15:47.438      2455321.427632384 2455321.428398402   11 59 14.1829  +02 49 40.771   11 59 47.8583  +02 46 02.184    0.1315654120547215E+10      n.d.       134.4644 S    1528.286    -649.945    51.8032  52.1124     -01 55 34.559    278.5127 -23.4583     122.2      2455321.377604808   0.1292330805300885E+08  0.1722705153060454E+00  0.1551920757710500E+03  0.1969052530522171E+03  0.2930741739552032E+03  0.1530451386685264E+01  0.2200236932603755E+01  0.4739604208963016E+08      2455319.045514455
2010-MAY-07 00:44:56.842      2455323.531213449 2455323.531979468   11 58 54.0571  +02 51 33.073   11 59 27.7181  +02 47 54.639    0.1319828969240284E+10      n.d.       132.3409 S    1517.809    -640.336   336.5367  62.6513     +00 42 12.594    265.6535 -58.0009     147.0      2455323.481024671   0.1291819479465474E+08  0.1719598100322935E+00  0.1551865098170507E+03  0.1969321122045039E+03  0.2929550053273543E+03  0.3012780336151629E+01  0.4327385067905992E+01  0.4736791567258418E+08      2455318.892896941
2010-MAY-08 01:59:46.071      2455324.583172118 2455324.583938136   11 58 44.4971  +02 52 25.606   11 59 18.1434  +02 48 47.274    0.1321966602154383E+10      n.d.       131.2817 S    1512.009    -635.300   306.6796  51.0249     +02 01 20.239    250.9909 -75.0628     159.1      2455324.532900839   0.1291151188246743E+08  0.1715378143472365E+00  0.1551844671297915E+03  0.1969413695397207E+03  0.2929209836610133E+03  0.3736514907741861E+01  0.5361055179665693E+01  0.4733116347749899E+08      2455318.847021276
2010-JUN-06 22:35:46.914      2455354.441515208 2455354.442281227   11 56 48.8271  +02 59 22.933   11 57 22.2002  +02 55 46.633    0.1392608501017232E+10      n.d.       102.1142 S    1200.918    -436.766   339.3050  62.9804     +00 37 00.178    284.2572 -29.3545     167.0      2455354.388516633   0.1294446062031304E+08  0.1736017133250828E+00  0.1551913309356440E+03  0.1969097140236295E+03  0.2933553937964172E+03  0.2292393145330977E+02  0.3253712106165018E+02  0.4751245478648496E+08      2455319.371404470
2010-JUN-14 22:56:35.553      2455362.455967049 2455362.456733067   11 57 11.2375  +02 55 16.349   11 57 44.5536  +02 51 40.398    0.1413450400827463E+10      n.d.        94.5688 S    1076.017    -368.778   316.6198  56.5755     +01 29 02.366    283.7374 -33.7860      62.4      2455362.402163845   0.1292418209303939E+08  0.1719710874906210E+00  0.1551973452499004E+03  0.1969048935867691E+03  0.2934399630861473E+03  0.2819865796355025E+02  0.3958447536865887E+02  0.4740085046435176E+08      2455319.428900939
2010-JUN-15 23:52:05.611      2455363.494509387 2455363.495275405   11 57 15.7989  +02 54 33.502   11 57 49.1052  +02 50 57.599    0.1416166450372961E+10      n.d.        93.5992 S    1058.775    -359.636   300.2064  45.7526     +02 28 33.550    280.7572 -46.2676      47.5      2455363.440601354   0.1293339642416184E+08  0.1724085833724518E+00  0.1552044906741939E+03  0.1968963894055760E+03  0.2935854981529653E+03  0.2873899125249674E+02  0.4034418668221584E+02  0.4745155134830552E+08      2455319.597053285
2010-JUN-17 21:32:22.947      2455365.397487813 2455365.398253831   11 57 25.1926  +02 53 08.660   11 57 58.4790  +02 49 32.898    0.1421141664887045E+10      n.d.        91.8289 S    1026.593    -342.706   350.6304  64.3326     +00 16 11.671    289.4915 -15.0363      20.5      2455365.343387656   0.1295271079033517E+08  0.1735316575987222E+00  0.1552124194072177E+03  0.1968874022534966E+03  0.2937732303169471E+03  0.2976895992414146E+02  0.4181444241345429E+02  0.4755788521729270E+08      2455319.826773101
2010-JUN-18 22:57:14.600      2455366.456418981 2455366.457185000   11 57 30.9278  +02 52 17.917   11 58 04.1951  +02 48 42.266    0.1423910491815384E+10      n.d.        90.8460 S    1008.375    -333.190   311.2978  53.9352     +01 45 08.099    283.8964 -33.7641       8.6      2455366.402211952   0.1296128624951805E+08  0.1741239599521293E+00  0.1552128922705340E+03  0.1968868838470120E+03  0.2938066673953056E+03  0.3039814301441543E+02  0.4270376922497145E+02  0.4760512222481893E+08      2455319.877414060
2010-JUL-04 21:52:51.200      2455382.411703704 2455382.412469722   11 59 43.1855  +02 34 42.691   12 00 16.2878  +02 31 07.991    0.1464994441236601E+10      n.d.        76.2652 S     711.249    -183.266   312.0936  54.7826     +01 41 26.942    287.6717 -18.5786     161.0      2455382.355910546   0.1297914363327337E+08  0.1751137014908458E+00  0.1552194189658401E+03  0.1968931247431156E+03  0.2939954704745131E+03  0.4059163563761633E+02  0.5603323470760479E+02  0.4770353788275368E+08      2455320.101389315
2010-JUL-06 00:00:36.458      2455383.500421968 2455383.501187986   11 59 55.1872  +02 33 11.670   12 00 28.2676  +02 29 37.058    0.1467723592154430E+10      n.d.        75.2833 S     689.656    -172.701   285.8411  27.8971     +03 53 17.761    279.6375 -47.1777     148.1      2455383.444523531   0.1298215623575257E+08  0.1755232868501017E+00  0.1552162908714074E+03  0.1968943558764341E+03  0.2939441165869492E+03  0.4130937117390805E+02  0.5698028881747291E+02  0.4772014762290728E+08      2455320.067167223
2010-JUL-06 23:58:31.263      2455384.498972951 2455384.499738970   12 00 06.5407  +02 31 46.164   12 00 39.6105  +02 28 11.609    0.1470212359782260E+10      n.d.        74.3847 S     669.738    -162.984   285.6034  27.5387     +03 54 57.436    279.6137 -46.6482     135.9      2455384.442978433   0.1297958938992706E+08  0.1756070916938997E+00  0.1552104892468267E+03  0.1968964683542719E+03  0.2938318398337986E+03  0.4204425333234479E+02  0.5791164913857147E+02  0.4770599540451980E+08      2455319.957286681
2011-MAY-23 22:49:43.586      2455705.451198912 2455705.451964930   12 42 29.2497  -01 44 13.305   12 43 06.1912  -01 48 08.145    0.1328328722034888E+10      n.d.       128.1041 S    -620.948     120.471    32.5746  65.8620     -00 50 54.100    280.8786 -32.4395     132.6      2455705.400681978   0.1298442291496019E+08  0.1719065204537853E+00  0.1552694209225024E+03  0.1969013693123830E+03  0.2895313251824030E+03  0.2566169360533327E+03  0.2386586338055042E+03  0.4773264604602125E+08      2455864.053819790
2011-JUN-05 23:17:36.000      2455718.470555556 2455718.471321574   12 41 36.2007  -01 41 56.699   12 42 13.0321  -01 45 50.874    0.1355649078012141E+10      n.d.       115.4141 S    -368.141       4.249   340.1435  68.0525     +00 29 11.279    281.5418 -38.7810      66.9      2455718.418983862   0.1297219604813300E+08  0.1710448436663488E+00  0.1552527396862447E+03  0.1969046748903890E+03  0.2899424967813099E+03  0.2645517862289277E+03  0.2457693878703571E+03  0.4766524028264608E+08      2455864.688339699
2012-MAY-24 01:48:35.480      2456071.575410648 2456071.576176666   13 28 24.5766  -06 18 58.328   13 29 05.3405  -06 22 57.360    0.1337639372198698E+10      n.d.       139.5848 S   -2042.566     948.073   304.8463  63.8261     +01 25 26.897    267.3379 -73.5236     106.5      2456071.524534261   0.1286632513590092E+08  0.1750838364115023E+00  0.1553263058479030E+03  0.1969307929456777E+03  0.2890242494635518E+03  0.1364614671123147E+03  0.1482987933270993E+03  0.4708291188270458E+08      2455864.959358354
2012-MAY-24 22:36:39.800      2456072.442127314 2456072.442893333   13 28 14.7554  -06 18 12.043   13 28 55.5151  -06 22 11.106    0.1338930447123900E+10      n.d.       138.7129 S   -2043.728     947.645    60.8423  60.3987     -01 42 53.926    282.1415 -29.5268      96.1      2456072.391201090   0.1286485820504193E+08  0.1750410128725552E+00  0.1553249140618802E+03  0.1969157099705853E+03  0.2889350280050849E+03  0.1371368786853928E+03  0.1488084402351824E+03  0.4707486000227753E+08      2455864.839138163
2012-MAY-26 23:48:13.438      2456074.491822199 2456074.492588217   13 27 52.3182  -06 16 28.711   13 28 33.0654  -06 20 27.891    0.1342080145403627E+10      n.d.       136.6524 S   -2045.864     946.338    19.6797  72.8915     -00 22 52.968    277.9293 -45.8228      70.5      2456074.440774353   0.1286741281124266E+08  0.1744742960508775E+00  0.1553222784270807E+03  0.1968855721179688E+03  0.2888142443899081E+03  0.1386560932858264E+03  0.1499257865917252E+03  0.4708888235259575E+08      2455864.526921980
2012-MAY-27 22:31:38.654      2456075.438641828 2456075.439407847   13 27 42.4290  -06 15 43.909   13 28 23.1647  -06 19 43.105    0.1343580930444344E+10      n.d.       135.7035 S   -2046.558     945.590    58.5214  61.8362     -01 35 33.878    283.0665 -28.4485      58.0      2456075.387536061   0.1287128576654935E+08  0.1740452453167758E+00  0.1553217129266044E+03  0.1968786460219653E+03  0.2888173560953697E+03  0.1392997647861504E+03  0.1503882123566554E+03  0.4711014383637783E+08      2455864.403998398
2012-MAY-29 01:09:37.444      2456076.548350046 2456076.549116065   13 27 31.1415  -06 14 53.814   13 28 11.8637  -06 18 53.039    0.1345374411132955E+10      n.d.       134.5920 S   -2047.144     944.600   312.5854  67.1120     +01 06 58.715    273.3215 -64.5146      43.6      2456076.497175028   0.1287800215038563E+08  0.1734339905513538E+00  0.1553217757170577E+03  0.1968795059617012E+03  0.2888826365580517E+03  0.1399899760988781E+03  0.1508758811730470E+03  0.4714702256247798E+08      2455864.302262423
2012-JUL-10 22:13:45.765      2456119.426224132 2456119.427001724   13 25 56.0689  -06 18 09.843   13 26 36.4134  -06 22 07.161    0.1435089231291987E+10      n.d.        93.3563 S   -1893.172     819.424   315.0031  68.0193     +01 01 46.537    285.5042 -22.7717     172.1      2456119.371597069   0.1288035631077587E+08  0.1732500202884680E+00  0.1553265279531919E+03  0.1969262562452016E+03  0.2888663307096537E+03  0.1683703198199386E+03  0.1716668492851172E+03  0.4715995120513950E+08      2455864.088158698
2012-JUL-21 00:23:34.828      2456129.516375324 2456129.517152917   13 27 13.9005  -06 28 57.379   13 27 54.1736  -06 32 53.636    0.1458865495361851E+10      n.d.        84.1018 S   -1810.344     768.194   276.7462  32.4440     +03 50 04.747    274.8507 -51.6413      63.3      2456129.460830429   0.1291644517445417E+08  0.1699815127817431E+00  0.1553216342165402E+03  0.1969598251514928E+03  0.2891342220077349E+03  0.1747344880539541E+03  0.1762081969710844E+03  0.4735829284324592E+08      2455863.413792908
2012-JUL-21 22:20:56.081      2456130.431204641 2456130.431982234   13 27 22.8130  -06 30 06.573   13 28 03.0830  -06 34 02.693    0.1461010806133551E+10      n.d.        83.2710 S   -1802.047     763.193   296.5970  58.8797     +01 50 53.496    283.1410 -23.6408      51.5      2456130.375576844   0.1291218862776498E+08  0.1703760867442199E+00  0.1553203986460551E+03  0.1969704632059779E+03  0.2891725266127614E+03  0.1752919605112962E+03  0.1766123661930798E+03  0.4733488475688747E+08      2455863.611663854
2013-MAY-03 01:49:20.746      2456415.575934560 2456415.576712152   14 26 04.8753  -11 38 59.172   14 26 50.2407  -11 42 40.176    0.1326707246456834E+10      n.d.       174.6852 S    1165.438    -439.479    52.8967  72.9447     -00 55 17.048    250.4859 -72.1504     102.9      2456415.525491789   0.1290624935611171E+08  0.1598810305015674E+00  0.1553745012262911E+03  0.1968502202237082E+03  0.2916944304801753E+03  0.3589205104832673E+03  0.3584902671295412E+03  0.4730222928504598E+08      2456417.167153975
2013-MAY-03 23:13:16.768      2456416.467555185 2456416.468332778   14 25 48.3079  -11 37 37.051   14 26 33.6604  -11 41 18.230    0.1327020005193280E+10      n.d.       173.8588 S    1151.526    -432.862    86.6938  39.4848     -03 27 33.531    273.5704 -36.5849     114.5      2456416.417100419   0.1291250547961494E+08  0.1602909797982791E+00  0.1553765922856004E+03  0.1968368515314167E+03  0.2917524140635082E+03  0.3594571878798737E+03  0.3592401353358101E+03  0.4733662709177484E+08      2456417.243196577
2013-MAY-05 02:53:13.684      2456417.620297269 2456417.621074861   14 25 26.8262  -11 35 51.485   14 26 12.1764  -11 39 32.963    0.1327471216699509E+10      n.d.       172.7496 S    1133.266    -424.186   338.5211  78.3682     +00 17 17.547    192.5174 -83.5883     130.3      2456417.569824998   0.1292504466235982E+08  0.1611062653713163E+00  0.1553784780629551E+03  0.1968253272917601E+03  0.2917887726813362E+03  0.1809622363091470E+00  0.2537833456979453E+00  0.4740559589442266E+08      2456417.294020514
2013-MAY-06 23:21:26.768      2456419.473226482 2456419.474004074   14 24 52.5516  -11 33 02.871   14 25 37.8782  -11 36 44.654    0.1328323609975715E+10      n.d.       170.9173 S    1103.237    -409.951    84.2470  44.2803     -03 06 36.764    273.8961 -38.7586     153.1      2456419.422721372   0.1294305630942965E+08  0.1622762056678911E+00  0.1553779354127857E+03  0.1968283446848907E+03  0.2917386824242994E+03  0.1430974876384652E+01  0.2011918962652006E+01  0.4750472324212252E+08      2456417.237212580
2013-MAY-08 02:20:23.017      2456420.597488623 2456420.598266216   14 24 31.7746  -11 31 21.514   14 25 17.0984  -11 35 03.546    0.1328910783479393E+10      n.d.       169.7852 G    1084.646    -401.147     3.7294  79.0272     -00 02 53.792    240.6632 -79.4597     167.5      2456420.546960774   0.1295139435885909E+08  0.1628232466420417E+00  0.1553760262706875E+03  0.1968384774902674E+03  0.2916685294207110E+03  0.2220938058247514E+01  0.3126131309844685E+01  0.4755063517821377E+08      2456417.151673500
2013-MAY-09 03:04:55.749      2456421.628423021 2456421.629200613   14 24 12.8267  -11 29 49.154   14 24 58.1436  -11 33 31.391    0.1329499117302088E+10      n.d.       168.7402 S    1067.351    -392.964   313.0945  74.4753     +00 46 01.764    164.0176 -84.6394     176.3      2456421.577872463   0.1295538764422882E+08  0.1630928603968411E+00  0.1553736515292580E+03  0.1968505422056951E+03  0.2915933212700114E+03  0.2954809622794958E+01  0.4161153404169051E+01  0.4757262870489996E+08      2456417.058580375
2013-MAY-10 02:22:46.172      2456422.599145509 2456422.599923102   14 23 55.0848  -11 28 22.803   14 24 40.3980  -11 32 05.219    0.1330094749196214E+10      n.d.       167.7524 S    1050.857    -385.166   349.8377  78.8354     +00 07 59.562    241.4425 -80.2435     167.0      2456422.548571951   0.1295594762594769E+08  0.1631449784607155E+00  0.1553707835647538E+03  0.1968645205215839E+03  0.2915107589780471E+03  0.3656768676400546E+01  0.5149618579117927E+01  0.4757571314640699E+08      2456416.955292065
2013-JUN-06 02:07:01.448      2456449.588211204 2456449.588988796   14 16 41.9732  -10 54 50.126   14 17 27.0763  -10 58 37.025    0.1361687914979550E+10      n.d.       140.1655 S     527.495    -141.100   290.1928  62.2112     +01 45 52.568    273.1336 -77.5607     167.9      2456449.536417954   0.1296267638149720E+08  0.1633830783778871E+00  0.1553882933438226E+03  0.1968294535199882E+03  0.2917049761327955E+03  0.2111789882524093E+02  0.2940243932120190E+02  0.4761278109168160E+08      2456417.209968176
2013-JUN-08 00:21:47.826      2456451.515136875 2456451.515914468   14 16 17.5507  -10 53 05.183   14 17 02.6415  -10 56 52.260    0.1364938526522144E+10      n.d.       138.2228 S     486.603    -122.332   349.5321  78.2295     +00 08 39.213    278.4164 -53.3253     145.8      2456451.463218105   0.1297630341520512E+08  0.1643611878107033E+00  0.1553866715620981E+03  0.1968324367663168E+03  0.2916929760664892E+03  0.2234071831851972E+02  0.3112445307137962E+02  0.4768788033535789E+08      2456417.210983609
2013-JUN-09 00:48:13.370      2456452.533488079 2456452.534265671   14 16 05.0679  -10 52 12.270   14 16 50.1521  -10 55 59.472    0.1366703168914831E+10      n.d.       137.1975 S     464.878    -112.376   319.4158  75.0753     +00 39 18.148    277.3037 -59.3348     133.8      2456452.481501184   0.1297992803690614E+08  0.1646892583112084E+00  0.1553836413397122E+03  0.1968378553955365E+03  0.2916397974924058E+03  0.2303165138225610E+02  0.3208199249736673E+02  0.4770786244315854E+08      2456417.155149076
2013-SEP-01 22:00:51.696      2456537.417265000 2456537.418042592   14 20 24.6013  -11 34 37.634   14 21 08.9649  -11 38 17.422    0.1557458068901144E+10      n.d.        57.2735 S   -1187.638     576.061   273.9377  40.6825     +03 22 17.292    271.8968 -16.5597      98.5      2456537.357913717   0.1290064710210517E+08  0.1646545613284505E+00  0.1553704634705257E+03  0.1968300714975324E+03  0.2892868123785655E+03  0.8063746887281830E+02  0.9954765804967815E+02  0.4727143369871008E+08      2456414.806191641
2014-JUL-02 21:51:10.953      2456841.410543438 2456841.411321030   15 01 03.2760  -14 43 17.033   15 01 52.9464  -14 46 39.729    0.1380027068944345E+10      n.d.       126.2998 S    1201.739    -531.751    73.8058  67.4356     -01 29 36.464    287.9318 -18.3349      66.0      2456841.358042159   0.1294267219321342E+08  0.1519055837492825E+00  0.1554326531600077E+03  0.1968056059140584E+03  0.2915088758396744E+03  0.2770843941477839E+03  0.2596690919904199E+03  0.4750260853303935E+08      2456967.988300841
2014-JUL-03 22:31:57.344      2456842.438858148 2456842.439635741   15 00 56.9655  -14 43 06.316   15 01 46.6203  -14 46 29.070    0.1382221987260931E+10      n.d.       125.2952 S    1212.418    -535.449    55.6472  76.8875     -00 44 40.497    285.0688 -27.2973      53.7      2456842.386272117   0.1293882126242541E+08  0.1516725151450467E+00  0.1554305060651617E+03  0.1968045498605468E+03  0.2916075549269451E+03  0.2776292310266090E+03  0.2602303810816828E+03  0.4748140939650574E+08      2456968.128305423
2014-JUL-04 23:25:34.049      2456843.476088530 2456843.476866122   15 00 50.9729  -14 42 57.166   15 01 40.6112  -14 46 19.966    0.1384463596007241E+10      n.d.       124.2833 S    1223.022    -539.094   337.6271  81.6385     +00 13 07.575    281.7043 -39.2782      41.1      2456843.423415954   0.1293311923407088E+08  0.1514511562857548E+00  0.1554263195528991E+03  0.1968023681019467E+03  0.2917586504468501E+03  0.2781276554167182E+03  0.2607462419783083E+03  0.4745002587553780E+08      2456968.321977842
