OBSERVATORIO (?=LISTA SITIOS, X=PROMPT, G=GEOCENTRICO, H=HELIOCENTRICO, OU CODIGO IAU): NOME/ID DO OBJETO DO SISTEMA SOLAR: EFEMERIDE DE/LE (EX: de421, <ENTER>=CANONICO JPL): Arquivo com datas: Alvo: NEREID (    802)     Efemerides: nep081+de421   Sitio: 874 (OPD/LNA) (314°25'02.5"E 22°32'07.8"S  1810.7 m)

     Data Cal. UTC                  JD_UTC         JD_TT (Obs.)      R.A.__(ICRF//J2000.0)__DEC     R.A.__(ap./sem atms.)__DEC            DIST (km)           APmag        S-O-A (°)     X_(sat-primario)_Y      AZ (°)   EL (°)       Hour Angle       AZ__SOL__EL (°)    L-O-A (°)    JD_TT (El. Orb.)    Semi-eixo maior (km)       Excentricidade          Inclinacao (°)      Long. Nodo Ascend. (°)    Arg. Periastro (°)       Anom. Media (°)       Anom. Verdadeira (°)      Per. Orbital (s)       Pass. Periast. (JD_TT)
1992-JUN-09 07:26:09.500      2448782.809832176 2448782.810505602   19 19 20.7436  -21 25 43.996   19 18 56.2016  -21 26 30.766    0.4380756726171590E+10      n.d.       150.3835 G     -86.066      -9.230   265.3606  58.3929     +02 16 33.591     75.5113 -29.5650     101.6      2448782.641377680   0.5506660906686655E+07  0.7532356029603351E+00  0.2747025858531815E+02  0.3529175274983735E+03  0.2629159380272623E+03  0.3345269099787878E+03  0.2415779084903534E+03  0.3105558471359882E+08      2448808.074817272
1995-JUL-07 04:30:44.700      2449905.688017361 2449905.688725510   19 45 19.1319  -20 40 11.146   19 45 05.2992  -20 40 38.390    0.4364593725417710E+10      n.d.       170.1424 G     117.452      28.002   278.7955  80.0552     +00 42 02.576     85.6531 -70.7109      83.6      2449905.520221553   0.5531966606644938E+07  0.7527197710415463E+00  0.2747940500913209E+02  0.3528700716080835E+03  0.2630151920556355E+03  0.1684642045052677E+02  0.1020094850352705E+03  0.3126990302039819E+08      2449888.583945392
1995-JUL-11 04:14:10.250      2449909.676507523 2449909.677215671   19 44 54.0239  -20 41 13.428   19 44 40.2642  -20 41 40.244    0.4362949655587341E+10      n.d.       174.0326 G     142.961      35.216   278.8268  80.1574     +00 41 36.676     88.1726 -74.6370      24.9      2449909.508775187   0.5512311654237900E+07  0.7517987513213854E+00  0.2750840819001214E+02  0.3528883319074473E+03  0.2629515577036174E+03  0.2094106715604198E+02  0.1106619162807188E+03  0.3110339924702828E+08      2449888.568112494
1995-OCT-11 23:22:45.833      2450002.474141586 2450002.474849734   19 38 38.2745  -20 58 00.798   19 38 23.8304  -20 58 27.453    0.4493097192104487E+10      n.d.        94.7096 S     302.222      88.072   267.2836  61.6003     +02 02 20.109    245.7044 -31.4765     124.6      2450002.301384676   0.5512309480899297E+07  0.7515519393494609E+00  0.2747366951982038E+02  0.3528397135731289E+03  0.2629466269961323E+03  0.1138567075294806E+03  0.1647950507482039E+03  0.3110338085232860E+08      2449888.446943547
1995-OCT-12 22:59:33.600      2450003.458027778 2450003.458735926   19 38 39.3081  -20 57 59.992   19 38 24.8492  -20 58 26.645    0.4495562628341737E+10      n.d.        93.7406 S     301.935      88.110   268.8299  66.0637     +01 42 59.598    248.6791 -26.4004     136.4      2450003.285175676   0.5515501437029163E+07  0.7511909562403681E+00  0.2750407691577916E+02  0.3530010713373957E+03  0.2628481992512209E+03  0.1147298675191657E+03  0.1650083647837868E+03  0.3113040083328586E+08      2449888.457926338
2001-AUG-26 03:08:25.133      2452147.630846447 2452147.631589317   20 36 28.6607  -18 26 26.881   20 36 34.4360  -18 26 05.527    0.4364028599065104E+10      n.d.       153.8277 S     342.369     124.143   274.3300  64.5827     +01 47 15.933    175.0829 -77.8412      61.2      2452147.463107185   0.5511524969883573E+07  0.7490890618116101E+00  0.2747492110187347E+02  0.3528396446538607E+03  0.2629913345910713E+03  0.9815465541544944E+02  0.1602783817768124E+03  0.3109674114619884E+08      2452049.331358479
2001-OCT-24 22:35:31.947      2452207.441341979 2452207.442084849   20 33 42.3741  -18 37 27.616   20 33 47.4563  -18 37 09.462    0.4483137813034820E+10      n.d.        94.5225 S     334.961     123.029   279.5753  72.4920     +01 12 58.074    247.2746 -19.5121       5.5      2452207.269004260   0.5516386189096067E+07  0.7485718846223459E+00  0.2749354427242474E+02  0.3530179059204252E+03  0.2628624012537554E+03  0.1578209360531578E+03  0.1751562045475790E+03  0.3113789166380492E+08      2452049.276102732
2001-OCT-26 00:40:14.722      2452208.527948171 2452208.528691042   20 33 43.4576  -18 37 24.700   20 33 48.5158  -18 37 06.676    0.4485888321165310E+10      n.d.        93.4430 S     334.087     122.772   265.0126  42.7872     +03 21 56.829    224.6294 -43.3674      17.4      2452208.355504330   0.5515057254391037E+07  0.7492644141832087E+00  0.2749227737523596E+02  0.3530043879721335E+03  0.2629020295504990E+03  0.1587392608195821E+03  0.1753685891212164E+03  0.3112664034876975E+08      2452049.500698493
2001-OCT-26 22:50:03.505      2452209.451429456 2452209.452172326   20 33 44.5202  -18 37 21.806   20 33 49.5670  -18 37 03.829    0.4488225485571947E+10      n.d.        92.5269 S     333.333     122.548   275.5635  67.3603     +01 35 23.012    244.6968 -22.2751      28.8      2452209.278895324   0.5512707768550211E+07  0.7500074118066281E+00  0.2747626354964827E+02  0.3528345102959566E+03  0.2630432746694936E+03  0.1596615805677713E+03  0.1755813431790648E+03  0.3110675193925008E+08      2452049.603188632
2001-OCT-27 23:14:12.971      2452210.468205683 2452210.468948553   20 33 45.8158  -18 37 18.098   20 33 50.8403  -18 37 00.221    0.4490802826235017E+10      n.d.        91.5174 S     332.487     122.294   271.9837  60.8755     +02 03 31.722    240.8764 -27.0706      40.8      2452210.295572061   0.5511525417264302E+07  0.7501530878340088E+00  0.2746084082211897E+02  0.3526656939406887E+03  0.2631574667830627E+03  0.1608321327147176E+03  0.1758401560791200E+03  0.3109674493246936E+08      2452049.500953748
2002-JUL-16 05:29:54.000      2452471.729097222 2452471.729840093   20 50 00.8397  -17 38 24.280   20 50 09.7302  -17 37 50.479    0.4354983604513394E+10      n.d.       163.4126 G     287.187     108.197   282.6903  72.2001     +01 12 56.525     85.1307 -57.2374     120.0      2452471.561707146   0.5513576218236819E+07  0.7486230156070167E+00  0.2750804240108751E+02  0.3529273881972373E+03  0.2629617361381049E+03  0.6203159341029298E+02  0.1468319202702869E+03  0.3111410287658179E+08      2452409.509965281
2002-JUL-17 05:24:12.327      2452472.725142674 2452472.725885544   20 49 54.7684  -17 38 48.869   20 50 03.6705  -17 38 15.041    0.4354236930644320E+10      n.d.       164.3879 G     289.681     109.139   283.0993  72.5775     +01 11 16.527     85.8242 -58.5440     106.1      2452472.557781423   0.5519458375998304E+07  0.7488881639126144E+00  0.2751461615514015E+02  0.3529442027738914E+03  0.2629866744346929E+03  0.6288824797848103E+02  0.1472641112710773E+03  0.3116390726641918E+08      2452409.548408733
2002-AUG-10 00:01:56.854      2452496.501352477 2452496.502095347   20 47 22.7652  -17 49 01.866   20 47 31.9949  -17 48 27.604    0.4349127082996439E+10      n.d.       172.2550 S     334.125     125.686    89.7701  53.4865     -02 34 42.830    269.6200 -45.7421     156.2      2452496.334188539   0.5518448931126436E+07  0.7489505140831243E+00  0.2750688970457667E+02  0.3529564565370094E+03  0.2629638773904605E+03  0.8662125963573014E+02  0.1566210447581742E+03  0.3115535838194891E+08      2452409.569901391
2002-AUG-12 02:33:05.116      2452498.606309213 2452498.607052084   20 47 09.2395  -17 49 56.153   20 47 18.4753  -17 49 22.086    0.4349869263326183E+10      n.d.       170.1779 S     336.812     126.670   345.9416  85.1466     +00 04 56.878    228.8576 -78.9567     125.2      2452498.439116574   0.5511509999822720E+07  0.7496489081609823E+00  0.2743999548206310E+02  0.3527051493143878E+03  0.2630907583731267E+03  0.8887339026211130E+02  0.1574137850054638E+03  0.3109661445173759E+08      2452409.586829023
2003-JUL-24 02:53:02.094      2452844.620163125 2452844.620905996   20 58 23.4864  -17 08 36.428   20 58 36.0011  -17 07 47.930    0.4349783413744174E+10      n.d.       168.6375 G     315.362     123.128    72.4971  74.4166     -01 02 12.243    235.8500 -85.5205     110.1      2452844.452973807   0.5515809680686602E+07  0.7492362838302159E+00  0.2745466248446370E+02  0.3527759914618958E+03  0.2630618283370369E+03  0.7465850955961471E+02  0.1523235757223795E+03  0.3113301053689694E+08      2452769.724830649
2003-JUL-25 05:18:37.265      2452845.721264642 2452845.722007512   20 58 16.5598  -17 09 05.776   20 58 29.0953  -17 08 17.265    0.4349214017649473E+10      n.d.       169.7193 G     317.524     123.947   280.6950  68.6745     +01 27 50.311     89.1400 -59.6669     123.4      2452845.554097313   0.5510171146340036E+07  0.7490724842254279E+00  0.2743711104214503E+02  0.3527205338138940E+03  0.2630610648377761E+03  0.7592272051065996E+02  0.1527989253248313E+03  0.3108528417690161E+08      2452769.677060837
2003-JUL-26 06:39:30.697      2452846.777438622 2452846.778181493   20 58 09.8878  -17 09 34.043   20 58 22.4418  -17 08 45.500    0.4348718121836057E+10      n.d.       170.7567 G     319.539     124.711   269.5138  49.0980     +02 53 00.248     83.1933 -40.9961     136.2      2452846.610290482   0.5509519527036441E+07  0.7484744481676304E+00  0.2746585276802204E+02  0.3528131846879648E+03  0.2629967992522532E+03  0.7705645454731496E+02  0.1531831530938513E+03  0.3107977023591096E+08      2452769.613862289
2003-AUG-20 03:57:07.588      2452871.664671157 2452871.665414028   20 55 30.6779  -17 20 46.145   20 55 43.4702  -17 19 57.915    0.4351167822385142E+10      n.d.       164.7326 S     353.069     137.209   276.1836  63.3517     +01 51 23.322    127.0179 -74.2718     107.6      2452871.497428408   0.5516077210511731E+07  0.7480344692380015E+00  0.2750911251520830E+02  0.3529935942850010E+03  0.2629078768511318E+03  0.1017957710260173E+03  0.1612931910928017E+03  0.3113527560141335E+08      2452769.599300002
2003-AUG-24 01:33:04.095      2452875.564630729 2452875.565373600   20 55 06.7418  -17 22 26.721   20 55 19.5655  -17 21 38.458    0.4353988029210287E+10      n.d.       160.8779 S     356.122     138.309    38.2408  83.4789     -00 16 53.693    246.6500 -65.3797     154.1      2452875.397279075   0.5510445502347633E+07  0.7488126706895948E+00  0.2744924636321960E+02  0.3527179736593754E+03  0.2630707677611787E+03  0.1058357757998373E+03  0.1624876491865610E+03  0.3108760584905858E+08      2452769.617286702
2004-AUG-20 04:07:06.309      2453237.671600799 2453237.672343669   21 04 33.7932  -16 47 04.324   21 04 50.1818  -16 45 59.703    0.4348870298108386E+10      n.d.       166.2429 S     361.013     144.727   276.8039  62.3018     +01 55 16.388    122.3009 -72.1838     117.9      2453237.504446749   0.5515991343484295E+07  0.7486247452824620E+00  0.2748160819504734E+02  0.3528714506470025E+03  0.2630033908825106E+03  0.1075295755204558E+03  0.1629508710364333E+03  0.3113454859477678E+08      2453129.869261744
2004-AUG-21 03:35:11.187      2453238.649435034 2453238.650177905   21 04 27.7092  -16 47 31.061   21 04 44.0968  -16 46 26.467    0.4349458397743068E+10      n.d.       165.2760 S     361.745     144.986   281.7547  68.6772     +01 27 18.656    144.7922 -77.3248     105.1      2453238.482258269   0.5512600261120009E+07  0.7489765792595391E+00  0.2745003792724279E+02  0.3527166262207675E+03  0.2630938863934925E+03  0.1086146245853513E+03  0.1632675028722574E+03  0.3110584198969387E+08      2453129.861201487
2004-AUG-22 01:21:56.336      2453239.556902037 2453239.557644907   21 04 22.1016  -16 47 55.735   21 04 38.4905  -16 46 51.109    0.4350040870728827E+10      n.d.       164.3796 S     362.392     145.213    61.8235  78.5117     -00 42 15.926    250.6014 -63.1174      92.9      2453239.389702772   0.5510607897154761E+07  0.7486753022307242E+00  0.2744358184133992E+02  0.3526845608464254E+03  0.2630953247927973E+03  0.1096733783319385E+03  0.1635430658192295E+03  0.3108898010353998E+08      2453129.769284920
2004-AUG-23 03:55:56.762      2453240.663851412 2453240.664594282   21 04 15.2766  -16 48 25.626   21 04 31.6674  -16 47 21.052    0.4350799976586949E+10      n.d.       163.2829 S     363.140     145.474   276.6184  62.0912     +01 56 13.179    130.4988 -73.4676      77.6      2453240.496622864   0.5512083279106488E+07  0.7478872416117850E+00  0.2747180636838315E+02  0.3528270479408440E+03  0.2629892567178233E+03  0.1108415074953942E+03  0.1638239920356293E+03  0.3110146634579821E+08      2453129.664144241
2004-AUG-24 03:31:42.351      2453241.647017952 2453241.647760822   21 04 09.2685  -16 48 51.998   21 04 25.6678  -16 47 47.400    0.4351517024033346E+10      n.d.       162.3103 S     363.767     145.695   279.9535  66.7239     +01 35 57.345    149.6490 -76.7902      63.8      2453241.479761712   0.5515390700350165E+07  0.7475645645578609E+00  0.2750213743950802E+02  0.3529808770900516E+03  0.2628990604311130E+03  0.1117083609283649E+03  0.1640437152008548E+03  0.3112946331383988E+08      2453129.679950647
2004-SEP-23 02:21:02.980      2453271.597951157 2453271.598694028   21 01 35.3414  -17 00 05.766   21 01 51.6484  -16 59 02.828    0.4391523501146748E+10      n.d.       132.5783 S     368.484     146.884   272.5059  55.3015     +02 25 57.025    200.9779 -65.8715      24.8      2453271.429150412   0.5516315112376851E+07  0.7476290606573173E+00  0.2750011463711703E+02  0.3530342455369660E+03  0.2628586771467019E+03  0.1415526623916815E+03  0.1714579867783224E+03  0.3113728986437196E+08      2453129.724987605
2004-OCT-09 00:55:19.960      2453287.538425463 2453287.539168333   21 00 47.6919  -17 03 36.565   21 01 03.8181  -17 02 34.749    0.4424639189898369E+10      n.d.       116.7073 S     361.192     143.907   275.0503  60.4030     +02 03 52.609    227.4566 -49.8199     174.2      2453287.368346210   0.5514245806983124E+07  0.7477922543092419E+00  0.2747040350116857E+02  0.3527936181738417E+03  0.2630092466261832E+03  0.1577261104194600E+03  0.1751243917044585E+03  0.3111977096336306E+08      2453129.562262388
2006-JUN-08 08:26:40.023      2453894.851852118 2453894.852606562   21 28 45.7027  -15 04 52.648   21 29 07.5849  -15 03 13.376    0.4425059772819826E+10      n.d.       117.6189 G     218.605      94.895   294.5284  73.6392     +01 01 33.354     71.4672 -16.0847     104.5      2453894.681768177   0.5520462282483460E+07  0.7474456336110757E+00  0.2751280462725159E+02  0.3529136868385746E+03  0.2629948258703038E+03  0.4459450304675306E+02  0.1365952249198337E+03  0.3117241002222338E+08      2453849.989184145
2006-AUG-31 03:09:01.989      2453978.631273021 2453978.632027465   21 21 37.6910  -15 39 30.450   21 22 01.2795  -15 37 47.215    0.4350741452986126E+10      n.d.       160.4054 S     379.032     160.193   286.2015  69.6052     +01 21 20.223    173.5698 -76.1054      80.9      2453978.464058288   0.5513345137366227E+07  0.7481846691970696E+00  0.2746527459147634E+02  0.3527831586361760E+03  0.2630436930032742E+03  0.1283139691489933E+03  0.1683248954987281E+03  0.3111214685066654E+08      2453850.116480769
2006-SEP-01 03:15:48.279      2453979.635975451 2453979.636729896   21 21 31.7287  -15 39 58.693   21 21 55.3224  -15 38 15.469    0.4351604630906019E+10      n.d.       159.4085 S     379.331     160.267   283.5232  67.1904     +01 32 10.141    166.7587 -75.4669      68.3      2453979.468727397   0.5511233763325218E+07  0.7481632958841271E+00  0.2744702768258183E+02  0.3526647681609829E+03  0.2631089252625136E+03  0.1294846705761988E+03  0.1686097644540895E+03  0.3109427664080368E+08      2453850.024534765
2006-SEP-20 03:48:15.424      2453998.658511852 2453998.659266296   21 19 50.5012  -15 47 56.456   21 20 14.0770  -15 46 14.409    0.4375490851265622E+10      n.d.       140.4923 S     379.335     159.440   268.7957  42.1930     +03 21 18.403    147.4259 -65.1354     165.2      2453998.490341685   0.5513776447569104E+07  0.7470904902688530E+00  0.2746929213428064E+02  0.3528017704734056E+03  0.2629853905262876E+03  0.1486396939317211E+03  0.1730727476562074E+03  0.3111579778720549E+08      2453849.794268526
2006-SEP-22 03:06:07.266      2454000.629250764 2454000.630005208   21 19 41.5994  -15 48 38.385   21 20 05.1514  -15 46 56.564    0.4378730941484351E+10      n.d.       138.5281 S     378.757     159.131   272.1296  50.0962     +02 47 05.341    172.7930 -67.7117     142.5      2454000.460955483   0.5515853936690527E+07  0.7470912645324601E+00  0.2749548999333781E+02  0.3530309765337577E+03  0.2628462577498834E+03  0.1503267914341087E+03  0.1734553108054375E+03  0.3113338523040886E+08      2453849.992144135
2006-SEP-26 01:38:48.512      2454004.568617037 2454004.569371481   21 19 24.8953  -15 49 57.053   21 19 48.3947  -15 48 15.541    0.4385596205690701E+10      n.d.       134.5999 S     377.317     158.390   282.3861  66.4804     +01 35 35.189    220.1571 -60.0965      96.3      2454004.400056672   0.5514167200157017E+07  0.7470424797787522E+00  0.2747042382210797E+02  0.3528078800033463E+03  0.2629794165060878E+03  0.1545488169596882E+03  0.1744047487740702E+03  0.3111910553663227E+08      2453849.776183681
2006-OCT-25 22:57:37.649      2454034.456685752 2454034.457440197   21 18 14.2334  -15 55 32.658   21 18 37.3840  -15 53 53.038    0.4450902330066404E+10      n.d.       104.7538 S     354.758     148.414   295.4258  75.7595     +00 53 25.454    244.0430 -24.0412      63.5      2454034.285604104   0.5516533354980433E+07  0.7466454935772308E+00  0.2747771372600216E+02  0.3529132351443091E+03  0.2628856527816469E+03  0.1843884674260934E+03  0.1809571700020124E+03  0.3113913771487059E+08      2454210.095522350
2007-AUG-14 06:28:45.572      2454326.769971898 2454326.770726342   21 32 24.8455  -14 52 23.674   21 32 51.8489  -14 50 17.849    0.4341480298192952E+10      n.d.       179.5314 S     375.055     163.536   269.8565  41.5819     +03 22 47.359     90.4490 -41.7357     163.8      2454326.603114774   0.5510789988670215E+07  0.7476026473596492E+00  0.2744363567990509E+02  0.3526811833725924E+03  0.2630699820318341E+03  0.1165813953302658E+03  0.1653396162911935E+03  0.3109052106409423E+08      2454210.072240057
2007-AUG-21 06:20:02.053      2454333.763912651 2454333.764667095   21 31 40.4707  -14 56 03.497   21 32 07.5066  -14 53 57.910    0.4342543535689852E+10      n.d.       172.6964 S     379.950     165.224   267.9734  37.0780     +03 42 22.606     94.0663 -42.6948      80.4      2454333.597014494   0.5512787422000779E+07  0.7467638681915707E+00  0.2747106951316923E+02  0.3528310502506590E+03  0.2629543459209103E+03  0.1236385543085527E+03  0.1671155386975852E+03  0.3110742613671772E+08      2454209.944841275
2007-AUG-22 05:50:12.976      2454334.743205741 2454334.743960185   21 31 34.3022  -14 56 33.989   21 32 01.3510  -14 54 28.390    0.4342864036387787E+10      n.d.       171.7280 S     380.503     165.405   270.3697  43.0494     +03 16 31.345     98.0963 -49.3726      68.7      2454334.576295190   0.5515621402982621E+07  0.7464408591843764E+00  0.2749812858921646E+02  0.3529931154437406E+03  0.2628526383284549E+03  0.1244967827150194E+03  0.1673192630330141E+03  0.3113141650028392E+08      2454209.969775269
2007-AUG-23 05:04:34.784      2454335.711513704 2454335.712268148   21 31 28.2214  -14 57 04.036   21 31 55.2855  -14 54 58.423    0.4343222000426528E+10      n.d.       170.7703 S     381.022     165.573   274.8502  52.6732     +02 34 48.282    106.0493 -59.4981      56.8      2454335.544589306   0.5516563665624626E+07  0.7468581015842372E+00  0.2750110586655517E+02  0.3530109036324481E+03  0.2628621338171012E+03  0.1253032870254355E+03  0.1675358019241162E+03  0.3113939435664890E+08      2454210.098715178
2007-AUG-24 04:58:46.816      2454336.707486296 2454336.708240740   21 31 21.9848  -14 57 34.813   21 31 49.0626  -14 55 29.206    0.4343633579581201E+10      n.d.       169.7846 S     381.527     165.732   275.0527  53.0827     +02 33 02.146    107.8361 -60.5750      44.2      2454336.540546007   0.5514654329011112E+07  0.7476187468249426E+00  0.2747698003808600E+02  0.3528624505349882E+03  0.2629774735784338E+03  0.1262564513762838E+03  0.1677993326524684E+03  0.3112322928237406E+08      2454210.206039688
2007-AUG-25 03:11:34.928      2454337.633043148 2454337.633797592   21 31 16.2173  -14 58 03.310   21 31 43.3113  -14 55 57.692    0.4344053656636970E+10      n.d.       168.8693 S     381.969     165.867   300.8057  76.0259     +00 49 34.961    171.5663 -78.2640      32.0      2454337.466086600   0.5512044600524986E+07  0.7479367913205693E+00  0.2745181307206319E+02  0.3527043925667982E+03  0.2630787362150340E+03  0.1272952029499815E+03  0.1680666212204782E+03  0.3110113898540750E+08      2454210.182592544
2007-AUG-25 04:18:27.195      2454337.679481423 2454337.680235868   21 31 15.9228  -14 58 04.728   21 31 43.0153  -14 55 59.133    0.4344076356217004E+10      n.d.       168.8227 S     381.991     165.873   280.2768  61.4140     +01 56 38.509    120.3793 -68.8728      31.5      2454337.512524021   0.5511941120790104E+07  0.7479345443943757E+00  0.2745095935087923E+02  0.3526989670912628E+03  0.2630816278357229E+03  0.1273497742408919E+03  0.1680799679463342E+03  0.3110026317903841E+08      2454210.178049527
2007-SEP-08 03:39:18.333      2454351.652295521 2454351.653049965   21 29 52.4039  -15 04 54.920   21 30 19.5508  -15 02 49.992    0.4354895741230863E+10      n.d.       154.9554 S     385.368     166.513   277.3629  57.4964     +02 13 58.448    149.0485 -70.8445     166.0      2454351.484920423   0.5514398812481284E+07  0.7465368791027013E+00  0.2747827002418027E+02  0.3528818123950779E+03  0.2629148793923671E+03  0.1415107529168209E+03  0.1714216623523276E+03  0.3112106620733342E+08      2454209.896523092
2007-SEP-09 05:21:42.905      2454352.723413253 2454352.724167697   21 29 46.3772  -15 05 24.354   21 30 13.5173  -15 03 19.551    0.4356062262077997E+10      n.d.       153.8887 S     385.382     166.462   266.1854  32.8973     +04 00 42.430    111.1044 -51.7541     178.2      2454352.555993194   0.5516233072017725E+07  0.7464616291388377E+00  0.2749763088978847E+02  0.3530317619426797E+03  0.2628230955944255E+03  0.1424114859600859E+03  0.1716291772944234E+03  0.3113659524172276E+08      2454209.995268011
2007-SEP-14 02:40:39.813      2454357.611571910 2454357.612326354   21 29 19.8300  -15 07 34.146   21 29 46.9383  -15 05 29.816    0.4361954814028968E+10      n.d.       149.0227 S     385.049     166.057   283.2230  65.3747     +01 39 22.195    193.2403 -70.5953     120.8      2454357.443924267   0.5514868078782812E+07  0.7464722719741266E+00  0.2747987034517178E+02  0.3528987997469814E+03  0.2629007201011104E+03  0.1474614568400442E+03  0.1727918873145379E+03  0.3112503881944214E+08      2454209.882724147
2007-SEP-15 02:02:24.045      2454358.585000521 2454358.585754965   21 29 14.7396  -15 07 59.004   21 29 41.8403  -15 05 54.732    0.4363239520366922E+10      n.d.       148.0532 S     384.900     165.945   292.9832  72.9267     +01 05 01.788    216.7970 -66.4804     109.4      2454358.417303268   0.5516214909772643E+07  0.7464402786063334E+00  0.2749572502771684E+02  0.3530337975766151E+03  0.2628179333015776E+03  0.1482749320147624E+03  0.1729768553596757E+03  0.3113644146558579E+08      2454209.987720530
2007-SEP-16 02:39:38.005      2454359.610856539 2454359.611610983   21 29 09.4443  -15 08 24.813   21 29 36.5366  -15 06 20.610    0.4364633054468581E+10      n.d.       147.0306 S     384.717     165.817   281.7800  63.7959     +01 46 23.718    192.9944 -69.8272      97.3      2454359.443105500   0.5514962236738564E+07  0.7471652999375391E+00  0.2748917818433726E+02  0.3529768722280979E+03  0.2628860753922342E+03  0.1491597475167144E+03  0.1731923023585086E+03  0.3112583594164757E+08      2454210.178643364
2007-SEP-17 02:33:12.470      2454360.606394329 2454360.607148774   21 29 04.3848  -15 08 49.483   21 29 31.4727  -15 06 45.321    0.4366022773819694E+10      n.d.       146.0384 S     384.515     165.681   282.2355  64.3441     +01 43 58.745    196.9297 -69.0921      85.6      2454360.438589636   0.5512470249275664E+07  0.7478681054440354E+00  0.2746743546315584E+02  0.3527838485447697E+03  0.2630362839651496E+03  0.1501887329596915E+03  0.1734385795886533E+03  0.3110474157323411E+08      2454210.246275917
2007-OCT-09 03:36:41.156      2454382.650476343 2454382.651230787   21 27 35.2178  -15 16 02.954   21 28 02.1471  -15 14 00.421    0.4405327872539319E+10      n.d.       124.0313 S     373.475     160.050   264.7031  29.4639     +04 15 51.368    156.7849 -59.1607     146.4      2454382.481154301   0.5515188713262838E+07  0.7467566796860323E+00  0.2748780201253660E+02  0.3530370727739164E+03  0.2628216952353698E+03  0.1722432317250484E+03  0.1783077157711786E+03  0.3112775327395389E+08      2454210.106385131
2007-OCT-10 02:56:34.825      2454383.622625289 2454383.623379734   21 27 32.4434  -15 16 16.458   21 27 59.3568  -15 14 14.025    0.4407389764023455E+10      n.d.       123.0594 S     372.724     159.700   267.8121  37.8111     +03 39 37.784    176.3849 -60.9538     134.9      2454383.453223614   0.5512634325950089E+07  0.7475944908596315E+00  0.2747720158876867E+02  0.3528866327133204E+03  0.2629625816831437E+03  0.1731635564669688E+03  0.1785123267965623E+03  0.3110613031556785E+08      2454210.277807161
2007-OCT-12 03:30:41.201      2454385.646310197 2454385.647064641   21 27 27.0154  -15 16 42.836   21 27 53.8881  -15 14 40.585    0.4411758697458435E+10      n.d.       121.0347 S     371.094     158.940   264.1940  28.1000     +04 21 48.326    159.8851 -58.5387     110.9      2454385.476739885   0.5512786429624052E+07  0.7474227540628294E+00  0.2746199224936452E+02  0.3526608998730687E+03  0.2630983483538083E+03  0.1754846860836580E+03  0.1790173156000940E+03  0.3110741773707830E+08      2454209.972771378
2007-OCT-13 02:52:27.395      2454386.619761516 2454386.620515961   21 27 24.5785  -15 16 54.710   21 27 51.4385  -15 14 52.513    0.4413893490073918E+10      n.d.       120.0613 S     370.274     158.560   267.1097  36.0093     +03 47 27.239    178.1692 -59.8610      99.6      2454386.450108758   0.5515387848090611E+07  0.7465852521828094E+00  0.2747210384153144E+02  0.3528202222131575E+03  0.2629500121184483E+03  0.1764991259664850E+03  0.1792363691046532E+03  0.3112943916614959E+08      2454209.806628670
2008-JUN-04 10:06:13.891      2454621.920994109 2454621.921748553   21 46 24.0748  -13 45 46.012   21 46 52.6601  -13 43 23.095    0.4441410834787718E+10      n.d.       109.8546 G     235.317     108.164   280.3191  57.9813     +02 09 54.277     62.9132   5.3914     119.5      2454621.750278925   0.5508401716663646E+07  0.7465845809531633E+00  0.2747805966184229E+02  0.3528598083793173E+03  0.2629160990566503E+03  0.5165453541880236E+02  0.1410850235334487E+03  0.3107031218956483E+08      2454570.151688986
2008-JUN-06 09:49:04.410      2454623.909078819 2454623.909833264   21 46 22.1354  -13 45 58.018   21 46 50.8072  -13 43 34.684    0.4436628971572515E+10      n.d.       111.7664 G     242.412     111.337   281.8919  60.0871     +02 00 36.965     64.5135   1.6714     149.1      2454623.738548244   0.5521421356919330E+07  0.7468546899630655E+00  0.2750578783480593E+02  0.3529178704828132E+03  0.2629655059881540E+03  0.5341662650522651E+02  0.1421453830022092E+03  0.3118053378753925E+08      2454570.190486015
2008-JUL-09 08:44:45.377      2454656.864414086 2454656.865168530   21 44 43.6574  -13 54 55.455   21 45 13.3238  -13 52 28.020    0.4370188163724111E+10      n.d.       143.6395 G     332.243     150.570   272.6176  44.7378     +03 07 51.244     71.1073 -13.3261     135.8      2454656.696448627   0.5510253973227690E+07  0.7466488832915213E+00  0.2746473251680879E+02  0.3528181112095006E+03  0.2629454200615215E+03  0.8663282913363491E+02  0.1564684718750980E+03  0.3108598507355635E+08      2454570.113795807
2008-JUL-30 05:22:13.844      2454677.723771343 2454677.724525787   21 42 51.3865  -14 04 44.747   21 43 21.5472  -14 02 15.914    0.4346369639247334E+10      n.d.       164.0255 G     366.233     164.526   294.3251  71.4803     +01 09 25.927     91.3056 -58.5355     134.8      2454677.556725385   0.5515388186918379E+07  0.7473499285152534E+00  0.2747090698749412E+02  0.3528339794344150E+03  0.2629834449568989E+03  0.1071913140135904E+03  0.1627940202461176E+03  0.3112944203471989E+08      2454570.277732451
2008-AUG-12 03:59:46.575      2454690.666511285 2454690.667265729   21 41 31.4856  -14 11 38.137   21 42 01.8462  -14 09 09.222    0.4340622723116648E+10      n.d.       176.7529 G     379.521     169.554   310.2772  77.4635     +00 39 20.031    119.4510 -75.4244      57.7      2454690.499687191   0.5511305509926376E+07  0.7475186813670355E+00  0.2744360406045370E+02  0.3526764016285034E+03  0.2630715037905411E+03  0.1203090559396356E+03  0.1662998586872253E+03  0.3109488383222964E+08      2454570.225892231
2008-SEP-20 03:07:05.322      2454729.629922708 2454729.630677153   21 37 41.4866  -14 31 07.514   21 38 11.9767  -14 28 40.546    0.4367088474720142E+10      n.d.       144.5393 S     387.282     170.433   276.9295  54.9965     +02 24 05.567    172.3114 -68.2718      98.7      2454729.462076890   0.5515022977638849E+07  0.7466527256622210E+00  0.2748929974928898E+02  0.3530117535436260E+03  0.2628379073027769E+03  0.1591031669799613E+03  0.1754149343396989E+03  0.3112635016543237E+08      2454570.244584354
2008-SEP-23 02:24:49.810      2454732.600576505 2454732.601330949   21 37 27.2653  -14 32 18.960   21 37 57.7664  -14 29 52.054    0.4371614509029415E+10      n.d.       141.5738 S     386.093     169.744   281.6432  61.9106     +01 53 47.006    198.7419 -66.1581     140.8      2454732.432555934   0.5512743345909349E+07  0.7469527420867905E+00  0.2745919010801160E+02  0.3526888437991824E+03  0.2630538853785183E+03  0.1623716091295734E+03  0.1761423652269162E+03  0.3110705307017813E+08      2454570.045008922
2008-SEP-24 02:49:29.878      2454733.617706921 2454733.618461366   21 37 22.5627  -14 32 42.546   21 37 53.0638  -14 30 15.712    0.4373236881121692E+10      n.d.       140.5576 S     385.629     169.484   277.0974  55.3609     +02 22 32.388    183.0735 -66.8664     155.0      2454733.449623730   0.5515286629498214E+07  0.7461506786891128E+00  0.2747588947387788E+02  0.3528792245750201E+03  0.2628937528568908E+03  0.1633870739156349E+03  0.1763581284742104E+03  0.3112858223723225E+08      2454569.933421092
2009-MAY-20 10:13:22.705      2454971.925957234 2454971.926723252   21 54 59.6568  -13 04 56.678   21 55 30.9792  -13 02 13.605    0.4484007469212542E+10      n.d.        93.0208 G     190.432      90.472   297.4228  71.1850     +01 08 21.218     64.1269   8.3832      40.1      2454971.753609071   0.5521517859609169E+07  0.7470427221046052E+00  0.2745499375659229E+02  0.3528196813464619E+03  0.2629902769007298E+03  0.4135481252849553E+02  0.1341211903647740E+03  0.3118135124512879E+08      2454930.295952978
2009-MAY-22 06:32:53.790      2454973.772844792 2454973.773610810   21 55 02.0447  -13 04 46.210   21 55 33.4127  -13 02 02.732    0.4479287442104923E+10      n.d.        94.7871 G     198.213      94.050    80.8323  54.3284     -02 24 53.248     81.7969 -40.4551      65.7      2454973.600678889   0.5506998657764011E+07  0.7465650937695705E+00  0.2744728681505599E+02  0.3528076916241138E+03  0.2629117880889147E+03  0.4340260390984263E+02  0.1356149415456217E+03  0.3105844194910169E+08      2454930.261646803
2009-MAY-23 06:38:12.395      2454974.776532349 2454974.777298368   21 55 03.1443  -13 04 41.537   21 55 34.5441  -13 01 57.837    0.4476725305451545E+10      n.d.        95.7477 G     202.345      95.949    79.4131  56.4318     -02 15 38.346     81.1988 -39.3039      79.9      2454974.604465357   0.5508850239250433E+07  0.7462340034225526E+00  0.2748767484187534E+02  0.3528782835001577E+03  0.2628972336280527E+03  0.4440139754707904E+02  0.1362992654272103E+03  0.3107410712533436E+08      2454930.245740309
2009-MAY-24 07:28:45.148      2454975.811633657 2454975.812399676   21 55 04.1360  -13 04 37.466   21 55 35.5753  -13 01 53.527    0.4474086221904184E+10      n.d.        96.7389 G     206.539      97.879    67.1678  68.5310     -01 21 01.760     77.5530 -27.9023      94.9      2454975.639668528   0.5517507294834611E+07  0.7463158597355403E+00  0.2751305530147275E+02  0.3529235195656307E+03  0.2629300655120076E+03  0.4531869211567218E+02  0.1369608536332143E+03  0.3114738446618209E+08      2454930.257765016
2009-JUN-24 06:46:54.381      2455006.782573854 2455006.783339872   21 54 31.1443  -13 08 08.714   21 55 03.6183  -13 05 19.420    0.4400884293283115E+10      n.d.       126.5120 G     305.971     142.861     0.3496  80.5532     -00 00 14.137     77.4874 -39.1889     147.8      2455006.613434814   0.5518275607131167E+07  0.7469509465138293E+00  0.2747156536497709E+02  0.3528445707216711E+03  0.2629699089175207E+03  0.7616578792984208E+02  0.1527235875901764E+03  0.3115389059756187E+08      2454930.325477496
2009-JUL-22 04:12:35.674      2455034.675412893 2455034.676178912   21 52 32.3282  -13 19 04.373   21 53 05.5719  -13 16 12.314    0.4355028448688825E+10      n.d.       153.6237 G     361.074     166.507    49.3311  76.2788     -00 42 36.528     95.7486 -74.9802     154.8      2455034.508044211   0.5516940295900595E+07  0.7460518851468302E+00  0.2750790342853839E+02  0.3530113954179527E+03  0.2628355691437710E+03  0.1041462793649415E+03  0.1618669290914451E+03  0.3114258336331356E+08      2454930.232575233
2010-JUN-16 08:03:06.833      2455363.835495752 2455363.836261771   22 03 32.9788  -12 23 51.396   22 04 08.2917  -12 20 39.943    0.4422403151192045E+10      n.d.       116.3641 G     293.850     140.747   319.6029  76.8955     +00 34 36.248     72.7643 -21.7722     168.1      2455363.665525936   0.5517948020225502E+07  0.7459116824933658E+00  0.2751254586293752E+02  0.3529745417795888E+03  0.2628660358482741E+03  0.7322135321932036E+02  0.1514822117198417E+03  0.3115111650945428E+08      2455290.333256610
2010-JUN-18 06:55:26.077      2455365.788496261 2455365.789262280   22 03 29.4137  -12 24 13.474   22 04 04.7815  -12 21 01.775    0.4417940361388277E+10      n.d.       118.2444 G     299.035     143.099    31.6737  78.1652     -00 25 19.009     76.9420 -36.9662     163.3      2455365.618698739   0.5516055465860670E+07  0.7468354653881030E+00  0.2744990115781597E+02  0.3527814318656478E+03  0.2629774551579031E+03  0.7513284154858458E+02  0.1523144380517356E+03  0.3113509149638437E+08      2455290.410754551
2010-JUL-05 07:17:37.056      2455382.803901111 2455382.804667130   22 02 40.1932  -12 29 03.029   22 03 16.0536  -12 25 49.136    0.4382830598338915E+10      n.d.       134.6838 G     338.048     160.476   300.5331  71.5704     +01 04 45.808     76.5720 -32.6293      53.4      2455382.635459076   0.5517106511800960E+07  0.7466483487461955E+00  0.2747479166571125E+02  0.3528609187015630E+03  0.2629369771511383E+03  0.9209145658161744E+02  0.1582603658356051E+03  0.3114399078243843E+08      2455290.425599414
2010-JUL-06 07:04:46.643      2455383.794984294 2455383.795750312   22 02 36.3929  -12 29 24.883   22 03 12.2780  -12 26 10.874    0.4381028099440942E+10      n.d.       135.6452 G     339.999     161.325   304.8632  73.2985     +00 55 53.615     77.4758 -35.5357      65.9      2455383.626611846   0.5512981332743180E+07  0.7469327012814302E+00  0.2744103651356212E+02  0.3527266483174405E+03  0.2630023243652743E+03  0.9319574063498885E+02  0.1586282587031869E+03  0.3110906744355898E+08      2455290.415687821
2010-JUL-07 07:03:31.000      2455384.794108796 2455384.794874814   22 02 32.4645  -12 29 47.424   22 03 08.3770  -12 26 33.283    0.4379241689273787E+10      n.d.       136.6149 G     341.928     162.161   303.4179  72.7780     +00 58 38.224     77.6862 -35.8354      78.8      2455384.625805316   0.5510088010749375E+07  0.7465705724262196E+00  0.2743953720489493E+02  0.3527207653062900E+03  0.2629808549646756E+03  0.9435065083500048E+02  0.1589684185995760E+03  0.3108458067324142E+08      2455290.334060928
2011-AUG-19 04:20:27.023      2455792.680868322 2455792.681634340   22 07 30.2999  -12 07 44.880   22 08 10.0628  -12 04 05.216    0.4336454907582469E+10      n.d.       176.0840 G     396.504     187.702   304.3870  72.5396     +00 58 40.176    115.4630 -69.8705      57.0      2455792.514216706   0.5516222015000367E+07  0.7453790414112080E+00  0.2749603256543186E+02  0.3530445997525653E+03  0.2627482684100261E+03  0.1419987661229931E+03  0.1715073072385110E+03  0.3113650162411350E+08      2455650.367071258
2011-SEP-04 06:12:17.150      2455808.758531829 2455808.759297847   22 05 50.1956  -12 17 03.413   22 06 30.0875  -12 13 24.172    0.4339200764418174E+10      n.d.       167.9081 S     399.942     187.834   269.8615  33.1998     +03 55 33.507    100.7076 -41.7174      84.6      2455808.591774304   0.5514236487797768E+07  0.7455641964045875E+00  0.2746778354065649E+02  0.3528198508160209E+03  0.2628867767645467E+03  0.1582980721795921E+03  0.1752212239177984E+03  0.3111969207384630E+08      2455650.213840208
2011-SEP-27 02:16:12.429      2455831.594588298 2455831.595354317   22 03 42.1598  -12 28 47.109   22 04 22.0521  -12 25 09.437    0.4362098489632725E+10      n.d.       145.1097 S     392.024     182.190   291.0225  65.9642     +01 31 38.737    202.0052 -64.3475     150.2      2455831.426946671   0.5513572486696459E+07  0.7460663748852961E+00  0.2746259193205069E+02  0.3526965861600482E+03  0.2629925836640012E+03  0.1811180499255647E+03  0.1802441956401146E+03  0.3111407128995641E+08      2456010.366817655
2012-OCT-19 01:33:05.289      2456219.564644549 2456219.565422141   22 10 54.0726  -11 53 28.164   22 11 36.6130  -11 49 29.318    0.4397362181901503E+10      n.d.       124.5435 S     371.015     173.401   283.4258  57.0439     +02 10 53.916    211.1057 -52.6710      76.1      2456219.395653087   0.5515190106150137E+07  0.7456808373817325E+00  0.2746978556717926E+02  0.3527149901828621E+03  0.2629486170064871E+03  0.2090176820490929E+03  0.1864221366405590E+03  0.3112776506614919E+08      2456370.493329344
2012-OCT-20 00:33:32.476      2456220.523292546 2456220.524070139   22 10 51.2989  -11 53 43.270   22 11 33.8381  -11 49 44.448    0.4399392280782566E+10      n.d.       123.5791 S     369.793     172.759   297.7317  69.1298     +01 15 10.656    228.3422 -43.5646      62.3      2456220.354222685   0.5517261880545350E+07  0.7449800995564173E+00  0.2747069576241134E+02  0.3529037660969101E+03  0.2627735089240442E+03  0.2099518751271428E+03  0.1866473939606429E+03  0.3114530637335535E+08      2456370.601612728
2013-JUN-09 08:08:38.785      2456452.839337789 2456452.840115382   22 29 20.8494  -10 10 40.924   22 30 04.3710  -10 06 23.316    0.4450235386634536E+10      n.d.       103.1937 G     301.908     153.374    13.8254  77.2269     -00 12 18.304     72.6871 -20.1271     111.2      2456452.668305022   0.5516402743905359E+07  0.7461129323958650E+00  0.2745387971272870E+02  0.3528033575526234E+03  0.2629062055339778E+03  0.8192667900181199E+02  0.1547947871759519E+03  0.3113803183226684E+08      2456370.651987549
2013-SEP-02 04:38:11.636      2456537.693190231 2456537.693967823   22 23 30.8422  -10 46 25.278   22 24 16.2803  -10 42 00.657    0.4333621936048234E+10      n.d.       173.9996 S     404.346     196.179   287.9887  59.5287     +01 57 35.188    118.6399 -62.6269     148.6      2456537.526659579   0.5515098002775921E+07  0.7449834309018438E+00  0.2747038207289966E+02  0.3528693139329909E+03  0.2628009271679094E+03  0.1670706926278574E+03  0.1771607163423076E+03  0.3112698532143424E+08      2456370.332504581
2013-SEP-03 03:30:13.495      2456538.645989526 2456538.646767118   22 23 24.9458  -10 46 59.697   22 24 10.3921  -10 42 35.113    0.4333887458188241E+10      n.d.       173.0566 S     404.269     196.044   310.6024  72.5895     +00 53 28.322    154.3671 -73.4874     159.7      2456538.479448600   0.5516168478191937E+07  0.7447739549003661E+00  0.2748391731392719E+02  0.3530353751481236E+03  0.2626856734151605E+03  0.1678847420261805E+03  0.1773386861877019E+03  0.3113604833972606E+08      2456370.421724730
2014-JUL-03 07:47:35.359      2456841.824714803 2456841.825492396   22 37 18.0108  -09 28 42.502   22 38 04.8516  -09 24 00.040    0.4398522441078658E+10      n.d.       123.7647 G     357.341     181.847   314.2930  71.8550     +00 52 14.010     74.4610 -25.8942     170.0      2456841.655678518   0.5511040642567273E+07  0.7459637763881748E+00  0.2743558411909311E+02  0.3526944334485888E+03  0.2629288538209313E+03  0.1110199546621646E+03  0.1637833244156625E+03  0.3109264227962661E+08      2456730.676263131
2014-JUL-05 04:51:21.577      2456843.702333067 2456843.703110659   22 37 12.9353  -09 29 16.270   22 37 59.8185  -09 24 33.565    0.4394564391800339E+10      n.d.       125.5763 G     360.443     183.233    69.5274  59.1642     -01 56 30.585     84.3014 -65.9266     148.6      2456843.533449613   0.5513923866435891E+07  0.7448015977500475E+00  0.2748433796479841E+02  0.3529424187800007E+03  0.2627471197212992E+03  0.1129515750689060E+03  0.1642541438825125E+03  0.3111704568499918E+08      2456730.534500231
