   -67.0   -63.0  31.2  41.6     4   -67.0   -63.0  31.2  41.6     4   0.00  80.0  2.0   19 19 20.73885 -21 25 44.0582 07 26 09.4999 09 06 1992 2448782.8098321753 1992.438904400  19.3224274590 -21.4289050625 19.3  52.0  50.5    35 Nereida               0.0000 160/LNA              varios               Altair               PRAIA V.0.1.1        1rd degree           UCAC4                NEP-081              01 Aug 2014          Irregular                               
    44.2   -83.0  11.6  19.6    10    47.5   -86.9  16.3  25.6    12  16.67  80.0  2.0   19 45 19.13508 -20 40 11.2286 04 30 44.7000 07 07 1995 2449905.6880173609 1995.513177323  19.7553152992 -20.6697857167 18.8  62.7  69.9    12 Nereida               0.0000 160/LNA              varios               Altair               PRAIA V.0.1.1        1rd degree           UCAC4                NEP-081              01 Aug 2014          Irregular                               
    62.5  -106.6  20.3  31.8     8    66.0  -118.7  21.7  46.8     9  11.11  80.0  2.0   19 44 54.02837 -20 41 13.5348 04 14 10.2499 11 07 1995 2449909.6765075224 1995.524097214  19.7483412130 -20.6870930030 18.6  65.1  63.1    15 Nereida               0.0000 160/LNA              varios               Altair               PRAIA V.0.1.1        1rd degree           UCAC4                NEP-081              01 Aug 2014          Irregular                               
    56.0   -72.2  28.9   9.4     6    75.1   -70.4  57.1   9.7     7  14.29  80.0  2.0   19 38 38.27851 -20 58  0.8699 23 22 45.8332 11 10 1995 2450002.4741415884 1995.778163289  19.6439662530 -20.9669083147 19.5  59.5  47.0    15 Nereida               0.0000 160/LNA              varios               Altair               PRAIA V.0.1.1        1rd degree           UCAC4                NEP-081              01 Aug 2014          Irregular                               
    79.2   -99.2  53.1  52.3     5    79.2   -99.2  53.1  52.3     5   0.00  80.0  2.0   19 38 39.31374 -20 58  0.0907 22 59 33.5998 12 10 1995 2450003.4580277759 1995.780857023  19.6442538168 -20.9666918522 19.4  49.2  36.8    12 Nereida               0.0000 160/LNA              varios               Altair               PRAIA V.0.1.1        1rd degree           UCAC4                NEP-081              01 Aug 2014          Irregular                               
    45.1   -82.2  72.0  26.6     9    45.1   -82.2  72.0  26.6     9   0.00  80.0  2.0   20 36 28.66388 -18 26 26.9636 03 08 25.1334 26 08 2001 2452147.6308464510 2001.651282262  20.6079621896 -18.4408232239 18.8  59.8  58.7    18 Nereida               0.0000 IAG/LNA              varios               Altair               PRAIA V.0.1.1        1rd degree           UCAC4                NEP-081              01 Aug 2014          Irregular                               
   444.7   289.7  75.1  70.2    12   270.4   151.0 226.5 201.1    20  40.00  80.0  2.0   20 33 42.40540 -18 37 27.3264 22 35 31.9465 24 10 2001 2452207.4413419734 2001.815034474  20.5617792787 -18.6242573207 18.6  64.3  63.0    10 Nereida               0.0000 160/LNA              varios               Altair               PRAIA V.0.1.1        1rd degree           UCAC4                NEP-081              01 Aug 2014          Irregular                               
   125.0   267.9  59.4  57.1    12   250.7   224.4 374.7 178.3    14  14.29  80.0  2.0   20 33 43.46655 -18 37 24.4314 00 40 14.7224 26 10 2001 2452208.5279481765 2001.818009440  20.5620740412 -18.6234531705 19.3  54.6  55.8    10 Nereida               0.0000 160/LNA              varios               Altair               PRAIA V.0.1.1        1rd degree           UCAC4                NEP-081              01 Aug 2014          Irregular                               
    80.7    40.3  49.5  33.5     6    80.7    40.3  49.5  33.5     6   0.00  80.0  2.0   20 33 44.52601 -18 37 21.7656 22 50 03.5049 26 10 2001 2452209.4514294551 2001.820537794  20.5623683353 -18.6227126543 19.3  64.5  69.3     7 Nereida               0.0000 160/LNA              varios               Altair               PRAIA V.0.1.1        1rd degree           UCAC4                NEP-081              01 Aug 2014          Irregular                               
    61.1    73.6  23.3  21.8     8    61.1    73.6  23.3  21.8     8   0.00  80.0  2.0   20 33 45.82009 -18 37 18.0245 23 14 12.9713 27 10 2001 2452210.4682056862 2001.823321576  20.5627278024 -18.6216734619 19.5  61.8  58.9    10 Nereida               0.0000 160/LNA              varios               Altair               PRAIA V.0.1.1        1rd degree           UCAC4                NEP-081              01 Aug 2014          Irregular                               
    53.8  -155.1  55.5  61.1    16     4.6   -91.5 183.8 110.0    28  42.86  80.0  2.0   20 50  0.84372 -17 38 24.4326 05 29 54.0000 16 07 2002 2452471.7290972224 2002.538614913  20.8335676989 -17.6401201729 18.7  56.3  62.3    13 Nereida               0.0000 IAG/LNA              varios               Altair               PRAIA V.0.1.1        1rd degree           UCAC4                NEP-081              01 Aug 2014          Irregular                               
    80.4   -84.2  52.1  31.1     9    47.4  -100.6 346.6  82.4    16  43.75  80.0  2.0   20 49 54.77405 -17 38 48.9525 05 24 12.3267 17 07 2002 2452472.7251426699 2002.541341937  20.8318816808 -17.6469312634 19.1  55.2  61.6    13 Nereida               0.0000 IAG/LNA              varios               Altair               PRAIA V.0.1.1        1rd degree           UCAC4                NEP-081              01 Aug 2014          Irregular                               
    76.6  -251.3  73.0  68.6     9    90.1  -254.4  81.1  65.4    10  10.00  80.0  2.0   20 47 22.77049 -17 49  2.1173 00 01 56.8544 10 08 2002 2452496.5013524820 2002.606437652  20.7896584683 -17.8172548182 18.9  83.7  28.8     4 Nereida               0.0000 160/LNA              varios               Altair               PRAIA V.0.1.1        1rd degree           UCAC4                NEP-081              01 Aug 2014          Irregular                               
  -142.3  -343.4  20.4  36.4     7  -199.3  -462.4 100.7 201.4    15  53.33  80.0  2.0   20 47  9.22931 -17 49 56.4907 02 33 05.1156 12 08 2002 2452498.6063092086 2002.612200709  20.7858970309 -17.8323585367 18.4  59.6  80.4     4 Nereida               0.0000 160/LNA              varios               Altair               PRAIA V.0.1.1        1rd degree           UCAC4                NEP-081              01 Aug 2014          Irregular                               
   -30.2    -7.8  62.1  76.7     5   -33.3   -29.3  56.1  86.5     6  16.67  80.0  2.0   20 58 23.48432 -17 08 36.4358 02 53 02.0941 24 07 2003 2452844.6201631259 2003.559535012  20.9731900892 -17.1434543924 19.1  49.2  46.6    24 Nereida               0.0000 IAG/LNA              varios               Altair               PRAIA V.0.1.1        1rd degree           UCAC4                NEP-081              01 Aug 2014          Irregular                               
   -26.9   -37.5  68.5  49.1    11   -68.7   -29.1 356.0  77.3    16  31.25  80.0  2.0   20 58 16.55902 -17 09  5.7920 05 18 37.2646 25 07 2003 2452845.7212646366 2003.562549663  20.9712663933 -17.1516088885 19.0  55.2  51.5    22 Nereida               0.0000 IAG/LNA              varios               Altair               PRAIA V.0.1.1        1rd degree           UCAC4                NEP-081              01 Aug 2014          Irregular                               
    94.5  -112.3  75.0  44.7     4    54.3   -31.5 478.7 121.6    11  63.64  80.0  2.0   20 58  9.89639 -17 09 34.1383 06 39 30.6974 26 07 2003 2452846.7774386276 2003.565441310  20.9694156653 -17.1594828530 18.8  58.8  53.8    25 Nereida               0.0000 IAG/LNA              varios               Altair               PRAIA V.0.1.1        1rd degree           UCAC4                NEP-081              01 Aug 2014          Irregular                               
   146.0     3.0  44.6  31.0     9   146.0     3.0  44.6  31.0     9   0.00  80.0  2.0   20 55 30.68874 -17 20 46.1367 03 57 07.5876 20 08 2003 2452871.6646711533 2003.633578839  20.9251913174 -17.3461490884 19.0  58.8  49.6    24 Nereida               0.0000 IAG/LNA              varios               Altair               PRAIA V.0.1.1        1rd degree           UCAC4                NEP-081              01 Aug 2014          Irregular                               
  -598.6   297.5  16.0   9.1     8  -598.6   297.5  16.0   9.1     8   0.00  80.0  2.0   20 55  6.70003 -17 22 26.4230 01 33 04.0948 24 08 2003 2452875.5646307273 2003.644256347  20.9185277867 -17.3740063808 18.9   0.0   0.0     3 Nereida               0.0000 160/LNA              varios               Altair               PRAIA V.0.1.1        1rd degree           UCAC4                NEP-081              01 Aug 2014          Irregular                               
   -18.6   -60.7  39.9  22.0    26    -8.4   -66.9  93.2  28.1    34  23.53  80.0  2.0   21 04 33.79284 -16 47  4.3786 04 07 06.3088 20 08 2004 2453237.6716007967 2004.635651200  21.0760535666 -16.7845496158 19.0  58.6  62.8    19 Nereida               0.0000 IAG/LNA              varios               Altair               PRAIA V.0.1.1        1rd degree           UCAC4                NEP-081              01 Aug 2014          Irregular                               
    33.9     3.2  58.3  77.2    19    53.6   -16.1 175.6  94.3    30  36.67  80.0  2.0   21 04 27.71181 -16 47 31.0549 03 35 11.1875 21 08 2004 2453238.6494350401 2004.638328364  21.0743643929 -16.7919596846 19.1  47.2  60.6    23 Nereida               0.0000 IAG/LNA              varios               Altair               PRAIA V.0.1.1        1rd degree           UCAC4                NEP-081              01 Aug 2014          Irregular                               
   -24.2   -90.7  50.0  23.1    18    -4.9   -78.3  61.1  52.1    26  30.77  80.0  2.0   21 04 22.09991 -16 47 55.8224 01 21 56.3362 22 08 2004 2453239.5569020389 2004.640812873  21.0728055304 -16.7988395607 19.1  50.9  63.3    23 Nereida               0.0000 IAG/LNA              varios               Altair               PRAIA V.0.1.1        1rd degree           UCAC4                NEP-081              01 Aug 2014          Irregular                               
    18.0   -66.8  66.6  43.6    20     9.0   -90.3  98.1  77.1    25  20.00  80.0  2.0   21 04 15.27891 -16 48 25.6849 03 55 56.7620 23 08 2004 2453240.6638514120 2004.643843535  21.0709108089 -16.8071346918 19.1  49.6  55.9    22 Nereida               0.0000 IAG/LNA              varios               Altair               PRAIA V.0.1.1        1rd degree           UCAC4                NEP-081              01 Aug 2014          Irregular                               
    17.2   -46.1  37.4  42.1    18   -17.9   -55.0 110.4  52.6    26  30.77  80.0  2.0   21 04  9.27012 -16 48 52.0399 03 31 42.3505 24 08 2004 2453241.6470179460 2004.646535299  21.0692416986 -16.8144555254 19.2  50.4  56.9    25 Nereida               0.0000 IAG/LNA              varios               Altair               PRAIA V.0.1.1        1rd degree           UCAC4                NEP-081              01 Aug 2014          Irregular                               
   -71.8    49.5  57.2  23.8     4   -15.0    51.2 136.2  21.0     5  20.00  80.0  2.0   21 01 35.33639 -17 00  5.7160 02 21 02.9800 23 09 2004 2453271.5979511575 2004.728536485  21.0264823307 -17.0015877798 19.3  60.3  50.0    23 Nereida               0.0000 IAG/LNA              varios               Altair               PRAIA V.0.1.1        1rd degree           UCAC4                NEP-081              01 Aug 2014          Irregular                               
    94.2    73.5  50.1  47.0     6    68.3    73.1  82.3  43.0     7  14.29  80.0  2.0   21 00 47.69949 -17 03 36.4856 00 55 19.9599 09 10 2004 2453287.5384254619 2004.772179125  21.0132498578 -17.0601348798 19.4  46.3  62.5    20 Nereida               0.0000 IAG/LNA              varios               Altair               PRAIA V.0.1.1        1rd degree           UCAC4                NEP-081              01 Aug 2014          Irregular                               
   -11.7   -86.7  79.1  66.7    15   -18.5   -65.8 129.9  77.8    19  21.05  80.0  2.0   21 28 45.70193 -15 04 52.7349 08 26 40.0233 08 06 2006 2453894.8518521213 2006.434912668  21.4793616467 -15.0813152546 19.5  49.7  55.1    22 Nereida               0.0000 IAG/LNA              varios               Altair               PRAIA V.0.1.1        1rd degree           UCAC4                NEP-081              01 Aug 2014          Irregular                               
    18.3     2.5  71.2  67.8    15    44.1   -46.9 109.8 132.6    20  25.00  80.0  2.0   21 21 37.69222 -15 39 30.4476 03 09 01.9893 31 08 2006 2453978.6312730238 2006.664288221  21.3604700599 -15.6584576777 18.9  70.2  61.7    17 Nereida               0.0000 IAG/LNA              varios               Altair               PRAIA V.0.1.1        1rd degree           UCAC4                NEP-081              01 Aug 2014          Irregular                               
    63.2   -27.1  58.7  29.6     9    64.8   -41.9  55.6  54.5    10  10.00  80.0  2.0   21 21 31.73306 -15 39 58.7198 03 15 48.2789 01 09 2006 2453979.6359754498 2006.667038947  21.3588147399 -15.6663110538 19.0  52.0  54.2    19 Nereida               0.0000 IAG/LNA              varios               Altair               PRAIA V.0.1.1        1rd degree           UCAC4                NEP-081              01 Aug 2014          Irregular                               
    11.4     4.6  48.9  53.3    16    36.4    11.2  76.1  71.7    19  15.79  80.0  2.0   21 19 50.50198 -15 47 56.4512 03 48 15.4236 20 09 2006 2453998.6585118477 2006.719119813  21.3306949954 -15.7990142284 19.3  46.3  53.6    24 Nereida               0.0000 IAG/LNA              varios               Altair               PRAIA V.0.1.1        1rd degree           UCAC4                NEP-081              01 Aug 2014          Irregular                               
    55.5   -19.9  32.6  64.5    15    -9.1   -10.3 306.6  74.7    19  21.05  80.0  2.0   21 19 41.60328 -15 48 38.4053 03 06 07.2660 22 09 2006 2454000.6292507639 2006.724515402  21.3282231335 -15.8106681431 19.3  47.3  51.3    23 Nereida               0.0000 IAG/LNA              varios               Altair               PRAIA V.0.1.1        1rd degree           UCAC4                NEP-081              01 Aug 2014          Irregular                               
    36.7   -23.2  59.4  31.8    22    48.6   -10.4 100.1 113.3    38  42.11  80.0  2.0   21 19 24.89786 -15 49 57.0763 01 38 48.5118 26 09 2006 2454004.5686170342 2006.735300799  21.3235827380 -15.8325211983 19.0  30.8  42.7    19 Nereida               0.0000 IAG/LNA              varios               Altair               PRAIA V.0.1.1        1rd degree           UCAC4                NEP081               01 Aug 2014          Irregular                               
   -10.8   -18.1  34.2  34.4    13   -75.1   -12.7 215.2  52.0    15  13.33  80.0  2.0   21 18 14.23268 -15 55 32.6762 22 57 37.6491 25 10 2006 2454034.4566857540 2006.817129872  21.3039535222 -15.9257433869 19.4  55.5  63.8    24 Nereida               0.0000 IAG/LNA              varios               Altair               PRAIA V.0.1.1        1rd degree           UCAC4                NEP-081              01 Aug 2014          Irregular                               
    17.8   -87.0  39.9  15.7     6    10.3   -69.3  41.5  49.0     7  14.29  80.0  2.0   21 32 24.84679 -14 52 23.7604 06 28 45.5717 14 08 2007 2454326.7699718950 2007.617440032  21.5402352200 -14.8732667737 19.0  25.3  28.2     4 Nereida               0.0000 160/LNA              varios               Altair               PRAIA V.0.1.1        1rd degree           UCAC4                NEP081               01 Aug 2014          Irregular                               
   214.7   -31.0  69.4  33.6     9   170.1   -26.7 265.7 118.9    18  50.00  80.0  2.0   21 31 40.48552 -14 56  3.5282 06 20 02.0534 21 08 2007 2454333.7639126554 2007.636588398  21.5279126444 -14.9343133773 18.8  84.1  42.9     3 Nereida               0.0000 160/LNA              varios               Altair               PRAIA V.0.1.1        1rd degree           UCAC4                NEP081               01 Aug 2014          Irregular                               
    22.1    13.7  57.9  22.7     7    -6.7    16.1 382.3  34.1    11  36.36  80.0  2.0   21 31 34.30375 -14 56 33.9746 05 50 12.9755 22 08 2007 2454334.7432057355 2007.639269557  21.5261954867 -14.9427707343 19.1  50.7  51.0    25 Nereida               0.0000 IAG/LNA              varios               Altair               PRAIA V.0.1.1        1rd degree           UCAC4                NEP081               01 Aug 2014          Irregular                               
    -8.8   -18.5  56.5  24.3    13     2.6   -24.5 108.4  42.5    15  13.33  80.0  2.0   21 31 28.22086 -14 57  4.0544 05 04 34.7839 23 08 2007 2454335.7115137023 2007.641920639  21.5245057943 -14.9511262122 19.2  51.2  48.5    26 Nereida               0.0000 IAG/LNA              varios               Altair               PRAIA V.0.1.1        1rd degree           UCAC4                NEP081               01 Aug 2014          Irregular                               
  -186.4   -62.8  68.0  52.3     5   -82.5   -37.1 336.1  73.9    10  50.00  80.0  2.0   21 31 21.97196 -14 57 34.8760 04 58 46.8160 24 08 2007 2454336.7074862961 2007.644647464  21.5227699878 -14.9596877728 18.8  53.4  56.4    25 Nereida               0.0000 IAG/LNA              varios               Altair               PRAIA V.0.1.1        1rd degree           UCAC4                NEP081               01 Aug 2014          Irregular                               
   503.6  -257.8  67.2  30.9     9   485.1  -260.7  86.1  30.6    10  10.00  80.0  2.0   21 31 16.25202 -14 58  3.5679 03 11 34.9278 25 08 2007 2454337.6330431453 2007.647181500  21.5211811166 -14.9676577452 18.5   0.0   0.0     3 Nereida               0.0000 160/LNA              varios               Altair               PRAIA V.0.1.1        1rd degree           UCAC4                NEP081               01 Aug 2014          Irregular                               
     3.5    10.2  40.4  25.5     6    22.4    43.8 309.6 127.7    13  53.85  80.0  2.0   21 31 15.92304 -14 58  4.7178 04 18 27.1948 25 08 2007 2454337.6794814216 2007.647308641  21.5210897340 -14.9679771540 18.8  50.2  51.2    25 Nereida               0.0000 IAG/LNA              varios               Altair               PRAIA V.0.1.1        1rd degree           UCAC4                NEP081               01 Aug 2014          Irregular                               
   -84.3    81.7  15.0   5.1     3   -84.3    81.7  15.0   5.1     3   0.00 120.0  2.0   21 29 52.40605 -15 04 54.8147 03 39 18.3332 08 09 2007 2454351.6522955233 2007.685564121  21.4978905693 -15.0818929633 19.3  20.3  24.3   340 Nereida               0.2800 ESO                  Varios               Altair               PRAIA V.0.1.1        1rd degree           UCAC4                nep081+de421         22 Nov 2014                                                  
   -80.3    51.7  61.2  30.2     3   -80.3    51.7  61.2  30.2     3   0.00 120.0  2.0   21 29 46.37797 -15 05 24.2922 05 21 42.9045 09 09 2007 2454352.7234132467 2007.688496682  21.4962161023 -15.0900811693 19.7  22.3  23.7   262 Nereida               0.2800 ESO                  Varios               Altair               PRAIA V.0.1.1        1rd degree           UCAC4                nep081+de421         22 Nov 2014                                                  
    25.7   -42.1  26.0  29.9    15    53.3   -38.4 121.9  65.7    19  21.05  80.0  2.0   21 29 19.83177 -15 07 34.1881 02 40 39.8127 14 09 2007 2454357.6115719061 2007.701879731  21.4888421596 -15.1261633489 19.5  48.2  53.1    19 Nereida               0.0000 IAG/LNA              varios               Altair               PRAIA V.0.1.1        1rd degree           UCAC4                NEP081               01 Aug 2014          Irregular                               
    12.9   -27.3  24.5   8.9    16    -5.3   -23.0  80.2  33.1    23  30.43  80.0  2.0   21 29 14.74047 -15 07 59.0310 02 02 24.0451 15 09 2007 2454358.5850005215 2007.704544833  21.4874279089 -15.1330641724 19.4  45.8  57.8    18 Nereida               0.0000 IAG/LNA              varios               Altair               PRAIA V.0.1.1        1rd degree           UCAC4                NEP081               01 Aug 2014          Irregular                               
   -17.4   -43.8  24.4  22.1    13   -21.1   -44.5  55.3  26.2    15  13.33  80.0  2.0   21 29  9.44307 -15 08 24.8566 02 39 38.0048 16 09 2007 2454359.6108565368 2007.707353474  21.4859564087 -15.1402379362 19.5  48.9  49.5    21 Nereida               0.0000 IAG/LNA              varios               Altair               PRAIA V.0.1.1        1rd degree           UCAC4                NEP081               01 Aug 2014          Irregular                               
    20.5   -46.9  48.0  30.3    20     2.8   -63.6  75.3 120.7    27  25.93  80.0  2.0   21 29  4.38621 -15 08 49.5294 02 33 12.4700 17 09 2007 2454360.6063943286 2007.710079108  21.4845517258 -15.1470914898 19.3  51.6  50.5    22 Nereida               0.0000 IAG/LNA              varios               Altair               PRAIA V.0.1.1        1rd degree           UCAC4                NEP-081              01 Aug 2014          Irregular                               
   -48.3  -184.0   7.5  15.4     9   -51.1  -182.0  11.2  15.8    10  10.00 120.0  2.0   21 27 35.22031 -15 16  3.1294 03 36 41.1564 09 10 2007 2454382.6504763477 2007.770432515  21.4597834183 -15.2675359356 19.4  28.0  29.1   406 Nereida               0.2800 ESO                  Varios               Altair               PRAIA V.0.1.1        1rd degree           UCAC4                nep081+de421         22 Nov 2014                                                  
   -60.0  -102.3  17.8  18.4     9   -57.1  -108.1  19.1  25.1    10  10.00 120.0  2.0   21 27 32.44592 -15 16 16.5478 02 56 34.8248 10 10 2007 2454383.6226252867 2007.773094114  21.4590127542 -15.2712632792 19.4  28.1  28.4   481 Nereida               0.2800 ESO                  Varios               Altair               PRAIA V.0.1.1        1rd degree           UCAC4                nep081+de421         22 Nov 2014                                                  
    63.9    24.9  40.5  34.8     7   112.5   217.6 163.5 436.5    10  30.00 120.0  2.0   21 27 27.02549 -15 16 42.8029 03 30 41.2009 12 10 2007 2454385.6463101958 2007.778634661  21.4575070814 -15.2785563647 19.5  27.0  31.3   304 Nereida               0.2800 ESO                  Varios               Altair               PRAIA V.0.1.1        1rd degree           UCAC4                nep081+de421         22 Nov 2014                                                  
  -163.6   -67.0  28.4  10.5     9  -163.4   -63.6  26.7  14.6    10  10.00 120.0  2.0   21 27 24.57369 -15 16 54.7650 02 52 27.3949 13 10 2007 2454386.6197615154 2007.781299826  21.4568260260 -15.2818791652 19.4  29.1  28.4   414 Nereida               0.2800 ESO                  Varios               Altair               PRAIA V.0.1.1        1rd degree           UCAC4                nep081+de421         22 Nov 2014                                                  
    89.2    63.8   6.5   5.8     5    89.2    63.8   6.5   5.8     5   0.00 120.0  2.0   21 46 24.08880 -13 45 45.9244 10 06 13.8908 04 06 2008 2454621.9209941062 2008.425519491  21.7733580006 -13.7627567878 19.4  22.2  22.8   533 Nereida               0.2800 ESO                  Varios               Altair               PRAIA V.0.1.1        1rd degree           UCAC4                nep081+de421         22 Nov 2014                                                  
    25.0    52.8   6.5  11.8     4    25.0    52.8   6.5  11.8     4   0.00 120.0  2.0   21 46 22.14501 -13 45 57.9401 09 49 04.4103 06 06 2008 2454623.9090788225 2008.430962570  21.7728180590 -13.7660944605 19.4  24.7  27.8   523 Nereida               0.2800 ESO                  Varios               Altair               PRAIA V.0.1.1        1rd degree           UCAC4                nep081+de421         22 Nov 2014                                                  
   -84.9   -16.6  71.7  56.4     8  -118.8   -59.0 101.1 106.7    10  20.00  80.0  2.0   21 44 43.65159 -13 54 55.4713 08 44 45.3774 09 07 2008 2454656.8644140898 2008.521189361  21.7454587753 -13.9154087079 18.9  68.0  71.1     8 Nereida               0.0000 160/LNA              varios               Altair               PRAIA V.0.1.1        1rd degree           UCAC4                NEP081               01 Aug 2014          Irregular                               
    18.0  -107.5  25.9  52.6     8    30.4  -107.4  44.5  49.2     9  11.11  80.0  2.0   21 42 51.38771 -14 04 44.8542 05 22 13.8438 30 07 2008 2454677.7237713402 2008.578299168  21.7142743634 -14.0791261681 19.4  46.9  38.6     7 Nereida               0.0000 160/LNA              varios               Altair               PRAIA V.0.1.1        1rd degree           UCAC4                NEP081               01 Aug 2014          Irregular                               
    12.8   -52.3  43.8  43.6    12    27.4   -60.9  78.6  52.4    16  25.00  80.0  2.0   21 41 31.48645 -14 11 38.1893 03 59 46.5750 12 08 2008 2454690.6665112842 2008.613734459  21.6920795702 -14.1939414663 19.0  43.5  45.3    14 Nereida               0.0000 IAG/LNA              varios               Altair               PRAIA V.0.1.1        1rd degree           UCAC4                NEP-081              01 Aug 2014          Irregular                               
   -84.5   -52.3  75.9  64.8     4  -162.5   -11.5 144.6 197.5     6  33.33  80.0  2.0   21 37 41.48089 -14 31  7.5659 03 07 05.3223 20 09 2008 2454729.6299227122 2008.720410466  21.6281891362 -14.5187682962 19.6  61.8  48.5     6 Nereida               0.0000 160/LNA              varios               Altair               PRAIA V.0.1.1        1rd degree           UCAC4                NEP-081              01 Aug 2014          Irregular                               
   -78.8   -80.0  31.8  20.0     8  -108.9   -84.6  70.2  20.7    10  20.00  80.0  2.0   21 37 27.25993 -14 32 19.0399 02 24 49.8101 23 09 2008 2454732.6005765060 2008.728543672  21.6242388681 -14.5386222064 19.4  59.5  12.8     7 Nereida               0.0000 160/LNA              varios               Altair               PRAIA V.0.1.1        1rd degree           UCAC4                NEP-081              01 Aug 2014          Irregular                               
   -91.8   -34.8  60.2  71.3     6   -94.4   -63.3  55.4  99.5     7  14.29  80.0  2.0   21 37 22.55641 -14 32 42.5801 02 49 29.8782 24 09 2008 2454733.6177069233 2008.731328424  21.6229323367 -14.5451611470 19.3  64.8  61.5     8 Nereida               0.0000 160/LNA              varios               Altair               PRAIA V.0.1.1        1rd degree           UCAC4                NEP-081              01 Aug 2014          Irregular                               
    73.6   -17.7  43.9  41.0    10    69.1   -31.5  44.2  60.0    11   9.09 120.0  2.0   21 54 59.66974 -13 04 56.6643 10 13 22.7055 20 05 2009 2454971.9259572392 2009.383780854  21.9165749288 -13.0824067484 19.4  36.3  34.2   190 Nereida               0.2800 ESO                  Varios               Altair               PRAIA V.0.1.1        1rd degree           UCAC4                nep081+de421         22 Nov 2014                                                  
   -20.4   -43.0  33.9  11.4    13   -18.9   -45.4  33.0  14.0    14   7.14 120.0  2.0   21 55  2.04770 -13 04 46.2018 06 32 53.7902 22 05 2009 2454973.7728447937 2009.388837357  21.9172354715 -13.0795004884 19.5  24.5  21.5   390 Nereida               0.2800 ESO                  Varios               Altair               PRAIA V.0.1.1        1rd degree           UCAC4                nep081+de421         22 Nov 2014                                                  
   276.6   -45.2  20.1  20.8    13   292.7   -20.4  64.2  49.2    20  35.00 120.0  2.0   21 55  3.16790 -13 04 41.5311 06 38 12.3949 23 05 2009 2454974.7765323487 2009.391585304  21.9175466375 -13.0782030853 19.4  32.0  27.5   290 Nereida               0.2800 ESO                  Varios               Altair               PRAIA V.0.1.1        1rd degree           UCAC4                nep081+de421         22 Nov 2014                                                  
    86.4   -52.7  33.9  24.4    14   125.5   -43.2 178.3  47.4    19  26.32 120.0  2.0   21 55  4.14776 -13 04 37.4716 07 28 45.1477 24 05 2009 2454975.8116336535 2009.394419257  21.9178188232 -13.0770754514 18.9  29.1  28.1   216 Nereida               0.2800 ESO                  Varios               Altair               PRAIA V.0.1.1        1rd degree           UCAC4                nep081+de421         22 Nov 2014                                                  
   -87.0  -109.4  47.6  70.6     7   -37.9  -115.1  97.7  84.7    10  30.00  80.0  2.0   21 54 31.13831 -13 08  8.8237 06 46 54.3814 24 06 2009 2455006.7825738587 2009.479213070  21.9086495304 -13.1357843609 19.2   9.6  10.9     3 Nereida               0.0000 160/LNA              varios               Altair               PRAIA V.0.1.1        1rd degree           UCAC4                NEP081               01 Aug 2014          Irregular                               
   -14.7   -78.1  29.9  31.0    14    18.3   -77.1 133.5  47.1    20  30.00  80.0  2.0   21 52 32.32713 -13 19  4.4514 04 12 35.6736 22 07 2009 2455034.6754128886 2009.555579501  21.8756464239 -13.3179031796 19.4  51.9  44.4    24 Nereida               0.0000 IAG/LNA              varios               Altair               PRAIA V.0.1.1        1rd degree           UCAC4                NEP-081              01 Aug 2014          Irregular                               
    58.9   -25.2  13.5   6.6    18    54.3   -26.0  19.2   7.4    20  10.00  80.0  2.0   22 03 32.98280 -12 23 51.4211 08 03 06.8334 16 06 2010 2455363.8354957565 2010.456770693  22.0591618884 -12.3976169598 19.3  76.1  23.1     5 Nereida               0.0000 160/LNA              varios               Altair               PRAIA V.0.1.1        1rd degree           UCAC4                NEP-081              01 Aug 2014          Irregular                               
    67.7   -16.2  19.0   6.2    13    58.4   -20.8  27.1  11.2    17  23.53  80.0  2.0   22 03 29.41835 -12 24 13.4903 06 55 26.0770 18 06 2010 2455365.7884962610 2010.462117717  22.0581717644 -12.4037473064 19.5  46.5  27.4     6 Nereida               0.0000 160/LNA              varios               Altair               PRAIA V.0.1.1        1rd degree           UCAC4                NEP-081              01 Aug 2014          Irregular                               
    99.8    13.7  25.4  27.9    18   103.8    17.7  41.3  27.7    21  14.29  80.0  2.0   22 02 40.20001 -12 29  3.0158 07 17 37.0556 05 07 2010 2455382.8039011061 2010.508703356  22.0445000021 -12.4841710490 19.2  51.4  57.7    20 Nereida               0.0000 IAG/LNA              varios               Altair               PRAIA V.0.1.1        1rd degree           UCAC4                NEP-081              01 Aug 2014          Irregular                               
    74.3    27.5  34.3  24.2    14    74.3    27.5  34.3  24.2    14   0.00  80.0  2.0   22 02 36.39795 -12 29 24.8558 07 04 46.6428 06 07 2010 2455383.7949842922 2010.511416794  22.0434438747 -12.4902377091 19.0  55.0  59.9    19 Nereida               0.0000 IAG/LNA              varios               Altair               PRAIA V.0.1.1        1rd degree           UCAC4                NEP-081              01 Aug 2014          Irregular                               
   130.7    15.6  45.2  35.5    10   116.0    15.7  64.9  33.7    11   9.09  80.0  2.0   22 02 32.47342 -12 29 47.4086 07 03 31.0000 07 07 2010 2455384.7941087969 2010.514152248  22.0423537267 -12.4965023803 19.2  48.9  59.7    17 Nereida               0.0000 IAG/LNA              varios               Altair               PRAIA V.0.1.1        1rd degree           UCAC4                NEP-081              01 Aug 2014          Irregular                               
    89.7    -2.5  61.2  50.1    43    72.3    10.0  88.6  59.7    51  15.69  80.0  2.0   22 07 30.30606 -12 07 44.8818 04 20 27.0233 19 08 2011 2455792.6808683248 2011.630885334  22.1250850158 -12.1291338302 18.7  63.3  66.0    10 Nereida               0.0000 IAG/LNA              varios               Altair               PRAIA V.0.1.1        1rd degree           UCAC4                NEP-081              01 Aug 2014          Irregular                               
   107.9   -91.9  49.2  20.9    20   128.9   -78.1 143.2  92.3    28  28.57  80.0  2.0   22 05 50.20305 -12 17  3.5045 06 12 17.1500 04 09 2011 2455808.7585318284 2011.674903577  22.0972786242 -12.2843068144 19.0  69.1  45.7     7 Nereida               0.0000 160/LNA              varios               Altair               PRAIA V.0.1.1        1rd degree           UCAC4                NEP-081              01 Aug 2014          Irregular                               
   126.7   -12.9  62.2  61.1     7   114.8    16.1  66.8  99.6     8  12.50  80.0  2.0   22 03 42.16840 -12 28 47.1218 02 16 12.4286 27 09 2011 2455831.5945882942 2011.737425293  22.0617134437 -12.4797560503 18.7  60.7  53.1    19 Nereida               0.0000 IAG/LNA              varios               Altair               PRAIA V.0.1.1        1rd degree           UCAC4                NEP-081              01 Aug 2014          Irregular                               
     9.8    -2.6  60.8  70.5     9   165.8   -23.0 292.9 105.3    18  50.00  80.0  2.0   22 10 54.07326 -11 53 28.1666 01 33 05.2886 19 10 2012 2456219.5646445435 2012.799629417  22.1816870160 -11.8911573871 19.1  72.0  66.1    13 Nereida               0.0000 IAG/LNA              varios               Altair               PRAIA V.0.1.1        1rd degree           UCAC4                NEP-081              01 Aug 2014          Irregular                               
    11.2   -27.8  75.7  76.8    13    15.1   -35.2  92.5  75.8    15  13.33  80.0  2.0   22 10 51.29969 -11 53 43.2973 00 33 32.4757 20 10 2012 2456220.5232925424 2012.802254052  22.1809165808 -11.8953603635 19.2  72.0  54.9    13 Nereida               0.0000 IAG/LNA              varios               Altair               PRAIA V.0.1.1        1rd degree           UCAC4                NEP-081              01 Aug 2014          Irregular                               
  -295.4   -86.8  32.0  26.5     5  -295.4   -86.8  32.0  26.5     5   0.00  80.0  2.0   22 29 20.82943 -10 10 41.0108 08 08 38.7845 09 06 2013 2456452.8393377839 2013.438300719  22.4891192852 -10.1780585500 19.5   0.0   0.0     3 Nereida               0.0000 160/LNA              varios               Altair               PRAIA V.0.1.1        1rd degree           UCAC4                NEP081               01 Aug 2014          Irregular                               
  -202.6    52.5  15.4  10.5     8  -201.0    56.6  31.4  67.7    10  20.00  80.0  2.0   22 23 30.82849 -10 46 25.2251 04 38 11.6362 02 09 2013 2456537.6931902338 2013.670617906  22.3918968020 -10.7736736261 19.1  51.1 129.6     4 Nereida               0.0000 160/LNA              varios               Altair               PRAIA V.0.1.1        1rd degree           UCAC4                NEP081               01 Aug 2014          Irregular                               
   -98.9   -20.8  29.1  37.4    36  -105.1    30.4  38.8 222.9    38   5.26  80.0  2.0   22 23 24.93907 -10 46 59.7177 03 30 13.4946 03 09 2013 2456538.6459895209 2013.673226528  22.3902608514 -10.7832549036 19.1  96.7  46.1     4 Nereida               0.0000 160/LNA              varios               Altair               PRAIA V.0.1.1        1rd degree           UCAC4                NEP081               01 Aug 2014          Irregular                               
    16.5    32.1  24.5  18.9    15    34.3    27.1  55.3  23.5    17  11.76  80.0  2.0   22 37 18.01191 -09 28 42.4696 07 47 35.3595 03 07 2014 2456841.8247148087 2014.503284640  22.6216699754  -9.4784637663 19.2  75.1  66.2     4 Nereida               0.0000 160/LNA              varios               Altair               PRAIA V.0.1.1        1rd degree           UCAC4                NEP081               01 Aug 2014          Irregular                               
   -32.6    19.9  26.2  29.4    14  -124.1    88.9 354.2 273.7    17  17.65  80.0  2.0   22 37 12.93309 -09 29 16.2497 04 51 21.5766 05 07 2014 2456843.7023330629 2014.508425278  22.6202591908  -9.4878471467 19.1  28.1  34.7     5 Nereida               0.0000 160/LNA              varios               Altair               PRAIA V.0.1.1        1rd degree           UCAC4                NEP081               01 Aug 2014          Irregular                               
