   0.080  -0.140  348.29  585.65 3.086  11382.44    784.12 99.999 99.999 99.999  8.369  8.586 99.999 99.999 99.999  0.128 99.999 99.999 99.999 99.999  99.999  99.999  99.999  99.999  0.003  0.003  0.016  0.016  0.053  0.052   13   11 99.999 99.999   99  20.121784072 -19.790393234  8 38  5.00 1997  6  1 2450600.85978009     5  Clear                 010697100.net.fits                                 Netuno                 739  1140     1   0.000   0.000
   0.028  -0.078  348.98  584.69 2.958  13518.75    638.81 99.999 99.999 99.999  8.445  8.682 99.999 99.999 99.999  0.105 99.999 99.999 99.999 99.999  99.999  99.999  99.999  99.999  0.004  0.004  0.010  0.011  0.034  0.038   13   11 99.999 99.999   99  20.121782467 -19.790377816  8 38 50.96 1997  6  1 2450600.86031204     5  Clear                 010697101.net.fits                                 Netuno                 739  1140     1   0.000   0.000
   0.059  -0.109  343.39  585.76 3.157  11981.30    551.76 99.999 99.999 99.999  8.427  8.667 99.999 99.999 99.999  0.078 99.999 99.999 99.999 99.999  99.999  99.999  99.999  99.999  0.004  0.004  0.014  0.015  0.045  0.051   12   11 99.999 99.999   99  20.121781885 -19.790389732  8 40 25.72 1997  6  1 2450600.86140880     5  Clear                 010697102.net.fits                                 Netuno                 739  1140     1   0.000   0.000
   0.071  -0.119  342.35  584.83 2.689  16139.69    806.38 99.999 99.999 99.999  8.458  8.699 99.999 99.999 99.999  0.123 99.999 99.999 99.999 99.999  99.999  99.999  99.999  99.999  0.003  0.003  0.018  0.021  0.062  0.071   13   12 99.999 99.999   99  20.121781544 -19.790394057  8 41 11.96 1997  6  1 2450600.86194398     5  Clear                 010697103.net.fits                                 Netuno                 739  1140     1   0.000   0.000
   0.050  -0.099  344.14  584.72 2.600  17637.99    796.44 99.999 99.999 99.999  8.521  8.736 99.999 99.999 99.999  0.134 99.999 99.999 99.999 99.999  99.999  99.999  99.999  99.999  0.002  0.002  0.017  0.016  0.060  0.055   13   12 99.999 99.999   99  20.121780540 -19.790390160  8 41 57.91 1997  6  1 2450600.86247581     5  Clear                 010697104.net.fits                                 Netuno                 739  1140     1   0.000   0.000
   0.056  -0.108  341.86  585.82 2.757  15544.45    742.87 99.999 99.999 99.999  8.467  8.735 99.999 99.999 99.999  0.101 99.999 99.999 99.999 99.999  99.999  99.999  99.999  99.999  0.004  0.004  0.016  0.017  0.052  0.058   13   11 99.999 99.999   99  20.121780065 -19.790394515  8 42 43.91 1997  6  1 2450600.86300822     5  Clear                 010697105.net.fits                                 Netuno                 739  1140     1   0.000   0.000
   0.079  -0.119  339.70  584.54 3.034  12480.74    703.17 99.999 99.999 99.999  8.395  8.611 99.999 99.999 99.999  0.126 99.999 99.999 99.999 99.999  99.999  99.999  99.999  99.999  0.003  0.003  0.019  0.021  0.061  0.068   12   11 99.999 99.999   99  20.121779951 -19.790399328  8 43 30.01 1997  6  1 2450600.86354178     5  Clear                 010697106.net.fits                                 Netuno                 739  1140     1   0.000   0.000
   0.059  -0.049  341.43  586.90 2.763  14797.71    842.13 99.999 99.999 99.999  8.470  8.730 99.999 99.999 99.999  0.120 99.999 99.999 99.999 99.999  99.999  99.999  99.999  99.999  0.004  0.004  0.018  0.013  0.055  0.040   13   10 99.999 99.999   99  20.121778960 -19.790381769  8 44 15.92 1997  6  1 2450600.86407315     5  Clear                 010697107.net.fits                                 Netuno                 739  1140     1   0.000   0.000
   0.052  -0.039  338.50  586.70 2.929  13467.43    685.03 99.999 99.999 99.999  8.422  8.677 99.999 99.999 99.999  0.150 99.999 99.999 99.999 99.999  99.999  99.999  99.999  99.999  0.005  0.005  0.012  0.019  0.040  0.064   14   11 99.999 99.999   99  20.121778255 -19.790380481  8 45  1.82 1997  6  1 2450600.86460440     5  Clear                 010697108.net.fits                                 Netuno                 739  1140     1   0.000   0.000
   0.073  -0.107  337.34  585.51 2.557  18903.73    728.06 99.999 99.999 99.999  8.553  8.817 99.999 99.999 99.999  0.080 99.999 99.999 99.999 99.999  99.999  99.999  99.999  99.999  0.007  0.007  0.018  0.015  0.064  0.054   14   13 99.999 99.999   99  20.121778076 -19.790401023  8 45 47.68 1997  6  1 2450600.86513519     5  Clear                 010697109.net.fits                                 Netuno                 739  1140     1   0.000   0.000
   0.103  -0.048  335.11  586.38 2.963  12779.37    742.15 99.999 99.999 99.999  8.423  8.657 99.999 99.999 99.999  0.090 99.999 99.999 99.999 99.999  99.999  99.999  99.999  99.999  0.003  0.003  0.014  0.014  0.047  0.047   14   12 99.999 99.999   99  20.121778077 -19.790386265  8 46 33.59 1997  6  1 2450600.86566655     5  Clear                 010697110.net.fits                                 Netuno                 739  1140     1   0.000   0.000
   0.062  -0.074  332.86  584.98 2.765  15917.89    633.89 99.999 99.999 99.999  8.483  8.753 99.999 99.999 99.999  0.109 99.999 99.999 99.999 99.999  99.999  99.999  99.999  99.999  0.003  0.003  0.015  0.021  0.047  0.066   14   11 99.999 99.999   99  20.121776689 -19.790395177  8 47 19.50 1997  6  1 2450600.86619792     5  Clear                 010697111.net.fits                                 Netuno                 739  1140     1   0.000   0.000
   0.069  -0.079  355.40  581.64 2.722  12698.03    582.94 99.999 99.999 99.999  8.560  8.803 99.999 99.999 99.999  0.121 99.999 99.999 99.999 99.999  99.999  99.999  99.999  99.999  0.003  0.003  0.018  0.020  0.060  0.065   12   11 99.999 99.999   99  20.121843327 -19.790204743  7 19 59.43 1997  6  1 2450600.80554896     1  Clear                 01069771.net.fits                                  Netuno                 739  1140     1   0.000   0.000
   0.034  -0.038  353.30  583.06 2.873  10311.41    705.09 99.999 99.999 99.999  8.562  8.823 99.999 99.999 99.999  0.145 99.999 99.999 99.999 99.999  99.999  99.999  99.999  99.999  0.005  0.005  0.017  0.013  0.054  0.042   13   10 99.999 99.999   99  20.121840731 -19.790198896  7 22 31.03 1997  6  1 2450600.80730359     1  Clear                 01069772.net.fits                                  Netuno                 739  1140     1   0.000   0.000
   0.070  -0.072  351.77  579.53 2.630  13862.09    585.12 99.999 99.999 99.999  8.623  8.824 99.999 99.999 99.999  0.133 99.999 99.999 99.999 99.999  99.999  99.999  99.999  99.999  0.005  0.005  0.016  0.019  0.049  0.061   13   10 99.999 99.999   99  20.121840881 -19.790209987  7 23 13.95 1997  6  1 2450600.80780035     1  Clear                 01069773.net.fits                                  Netuno                 739  1140     1   0.000   0.000
   0.112  -0.064  349.56  579.96 3.309   7912.51    510.60 99.999 99.999 99.999  8.403  8.683 99.999 99.999 99.999  0.107 99.999 99.999 99.999 99.999  99.999  99.999  99.999  99.999  0.003  0.003  0.018  0.021  0.059  0.070   13   11 99.999 99.999   99  20.121841168 -19.790209574  7 23 55.81 1997  6  1 2450600.80828484     1  Clear                 01069774.net.fits                                  Netuno                 739  1140     1   0.000   0.000
   0.103  -0.099  352.45  579.69 2.862  11517.27    540.16 99.999 99.999 99.999  8.540  8.794 99.999 99.999 99.999  0.165 99.999 99.999 99.999 99.999  99.999  99.999  99.999  99.999  0.005  0.005  0.017  0.020  0.056  0.065   13   11 99.999 99.999   99  20.121840474 -19.790220530  7 24 37.83 1997  6  1 2450600.80877118     1  Clear                 01069775.net.fits                                  Netuno                 739  1140     1   0.000   0.000
   0.076  -0.103  352.01  580.93 3.159   9047.61    508.23 99.999 99.999 99.999  8.530  8.780 99.999 99.999 99.999  0.142 99.999 99.999 99.999 99.999  99.999  99.999  99.999  99.999  0.008  0.008  0.013  0.020  0.042  0.067   13   11 99.999 99.999   99  20.121839377 -19.790223418  7 25 19.77 1997  6  1 2450600.80925660     1  Clear                 01069776.net.fits                                  Netuno                 739  1140     1   0.000   0.000
   0.095  -0.109  353.29  581.35 3.225   9460.33    370.11 99.999 99.999 99.999  8.459  8.713 99.999 99.999 99.999  0.129 99.999 99.999 99.999 99.999  99.999  99.999  99.999  99.999  0.005  0.005  0.016  0.023  0.053  0.077   12   11 99.999 99.999   99  20.121839231 -19.790226397  7 26  1.59 1997  6  1 2450600.80974062     1  Clear                 01069777.net.fits                                  Netuno                 739  1140     1   0.000   0.000
   0.090  -0.059  357.45  582.46 2.622  13854.97    594.54 99.999 99.999 99.999  8.633  8.886 99.999 99.999 99.999  0.092 99.999 99.999 99.999 99.999  99.999  99.999  99.999  99.999  0.003  0.003  0.025  0.013  0.073  0.038   13    9 99.999 99.999   99  20.121838597 -19.790214291  7 26 44.27 1997  6  1 2450600.81023461     1  Clear                 01069778.net.fits                                  Netuno                 739  1140     1   0.000   0.000
   0.127  -0.113  358.16  583.98 3.268   8838.06    418.06 99.999 99.999 99.999  8.502  8.748 99.999 99.999 99.999  0.132 99.999 99.999 99.999 99.999  99.999  99.999  99.999  99.999  0.004  0.004  0.020  0.020  0.063  0.062   12   10 99.999 99.999   99  20.121838786 -19.790230940  7 27 27.00 1997  6  1 2450600.81072917     1  Clear                 01069779.net.fits                                  Netuno                 739  1140     1   0.000   0.000
   0.085  -0.151  361.18  582.28 3.743   5918.73    456.29 99.999 99.999 99.999  8.461  8.675 99.999 99.999 99.999  0.121 99.999 99.999 99.999 99.999  99.999  99.999  99.999  99.999  0.003  0.003  0.013  0.021  0.036  0.059   10    8 99.999 99.999   99  20.121837417 -19.790242668  7 28  8.87 1997  6  1 2450600.81121377     1  Clear                 01069780.net.fits                                  Netuno                 739  1140     1   0.000   0.000
   0.174  -0.080  367.56  584.73 3.387   7515.27    481.03 99.999 99.999 99.999  8.500  8.757 99.999 99.999 99.999  0.095 99.999 99.999 99.999 99.999  99.999  99.999  99.999  99.999  0.004  0.004  0.017  0.014  0.054  0.043   11   10 99.999 99.999   99  20.121799193 -19.790338640  8 20 37.43 1997  6  1 2450600.84765544     1  Clear                 01069791.net.fits                                  Netuno                 739  1140     1   0.000   0.000
   0.080  -0.079  358.64  584.73 2.647  17496.43    718.68 99.999 99.999 99.999  8.481  8.707 99.999 99.999 99.999  0.111 99.999 99.999 99.999 99.999  99.999  99.999  99.999  99.999  0.003  0.003  0.013  0.019  0.043  0.063   13   11 99.999 99.999   99  20.121788723 -19.790362959  8 31 58.52 1997  6  1 2450600.85553843     5  Clear                 01069792.net.fits                                  Netuno                 739  1140     1   0.000   0.000
   0.063  -0.131  354.80  584.92 2.928  13633.90    702.14 99.999 99.999 99.999  8.416  8.632 99.999 99.999 99.999  0.122 99.999 99.999 99.999 99.999  99.999  99.999  99.999  99.999  0.003  0.003  0.010  0.015  0.033  0.049   13   11 99.999 99.999   99  20.121787792 -19.790379251  8 32 44.43 1997  6  1 2450600.85606979     5  Clear                 01069793.net.fits                                  Netuno                 739  1140     1   0.000   0.000
   0.084  -0.107  353.14  586.37 4.065   6277.04    515.52 99.999 99.999 99.999  8.326  8.500 99.999 99.999 99.999  0.128 99.999 99.999 99.999 99.999  99.999  99.999  99.999  99.999  0.005  0.005  0.018  0.023  0.050  0.063   11    8 99.999 99.999   99  20.121787634 -19.790374282  8 33 30.38 1997  6  1 2450600.85660162     5  Clear                 01069794.net.fits                                  Netuno                 739  1140     1   0.000   0.000
   0.037  -0.129  354.92  585.35 2.704  16225.18    748.44 99.999 99.999 99.999  8.469  8.703 99.999 99.999 99.999  0.133 99.999 99.999 99.999 99.999  99.999  99.999  99.999  99.999  0.003  0.003  0.019  0.020  0.066  0.068   13   12 99.999 99.999   99  20.121786114 -19.790381918  8 34 16.32 1997  6  1 2450600.85713333     5  Clear                 01069795.net.fits                                  Netuno                 739  1140     1   0.000   0.000
   0.064  -0.054  350.76  585.54 2.824  14953.82    717.65 99.999 99.999 99.999  8.427  8.660 99.999 99.999 99.999  0.127 99.999 99.999 99.999 99.999  99.999  99.999  99.999  99.999  0.003  0.004  0.017  0.021  0.055  0.068   13   11 99.999 99.999   99  20.121786059 -19.790362680  8 35  2.31 1997  6  1 2450600.85766562     5  Clear                 01069796.net.fits                                  Netuno                 739  1140     1   0.000   0.000
   0.064  -0.134  351.60  585.01 2.795  15043.95    737.65 99.999 99.999 99.999  8.439  8.692 99.999 99.999 99.999  0.106 99.999 99.999 99.999 99.999  99.999  99.999  99.999  99.999  0.004  0.004  0.013  0.019  0.042  0.062   13   11 99.999 99.999   99  20.121785474 -19.790386788  8 35 48.12 1997  6  1 2450600.85819583     5  Clear                 01069797.net.fits                                  Netuno                 739  1140     1   0.000   0.000
   0.077  -0.068  351.20  585.67 2.729  16096.96    711.01 99.999 99.999 99.999  8.482  8.715 99.999 99.999 99.999  0.093 99.999 99.999 99.999 99.999  99.999  99.999  99.999  99.999  0.003  0.003  0.018  0.019  0.056  0.061   13   10 99.999 99.999   99  20.121785185 -19.790369993  8 36 33.17 1997  6  1 2450600.85871725     5  Clear                 01069798.net.fits                                  Netuno                 739  1140     1   0.000   0.000
   0.044  -0.084  349.29  586.11 2.653  17239.14    731.21 99.999 99.999 99.999  8.492  8.733 99.999 99.999 99.999  0.108 99.999 99.999 99.999 99.999  99.999  99.999  99.999  99.999  0.003  0.003  0.014  0.018  0.046  0.059   13   11 99.999 99.999   99  20.121783940 -19.790376170  8 37 19.14 1997  6  1 2450600.85924931     5  Clear                 01069799.net.fits                                  Netuno                 739  1140     1   0.000   0.000
  -0.146  -0.117  401.98  582.55 2.368  27092.71   -197.68 99.999 99.999 99.999  8.641  8.882 99.999 99.999 99.999  0.105 99.999 99.999 99.999 99.999  99.999  99.999  99.999  99.999  0.005  0.005  0.025  0.024  0.077  0.074   13   12 99.999 99.999   99  20.121995148 -19.789751264  3 54 36.66 1997  6  1 2450600.66292431     5  Clear                 01069701.net.fits                                  Netuno                 739  1140     1   0.000   0.000
  -0.137  -0.133  403.34  583.05 2.382  25221.23     88.02 99.999 99.999 99.999  8.635  8.927 99.999 99.999 99.999  0.086 99.999 99.999 99.999 99.999  99.999  99.999  99.999  99.999  0.005  0.005  0.019  0.023  0.055  0.068   13   10 99.999 99.999   99  20.121992619 -19.789764028  3 58 13.35 1997  6  1 2450600.66543229     5  Clear                 01069702.net.fits                                  Netuno                 739  1140     1   0.000   0.000
  -0.177  -0.137  400.80  583.57 2.325  28926.35   -395.72 99.999 99.999 99.999  8.727  8.897 99.999 99.999 99.999  0.108 99.999 99.999 99.999 99.999  99.999  99.999  99.999  99.999  0.007  0.007  0.018  0.027  0.054  0.083   13   11 99.999 99.999   99  20.121991268 -19.789767004  3 58 59.05 1997  6  1 2450600.66596123     5  Clear                 01069703.net.fits                                  Netuno                 739  1140     1   0.000   0.000
  -0.194  -0.097  403.08  583.43 2.332  28440.62   -351.62 99.999 99.999 99.999  8.684  8.918 99.999 99.999 99.999  0.100 99.999 99.999 99.999 99.999  99.999  99.999  99.999  99.999  0.006  0.006  0.013  0.019  0.038  0.057   13   10 99.999 99.999   99  20.121990349 -19.789757677  3 59 43.64 1997  6  1 2450600.66647731     5  Clear                 01069704.net.fits                                  Netuno                 739  1140     1   0.000   0.000
  -0.188  -0.097  403.28  584.24 2.292  29658.65   -403.21 99.999 99.999 99.999  8.830  9.102 99.999 99.999 99.999  0.121 99.999 99.999 99.999 99.999  99.999  99.999  99.999  99.999  0.007  0.007  0.028  0.026  0.071  0.067   13   10 99.999 99.999   99  20.121989875 -19.789759581  4  0 30.28 1997  6  1 2450600.66701713     5  Clear                 01069705.net.fits                                  Netuno                 739  1140     1   0.000   0.000
  -0.171  -0.127  402.03  584.73 2.299  28393.41   -195.49 99.999 99.999 99.999  8.763  9.039 99.999 99.999 99.999  0.107 99.999 99.999 99.999 99.999  99.999  99.999  99.999  99.999  0.006  0.006  0.020  0.024  0.058  0.071   13   10 99.999 99.999   99  20.121989671 -19.789769538  4  1 15.92 1997  6  1 2450600.66754537     5  Clear                 01069706.net.fits                                  Netuno                 739  1140     1   0.000   0.000
  -0.180  -0.133  406.87  584.36 2.326  27699.54   -205.45 99.999 99.999 99.999  8.673  8.895 99.999 99.999 99.999  0.200 99.999 99.999 99.999 99.999  99.999  99.999  99.999  99.999  0.006  0.006  0.013  0.023  0.039  0.068   13   10 99.999 99.999   99  20.121988897 -19.789772845  4  2  0.57 1997  6  1 2450600.66806215     5  Clear                 01069707.net.fits                                  Netuno                 739  1140     1   0.000   0.000
  -0.167  -0.096  406.43  584.69 2.380  25456.59     46.94 99.999 99.999 99.999  8.608  8.919 99.999 99.999 99.999  0.175 99.999 99.999 99.999 99.999  99.999  99.999  99.999  99.999  0.004  0.004  0.026  0.021  0.063  0.051   13    9 99.999 99.999   99  20.121988575 -19.789764421  4  2 47.21 1997  6  1 2450600.66860197     5  Clear                 01069708.net.fits                                  Netuno                 739  1140     1   0.000   0.000
  -0.151  -0.074  406.41  585.49 2.296  28947.69   -371.99 99.999 99.999 99.999  8.794  9.042 99.999 99.999 99.999  0.115 99.999 99.999 99.999 99.999  99.999  99.999  99.999  99.999  0.007  0.007  0.030  0.021  0.072  0.051   12    9 99.999 99.999   99  20.121988324 -19.789759997  4  3 32.85 1997  6  1 2450600.66913021     5  Clear                 01069709.net.fits                                  Netuno                 739  1140     1   0.000   0.000
  -0.167  -0.160  407.92  585.56 2.359  26028.82     13.98 99.999 99.999 99.999  8.724  8.972 99.999 99.999 99.999  0.107 99.999 99.999 99.999 99.999  99.999  99.999  99.999  99.999  0.005  0.005  0.017  0.025  0.048  0.074   12   10 99.999 99.999   99  20.121987429 -19.789785592  4  4 17.50 1997  6  1 2450600.66964699     5  Clear                 01069710.net.fits                                  Netuno                 739  1140     1   0.000   0.000
  -0.344  -0.119  419.25  589.25 2.444  28587.51   -151.31 99.999 99.999 99.999  8.782  8.965 99.999 99.999 99.999  0.098 99.999 99.999 99.999 99.999  99.999  99.999  99.999  99.999  0.007  0.007  0.016  0.024  0.048  0.071   13   10 99.999 99.999   99  20.121974038 -19.789804442  4 17 25.30 1997  6  1 2450600.67876505     1  Clear                 01069711.net.fits                                  Netuno                 739  1140     1   0.000   0.000
  -0.339  -0.177  417.89  589.76 2.395  32539.35   -690.09 99.999 99.999 99.999  8.794  8.978 99.999 99.999 99.999  0.115 99.999 99.999 99.999 99.999  99.999  99.999  99.999  99.999  0.009  0.009  0.018  0.025  0.055  0.078   13   11 99.999 99.999   99  20.121972699 -19.789824742  4 19 19.38 1997  6  1 2450600.68008542     1  Clear                 01069712.net.fits                                  Netuno                 739  1140     1   0.000   0.000
  -0.396  -0.086  418.25  590.45 2.359  33350.39   -677.84 99.999 99.999 99.999  8.909  9.107 99.999 99.999 99.999  0.107 99.999 99.999 99.999 99.999  99.999  99.999  99.999  99.999  0.010  0.010  0.021  0.030  0.053  0.075   13   10 99.999 99.999   99  20.121971033 -19.789801058  4 20  2.56 1997  6  1 2450600.68058519     1  Clear                 01069713.net.fits                                  Netuno                 739  1140     1   0.000   0.000
  -0.359  -0.142  418.11  590.17 2.378  33568.74   -835.70 99.999 99.999 99.999  8.877  9.068 99.999 99.999 99.999  0.133 99.999 99.999 99.999 99.999  99.999  99.999  99.999  99.999  0.010  0.010  0.016  0.023  0.050  0.069   13   11 99.999 99.999   99  20.121971246 -19.789818285  4 20 43.75 1997  6  1 2450600.68106192     1  Clear                 01069714.net.fits                                  Netuno                 739  1140     1   0.000   0.000
  -0.478  -0.113  419.27  590.46 2.334  33778.31   -610.11 99.999 99.999 99.999  8.914  9.184 99.999 99.999 99.999  0.149 99.999 99.999 99.999 99.999  99.999  99.999  99.999  99.999  0.011  0.011  0.019  0.024  0.057  0.074   13   11 99.999 99.999   99  20.121968365 -19.789812066  4 21 25.93 1997  6  1 2450600.68155012     1  Clear                 01069715.net.fits                                  Netuno                 739  1140     1   0.000   0.000
  -0.381  -0.079  418.42  590.25 2.329  34130.69   -660.19 99.999 99.999 99.999  8.910  9.122 99.999 99.999 99.999  0.132 99.999 99.999 99.999 99.999  99.999  99.999  99.999  99.999  0.011  0.011  0.017  0.023  0.053  0.070   13   11 99.999 99.999   99  20.121969752 -19.789804112  4 22  8.11 1997  6  1 2450600.68203831     1  Clear                 01069716.net.fits                                  Netuno                 739  1140     1   0.000   0.000
  -0.415  -0.098  419.55  590.76 2.344  32918.83   -479.96 99.999 99.999 99.999  8.866  9.120 99.999 99.999 99.999  0.137 99.999 99.999 99.999 99.999  99.999  99.999  99.999  99.999  0.010  0.010  0.020  0.028  0.060  0.085   13   11 99.999 99.999   99  20.121968550 -19.789810784  4 22 50.29 1997  6  1 2450600.68252650     1  Clear                 01069717.net.fits                                  Netuno                 739  1140     1   0.000   0.000
  -0.331  -0.110  419.60  590.63 2.463  25074.40    491.45 99.999 99.999 99.999  8.726  8.961 99.999 99.999 99.999  0.138 99.999 99.999 99.999 99.999  99.999  99.999  99.999  99.999  0.005  0.005  0.022  0.023  0.066  0.069   13   11 99.999 99.999   99  20.121969645 -19.789815752  4 23 32.48 1997  6  1 2450600.68301481     1  Clear                 01069718.net.fits                                  Netuno                 739  1140     1   0.000   0.000
  -0.475  -0.112  418.61  591.20 2.385  29850.21    -18.14 99.999 99.999 99.999  8.785  9.055 99.999 99.999 99.999  0.132 99.999 99.999 99.999 99.999  99.999  99.999  99.999  99.999  0.012  0.012  0.016  0.024  0.050  0.072   13   11 99.999 99.999   99  20.121966286 -19.789818097  4 24 15.60 1997  6  1 2450600.68351389     1  Clear                 01069719.net.fits                                  Netuno                 739  1140     1   0.000   0.000
  -0.444  -0.156  420.54  591.01 2.341  33100.12   -498.95 99.999 99.999 99.999  8.975  9.104 99.999 99.999 99.999  0.118 99.999 99.999 99.999 99.999  99.999  99.999  99.999  99.999  0.008  0.008  0.019  0.021  0.057  0.065   13   11 99.999 99.999   99  20.121966373 -19.789832052  4 24 56.79 1997  6  1 2450600.68399063     1  Clear                 01069720.net.fits                                  Netuno                 739  1140     1   0.000   0.000
  -0.359  -0.150  421.54  591.01 2.453  29735.71   -314.80 99.999 99.999 99.999  8.698  8.970 99.999 99.999 99.999  0.125 99.999 99.999 99.999 99.999  99.999  99.999  99.999  99.999  0.008  0.008  0.020  0.023  0.061  0.071   13   11 99.999 99.999   99  20.121967514 -19.789831819  4 25 38.97 1997  6  1 2450600.68447882     1  Clear                 01069721.net.fits                                  Netuno                 739  1140     1   0.000   0.000
  -0.484   0.005  419.29  592.16 2.325  31583.50    -92.59 99.999 99.999 99.999  8.946  9.168 99.999 99.999 99.999  0.138 99.999 99.999 99.999 99.999  99.999  99.999  99.999  99.999  0.010  0.010  0.015  0.025  0.044  0.073   13   11 99.999 99.999   99  20.121964534 -19.789790299  4 26 21.15 1997  6  1 2450600.68496701     1  Clear                 01069722.net.fits                                  Netuno                 739  1140     1   0.000   0.000
  -0.391  -0.084  422.53  592.57 2.439  28742.55    -76.93 99.999 99.999 99.999  8.741  9.021 99.999 99.999 99.999  0.134 99.999 99.999 99.999 99.999  99.999  99.999  99.999  99.999  0.008  0.008  0.014  0.024  0.043  0.073   13   10 99.999 99.999   99  20.121965836 -19.789816624  4 27  3.34 1997  6  1 2450600.68545532     1  Clear                 01069723.net.fits                                  Netuno                 739  1140     1   0.000   0.000
  -0.339  -0.126  421.69  591.44 2.457  29211.19   -227.13 99.999 99.999 99.999  8.716  8.950 99.999 99.999 99.999  0.134 99.999 99.999 99.999 99.999  99.999  99.999  99.999  99.999  0.006  0.006  0.019  0.025  0.058  0.076   13   11 99.999 99.999   99  20.121966310 -19.789830106  4 27 46.52 1997  6  1 2450600.68595509     1  Clear                 01069724.net.fits                                  Netuno                 739  1140     1   0.000   0.000
  -0.418  -0.131  420.51  591.70 2.418  29204.73    -63.26 99.999 99.999 99.999  8.750  8.989 99.999 99.999 99.999  0.110 99.999 99.999 99.999 99.999  99.999  99.999  99.999  99.999  0.009  0.009  0.019  0.027  0.057  0.082   13   11 99.999 99.999   99  20.121964225 -19.789833179  4 28 28.70 1997  6  1 2450600.68644329     1  Clear                 01069725.net.fits                                  Netuno                 739  1140     1   0.000   0.000
  -0.384  -0.085  422.27  592.64 2.408  30512.91   -281.67 99.999 99.999 99.999  8.829  9.026 99.999 99.999 99.999  0.135 99.999 99.999 99.999 99.999  99.999  99.999  99.999  99.999  0.010  0.010  0.012  0.021  0.035  0.064   13   11 99.999 99.999   99  20.121964363 -19.789821808  4 29  9.88 1997  6  1 2450600.68691991     1  Clear                 01069726.net.fits                                  Netuno                 739  1140     1   0.000   0.000
  -0.366  -0.145  422.50  593.57 2.438  27750.12     96.90 99.999 99.999 99.999  8.703  8.941 99.999 99.999 99.999  0.157 99.999 99.999 99.999 99.999  99.999  99.999  99.999  99.999  0.011  0.011  0.021  0.027  0.063  0.081   13   11 99.999 99.999   99  20.121964193 -19.789840096  4 29 52.07 1997  6  1 2450600.68740822     1  Clear                 01069727.net.fits                                  Netuno                 739  1140     1   0.000   0.000
  -0.358  -0.069  421.18  592.92 2.391  31609.98   -407.16 99.999 99.999 99.999  8.779  9.008 99.999 99.999 99.999  0.140 99.999 99.999 99.999 99.999  99.999  99.999  99.999  99.999  0.008  0.008  0.016  0.023  0.049  0.071   13   11 99.999 99.999   99  20.121963810 -19.789820637  4 30 34.25 1997  6  1 2450600.68789641     1  Clear                 01069728.net.fits                                  Netuno                 739  1140     1   0.000   0.000
  -0.495  -0.098  422.16  593.05 2.356  31662.39   -222.70 99.999 99.999 99.999  8.900  9.125 99.999 99.999 99.999  0.127 99.999 99.999 99.999 99.999  99.999  99.999  99.999  99.999  0.009  0.009  0.022  0.022  0.066  0.067   13   11 99.999 99.999   99  20.121960590 -19.789830147  4 31 16.43 1997  6  1 2450600.68838461     1  Clear                 01069729.net.fits                                  Netuno                 739  1140     1   0.000   0.000
  -0.484  -0.069  422.46  592.66 2.335  33666.30   -575.91 99.999 99.999 99.999  8.910  9.112 99.999 99.999 99.999  0.136 99.999 99.999 99.999 99.999  99.999  99.999  99.999  99.999  0.010  0.010  0.024  0.020  0.073  0.060   13   11 99.999 99.999   99  20.121960260 -19.789823971  4 31 59.56 1997  6  1 2450600.68888380     1  Clear                 01069730.net.fits                                  Netuno                 739  1140     1   0.000   0.000
  -0.114  -0.191  389.68  591.88 2.223   9054.41     19.20 99.999 99.999 99.999  8.807  9.025 99.999 99.999 99.999  0.163 99.999 99.999 99.999 99.999  99.999  99.999  99.999  99.999  0.003  0.003  0.018  0.016  0.056  0.048   12   10 99.999 99.999   99  20.121921779 -19.789994773  5 32 15.46 1997  6  1 2450600.73073449     1  Clear                 01069741.net.fits                                  Netuno                 739  1140     1   0.000   0.000
  -0.177  -0.138  389.36  593.08 2.325   7783.81    117.86 99.999 99.999 99.999  8.683  8.865 99.999 99.999 99.999  0.129 99.999 99.999 99.999 99.999  99.999  99.999  99.999  99.999  0.004  0.004  0.014  0.017  0.046  0.056   12   11 99.999 99.999   99  20.121919400 -19.789983622  5 33 45.92 1997  6  1 2450600.73178148     1  Clear                 01069742.net.fits                                  Netuno                 739  1140     1   0.000   0.000
  -0.185  -0.097  392.37  593.98 2.301   7960.05    122.75 99.999 99.999 99.999  8.656  8.896 99.999 99.999 99.999  0.140 99.999 99.999 99.999 99.999  99.999  99.999  99.999  99.999  0.005  0.005  0.017  0.018  0.049  0.051   11    9 99.999 99.999   99  20.121918727 -19.789973576  5 34 28.16 1997  6  1 2450600.73227037     1  Clear                 01069743.net.fits                                  Netuno                 739  1140     1   0.000   0.000
  -0.105  -0.151  390.47  593.46 2.288   7764.29    165.21 99.999 99.999 99.999  8.639  8.866 99.999 99.999 99.999  0.142 99.999 99.999 99.999 99.999  99.999  99.999  99.999  99.999  0.003  0.003  0.016  0.021  0.049  0.065   13   10 99.999 99.999   99  20.121919763 -19.789990339  5 35 10.34 1997  6  1 2450600.73275856     1  Clear                 01069744.net.fits                                  Netuno                 739  1140     1   0.000   0.000
  -0.158  -0.131  391.07  591.73 2.719   4642.47    288.93 99.999 99.999 99.999  8.576  8.806 99.999 99.999 99.999  0.060 99.999 99.999 99.999 99.999  99.999  99.999  99.999  99.999  0.006  0.006  0.020  0.027  0.060  0.079   10   10 99.999 99.999   99  20.121918173 -19.789986479  5 35 52.52 1997  6  1 2450600.73324676     1  Clear                 01069745.net.fits                                  Netuno                 739  1140     1   0.000   0.000
  -0.148  -0.105  392.68  594.36 2.235   8564.84     59.74 99.999 99.999 99.999  8.789  9.032 99.999 99.999 99.999  0.119 99.999 99.999 99.999 99.999  99.999  99.999  99.999  99.999  0.004  0.004  0.014  0.022  0.033  0.051   11    8 99.999 99.999   99  20.121917833 -19.789980962  5 36 34.71 1997  6  1 2450600.73373507     1  Clear                 01069746.net.fits                                  Netuno                 739  1140     1   0.000   0.000
  -0.105  -0.191  390.97  591.45 2.283   8134.90     98.79 99.999 99.999 99.999  8.740  8.927 99.999 99.999 99.999  0.132 99.999 99.999 99.999 99.999  99.999  99.999  99.999  99.999  0.003  0.003  0.020  0.020  0.065  0.065   12   11 99.999 99.999   99  20.121918153 -19.790006158  5 37 16.89 1997  6  1 2450600.73422326     1  Clear                 01069747.net.fits                                  Netuno                 739  1140     1   0.000   0.000
  -0.153  -0.134  390.96  593.64 2.313   7860.00    119.87 99.999 99.999 99.999  8.703  8.925 99.999 99.999 99.999  0.139 99.999 99.999 99.999 99.999  99.999  99.999  99.999  99.999  0.005  0.005  0.016  0.026  0.051  0.080   12   10 99.999 99.999   99  20.121916691 -19.789991968  5 37 59.07 1997  6  1 2450600.73471146     1  Clear                 01069748.net.fits                                  Netuno                 739  1140     1   0.000   0.000
  -0.084  -0.206  392.94  594.03 2.573   5646.49    231.51 99.999 99.999 99.999  8.573  8.829 99.999 99.999 99.999  0.148 99.999 99.999 99.999 99.999  99.999  99.999  99.999  99.999  0.004  0.004  0.021  0.030  0.058  0.082   11   10 99.999 99.999   99  20.121917495 -19.790013510  5 38 41.26 1997  6  1 2450600.73519977     1  Clear                 01069749.net.fits                                  Netuno                 739  1140     1   0.000   0.000
  -0.110  -0.130  391.74  592.91 2.406   6462.63    245.21 99.999 99.999 99.999  8.592  8.821 99.999 99.999 99.999  0.130 99.999 99.999 99.999 99.999  99.999  99.999  99.999  99.999  0.003  0.003  0.021  0.023  0.065  0.074   12   10 99.999 99.999   99  20.121916439 -19.789993929  5 39 23.38 1997  6  1 2450600.73568727     1  Clear                 01069750.net.fits                                  Netuno                 739  1140     1   0.000   0.000
  -0.286  -0.145  394.34  598.99 2.311  36363.75  -1166.10 99.999 99.999 99.999  9.012  9.276 99.999 99.999 99.999  0.100 99.999 99.999 99.999 99.999  99.999  99.999  99.999  99.999  0.010  0.010  0.016  0.029  0.049  0.086   12   11 99.999 99.999   99  20.121909002 -19.790009957  5 44 37.78 1997  6  1 2450600.73932616     1  Clear                 01069751.net.fits                                  Netuno                 739  1140     1   0.000   0.000
  -0.345  -0.118  394.43  598.98 2.297  36347.56  -1053.15 99.999 99.999 99.999  9.035  9.294 99.999 99.999 99.999  0.129 99.999 99.999 99.999 99.999  99.999  99.999  99.999  99.999  0.010  0.010  0.020  0.018  0.067  0.060   13   11 99.999 99.999   99  20.121905812 -19.790008651  5 47 17.29 1997  6  1 2450600.74117234     1  Clear                 01069752.net.fits                                  Netuno                 739  1140     1   0.000   0.000
  -0.264  -0.149  394.17  598.57 2.298  36169.08  -1029.05 99.999 99.999 99.999  8.961  9.235 99.999 99.999 99.999  0.144 99.999 99.999 99.999 99.999  99.999  99.999  99.999  99.999  0.010  0.010  0.023  0.021  0.070  0.064   12   11 99.999 99.999   99  20.121907222 -19.790017687  5 47 32.67 1997  6  1 2450600.74135035     1  Clear                 01069753.net.fits                                  Netuno                 739  1140     1   0.000   0.000
  -0.284  -0.148  396.55  598.20 2.283  36888.06  -1130.73 99.999 99.999 99.999  9.065  9.290 99.999 99.999 99.999  0.106 99.999 99.999 99.999 99.999  99.999  99.999  99.999  99.999  0.011  0.011  0.020  0.025  0.059  0.075   12   11 99.999 99.999   99  20.121906636 -19.790018119  5 47 48.00 1997  6  1 2450600.74152778     1  Clear                 01069754.net.fits                                  Netuno                 739  1140     1   0.000   0.000
  -0.315  -0.127  396.90  597.59 2.281  35630.11   -827.61 99.999 99.999 99.999  8.993  9.253 99.999 99.999 99.999  0.149 99.999 99.999 99.999 99.999  99.999  99.999  99.999  99.999  0.010  0.010  0.018  0.024  0.053  0.071   12   11 99.999 99.999   99  20.121905826 -19.790012785  5 48  3.32 1997  6  1 2450600.74170509     1  Clear                 01069755.net.fits                                  Netuno                 739  1140     1   0.000   0.000
  -0.278  -0.134  396.36  598.59 2.290  37067.04  -1261.25 99.999 99.999 99.999  9.045  9.297 99.999 99.999 99.999  0.136 99.999 99.999 99.999 99.999  99.999  99.999  99.999  99.999  0.011  0.011  0.016  0.025  0.047  0.076   12   11 99.999 99.999   99  20.121906366 -19.790015223  5 48 18.70 1997  6  1 2450600.74188310     1  Clear                 01069756.net.fits                                  Netuno                 739  1140     1   0.000   0.000
  -0.327  -0.132  396.25  599.07 2.301  39855.11  -2107.06 99.999 99.999 99.999  9.262  9.536 99.999 99.999 99.999  0.137 99.999 99.999 99.999 99.999  99.999  99.999  99.999  99.999  0.012  0.012  0.020  0.021  0.059  0.063   12   11 99.999 99.999   99  20.121905212 -19.790015335  5 48 34.02 1997  6  1 2450600.74206042     1  Clear                 01069757.net.fits                                  Netuno                 739  1140     1   0.000   0.000
  -0.251  -0.136  394.32  599.51 2.338  31009.99    -93.99 99.999 99.999 99.999  8.813  9.062 99.999 99.999 99.999  0.125 99.999 99.999 99.999 99.999  99.999  99.999  99.999  99.999  0.008  0.008  0.020  0.022  0.060  0.066   12   11 99.999 99.999   99  20.121906514 -19.790016986  5 48 49.35 1997  6  1 2450600.74223785     1  Clear                 01069758.net.fits                                  Netuno                 739  1140     1   0.000   0.000
  -0.279  -0.112  395.15  599.03 2.306  36634.57  -1180.52 99.999 99.999 99.999  8.969  9.229 99.999 99.999 99.999  0.108 99.999 99.999 99.999 99.999  99.999  99.999  99.999  99.999  0.011  0.011  0.022  0.025  0.065  0.075   12   11 99.999 99.999   99  20.121905766 -19.790010706  5 49  4.67 1997  6  1 2450600.74241516     1  Clear                 01069759.net.fits                                  Netuno                 739  1140     1   0.000   0.000
  -0.301  -0.125  393.96  599.02 2.289  35745.74   -810.40 99.999 99.999 99.999  8.978  9.261 99.999 99.999 99.999  0.148 99.999 99.999 99.999 99.999  99.999  99.999  99.999  99.999  0.010  0.010  0.015  0.019  0.052  0.065   13   12 99.999 99.999   99  20.121905128 -19.790015095  5 49 20.00 1997  6  1 2450600.74259259     1  Clear                 01069760.net.fits                                  Netuno                 739  1140     1   0.000   0.000
  -0.231  -0.165  396.02  599.67 2.133  28743.51   -807.06 99.999 99.999 99.999  9.115  9.271 99.999 99.999 99.999  0.130 99.999 99.999 99.999 99.999  99.999  99.999  99.999  99.999  0.007  0.007  0.022  0.025  0.065  0.074   12   11 99.999 99.999   99  20.121904723 -19.790031471  5 51 39.42 1997  6  1 2450600.74420625     1  Clear                 01069761.net.fits                                  Netuno                 739  1140     1   0.000   0.000
  -0.297  -0.117  397.11  600.27 2.152  26885.75   -455.27 99.999 99.999 99.999  8.988  9.265 99.999 99.999 99.999  0.121 99.999 99.999 99.999 99.999  99.999  99.999  99.999  99.999  0.007  0.007  0.012  0.013  0.034  0.037   12    9 99.999 99.999   99  20.121902897 -19.790019778  5 52 20.94 1997  6  1 2450600.74468681     1  Clear                 01069762.net.fits                                  Netuno                 739  1140     1   0.000   0.000
  -0.252  -0.109  394.79  600.92 2.172  25536.65   -266.53 99.999 99.999 99.999  8.945  9.175 99.999 99.999 99.999  0.121 99.999 99.999 99.999 99.999  99.999  99.999  99.999  99.999  0.006  0.006  0.018  0.023  0.055  0.069   12   11 99.999 99.999   99  20.121903267 -19.790018871  5 53  2.41 1997  6  1 2450600.74516678     1  Clear                 01069763.net.fits                                  Netuno                 739  1140     1   0.000   0.000
  -0.219  -0.136  398.33  600.81 2.190  24218.47   -106.65 99.999 99.999 99.999  8.895  9.165 99.999 99.999 99.999  0.116 99.999 99.999 99.999 99.999  99.999  99.999  99.999  99.999  0.005  0.005  0.014  0.026  0.043  0.079   12   11 99.999 99.999   99  20.121903380 -19.790028035  5 53 43.88 1997  6  1 2450600.74564676     1  Clear                 01069764.net.fits                                  Netuno                 739  1140     1   0.000   0.000
  -0.256  -0.117  395.81  599.88 2.169  26186.88   -345.32 99.999 99.999 99.999  8.997  9.160 99.999 99.999 99.999  0.122 99.999 99.999 99.999 99.999  99.999  99.999  99.999  99.999  0.006  0.006  0.024  0.027  0.072  0.082   12   11 99.999 99.999   99  20.121902121 -19.790024118  5 54 25.41 1997  6  1 2450600.74612743     1  Clear                 01069765.net.fits                                  Netuno                 739  1140     1   0.000   0.000
  -0.292  -0.082  395.33  598.60 2.157  26803.28   -478.16 99.999 99.999 99.999  8.936  9.174 99.999 99.999 99.999  0.138 99.999 99.999 99.999 99.999  99.999  99.999  99.999  99.999  0.007  0.007  0.024  0.018  0.077  0.059   13   11 99.999 99.999   99  20.121900883 -19.790016130  5 55  6.87 1997  6  1 2450600.74660729     1  Clear                 01069766.net.fits                                  Netuno                 739  1140     1   0.000   0.000
  -0.236  -0.125  398.29  600.70 2.167  26275.91   -344.22 99.999 99.999 99.999  8.993  9.229 99.999 99.999 99.999  0.138 99.999 99.999 99.999 99.999  99.999  99.999  99.999  99.999  0.005  0.005  0.020  0.025  0.059  0.075   12   11 99.999 99.999   99  20.121901457 -19.790029735  5 55 48.34 1997  6  1 2450600.74708727     1  Clear                 01069767.net.fits                                  Netuno                 739  1140     1   0.000   0.000
  -0.237  -0.132  397.16  600.89 2.138  27206.05   -516.07 99.999 99.999 99.999  9.124  9.338 99.999 99.999 99.999  0.117 99.999 99.999 99.999 99.999  99.999  99.999  99.999  99.999  0.006  0.006  0.018  0.025  0.054  0.075   12   11 99.999 99.999   99  20.121900913 -19.790032947  5 56 29.81 1997  6  1 2450600.74756725     1  Clear                 01069768.net.fits                                  Netuno                 739  1140     1   0.000   0.000
  -0.269  -0.113  396.06  600.36 2.159  27248.05   -561.35 99.999 99.999 99.999  8.996  9.278 99.999 99.999 99.999  0.107 99.999 99.999 99.999 99.999  99.999  99.999  99.999  99.999  0.006  0.006  0.018  0.024  0.054  0.072   12   11 99.999 99.999   99  20.121899780 -19.790029550  5 57 11.28 1997  6  1 2450600.74804722     1  Clear                 01069769.net.fits                                  Netuno                 739  1140     1   0.000   0.000
  -0.184  -0.144  398.05  600.10 2.189  24940.27   -213.66 99.999 99.999 99.999  8.942  9.181 99.999 99.999 99.999  0.111 99.999 99.999 99.999 99.999  99.999  99.999  99.999  99.999  0.005  0.005  0.018  0.025  0.055  0.075   12   11 99.999 99.999   99  20.121900939 -19.790039358  5 57 52.80 1997  6  1 2450600.74852778     1  Clear                 01069770.net.fits                                  Netuno                 739  1140     1   0.000   0.000
  -0.146  -0.117  401.98  582.55 2.368  27092.71   -197.68 99.999 99.999 99.999  8.641  8.882 99.999 99.999 99.999  0.105 99.999 99.999 99.999 99.999  99.999  99.999  99.999  99.999  0.005  0.005  0.025  0.024  0.077  0.074   13   12 99.999 99.999   99  20.121995148 -19.789751264  3 54 36.66 1997  6  1 2450600.66292431     5  Clear                 01069701.net.fits                                  Netuno                 739  1140     1   0.000   0.000
  -0.137  -0.133  403.34  583.05 2.382  25221.23     88.02 99.999 99.999 99.999  8.635  8.927 99.999 99.999 99.999  0.086 99.999 99.999 99.999 99.999  99.999  99.999  99.999  99.999  0.005  0.005  0.019  0.023  0.055  0.068   13   10 99.999 99.999   99  20.121992619 -19.789764028  3 58 13.35 1997  6  1 2450600.66543229     5  Clear                 01069702.net.fits                                  Netuno                 739  1140     1   0.000   0.000
  -0.177  -0.137  400.80  583.57 2.325  28926.35   -395.72 99.999 99.999 99.999  8.727  8.897 99.999 99.999 99.999  0.108 99.999 99.999 99.999 99.999  99.999  99.999  99.999  99.999  0.007  0.007  0.018  0.027  0.054  0.083   13   11 99.999 99.999   99  20.121991268 -19.789767004  3 58 59.05 1997  6  1 2450600.66596123     5  Clear                 01069703.net.fits                                  Netuno                 739  1140     1   0.000   0.000
  -0.194  -0.097  403.08  583.43 2.332  28440.62   -351.62 99.999 99.999 99.999  8.684  8.918 99.999 99.999 99.999  0.100 99.999 99.999 99.999 99.999  99.999  99.999  99.999  99.999  0.006  0.006  0.013  0.019  0.038  0.057   13   10 99.999 99.999   99  20.121990349 -19.789757677  3 59 43.64 1997  6  1 2450600.66647731     5  Clear                 01069704.net.fits                                  Netuno                 739  1140     1   0.000   0.000
  -0.188  -0.097  403.28  584.24 2.292  29658.65   -403.21 99.999 99.999 99.999  8.830  9.102 99.999 99.999 99.999  0.121 99.999 99.999 99.999 99.999  99.999  99.999  99.999  99.999  0.007  0.007  0.028  0.026  0.071  0.067   13   10 99.999 99.999   99  20.121989875 -19.789759581  4  0 30.28 1997  6  1 2450600.66701713     5  Clear                 01069705.net.fits                                  Netuno                 739  1140     1   0.000   0.000
  -0.171  -0.127  402.03  584.73 2.299  28393.41   -195.49 99.999 99.999 99.999  8.763  9.039 99.999 99.999 99.999  0.107 99.999 99.999 99.999 99.999  99.999  99.999  99.999  99.999  0.006  0.006  0.020  0.024  0.058  0.071   13   10 99.999 99.999   99  20.121989671 -19.789769538  4  1 15.92 1997  6  1 2450600.66754537     5  Clear                 01069706.net.fits                                  Netuno                 739  1140     1   0.000   0.000
  -0.180  -0.133  406.87  584.36 2.326  27699.54   -205.45 99.999 99.999 99.999  8.673  8.895 99.999 99.999 99.999  0.200 99.999 99.999 99.999 99.999  99.999  99.999  99.999  99.999  0.006  0.006  0.013  0.023  0.039  0.068   13   10 99.999 99.999   99  20.121988897 -19.789772845  4  2  0.57 1997  6  1 2450600.66806215     5  Clear                 01069707.net.fits                                  Netuno                 739  1140     1   0.000   0.000
  -0.167  -0.096  406.43  584.69 2.380  25456.59     46.94 99.999 99.999 99.999  8.608  8.919 99.999 99.999 99.999  0.175 99.999 99.999 99.999 99.999  99.999  99.999  99.999  99.999  0.004  0.004  0.026  0.021  0.063  0.051   13    9 99.999 99.999   99  20.121988575 -19.789764421  4  2 47.21 1997  6  1 2450600.66860197     5  Clear                 01069708.net.fits                                  Netuno                 739  1140     1   0.000   0.000
  -0.151  -0.074  406.41  585.49 2.296  28947.69   -371.99 99.999 99.999 99.999  8.794  9.042 99.999 99.999 99.999  0.115 99.999 99.999 99.999 99.999  99.999  99.999  99.999  99.999  0.007  0.007  0.030  0.021  0.072  0.051   12    9 99.999 99.999   99  20.121988324 -19.789759997  4  3 32.85 1997  6  1 2450600.66913021     5  Clear                 01069709.net.fits                                  Netuno                 739  1140     1   0.000   0.000
   0.080  -0.140  348.29  585.65 3.086  11382.44    784.12 99.999 99.999 99.999  8.369  8.586 99.999 99.999 99.999  0.128 99.999 99.999 99.999 99.999  99.999  99.999  99.999  99.999  0.003  0.003  0.016  0.016  0.053  0.052   13   11 99.999 99.999   99  20.121784072 -19.790393234  8 38  5.00 1997  6  1 2450600.85978009     5  Clear                 010697100.net.fits                                 Netuno                 739  1140     1   0.000   0.000
   0.028  -0.078  348.98  584.69 2.958  13518.75    638.81 99.999 99.999 99.999  8.445  8.682 99.999 99.999 99.999  0.105 99.999 99.999 99.999 99.999  99.999  99.999  99.999  99.999  0.004  0.004  0.010  0.011  0.034  0.038   13   11 99.999 99.999   99  20.121782467 -19.790377816  8 38 50.96 1997  6  1 2450600.86031204     5  Clear                 010697101.net.fits                                 Netuno                 739  1140     1   0.000   0.000
   0.059  -0.109  343.39  585.76 3.157  11981.30    551.76 99.999 99.999 99.999  8.427  8.667 99.999 99.999 99.999  0.078 99.999 99.999 99.999 99.999  99.999  99.999  99.999  99.999  0.004  0.004  0.014  0.015  0.045  0.051   12   11 99.999 99.999   99  20.121781885 -19.790389732  8 40 25.72 1997  6  1 2450600.86140880     5  Clear                 010697102.net.fits                                 Netuno                 739  1140     1   0.000   0.000
   0.071  -0.119  342.35  584.83 2.689  16139.69    806.38 99.999 99.999 99.999  8.458  8.699 99.999 99.999 99.999  0.123 99.999 99.999 99.999 99.999  99.999  99.999  99.999  99.999  0.003  0.003  0.018  0.021  0.062  0.071   13   12 99.999 99.999   99  20.121781544 -19.790394057  8 41 11.96 1997  6  1 2450600.86194398     5  Clear                 010697103.net.fits                                 Netuno                 739  1140     1   0.000   0.000
   0.050  -0.099  344.14  584.72 2.600  17637.99    796.44 99.999 99.999 99.999  8.521  8.736 99.999 99.999 99.999  0.134 99.999 99.999 99.999 99.999  99.999  99.999  99.999  99.999  0.002  0.002  0.017  0.016  0.060  0.055   13   12 99.999 99.999   99  20.121780540 -19.790390160  8 41 57.91 1997  6  1 2450600.86247581     5  Clear                 010697104.net.fits                                 Netuno                 739  1140     1   0.000   0.000
   0.056  -0.108  341.86  585.82 2.757  15544.45    742.87 99.999 99.999 99.999  8.467  8.735 99.999 99.999 99.999  0.101 99.999 99.999 99.999 99.999  99.999  99.999  99.999  99.999  0.004  0.004  0.016  0.017  0.052  0.058   13   11 99.999 99.999   99  20.121780065 -19.790394515  8 42 43.91 1997  6  1 2450600.86300822     5  Clear                 010697105.net.fits                                 Netuno                 739  1140     1   0.000   0.000
   0.079  -0.119  339.70  584.54 3.034  12480.74    703.17 99.999 99.999 99.999  8.395  8.611 99.999 99.999 99.999  0.126 99.999 99.999 99.999 99.999  99.999  99.999  99.999  99.999  0.003  0.003  0.019  0.021  0.061  0.068   12   11 99.999 99.999   99  20.121779951 -19.790399328  8 43 30.01 1997  6  1 2450600.86354178     5  Clear                 010697106.net.fits                                 Netuno                 739  1140     1   0.000   0.000
   0.059  -0.049  341.43  586.90 2.763  14797.71    842.13 99.999 99.999 99.999  8.470  8.730 99.999 99.999 99.999  0.120 99.999 99.999 99.999 99.999  99.999  99.999  99.999  99.999  0.004  0.004  0.018  0.013  0.055  0.040   13   10 99.999 99.999   99  20.121778960 -19.790381769  8 44 15.92 1997  6  1 2450600.86407315     5  Clear                 010697107.net.fits                                 Netuno                 739  1140     1   0.000   0.000
   0.052  -0.039  338.50  586.70 2.929  13467.43    685.03 99.999 99.999 99.999  8.422  8.677 99.999 99.999 99.999  0.150 99.999 99.999 99.999 99.999  99.999  99.999  99.999  99.999  0.005  0.005  0.012  0.019  0.040  0.064   14   11 99.999 99.999   99  20.121778255 -19.790380481  8 45  1.82 1997  6  1 2450600.86460440     5  Clear                 010697108.net.fits                                 Netuno                 739  1140     1   0.000   0.000
   0.073  -0.107  337.34  585.51 2.557  18903.73    728.06 99.999 99.999 99.999  8.553  8.817 99.999 99.999 99.999  0.080 99.999 99.999 99.999 99.999  99.999  99.999  99.999  99.999  0.007  0.007  0.018  0.015  0.064  0.054   14   13 99.999 99.999   99  20.121778076 -19.790401023  8 45 47.68 1997  6  1 2450600.86513519     5  Clear                 010697109.net.fits                                 Netuno                 739  1140     1   0.000   0.000
  -0.167  -0.160  407.92  585.56 2.359  26028.82     13.98 99.999 99.999 99.999  8.724  8.972 99.999 99.999 99.999  0.107 99.999 99.999 99.999 99.999  99.999  99.999  99.999  99.999  0.005  0.005  0.017  0.025  0.048  0.074   12   10 99.999 99.999   99  20.121987429 -19.789785592  4  4 17.50 1997  6  1 2450600.66964699     5  Clear                 01069710.net.fits                                  Netuno                 739  1140     1   0.000   0.000
   0.103  -0.048  335.11  586.38 2.963  12779.37    742.15 99.999 99.999 99.999  8.423  8.657 99.999 99.999 99.999  0.090 99.999 99.999 99.999 99.999  99.999  99.999  99.999  99.999  0.003  0.003  0.014  0.014  0.047  0.047   14   12 99.999 99.999   99  20.121778077 -19.790386265  8 46 33.59 1997  6  1 2450600.86566655     5  Clear                 010697110.net.fits                                 Netuno                 739  1140     1   0.000   0.000
   0.062  -0.074  332.86  584.98 2.765  15917.89    633.89 99.999 99.999 99.999  8.483  8.753 99.999 99.999 99.999  0.109 99.999 99.999 99.999 99.999  99.999  99.999  99.999  99.999  0.003  0.003  0.015  0.021  0.047  0.066   14   11 99.999 99.999   99  20.121776689 -19.790395177  8 47 19.50 1997  6  1 2450600.86619792     5  Clear                 010697111.net.fits                                 Netuno                 739  1140     1   0.000   0.000
  -0.344  -0.119  419.25  589.25 2.444  28587.51   -151.31 99.999 99.999 99.999  8.782  8.965 99.999 99.999 99.999  0.098 99.999 99.999 99.999 99.999  99.999  99.999  99.999  99.999  0.007  0.007  0.016  0.024  0.048  0.071   13   10 99.999 99.999   99  20.121974038 -19.789804442  4 17 25.30 1997  6  1 2450600.67876505     1  Clear                 01069711.net.fits                                  Netuno                 739  1140     1   0.000   0.000
  -0.339  -0.177  417.89  589.76 2.395  32539.35   -690.09 99.999 99.999 99.999  8.794  8.978 99.999 99.999 99.999  0.115 99.999 99.999 99.999 99.999  99.999  99.999  99.999  99.999  0.009  0.009  0.018  0.025  0.055  0.078   13   11 99.999 99.999   99  20.121972699 -19.789824742  4 19 19.38 1997  6  1 2450600.68008542     1  Clear                 01069712.net.fits                                  Netuno                 739  1140     1   0.000   0.000
  -0.396  -0.086  418.25  590.45 2.359  33350.39   -677.84 99.999 99.999 99.999  8.909  9.107 99.999 99.999 99.999  0.107 99.999 99.999 99.999 99.999  99.999  99.999  99.999  99.999  0.010  0.010  0.021  0.030  0.053  0.075   13   10 99.999 99.999   99  20.121971033 -19.789801058  4 20  2.56 1997  6  1 2450600.68058519     1  Clear                 01069713.net.fits                                  Netuno                 739  1140     1   0.000   0.000
  -0.359  -0.142  418.11  590.17 2.378  33568.74   -835.70 99.999 99.999 99.999  8.877  9.068 99.999 99.999 99.999  0.133 99.999 99.999 99.999 99.999  99.999  99.999  99.999  99.999  0.010  0.010  0.016  0.023  0.050  0.069   13   11 99.999 99.999   99  20.121971246 -19.789818285  4 20 43.75 1997  6  1 2450600.68106192     1  Clear                 01069714.net.fits                                  Netuno                 739  1140     1   0.000   0.000
  -0.478  -0.113  419.27  590.46 2.334  33778.31   -610.11 99.999 99.999 99.999  8.914  9.184 99.999 99.999 99.999  0.149 99.999 99.999 99.999 99.999  99.999  99.999  99.999  99.999  0.011  0.011  0.019  0.024  0.057  0.074   13   11 99.999 99.999   99  20.121968365 -19.789812066  4 21 25.93 1997  6  1 2450600.68155012     1  Clear                 01069715.net.fits                                  Netuno                 739  1140     1   0.000   0.000
  -0.381  -0.079  418.42  590.25 2.329  34130.69   -660.19 99.999 99.999 99.999  8.910  9.122 99.999 99.999 99.999  0.132 99.999 99.999 99.999 99.999  99.999  99.999  99.999  99.999  0.011  0.011  0.017  0.023  0.053  0.070   13   11 99.999 99.999   99  20.121969752 -19.789804112  4 22  8.11 1997  6  1 2450600.68203831     1  Clear                 01069716.net.fits                                  Netuno                 739  1140     1   0.000   0.000
  -0.415  -0.098  419.55  590.76 2.344  32918.83   -479.96 99.999 99.999 99.999  8.866  9.120 99.999 99.999 99.999  0.137 99.999 99.999 99.999 99.999  99.999  99.999  99.999  99.999  0.010  0.010  0.020  0.028  0.060  0.085   13   11 99.999 99.999   99  20.121968550 -19.789810784  4 22 50.29 1997  6  1 2450600.68252650     1  Clear                 01069717.net.fits                                  Netuno                 739  1140     1   0.000   0.000
  -0.331  -0.110  419.60  590.63 2.463  25074.40    491.45 99.999 99.999 99.999  8.726  8.961 99.999 99.999 99.999  0.138 99.999 99.999 99.999 99.999  99.999  99.999  99.999  99.999  0.005  0.005  0.022  0.023  0.066  0.069   13   11 99.999 99.999   99  20.121969645 -19.789815752  4 23 32.48 1997  6  1 2450600.68301481     1  Clear                 01069718.net.fits                                  Netuno                 739  1140     1   0.000   0.000
  -0.475  -0.112  418.61  591.20 2.385  29850.21    -18.14 99.999 99.999 99.999  8.785  9.055 99.999 99.999 99.999  0.132 99.999 99.999 99.999 99.999  99.999  99.999  99.999  99.999  0.012  0.012  0.016  0.024  0.050  0.072   13   11 99.999 99.999   99  20.121966286 -19.789818097  4 24 15.60 1997  6  1 2450600.68351389     1  Clear                 01069719.net.fits                                  Netuno                 739  1140     1   0.000   0.000
  -0.444  -0.156  420.54  591.01 2.341  33100.12   -498.95 99.999 99.999 99.999  8.975  9.104 99.999 99.999 99.999  0.118 99.999 99.999 99.999 99.999  99.999  99.999  99.999  99.999  0.008  0.008  0.019  0.021  0.057  0.065   13   11 99.999 99.999   99  20.121966373 -19.789832052  4 24 56.79 1997  6  1 2450600.68399063     1  Clear                 01069720.net.fits                                  Netuno                 739  1140     1   0.000   0.000
  -0.359  -0.150  421.54  591.01 2.453  29735.71   -314.80 99.999 99.999 99.999  8.698  8.970 99.999 99.999 99.999  0.125 99.999 99.999 99.999 99.999  99.999  99.999  99.999  99.999  0.008  0.008  0.020  0.023  0.061  0.071   13   11 99.999 99.999   99  20.121967514 -19.789831819  4 25 38.97 1997  6  1 2450600.68447882     1  Clear                 01069721.net.fits                                  Netuno                 739  1140     1   0.000   0.000
  -0.484   0.005  419.29  592.16 2.325  31583.50    -92.59 99.999 99.999 99.999  8.946  9.168 99.999 99.999 99.999  0.138 99.999 99.999 99.999 99.999  99.999  99.999  99.999  99.999  0.010  0.010  0.015  0.025  0.044  0.073   13   11 99.999 99.999   99  20.121964534 -19.789790299  4 26 21.15 1997  6  1 2450600.68496701     1  Clear                 01069722.net.fits                                  Netuno                 739  1140     1   0.000   0.000
  -0.391  -0.084  422.53  592.57 2.439  28742.55    -76.93 99.999 99.999 99.999  8.741  9.021 99.999 99.999 99.999  0.134 99.999 99.999 99.999 99.999  99.999  99.999  99.999  99.999  0.008  0.008  0.014  0.024  0.043  0.073   13   10 99.999 99.999   99  20.121965836 -19.789816624  4 27  3.34 1997  6  1 2450600.68545532     1  Clear                 01069723.net.fits                                  Netuno                 739  1140     1   0.000   0.000
  -0.339  -0.126  421.69  591.44 2.457  29211.19   -227.13 99.999 99.999 99.999  8.716  8.950 99.999 99.999 99.999  0.134 99.999 99.999 99.999 99.999  99.999  99.999  99.999  99.999  0.006  0.006  0.019  0.025  0.058  0.076   13   11 99.999 99.999   99  20.121966310 -19.789830106  4 27 46.52 1997  6  1 2450600.68595509     1  Clear                 01069724.net.fits                                  Netuno                 739  1140     1   0.000   0.000
  -0.418  -0.131  420.51  591.70 2.418  29204.73    -63.26 99.999 99.999 99.999  8.750  8.989 99.999 99.999 99.999  0.110 99.999 99.999 99.999 99.999  99.999  99.999  99.999  99.999  0.009  0.009  0.019  0.027  0.057  0.082   13   11 99.999 99.999   99  20.121964225 -19.789833179  4 28 28.70 1997  6  1 2450600.68644329     1  Clear                 01069725.net.fits                                  Netuno                 739  1140     1   0.000   0.000
  -0.384  -0.085  422.27  592.64 2.408  30512.91   -281.67 99.999 99.999 99.999  8.829  9.026 99.999 99.999 99.999  0.135 99.999 99.999 99.999 99.999  99.999  99.999  99.999  99.999  0.010  0.010  0.012  0.021  0.035  0.064   13   11 99.999 99.999   99  20.121964363 -19.789821808  4 29  9.88 1997  6  1 2450600.68691991     1  Clear                 01069726.net.fits                                  Netuno                 739  1140     1   0.000   0.000
  -0.366  -0.145  422.50  593.57 2.438  27750.12     96.90 99.999 99.999 99.999  8.703  8.941 99.999 99.999 99.999  0.157 99.999 99.999 99.999 99.999  99.999  99.999  99.999  99.999  0.011  0.011  0.021  0.027  0.063  0.081   13   11 99.999 99.999   99  20.121964193 -19.789840096  4 29 52.07 1997  6  1 2450600.68740822     1  Clear                 01069727.net.fits                                  Netuno                 739  1140     1   0.000   0.000
  -0.358  -0.069  421.18  592.92 2.391  31609.98   -407.16 99.999 99.999 99.999  8.779  9.008 99.999 99.999 99.999  0.140 99.999 99.999 99.999 99.999  99.999  99.999  99.999  99.999  0.008  0.008  0.016  0.023  0.049  0.071   13   11 99.999 99.999   99  20.121963810 -19.789820637  4 30 34.25 1997  6  1 2450600.68789641     1  Clear                 01069728.net.fits                                  Netuno                 739  1140     1   0.000   0.000
  -0.495  -0.098  422.16  593.05 2.356  31662.39   -222.70 99.999 99.999 99.999  8.900  9.125 99.999 99.999 99.999  0.127 99.999 99.999 99.999 99.999  99.999  99.999  99.999  99.999  0.009  0.009  0.022  0.022  0.066  0.067   13   11 99.999 99.999   99  20.121960590 -19.789830147  4 31 16.43 1997  6  1 2450600.68838461     1  Clear                 01069729.net.fits                                  Netuno                 739  1140     1   0.000   0.000
  -0.484  -0.069  422.46  592.66 2.335  33666.30   -575.91 99.999 99.999 99.999  8.910  9.112 99.999 99.999 99.999  0.136 99.999 99.999 99.999 99.999  99.999  99.999  99.999  99.999  0.010  0.010  0.024  0.020  0.073  0.060   13   11 99.999 99.999   99  20.121960260 -19.789823971  4 31 59.56 1997  6  1 2450600.68888380     1  Clear                 01069730.net.fits                                  Netuno                 739  1140     1   0.000   0.000
  -0.114  -0.191  389.68  591.88 2.223   9054.41     19.20 99.999 99.999 99.999  8.807  9.025 99.999 99.999 99.999  0.163 99.999 99.999 99.999 99.999  99.999  99.999  99.999  99.999  0.003  0.003  0.018  0.016  0.056  0.048   12   10 99.999 99.999   99  20.121921779 -19.789994773  5 32 15.46 1997  6  1 2450600.73073449     1  Clear                 01069741.net.fits                                  Netuno                 739  1140     1   0.000   0.000
  -0.177  -0.138  389.36  593.08 2.325   7783.81    117.86 99.999 99.999 99.999  8.683  8.865 99.999 99.999 99.999  0.129 99.999 99.999 99.999 99.999  99.999  99.999  99.999  99.999  0.004  0.004  0.014  0.017  0.046  0.056   12   11 99.999 99.999   99  20.121919400 -19.789983622  5 33 45.92 1997  6  1 2450600.73178148     1  Clear                 01069742.net.fits                                  Netuno                 739  1140     1   0.000   0.000
  -0.185  -0.097  392.37  593.98 2.301   7960.05    122.75 99.999 99.999 99.999  8.656  8.896 99.999 99.999 99.999  0.140 99.999 99.999 99.999 99.999  99.999  99.999  99.999  99.999  0.005  0.005  0.017  0.018  0.049  0.051   11    9 99.999 99.999   99  20.121918727 -19.789973576  5 34 28.16 1997  6  1 2450600.73227037     1  Clear                 01069743.net.fits                                  Netuno                 739  1140     1   0.000   0.000
  -0.105  -0.151  390.47  593.46 2.288   7764.29    165.21 99.999 99.999 99.999  8.639  8.866 99.999 99.999 99.999  0.142 99.999 99.999 99.999 99.999  99.999  99.999  99.999  99.999  0.003  0.003  0.016  0.021  0.049  0.065   13   10 99.999 99.999   99  20.121919763 -19.789990339  5 35 10.34 1997  6  1 2450600.73275856     1  Clear                 01069744.net.fits                                  Netuno                 739  1140     1   0.000   0.000
  -0.158  -0.131  391.07  591.73 2.719   4642.47    288.93 99.999 99.999 99.999  8.576  8.806 99.999 99.999 99.999  0.060 99.999 99.999 99.999 99.999  99.999  99.999  99.999  99.999  0.006  0.006  0.020  0.027  0.060  0.079   10   10 99.999 99.999   99  20.121918173 -19.789986479  5 35 52.52 1997  6  1 2450600.73324676     1  Clear                 01069745.net.fits                                  Netuno                 739  1140     1   0.000   0.000
  -0.148  -0.105  392.68  594.36 2.235   8564.84     59.74 99.999 99.999 99.999  8.789  9.032 99.999 99.999 99.999  0.119 99.999 99.999 99.999 99.999  99.999  99.999  99.999  99.999  0.004  0.004  0.014  0.022  0.033  0.051   11    8 99.999 99.999   99  20.121917833 -19.789980962  5 36 34.71 1997  6  1 2450600.73373507     1  Clear                 01069746.net.fits                                  Netuno                 739  1140     1   0.000   0.000
  -0.105  -0.191  390.97  591.45 2.283   8134.90     98.79 99.999 99.999 99.999  8.740  8.927 99.999 99.999 99.999  0.132 99.999 99.999 99.999 99.999  99.999  99.999  99.999  99.999  0.003  0.003  0.020  0.020  0.065  0.065   12   11 99.999 99.999   99  20.121918153 -19.790006158  5 37 16.89 1997  6  1 2450600.73422326     1  Clear                 01069747.net.fits                                  Netuno                 739  1140     1   0.000   0.000
  -0.153  -0.134  390.96  593.64 2.313   7860.00    119.87 99.999 99.999 99.999  8.703  8.925 99.999 99.999 99.999  0.139 99.999 99.999 99.999 99.999  99.999  99.999  99.999  99.999  0.005  0.005  0.016  0.026  0.051  0.080   12   10 99.999 99.999   99  20.121916691 -19.789991968  5 37 59.07 1997  6  1 2450600.73471146     1  Clear                 01069748.net.fits                                  Netuno                 739  1140     1   0.000   0.000
  -0.084  -0.206  392.94  594.03 2.573   5646.49    231.51 99.999 99.999 99.999  8.573  8.829 99.999 99.999 99.999  0.148 99.999 99.999 99.999 99.999  99.999  99.999  99.999  99.999  0.004  0.004  0.021  0.030  0.058  0.082   11   10 99.999 99.999   99  20.121917495 -19.790013510  5 38 41.26 1997  6  1 2450600.73519977     1  Clear                 01069749.net.fits                                  Netuno                 739  1140     1   0.000   0.000
  -0.110  -0.130  391.74  592.91 2.406   6462.63    245.21 99.999 99.999 99.999  8.592  8.821 99.999 99.999 99.999  0.130 99.999 99.999 99.999 99.999  99.999  99.999  99.999  99.999  0.003  0.003  0.021  0.023  0.065  0.074   12   10 99.999 99.999   99  20.121916439 -19.789993929  5 39 23.38 1997  6  1 2450600.73568727     1  Clear                 01069750.net.fits                                  Netuno                 739  1140     1   0.000   0.000
  -0.286  -0.145  394.34  598.99 2.311  36363.75  -1166.10 99.999 99.999 99.999  9.012  9.276 99.999 99.999 99.999  0.100 99.999 99.999 99.999 99.999  99.999  99.999  99.999  99.999  0.010  0.010  0.016  0.029  0.049  0.086   12   11 99.999 99.999   99  20.121909002 -19.790009957  5 44 37.78 1997  6  1 2450600.73932616     1  Clear                 01069751.net.fits                                  Netuno                 739  1140     1   0.000   0.000
  -0.345  -0.118  394.43  598.98 2.297  36347.56  -1053.15 99.999 99.999 99.999  9.035  9.294 99.999 99.999 99.999  0.129 99.999 99.999 99.999 99.999  99.999  99.999  99.999  99.999  0.010  0.010  0.020  0.018  0.067  0.060   13   11 99.999 99.999   99  20.121905812 -19.790008651  5 47 17.29 1997  6  1 2450600.74117234     1  Clear                 01069752.net.fits                                  Netuno                 739  1140     1   0.000   0.000
  -0.264  -0.149  394.17  598.57 2.298  36169.08  -1029.05 99.999 99.999 99.999  8.961  9.235 99.999 99.999 99.999  0.144 99.999 99.999 99.999 99.999  99.999  99.999  99.999  99.999  0.010  0.010  0.023  0.021  0.070  0.064   12   11 99.999 99.999   99  20.121907222 -19.790017687  5 47 32.67 1997  6  1 2450600.74135035     1  Clear                 01069753.net.fits                                  Netuno                 739  1140     1   0.000   0.000
  -0.284  -0.148  396.55  598.20 2.283  36888.06  -1130.73 99.999 99.999 99.999  9.065  9.290 99.999 99.999 99.999  0.106 99.999 99.999 99.999 99.999  99.999  99.999  99.999  99.999  0.011  0.011  0.020  0.025  0.059  0.075   12   11 99.999 99.999   99  20.121906636 -19.790018119  5 47 48.00 1997  6  1 2450600.74152778     1  Clear                 01069754.net.fits                                  Netuno                 739  1140     1   0.000   0.000
  -0.315  -0.127  396.90  597.59 2.281  35630.11   -827.61 99.999 99.999 99.999  8.993  9.253 99.999 99.999 99.999  0.149 99.999 99.999 99.999 99.999  99.999  99.999  99.999  99.999  0.010  0.010  0.018  0.024  0.053  0.071   12   11 99.999 99.999   99  20.121905826 -19.790012785  5 48  3.32 1997  6  1 2450600.74170509     1  Clear                 01069755.net.fits                                  Netuno                 739  1140     1   0.000   0.000
  -0.278  -0.134  396.36  598.59 2.290  37067.04  -1261.25 99.999 99.999 99.999  9.045  9.297 99.999 99.999 99.999  0.136 99.999 99.999 99.999 99.999  99.999  99.999  99.999  99.999  0.011  0.011  0.016  0.025  0.047  0.076   12   11 99.999 99.999   99  20.121906366 -19.790015223  5 48 18.70 1997  6  1 2450600.74188310     1  Clear                 01069756.net.fits                                  Netuno                 739  1140     1   0.000   0.000
  -0.327  -0.132  396.25  599.07 2.301  39855.11  -2107.06 99.999 99.999 99.999  9.262  9.536 99.999 99.999 99.999  0.137 99.999 99.999 99.999 99.999  99.999  99.999  99.999  99.999  0.012  0.012  0.020  0.021  0.059  0.063   12   11 99.999 99.999   99  20.121905212 -19.790015335  5 48 34.02 1997  6  1 2450600.74206042     1  Clear                 01069757.net.fits                                  Netuno                 739  1140     1   0.000   0.000
  -0.251  -0.136  394.32  599.51 2.338  31009.99    -93.99 99.999 99.999 99.999  8.813  9.062 99.999 99.999 99.999  0.125 99.999 99.999 99.999 99.999  99.999  99.999  99.999  99.999  0.008  0.008  0.020  0.022  0.060  0.066   12   11 99.999 99.999   99  20.121906514 -19.790016986  5 48 49.35 1997  6  1 2450600.74223785     1  Clear                 01069758.net.fits                                  Netuno                 739  1140     1   0.000   0.000
  -0.279  -0.112  395.15  599.03 2.306  36634.57  -1180.52 99.999 99.999 99.999  8.969  9.229 99.999 99.999 99.999  0.108 99.999 99.999 99.999 99.999  99.999  99.999  99.999  99.999  0.011  0.011  0.022  0.025  0.065  0.075   12   11 99.999 99.999   99  20.121905766 -19.790010706  5 49  4.67 1997  6  1 2450600.74241516     1  Clear                 01069759.net.fits                                  Netuno                 739  1140     1   0.000   0.000
  -0.301  -0.125  393.96  599.02 2.289  35745.74   -810.40 99.999 99.999 99.999  8.978  9.261 99.999 99.999 99.999  0.148 99.999 99.999 99.999 99.999  99.999  99.999  99.999  99.999  0.010  0.010  0.015  0.019  0.052  0.065   13   12 99.999 99.999   99  20.121905128 -19.790015095  5 49 20.00 1997  6  1 2450600.74259259     1  Clear                 01069760.net.fits                                  Netuno                 739  1140     1   0.000   0.000
  -0.231  -0.165  396.02  599.67 2.133  28743.51   -807.06 99.999 99.999 99.999  9.115  9.271 99.999 99.999 99.999  0.130 99.999 99.999 99.999 99.999  99.999  99.999  99.999  99.999  0.007  0.007  0.022  0.025  0.065  0.074   12   11 99.999 99.999   99  20.121904723 -19.790031471  5 51 39.42 1997  6  1 2450600.74420625     1  Clear                 01069761.net.fits                                  Netuno                 739  1140     1   0.000   0.000
  -0.297  -0.117  397.11  600.27 2.152  26885.75   -455.27 99.999 99.999 99.999  8.988  9.265 99.999 99.999 99.999  0.121 99.999 99.999 99.999 99.999  99.999  99.999  99.999  99.999  0.007  0.007  0.012  0.013  0.034  0.037   12    9 99.999 99.999   99  20.121902897 -19.790019778  5 52 20.94 1997  6  1 2450600.74468681     1  Clear                 01069762.net.fits                                  Netuno                 739  1140     1   0.000   0.000
  -0.252  -0.109  394.79  600.92 2.172  25536.65   -266.53 99.999 99.999 99.999  8.945  9.175 99.999 99.999 99.999  0.121 99.999 99.999 99.999 99.999  99.999  99.999  99.999  99.999  0.006  0.006  0.018  0.023  0.055  0.069   12   11 99.999 99.999   99  20.121903267 -19.790018871  5 53  2.41 1997  6  1 2450600.74516678     1  Clear                 01069763.net.fits                                  Netuno                 739  1140     1   0.000   0.000
  -0.219  -0.136  398.33  600.81 2.190  24218.47   -106.65 99.999 99.999 99.999  8.895  9.165 99.999 99.999 99.999  0.116 99.999 99.999 99.999 99.999  99.999  99.999  99.999  99.999  0.005  0.005  0.014  0.026  0.043  0.079   12   11 99.999 99.999   99  20.121903380 -19.790028035  5 53 43.88 1997  6  1 2450600.74564676     1  Clear                 01069764.net.fits                                  Netuno                 739  1140     1   0.000   0.000
  -0.256  -0.117  395.81  599.88 2.169  26186.88   -345.32 99.999 99.999 99.999  8.997  9.160 99.999 99.999 99.999  0.122 99.999 99.999 99.999 99.999  99.999  99.999  99.999  99.999  0.006  0.006  0.024  0.027  0.072  0.082   12   11 99.999 99.999   99  20.121902121 -19.790024118  5 54 25.41 1997  6  1 2450600.74612743     1  Clear                 01069765.net.fits                                  Netuno                 739  1140     1   0.000   0.000
  -0.292  -0.082  395.33  598.60 2.157  26803.28   -478.16 99.999 99.999 99.999  8.936  9.174 99.999 99.999 99.999  0.138 99.999 99.999 99.999 99.999  99.999  99.999  99.999  99.999  0.007  0.007  0.024  0.018  0.077  0.059   13   11 99.999 99.999   99  20.121900883 -19.790016130  5 55  6.87 1997  6  1 2450600.74660729     1  Clear                 01069766.net.fits                                  Netuno                 739  1140     1   0.000   0.000
  -0.236  -0.125  398.29  600.70 2.167  26275.91   -344.22 99.999 99.999 99.999  8.993  9.229 99.999 99.999 99.999  0.138 99.999 99.999 99.999 99.999  99.999  99.999  99.999  99.999  0.005  0.005  0.020  0.025  0.059  0.075   12   11 99.999 99.999   99  20.121901457 -19.790029735  5 55 48.34 1997  6  1 2450600.74708727     1  Clear                 01069767.net.fits                                  Netuno                 739  1140     1   0.000   0.000
  -0.237  -0.132  397.16  600.89 2.138  27206.05   -516.07 99.999 99.999 99.999  9.124  9.338 99.999 99.999 99.999  0.117 99.999 99.999 99.999 99.999  99.999  99.999  99.999  99.999  0.006  0.006  0.018  0.025  0.054  0.075   12   11 99.999 99.999   99  20.121900913 -19.790032947  5 56 29.81 1997  6  1 2450600.74756725     1  Clear                 01069768.net.fits                                  Netuno                 739  1140     1   0.000   0.000
  -0.269  -0.113  396.06  600.36 2.159  27248.05   -561.35 99.999 99.999 99.999  8.996  9.278 99.999 99.999 99.999  0.107 99.999 99.999 99.999 99.999  99.999  99.999  99.999  99.999  0.006  0.006  0.018  0.024  0.054  0.072   12   11 99.999 99.999   99  20.121899780 -19.790029550  5 57 11.28 1997  6  1 2450600.74804722     1  Clear                 01069769.net.fits                                  Netuno                 739  1140     1   0.000   0.000
  -0.184  -0.144  398.05  600.10 2.189  24940.27   -213.66 99.999 99.999 99.999  8.942  9.181 99.999 99.999 99.999  0.111 99.999 99.999 99.999 99.999  99.999  99.999  99.999  99.999  0.005  0.005  0.018  0.025  0.055  0.075   12   11 99.999 99.999   99  20.121900939 -19.790039358  5 57 52.80 1997  6  1 2450600.74852778     1  Clear                 01069770.net.fits                                  Netuno                 739  1140     1   0.000   0.000
   0.069  -0.079  355.40  581.64 2.722  12698.03    582.94 99.999 99.999 99.999  8.560  8.803 99.999 99.999 99.999  0.121 99.999 99.999 99.999 99.999  99.999  99.999  99.999  99.999  0.003  0.003  0.018  0.020  0.060  0.065   12   11 99.999 99.999   99  20.121843327 -19.790204743  7 19 59.43 1997  6  1 2450600.80554896     1  Clear                 01069771.net.fits                                  Netuno                 739  1140     1   0.000   0.000
   0.034  -0.038  353.30  583.06 2.873  10311.41    705.09 99.999 99.999 99.999  8.562  8.823 99.999 99.999 99.999  0.145 99.999 99.999 99.999 99.999  99.999  99.999  99.999  99.999  0.005  0.005  0.017  0.013  0.054  0.042   13   10 99.999 99.999   99  20.121840731 -19.790198896  7 22 31.03 1997  6  1 2450600.80730359     1  Clear                 01069772.net.fits                                  Netuno                 739  1140     1   0.000   0.000
   0.070  -0.072  351.77  579.53 2.630  13862.09    585.12 99.999 99.999 99.999  8.623  8.824 99.999 99.999 99.999  0.133 99.999 99.999 99.999 99.999  99.999  99.999  99.999  99.999  0.005  0.005  0.016  0.019  0.049  0.061   13   10 99.999 99.999   99  20.121840881 -19.790209987  7 23 13.95 1997  6  1 2450600.80780035     1  Clear                 01069773.net.fits                                  Netuno                 739  1140     1   0.000   0.000
   0.112  -0.064  349.56  579.96 3.309   7912.51    510.60 99.999 99.999 99.999  8.403  8.683 99.999 99.999 99.999  0.107 99.999 99.999 99.999 99.999  99.999  99.999  99.999  99.999  0.003  0.003  0.018  0.021  0.059  0.070   13   11 99.999 99.999   99  20.121841168 -19.790209574  7 23 55.81 1997  6  1 2450600.80828484     1  Clear                 01069774.net.fits                                  Netuno                 739  1140     1   0.000   0.000
   0.103  -0.099  352.45  579.69 2.862  11517.27    540.16 99.999 99.999 99.999  8.540  8.794 99.999 99.999 99.999  0.165 99.999 99.999 99.999 99.999  99.999  99.999  99.999  99.999  0.005  0.005  0.017  0.020  0.056  0.065   13   11 99.999 99.999   99  20.121840474 -19.790220530  7 24 37.83 1997  6  1 2450600.80877118     1  Clear                 01069775.net.fits                                  Netuno                 739  1140     1   0.000   0.000
   0.076  -0.103  352.01  580.93 3.159   9047.61    508.23 99.999 99.999 99.999  8.530  8.780 99.999 99.999 99.999  0.142 99.999 99.999 99.999 99.999  99.999  99.999  99.999  99.999  0.008  0.008  0.013  0.020  0.042  0.067   13   11 99.999 99.999   99  20.121839377 -19.790223418  7 25 19.77 1997  6  1 2450600.80925660     1  Clear                 01069776.net.fits                                  Netuno                 739  1140     1   0.000   0.000
   0.095  -0.109  353.29  581.35 3.225   9460.33    370.11 99.999 99.999 99.999  8.459  8.713 99.999 99.999 99.999  0.129 99.999 99.999 99.999 99.999  99.999  99.999  99.999  99.999  0.005  0.005  0.016  0.023  0.053  0.077   12   11 99.999 99.999   99  20.121839231 -19.790226397  7 26  1.59 1997  6  1 2450600.80974062     1  Clear                 01069777.net.fits                                  Netuno                 739  1140     1   0.000   0.000
   0.090  -0.059  357.45  582.46 2.622  13854.97    594.54 99.999 99.999 99.999  8.633  8.886 99.999 99.999 99.999  0.092 99.999 99.999 99.999 99.999  99.999  99.999  99.999  99.999  0.003  0.003  0.025  0.013  0.073  0.038   13    9 99.999 99.999   99  20.121838597 -19.790214291  7 26 44.27 1997  6  1 2450600.81023461     1  Clear                 01069778.net.fits                                  Netuno                 739  1140     1   0.000   0.000
   0.127  -0.113  358.16  583.98 3.268   8838.06    418.06 99.999 99.999 99.999  8.502  8.748 99.999 99.999 99.999  0.132 99.999 99.999 99.999 99.999  99.999  99.999  99.999  99.999  0.004  0.004  0.020  0.020  0.063  0.062   12   10 99.999 99.999   99  20.121838786 -19.790230940  7 27 27.00 1997  6  1 2450600.81072917     1  Clear                 01069779.net.fits                                  Netuno                 739  1140     1   0.000   0.000
   0.085  -0.151  361.18  582.28 3.743   5918.73    456.29 99.999 99.999 99.999  8.461  8.675 99.999 99.999 99.999  0.121 99.999 99.999 99.999 99.999  99.999  99.999  99.999  99.999  0.003  0.003  0.013  0.021  0.036  0.059   10    8 99.999 99.999   99  20.121837417 -19.790242668  7 28  8.87 1997  6  1 2450600.81121377     1  Clear                 01069780.net.fits                                  Netuno                 739  1140     1   0.000   0.000
   0.174  -0.080  367.56  584.73 3.387   7515.27    481.03 99.999 99.999 99.999  8.500  8.757 99.999 99.999 99.999  0.095 99.999 99.999 99.999 99.999  99.999  99.999  99.999  99.999  0.004  0.004  0.017  0.014  0.054  0.043   11   10 99.999 99.999   99  20.121799193 -19.790338640  8 20 37.43 1997  6  1 2450600.84765544     1  Clear                 01069791.net.fits                                  Netuno                 739  1140     1   0.000   0.000
   0.080  -0.079  358.64  584.73 2.647  17496.43    718.68 99.999 99.999 99.999  8.481  8.707 99.999 99.999 99.999  0.111 99.999 99.999 99.999 99.999  99.999  99.999  99.999  99.999  0.003  0.003  0.013  0.019  0.043  0.063   13   11 99.999 99.999   99  20.121788723 -19.790362959  8 31 58.52 1997  6  1 2450600.85553843     5  Clear                 01069792.net.fits                                  Netuno                 739  1140     1   0.000   0.000
   0.063  -0.131  354.80  584.92 2.928  13633.90    702.14 99.999 99.999 99.999  8.416  8.632 99.999 99.999 99.999  0.122 99.999 99.999 99.999 99.999  99.999  99.999  99.999  99.999  0.003  0.003  0.010  0.015  0.033  0.049   13   11 99.999 99.999   99  20.121787792 -19.790379251  8 32 44.43 1997  6  1 2450600.85606979     5  Clear                 01069793.net.fits                                  Netuno                 739  1140     1   0.000   0.000
   0.084  -0.107  353.14  586.37 4.065   6277.04    515.52 99.999 99.999 99.999  8.326  8.500 99.999 99.999 99.999  0.128 99.999 99.999 99.999 99.999  99.999  99.999  99.999  99.999  0.005  0.005  0.018  0.023  0.050  0.063   11    8 99.999 99.999   99  20.121787634 -19.790374282  8 33 30.38 1997  6  1 2450600.85660162     5  Clear                 01069794.net.fits                                  Netuno                 739  1140     1   0.000   0.000
   0.037  -0.129  354.92  585.35 2.704  16225.18    748.44 99.999 99.999 99.999  8.469  8.703 99.999 99.999 99.999  0.133 99.999 99.999 99.999 99.999  99.999  99.999  99.999  99.999  0.003  0.003  0.019  0.020  0.066  0.068   13   12 99.999 99.999   99  20.121786114 -19.790381918  8 34 16.32 1997  6  1 2450600.85713333     5  Clear                 01069795.net.fits                                  Netuno                 739  1140     1   0.000   0.000
   0.064  -0.054  350.76  585.54 2.824  14953.82    717.65 99.999 99.999 99.999  8.427  8.660 99.999 99.999 99.999  0.127 99.999 99.999 99.999 99.999  99.999  99.999  99.999  99.999  0.003  0.004  0.017  0.021  0.055  0.068   13   11 99.999 99.999   99  20.121786059 -19.790362680  8 35  2.31 1997  6  1 2450600.85766562     5  Clear                 01069796.net.fits                                  Netuno                 739  1140     1   0.000   0.000
   0.064  -0.134  351.60  585.01 2.795  15043.95    737.65 99.999 99.999 99.999  8.439  8.692 99.999 99.999 99.999  0.106 99.999 99.999 99.999 99.999  99.999  99.999  99.999  99.999  0.004  0.004  0.013  0.019  0.042  0.062   13   11 99.999 99.999   99  20.121785474 -19.790386788  8 35 48.12 1997  6  1 2450600.85819583     5  Clear                 01069797.net.fits                                  Netuno                 739  1140     1   0.000   0.000
   0.077  -0.068  351.20  585.67 2.729  16096.96    711.01 99.999 99.999 99.999  8.482  8.715 99.999 99.999 99.999  0.093 99.999 99.999 99.999 99.999  99.999  99.999  99.999  99.999  0.003  0.003  0.018  0.019  0.056  0.061   13   10 99.999 99.999   99  20.121785185 -19.790369993  8 36 33.17 1997  6  1 2450600.85871725     5  Clear                 01069798.net.fits                                  Netuno                 739  1140     1   0.000   0.000
   0.044  -0.084  349.29  586.11 2.653  17239.14    731.21 99.999 99.999 99.999  8.492  8.733 99.999 99.999 99.999  0.108 99.999 99.999 99.999 99.999  99.999  99.999  99.999  99.999  0.003  0.003  0.014  0.018  0.046  0.059   13   11 99.999 99.999   99  20.121783940 -19.790376170  8 37 19.14 1997  6  1 2450600.85924931     5  Clear                 01069799.net.fits                                  Netuno                 739  1140     1   0.000   0.000
