2451040.60173819
2451040.60725255
2451040.61099514
2451040.61472616
2451040.61971725
2451040.62630486
2451040.63140660
2451040.63444201
2451040.63747986
2451040.64063576
2451045.42909826
2451045.43463958
2451045.43923056
2451045.44388021
2451045.44622037
2451045.44856424
2451045.45091123
2451045.45325370
2451045.45559132
2451045.45793542
2451045.46028194
2451045.46496632
2451163.32825660
2451163.33152951
2451163.33671979
2451163.33999456
2451163.34326574
2451163.34654086
2451163.34980498
2451460.41066250
2451460.41467303
2451460.41908113
2451460.42176493
2451460.42444988
2451460.42714410
2451460.42982569
2451460.43251238
2451460.43520463
2451460.43723183
2451460.44424074
2451463.41359120
2451463.41667581
2451463.42071528
2451463.42939630
2451463.43244352
2451463.43548021
2451463.43851551
2451463.44154965
2451463.44458854
2451492.55056134
2451492.55394016
2451492.55604838
2451492.55816007
2451492.56026956
2451497.34833900
2451497.35050625
2451497.35453588
2451497.35723299
2451497.35992442
2451497.36224815
2451497.41222685
2451497.41491296
2451497.41845775
2451497.42114583
2451497.42404954
2451497.42673356
2451515.45262025
2451515.45520845
2451515.46071644
2451515.46271482
2451515.46471030
2451515.46670289
2451515.46869595
2451515.47088310
2451516.34870440
2451516.35385579
2451516.35606424
2451516.35817176
2451516.36028206
2451516.36470440
2451516.36682049
2451518.45116505
2451518.45598900
2451518.45810266
2451518.46021250
2451518.46443125
2451869.48693542
2451869.49420046
2451869.64729595
2451869.65075046
2451869.65310312
2451869.65667384
2451869.66014259
2451869.66258877
2451869.66510278
2451873.41782407
2451873.42099005
2451873.42309931
2451873.42520463
2451873.42731863
2451873.42942720
2451873.43153449
2451873.43364028
2451877.43967187
2451877.44226053
2451877.44436887
2451877.44647222
2451877.44858206
2451877.45069734
2452263.47157350
2452263.47617662
2452263.47852870
2452263.48088125
2452263.48323252
2452263.48558090
2452263.48793947
2452263.49029363
2452263.49499803
2452263.49735590
2452285.38389225
2452285.38859572
2452285.39095081
2452285.39329977
2452285.39565451
2452285.39800833
2452285.40036400
2452285.40271458
2452313.31101007
2452313.37087292
2452313.37762836
2452313.38437627
2452313.39254687
2452313.39929201
2452314.36196887
2452314.36432106
2452314.36903368
2452668.47382616
2452668.47617650
2452668.47852558
2452668.48087859
2452668.48322766
2452669.46310069
2452669.47218090
2452669.47453299
2452669.47689062
2452669.47923912
2452669.48159074
2452723.29539514
2452723.29951273
2452723.30543900
2452723.31211458
2452723.32615463
2452725.48138646
2452725.48466620
2452725.48974201
2452725.49301979
2452725.49629340
2452725.50285023
2452725.50612407
2452725.50940301
2452725.51267697
2452725.51595093
2453026.62202986
2453026.62472488
2453026.62742789
2453026.63552118
2453116.31832107
2453116.32474525
2453116.32709988
2453116.33180799
2453116.33651933
2453116.33887153
2453116.34122454
2453473.38537720
2453473.38924144
2453473.39310324
2453473.39696053
2453473.40082581
2453473.40468947
2453473.40855660
2453494.40697859
2453494.41315995
2453494.42158171
2453494.42578611
2453494.42999028
2453494.43420289
2453494.43840845
