2454353.48345198
2454353.48452182
2454353.48559421
2454353.48674128
2454353.48786369
2454353.48897243
2454353.49009472
2454353.49120636
2454353.49233618
2454353.49411346
2454353.49524328
2454353.49747003
2454353.50085797
2454353.50198651
2454353.50311992
2454353.58938916
2454353.59144976
2454353.59349936
2454353.59555626
2454353.59754010
2454353.59959317
2454353.60158303
2454353.60361967
2454353.60560721
2454618.74278898
2454618.74827064
2454618.75276894
2454621.81553304
2454621.81988766
2454974.86827824
2454974.87227624
2454974.87754880
2454974.87984847
2454974.88311258
2454974.90695453
2454974.90923765
2454974.91243510
2454974.91426377
2454974.91608167
2454974.91791069
2454974.91965798
2454974.92193566
2454974.92396076
2454974.92577947
2454974.92762076
2454974.92936713
