2450256.55099537
2450256.55334491
2450256.55458333
2450256.55596065
2450259.56603009
2450259.56921296
2450259.57179398
2450259.57437500
2450260.59775463
2450260.60706019
2450260.60964120
2450260.61222222
2450289.51206782
2450289.51308102
2450289.51368241
2450289.51428438
2450289.51488646
2450289.51548773
2450289.51608981
2450289.51669178
2450289.51729387
2450289.51789525
2450289.51849722
2450289.51908785
2450289.52071968
2450291.58577778
2450291.58637917
2450291.58698183
2450291.58758380
2450291.58999063
2450291.59059271
2450358.42094144
2450358.44318750
2450358.44380035
2450674.59410880
2450674.59525463
2450674.70431713
2450674.70685185
2450675.59714120
2450675.59968750
2450675.69612268
2450675.69866898
2453464.60203148
2453464.60325891
2453464.60694965
2453464.60818611
2453464.60942303
2453464.61066111
2453464.61189826
2453794.74704664
2453794.74813646
2453794.74921644
2453794.75029236
2453794.75137164
2453794.75464028
2453794.75571991
2453794.75679954
2453794.75787292
2453794.75895243
2453794.76004167
2453794.76113113
2453794.76222037
2453794.76330961
2453794.76438970
2453794.76546921
2453794.76765174
2453795.74559826
2453795.74702998
2453795.75098299
2453795.75240475
2453795.75382778
2453795.75525926
2453795.75667604
2453795.75810752
2453795.76237211
2453795.76380370
2453795.76522766
2453795.76666030
2453795.76808218
2453795.77092523
2453795.77234560
2453795.77377674
2453797.74673368
2453797.74815544
2453797.74958681
2453797.75101539
2453797.75244722
2453797.75386887
2453797.75529086
2453797.75671215
2453797.75813380
2453797.75956539
2453797.76099155
2453797.76384514
2453797.76526759
2453797.76668715
2453797.76811019
2453797.76954236
2453803.73087431
2453803.73345208
2453803.73640625
2453803.73922373
2453804.70536933
2453804.70894873
2453804.71014664
2453804.71133669
2453804.71252674
2453804.71372685
2453804.71492650
2453804.71611678
2453804.71850255
2453804.71969294
2453804.72088299
2453804.72327303
2453804.72446343
2453804.72684387
2453804.72924502
2453804.73043507
2453808.69527512
2453808.69941852
2453808.70384896
2453808.70696030
2453808.70846736
2453808.70965775
2453808.71084803
2453808.71323866
2453808.71443877
2453808.71562905
2453808.71681875
2453808.71800868
2453894.51511319
2453894.51703958
2453894.51800914
2453894.52091539
2453894.52188310
2453894.52285093
2453894.52381887
2453894.52428970
2453894.52525822
2453894.52720486
2453894.52817257
2453894.52913229
2453894.53010000
2453894.53203218
2453894.53561319
2453894.53657627
2453894.53849375
2453894.53945683
2453894.54041979
2453894.54331181
2453894.54427488
2453894.54620127
2453894.54909352
2453894.55100961
2453894.55197257
2453920.53311863
2453920.53465590
2453920.53619329
2453920.53773090
2453920.53926817
2453920.54081551
2453920.54235336
2453920.54389074
2453920.54696551
2453920.54851285
2453920.55006019
2453920.55160775
2453920.55314514
2453920.55469248
2453920.55622998
2453920.55776725
2453920.55930451
2453920.56085174
2453920.56814711
2453920.56968449
2453920.57276910
2453920.57738125
2453920.57892847
2453920.58046586
2453978.43073056
2453978.43316319
2453978.43459502
2453978.43743831
2453978.43885995
2453978.44172384
2453978.44314560
2453978.44456725
2453978.44598935
2453978.45169583
2453979.44100313
2453979.44254109
2453979.44408831
2453979.44716308
2453979.45023808
2453979.45178530
2453979.45333264
2453979.45487002
2453979.45640752
2453979.45794491
2453979.45949213
2454208.67818241
2454208.67891655
2454208.67964225
2454208.68037662
2454208.68112176
2454208.68185683
2454208.68258194
2454208.68331667
2454208.68406146
2454208.68479711
2454334.54048322
2454334.54155579
2454334.54371273
2454334.54478495
2454334.54586389
2454334.54694248
2454334.54802095
2454334.55016852
2454334.55124711
2454334.55232581
2454334.55339468
2454334.55663067
2454334.55770926
2454334.55878924
2454334.55987245
2454334.56096516
2454335.49991748
2454335.50750891
2454335.51075394
2454335.51400023
2454336.50675556
2454336.50892095
2454336.50999410
2454336.51107743
2454336.51323079
2454336.51539456
2454336.51862951
2454336.51970914
2454336.52078854
2454336.52186713
2454336.52294630
2454337.49888518
2454337.50642361
2454337.50750220
2454337.50858102
2454337.50965486
2454337.51073368
2454337.51180266
2454337.51396007
2454337.51503924
2454337.51827546
2454574.75515509
2454574.75796562
2454574.76359664
2454574.76641713
2454574.76922766
2454574.77203819
2454574.77485208
2454612.77008796
2454612.77359028
2454612.77644132
2454612.77929965
2454612.78216667
2454612.78359514
2454612.78502373
2454612.78788137
2454612.79072870
2454612.79215822
2454729.47887488
2454729.47983079
2454729.48080127
2454729.48405139
2454729.48524676
2454729.48764502
2454729.48884248
2454729.49541725
2454729.49661574
2454729.49831227
2454729.49950961
2454729.50071539
2454729.50190255
2454729.50310012
2454729.50550509
2454729.50669502
2454729.50789259
2454729.50909537
2454729.51679884
2454729.51857465
2454729.52035081
2454729.52212685
2454729.52389259
2454729.52567014
2454729.53100197
2454729.58334537
2454729.58512245
2455003.74997755
2455003.75305521
2455003.75657350
2455003.75832245
2455003.76007407
2455003.76189757
2455003.76385914
2455003.76530000
2455003.76677812
2455003.76823333
2455003.76967731
2455003.77112234
2455003.77256725
2455003.77401238
2455004.76173125
2455004.76307824
2455004.76497581
2455004.76561343
2455004.76688669
2455004.76752338
2455004.76815984
2455004.76879711
2455004.76945891
2455004.77015613
2455004.77079282
2455004.77206690
2455004.77271319
2455004.77529190
2455004.77591840
2455004.77660845
2455004.77730231
2455004.77869225
2455004.77939630
2455004.78003044
2455004.78131007
2455004.78193738
2455004.78262477
2455004.78332755
2455004.78398333
2455006.81971273
2455006.82085544
2455006.82195255
2455006.82639884
2455006.82859826
2455006.82971389
2455006.83200289
2455006.83310220
2455006.83420185
2455006.83530127
2455006.83640046
2455006.84015498
2455030.81335799
2455030.81455544
2455030.81575266
2455030.81814792
2455030.82054132
2455030.82172893
2455030.82292581
2455030.82412245
2455383.82543981
2455383.82659722
2455383.82719907
2455383.82780093
2455383.82840278
2455383.83020833
2455383.83081019
2455383.83202546
2455383.83262731
2455383.83322917
2455383.83383102
2455383.83443287
2455383.83564815
2455383.83685185
2455383.83745370
2455384.83496528
2455384.83605324
2455384.83665509
2455384.83724537
2455384.83784722
2455384.83844907
2455384.84025463
2455384.84085648
2455489.63581019
2455489.63868056
2455489.63918981
2455489.64019676
2455489.64221065
2455489.64371528
2456698.54518453
2456698.54755707
2456698.54992925
2456698.55230161
2456698.55467398
2456698.55704634
2456698.55941870
2456698.56179125
2456698.56416380
2456698.56653597
