2450256.55099537 -005 -040
2450256.55334491 +013 -048
2450256.55458333 +026 -051
2450256.55596065 +019 -063
2450259.56603009 -569 -145
2450259.56921296 -616 -167
2450259.57179398 -566 -161
2450259.57437500 -569 -167
2450260.59775463 +032 -007
2450260.60706019 +004 -019
2450260.60964120 +120 -003
2450260.61222222 +068 -020
2450289.51206782 +161 -076
2450289.51308102 +185 -056
2450289.51368241 +186 -060
2450289.51428438 +163 -035
2450289.51488646 +187 -044
2450289.51548773 +162 -027
2450289.51608981 +168 -061
2450289.51669178 +186 -061
2450289.51729387 +167 -070
2450289.51789525 +184 -043
2450289.51849722 +162 -051
2450289.51908785 +164 -059
2450289.52071968 +156 -040
2450291.58577778 +230 -067
2450291.58637917 +219 -047
2450291.58698183 +219 -041
2450291.58758380 +223 -045
2450291.58999063 +238 -063
2450291.59059271 +225 -065
2450358.42094144 +050 -115
2450358.44318750 -012 -106
2450358.44380035 -048 -104
2450674.59410880 -075 -193
2450674.59525463 -130 -207
2450674.70431713 -182 -252
2450674.70685185 -217 -303
2450675.59714120 +072 -114
2450675.59968750 -005 -259
2450675.69612268 +072 -116
2450675.69866898 +043 -151
2453464.60203148 -065 -073
2453464.60325891 +038 -054
2453464.60694965 -014 -084
2453464.60818611 -120 -093
2453464.60942303 -151 -089
2453464.61066111 -038 -106
2453464.61189826 -067 -156
2453794.74704664 -045 -161
2453794.74813646 +021 -155
2453794.74921644 -026 -196
2453794.75029236 +023 -142
2453794.75137164 -030 -151
2453794.75464028 -033 -171
2453794.75571991 -031 -185
2453794.75679954 +010 -186
2453794.75787292 -007 -162
2453794.75895243 -017 -167
2453794.76004167 -039 -144
2453794.76113113 -016 -212
2453794.76222037 -011 -148
2453794.76330961 +019 -194
2453794.76438970 -026 -166
2453794.76546921 -031 -194
2453794.76765174 -012 -198
2453795.74559826 -067 -175
2453795.74702998 -049 -157
2453795.75098299 -057 -149
2453795.75240475 -074 -155
2453795.75382778 -068 -155
2453795.75525926 -067 -173
2453795.75667604 -046 -151
2453795.75810752 -059 -164
2453795.76237211 -051 -155
2453795.76380370 -050 -146
2453795.76522766 -067 -164
2453795.76666030 -042 -164
2453795.76808218 -054 -143
2453795.77092523 -043 -150
2453795.77234560 -043 -158
2453795.77377674 -040 -175
2453797.74673368 -004 -171
2453797.74815544 -050 -155
2453797.74958681 -004 -150
2453797.75101539 +010 -168
2453797.75244722 -008 -161
2453797.75386887 -046 -140
2453797.75529086 +024 -138
2453797.75671215 -004 -165
2453797.75813380 -027 -157
2453797.75956539 -014 -169
2453797.76099155 +004 -152
2453797.76384514 -016 -171
2453797.76526759 -035 -142
2453797.76668715 +005 -173
2453797.76811019 -024 -157
2453797.76954236 -015 -165
2453803.73087431 +011 -169
2453803.73345208 +003 -153
2453803.73640625 -009 -178
2453803.73922373 -003 -188
2453804.70536933 -038 -166
2453804.70894873 -010 -156
2453804.71014664 -008 -176
2453804.71133669 +042 -141
2453804.71252674 -022 -225
2453804.71372685 -006 -182
2453804.71492650 -023 -197
2453804.71611678 +010 -165
2453804.71850255 +039 -176
2453804.71969294 -063 -212
2453804.72088299 -011 -161
2453804.72327303 -026 -133
2453804.72446343 +005 -236
2453804.72684387 -055 -245
2453804.72924502 +028 -148
2453804.73043507 +002 -211
2453808.69527512 -043 -183
2453808.69941852 +009 -189
2453808.70384896 -005 -182
2453808.70696030 +017 -180
2453808.70846736 -044 -174
2453808.70965775 +023 -184
2453808.71084803 +033 -199
2453808.71323866 -017 -158
2453808.71443877 +016 -171
2453808.71562905 -022 -192
2453808.71681875 +005 -217
2453808.71800868 +041 -212
2453894.51511319 +014 -023
2453894.51703958 -026 -012
2453894.51800914 +021 -003
2453894.52091539 +028 -015
2453894.52188310 -005 -047
2453894.52285093 +028 -042
2453894.52381887 +076 -035
2453894.52428970 +031 +024
2453894.52525822 -014 +004
2453894.52720486 +093 -042
2453894.52817257 +095 +010
2453894.52913229 +169 -027
2453894.53010000 +138 -043
2453894.53203218 +116 -028
2453894.53561319 +043 -051
2453894.53657627 +082 +022
2453894.53849375 +054 -018
2453894.53945683 +134 -009
2453894.54041979 +110 -019
2453894.54331181 -009 +007
2453894.54427488 +109 -054
2453894.54620127 +112 +004
2453894.54909352 +062 +002
2453894.55100961 +003 -027
2453894.55197257 +079 -022
2453920.53311863 +056 -098
2453920.53465590 +051 -074
2453920.53619329 +045 -066
2453920.53773090 +060 -075
2453920.53926817 +075 -065
2453920.54081551 +056 -077
2453920.54235336 +076 -088
2453920.54389074 +064 -079
2453920.54696551 +040 -103
2453920.54851285 +053 -082
2453920.55006019 +058 -093
2453920.55160775 +047 -107
2453920.55314514 +060 -126
2453920.55469248 +042 -096
2453920.55622998 +072 -117
2453920.55776725 +053 -146
2453920.55930451 +059 -149
2453920.56085174 +066 -160
2453920.56814711 +062 -153
2453920.56968449 +070 -152
2453920.57276910 +089 -133
2453920.57738125 +086 -111
2453920.57892847 +074 -122
2453920.58046586 +086 -072
2453978.43073056 +118 -044
2453978.43316319 +068 -052
2453978.43459502 +110 -079
2453978.43743831 +077 -074
2453978.43885995 +060 -079
2453978.44172384 +130 -079
2453978.44314560 +064 -039
2453978.44456725 +021 -092
2453978.44598935 +046 -069
2453978.45169583 +092 -100
2453979.44100313 +087 -034
2453979.44254109 +089 -064
2453979.44408831 +132 -066
2453979.44716308 +134 -056
2453979.45023808 +129 -035
2453979.45178530 +145 -046
2453979.45333264 +141 -061
2453979.45487002 +109 -059
2453979.45640752 +114 -063
2453979.45794491 +103 -072
2453979.45949213 +093 -065
2454208.67818241 -047 -102
2454208.67891655 -067 -141
2454208.67964225 -062 -141
2454208.68037662 -015 -112
2454208.68112176 -022 -169
2454208.68185683 -063 -163
2454208.68258194 -027 -129
2454208.68331667 -040 -127
2454208.68406146 -028 -156
2454208.68479711 -037 -108
2454334.54048322 +166 -089
2454334.54155579 +140 -118
2454334.54371273 +148 -147
2454334.54478495 +061 -161
2454334.54586389 +164 -140
2454334.54694248 +130 -099
2454334.54802095 +113 -154
2454334.55016852 +126 -098
2454334.55124711 +169 -099
2454334.55232581 +061 -137
2454334.55339468 +197 -143
2454334.55663067 +039 -115
2454334.55770926 +181 -096
2454334.55878924 +040 -112
2454334.55987245 +201 -111
2454334.56096516 +135 -120
2454335.49991748 +101 -074
2454335.50750891 +050 -099
2454335.51075394 +162 -112
2454335.51400023 +026 -126
2454336.50675556 +114 -101
2454336.50892095 +091 -103
2454336.50999410 +123 -142
2454336.51107743 +141 -058
2454336.51323079 +084 -130
2454336.51539456 +115 -100
2454336.51862951 +117 -160
2454336.51970914 +157 -144
2454336.52078854 +100 -067
2454336.52186713 +116 -115
2454336.52294630 +090 -057
2454337.49888518 +094 -106
2454337.50642361 +071 -108
2454337.50750220 +114 -107
2454337.50858102 +088 -115
2454337.50965486 +111 -118
2454337.51073368 +098 -128
2454337.51180266 +080 -124
2454337.51396007 +051 -109
2454337.51503924 +102 -117
2454337.51827546 +073 -115
2454574.75515509 +150 -175
2454574.75796562 +067 -184
2454574.76359664 +145 -206
2454574.76641713 +100 -173
2454574.76922766 +123 -145
2454574.77203819 +068 -123
2454574.77485208 +109 -198
2454612.77008796 +029 -086
2454612.77359028 +185 -042
2454612.77644132 +055 -075
2454612.77929965 +086 -054
2454612.78216667 +158 -059
2454612.78359514 -087 -079
2454612.78502373 +018 -071
2454612.78788137 +076 -091
2454612.79072870 +102 -098
2454612.79215822 -056 -106
2454729.47887488 +013 -044
2454729.47983079 +034 -067
2454729.48080127 -025 -030
2454729.48405139 +063 -025
2454729.48524676 +054 +022
2454729.48764502 +084 +045
2454729.48884248 +075 +013
2454729.49541725 +011 -000
2454729.49661574 +079 +041
2454729.49831227 +094 -023
2454729.49950961 -001 +011
2454729.50071539 +018 -032
2454729.50190255 -016 -063
2454729.50310012 +009 -018
2454729.50550509 +009 -068
2454729.50669502 +123 -033
2454729.50789259 +031 -057
2454729.50909537 +062 -051
2454729.51679884 +058 -025
2454729.51857465 +042 -027
2454729.52035081 +087 -015
2454729.52212685 -006 +003
2454729.52389259 -009 -045
2454729.52567014 +051 +045
2454729.53100197 +096 +025
2454729.58334537 +064 +010
2454729.58512245 -031 -037
2455003.74997755 -004 -111
2455003.75305521 -011 -122
2455003.75657350 -009 -091
2455003.75832245 +008 -111
2455003.76007407 +014 -103
2455003.76189757 +004 -110
2455003.76385914 +004 -110
2455003.76530000 +022 -100
2455003.76677812 +019 -099
2455003.76823333 +010 -118
2455003.76967731 +005 -102
2455003.77112234 +013 -103
2455003.77256725 +011 -110
2455003.77401238 +007 -118
2455004.76173125 +063 -111
2455004.76307824 +059 -096
2455004.76497581 +061 -117
2455004.76561343 +069 -123
2455004.76688669 +071 -100
2455004.76752338 +068 -121
2455004.76815984 +062 -115
2455004.76879711 +057 -117
2455004.76945891 +057 -103
2455004.77015613 +053 -126
2455004.77079282 +063 -120
2455004.77206690 +079 -129
2455004.77271319 +076 -128
2455004.77529190 +051 -137
2455004.77591840 +074 -120
2455004.77660845 +062 -115
2455004.77730231 +046 -100
2455004.77869225 +070 -116
2455004.77939630 +071 -129
2455004.78003044 +055 -119
2455004.78131007 +062 -104
2455004.78193738 +049 -114
2455004.78262477 +046 -095
2455004.78332755 +060 -116
2455004.78398333 +060 -114
2455006.81971273 +018 -089
2455006.82085544 +024 -089
2455006.82195255 +034 -083
2455006.82639884 +010 -086
2455006.82859826 +035 -086
2455006.82971389 +023 -093
2455006.83200289 +013 -090
2455006.83310220 +022 -092
2455006.83420185 +009 -082
2455006.83530127 +020 -079
2455006.83640046 +019 -078
2455006.84015498 +024 -089
2455030.81335799 +113 -178
2455030.81455544 +101 -152
2455030.81575266 +093 -168
2455030.81814792 +099 -185
2455030.82054132 +091 -154
2455030.82172893 +111 -159
2455030.82292581 +124 -141
2455030.82412245 +080 -175
2455383.82543981 +077 -065
2455383.82659722 +073 -111
2455383.82719907 +069 -073
2455383.82780093 +078 -074
2455383.82840278 +085 -078
2455383.83020833 +045 -099
2455383.83081019 +074 -058
2455383.83202546 +064 -095
2455383.83262731 +087 -078
2455383.83322917 +094 -096
2455383.83383102 +061 -070
2455383.83443287 +056 -080
2455383.83564815 +056 -059
2455383.83685185 +094 -068
2455383.83745370 +064 -096
2455384.83496528 +093 -052
2455384.83605324 +143 -131
2455384.83665509 +083 -142
2455384.83724537 +058 -045
2455384.83784722 +085 -013
2455384.83844907 +050 -044
2455384.84025463 +084 -074
2455384.84085648 +126 -115
2455489.63581019 -235 +344
2455489.63868056 -235 +284
2455489.63918981 -230 +224
2455489.64019676 -278 +286
2455489.64221065 -223 +311
2455489.64371528 -268 +282
2456698.54518453 +049 +008
2456698.54755707 +030 +027
2456698.54992925 -028 -047
2456698.55230161 -102 -019
2456698.55467398 -104 -081
2456698.55704634 -104 -043
2456698.55941870 -008 -041
2456698.56179125 -048 -084
2456698.56416380 -099 -101
2456698.56653597 -021 -042
2451040.60173819 +046 +027
2451040.60725255 +032 +030
2451040.61099514 +052 +052
2451040.61472616 +028 +025
2451040.61971725 +094 +030
2451040.62630486 +106 +025
2451040.63140660 +097 +029
2451040.63444201 +099 +052
2451040.63747986 +076 +023
2451040.64063576 +125 +012
2451045.42909826 +003 -013
2451045.43463958 -019 -032
2451045.43923056 -017 -021
2451045.44388021 -042 -031
2451045.44622037 -012 +005
2451045.44856424 -041 -044
2451045.45091123 -029 -022
2451045.45325370 -037 -037
2451045.45559132 -035 -015
2451045.45793542 -022 +001
2451045.46028194 -003 -058
2451045.46496632 -019 +011
2451163.32825660 +078 -097
2451163.33152951 +056 -076
2451163.33671979 +049 -146
2451163.33999456 +058 -095
2451163.34326574 +086 -079
2451163.34654086 +049 -166
2451163.34980498 +093 -106
2451460.41066250 +063 -161
2451460.41467303 +008 -178
2451460.41908113 +013 -177
2451460.42176493 +001 -154
2451460.42444988 -004 -201
2451460.42714410 +013 -188
2451460.42982569 +036 -178
2451460.43251238 -035 -156
2451460.43520463 -009 -203
2451460.43723183 +047 -176
2451460.44424074 +038 -217
2451463.41359120 +018 -180
2451463.41667581 +069 -180
2451463.42071528 +028 -168
2451463.42939630 +003 -182
2451463.43244352 +028 -155
2451463.43548021 +038 -184
2451463.43851551 +053 -199
2451463.44154965 +022 -216
2451463.44458854 +065 -204
2451492.55056134 -067 +028
2451492.55394016 -017 -033
2451492.55604838 -019 -050
2451492.55816007 -050 -019
2451492.56026956 +038 +022
2451497.34833900 +058 -059
2451497.35050625 +020 -080
2451497.35453588 +005 -095
2451497.35723299 +015 -080
2451497.35992442 +114 -075
2451497.36224815 +068 -058
2451497.41222685 +017 -086
2451497.41491296 +022 -082
2451497.41845775 +070 -089
2451497.42114583 +020 -101
2451497.42404954 +070 -063
2451497.42673356 -030 -071
2451515.45262025 -205 -115
2451515.45520845 -147 -116
2451515.46071644 -163 -085
2451515.46271482 -211 -105
2451515.46471030 -194 -156
2451515.46670289 -200 -150
2451515.46869595 -219 -069
2451515.47088310 -241 -036
2451516.34870440 -116 -020
2451516.35385579 -082 -027
2451516.35606424 -116 -034
2451516.35817176 -153 -059
2451516.36028206 -117 -063
2451516.36470440 -105 -056
2451516.36682049 -117 -046
2451518.45116505 -052 -055
2451518.45598900 -039 -055
2451518.45810266 -010 -041
2451518.46021250 -034 -058
2451518.46443125 -025 -034
2451869.48693542 +085 -100
2451869.49420046 +073 -087
2451869.64729595 +046 -069
2451869.65075046 +037 -113
2451869.65310312 +033 -080
2451869.65667384 +045 -091
2451869.66014259 +021 -043
2451869.66258877 +038 -070
2451869.66510278 +081 -048
2451873.41782407 -037 -068
2451873.42099005 -065 -040
2451873.42309931 -054 -016
2451873.42520463 -047 -023
2451873.42731863 -035 -045
2451873.42942720 -068 -052
2451873.43153449 -044 -009
2451873.43364028 -063 -005
2451877.43967187 +018 -064
2451877.44226053 +025 -034
2451877.44436887 +034 -063
2451877.44647222 +064 -063
2451877.44858206 +021 -067
2451877.45069734 +009 -087
2452263.47157350 -014 -105
2452263.47617662 +040 -141
2452263.47852870 -001 -142
2452263.48088125 +006 -131
2452263.48323252 -016 -168
2452263.48558090 +032 -116
2452263.48793947 -024 -150
2452263.49029363 -021 -122
2452263.49499803 -011 -134
2452263.49735590 -013 -133
2452285.38389225 +016 -022
2452285.38859572 +040 -032
2452285.39095081 +012 -037
2452285.39329977 +028 -032
2452285.39565451 +025 -040
2452285.39800833 +031 -025
2452285.40036400 +019 -031
2452285.40271458 +030 -019
2452313.31101007 -104 -015
2452313.37087292 -122 -006
2452313.37762836 -114 -009
2452313.38437627 -083 -009
2452313.39254687 -051 -007
2452313.39929201 -164 -030
2452314.36196887 -060 +019
2452314.36432106 -024 -056
2452314.36903368 -114 -007
2452668.47382616 -043 -053
2452668.47617650 -053 -120
2452668.47852558 -109 -039
2452668.48087859 -041 -014
2452668.48322766 +050 -022
2452669.46310069 -084 -084
2452669.47218090 -086 -024
2452669.47453299 -050 -068
2452669.47689062 -115 -070
2452669.47923912 -092 -041
2452669.48159074 -078 -044
2452723.29539514 +018 -093
2452723.29951273 -066 -122
2452723.30543900 -021 -129
2452723.31211458 -035 -131
2452723.32615463 -011 -161
2452725.48138646 -050 -130
2452725.48466620 -064 -146
2452725.48974201 +043 -145
2452725.49301979 -005 -167
2452725.49629340 +012 -136
2452725.50285023 -026 -160
2452725.50612407 -034 -147
2452725.50940301 +013 -156
2452725.51267697 +035 -121
2452725.51595093 -017 -172
2453026.62202986 -073 -163
2453026.62472488 +038 -142
2453026.62742789 +018 -141
2453026.63552118 -017 -182
2453116.31832107 -095 +140
2453116.32474525 -049 +166
2453116.32709988 -087 +137
2453116.33180799 -082 +154
2453116.33651933 -069 +167
2453116.33887153 -064 +164
2453116.34122454 -125 +152
2453473.38537720 -003 -040
2453473.38924144 -046 -050
2453473.39310324 -004 -052
2453473.39696053 +044 -056
2453473.40082581 +033 -102
2453473.40468947 -079 -121
2453473.40855660 -057 -037
2453494.40697859 -023 -228
2453494.41315995 +042 -254
2453494.42158171 +076 -221
2453494.42578611 -082 -220
2453494.42999028 +019 -219
2453494.43420289 +037 -210
2453494.43840845 -011 -232
2454353.48345198 +119 -003
2454353.48452182 +104 -008
2454353.48559421 +121 +004
2454353.48674128 +122 -004
2454353.48786369 +120 +005
2454353.48897243 +114 -011
2454353.49009472 +126 -014
2454353.49120636 +121 -011
2454353.49233618 +116 -006
2454353.49411346 -015 +096
2454353.49524328 -010 +098
2454353.49747003 -008 +097
2454353.50085797 -017 +095
2454353.50198651 -020 +095
2454353.50311992 -003 +093
2454353.58938916 +144 -103
2454353.59144976 +156 -103
2454353.59349936 +160 -106
2454353.59555626 +149 -102
2454353.59754010 +160 -085
2454353.59959317 +172 -092
2454353.60158303 +167 -105
2454353.60361967 +175 -108
2454353.60560721 +173 -112
2454618.74278898 -113 -124
2454618.74827064 -202 -132
2454618.75276894 -046 -119
2454621.81553304 +030 -074
2454621.81988766 +027 -084
2454974.86827824 +088 +049
2454974.87227624 +090 +050
2454974.87754880 +130 +055
2454974.87984847 +101 +074
2454974.88311258 +101 +080
2454974.90695453 +106 +065
2454974.90923765 +092 +066
2454974.91243510 +113 +081
2454974.91426377 +117 +070
2454974.91608167 +134 +073
2454974.91791069 +126 +065
2454974.91965798 +115 +063
2454974.92193566 +085 +046
2454974.92396076 +110 +064
2454974.92577947 +094 +042
2454974.92762076 +082 +059
2454974.92936713 +085 +049
