2450256.55099537 -139 -057
2450256.55334491 -121 -065
2450256.55458333 -108 -068
2450256.55596065 -114 -080
2450259.56603009 -711 -159
2450259.56921296 -757 -180
2450259.57179398 -707 -175
2450259.57437500 -710 -180
2450260.59775463 -109 -020
2450260.60706019 -137 -032
2450260.60964120 -022 -015
2450260.61222222 -073 -033
2450289.51206782 +029 -045
2450289.51308102 +052 -025
2450289.51368241 +055 -030
2450289.51428438 +032 -004
2450289.51488646 +055 -013
2450289.51548773 +030 +004
2450289.51608981 +036 -030
2450289.51669178 +054 -030
2450289.51729387 +036 -040
2450289.51789525 +052 -012
2450289.51849722 +030 -020
2450289.51908785 +033 -028
2450289.52071968 +025 -009
2450291.58577778 +105 -034
2450291.58637917 +092 -014
2450291.58698183 +094 -007
2450291.58758380 +096 -012
2450291.58999063 +112 -030
2450291.59059271 +099 -032
2450358.42094144 +085 -055
2450358.44318750 +022 -046
2450358.44380035 -014 -044
2450674.59410880 -010 -126
2450674.59525463 -065 -140
2450674.70431713 -116 -185
2450674.70685185 -152 -236
2450675.59714120 +138 -047
2450675.59968750 +062 -193
2450675.69612268 +139 -050
2450675.69866898 +109 -085
2453464.60203148 -060 +000
2453464.60325891 +043 +019
2453464.60694965 -009 -010
2453464.60818611 -115 -020
2453464.60942303 -145 -016
2453464.61066111 -031 -032
2453464.61189826 -061 -083
2453794.74704664 -042 -099
2453794.74813646 +025 -092
2453794.74921644 -022 -134
2453794.75029236 +026 -080
2453794.75137164 -027 -089
2453794.75464028 -029 -109
2453794.75571991 -027 -122
2453794.75679954 +014 -124
2453794.75787292 -003 -100
2453794.75895243 -013 -105
2453794.76004167 -035 -081
2453794.76113113 -012 -149
2453794.76222037 -007 -086
2453794.76330961 +023 -132
2453794.76438970 -022 -104
2453794.76546921 -027 -131
2453794.76765174 -009 -135
2453795.74559826 -063 -113
2453795.74702998 -046 -096
2453795.75098299 -053 -087
2453795.75240475 -071 -094
2453795.75382778 -065 -094
2453795.75525926 -063 -112
2453795.75667604 -043 -090
2453795.75810752 -055 -103
2453795.76237211 -048 -093
2453795.76380370 -046 -084
2453795.76522766 -063 -103
2453795.76666030 -039 -103
2453795.76808218 -050 -082
2453795.77092523 -039 -088
2453795.77234560 -039 -096
2453795.77377674 -037 -113
2453797.74673368 -001 -111
2453797.74815544 -048 -095
2453797.74958681 -001 -090
2453797.75101539 +013 -108
2453797.75244722 -006 -101
2453797.75386887 -043 -081
2453797.75529086 +027 -078
2453797.75671215 -001 -105
2453797.75813380 -023 -097
2453797.75956539 -012 -109
2453797.76099155 +007 -093
2453797.76384514 -013 -111
2453797.76526759 -032 -083
2453797.76668715 +007 -113
2453797.76811019 -022 -098
2453797.76954236 -012 -105
2453803.73087431 +013 -114
2453803.73345208 +004 -099
2453803.73640625 -007 -124
2453803.73922373 -001 -134
2453804.70536933 -038 -113
2453804.70894873 -009 -102
2453804.71014664 -007 -123
2453804.71133669 +042 -087
2453804.71252674 -020 -171
2453804.71372685 -006 -128
2453804.71492650 -023 -143
2453804.71611678 +012 -112
2453804.71850255 +040 -123
2453804.71969294 -062 -159
2453804.72088299 -010 -108
2453804.72327303 -026 -080
2453804.72446343 +006 -182
2453804.72684387 -055 -192
2453804.72924502 +029 -094
2453804.73043507 +003 -158
2453808.69527512 -043 -134
2453808.69941852 +009 -140
2453808.70384896 -006 -133
2453808.70696030 +017 -131
2453808.70846736 -045 -125
2453808.70965775 +023 -135
2453808.71084803 +032 -150
2453808.71323866 -017 -109
2453808.71443877 +014 -122
2453808.71562905 -023 -143
2453808.71681875 +004 -168
2453808.71800868 +040 -163
2453894.51511319 -053 -030
2453894.51703958 -092 -019
2453894.51800914 -045 -009
2453894.52091539 -038 -022
2453894.52188310 -071 -054
2453894.52285093 -038 -049
2453894.52381887 +010 -042
2453894.52428970 -035 +017
2453894.52525822 -080 -003
2453894.52720486 +028 -049
2453894.52817257 +029 +003
2453894.52913229 +104 -034
2453894.53010000 +073 -050
2453894.53203218 +050 -035
2453894.53561319 -022 -058
2453894.53657627 +016 +015
2453894.53849375 -012 -025
2453894.53945683 +067 -016
2453894.54041979 +045 -026
2453894.54331181 -074 +000
2453894.54427488 +044 -061
2453894.54620127 +045 -002
2453894.54909352 -004 -005
2453894.55100961 -063 -034
2453894.55197257 +013 -028
2453920.53311863 +025 -092
2453920.53465590 +020 -068
2453920.53619329 +015 -061
2453920.53773090 +029 -069
2453920.53926817 +045 -059
2453920.54081551 +026 -071
2453920.54235336 +045 -083
2453920.54389074 +034 -073
2453920.54696551 +010 -097
2453920.54851285 +023 -076
2453920.55006019 +028 -087
2453920.55160775 +016 -101
2453920.55314514 +031 -120
2453920.55469248 +012 -090
2453920.55622998 +042 -112
2453920.55776725 +023 -140
2453920.55930451 +028 -143
2453920.56085174 +035 -154
2453920.56814711 +032 -147
2453920.56968449 +039 -146
2453920.57276910 +058 -127
2453920.57738125 +055 -105
2453920.57892847 +044 -116
2453920.58046586 +055 -066
2453978.43073056 +114 +012
2453978.43316319 +065 +004
2453978.43459502 +107 -023
2453978.43743831 +074 -018
2453978.43885995 +056 -023
2453978.44172384 +127 -023
2453978.44314560 +061 +017
2453978.44456725 +017 -036
2453978.44598935 +043 -013
2453978.45169583 +090 -044
2453979.44100313 +084 +023
2453979.44254109 +087 -007
2453979.44408831 +129 -009
2453979.44716308 +130 +001
2453979.45023808 +126 +021
2453979.45178530 +142 +010
2453979.45333264 +137 -005
2453979.45487002 +107 -002
2453979.45640752 +111 -006
2453979.45794491 +100 -015
2453979.45949213 +090 -008
2454208.67818241 -055 -073
2454208.67891655 -075 -112
2454208.67964225 -071 -112
2454208.68037662 -024 -083
2454208.68112176 -030 -140
2454208.68185683 -071 -134
2454208.68258194 -035 -100
2454208.68331667 -048 -098
2454208.68406146 -036 -127
2454208.68479711 -046 -079
2454334.54048322 +154 -050
2454334.54155579 +129 -079
2454334.54371273 +137 -108
2454334.54478495 +050 -122
2454334.54586389 +152 -100
2454334.54694248 +119 -059
2454334.54802095 +102 -114
2454334.55016852 +115 -058
2454334.55124711 +158 -059
2454334.55232581 +049 -097
2454334.55339468 +186 -103
2454334.55663067 +028 -076
2454334.55770926 +169 -057
2454334.55878924 +028 -073
2454334.55987245 +190 -072
2454334.56096516 +124 -081
2454335.49991748 +089 -036
2454335.50750891 +039 -062
2454335.51075394 +151 -074
2454335.51400023 +014 -089
2454336.50675556 +102 -065
2454336.50892095 +080 -067
2454336.50999410 +112 -106
2454336.51107743 +130 -022
2454336.51323079 +071 -094
2454336.51539456 +103 -064
2454336.51862951 +105 -124
2454336.51970914 +145 -108
2454336.52078854 +088 -031
2454336.52186713 +103 -078
2454336.52294630 +078 -021
2454337.49888518 +082 -071
2454337.50642361 +059 -074
2454337.50750220 +102 -072
2454337.50858102 +075 -080
2454337.50965486 +099 -083
2454337.51073368 +085 -093
2454337.51180266 +069 -090
2454337.51396007 +039 -074
2454337.51503924 +089 -082
2454337.51827546 +062 -081
2454574.75515509 +128 -114
2454574.75796562 +046 -122
2454574.76359664 +124 -145
2454574.76641713 +078 -112
2454574.76922766 +102 -084
2454574.77203819 +047 -062
2454574.77485208 +088 -137
2454612.77008796 +010 -077
2454612.77359028 +166 -033
2454612.77644132 +035 -066
2454612.77929965 +067 -046
2454612.78216667 +138 -050
2454612.78359514 -106 -070
2454612.78502373 -003 -062
2454612.78788137 +056 -082
2454612.79072870 +082 -090
2454612.79215822 -075 -097
2454729.47887488 +014 -018
2454729.47983079 +036 -041
2454729.48080127 -023 -004
2454729.48405139 +065 +001
2454729.48524676 +056 +048
2454729.48764502 +087 +071
2454729.48884248 +077 +038
2454729.49541725 +012 +025
2454729.49661574 +080 +067
2454729.49831227 +095 +003
2454729.49950961 +001 +036
2454729.50071539 +021 -006
2454729.50190255 -014 -038
2454729.50310012 +011 +008
2454729.50550509 +011 -042
2454729.50669502 +125 -007
2454729.50789259 +033 -031
2454729.50909537 +065 -026
2454729.51679884 +061 +000
2454729.51857465 +044 -001
2454729.52035081 +089 +011
2454729.52212685 -004 +028
2454729.52389259 -007 -019
2454729.52567014 +052 +070
2454729.53100197 +098 +050
2454729.58334537 +066 +036
2454729.58512245 -029 -011
2455003.74997755 +026 -048
2455003.75305521 +019 -059
2455003.75657350 +022 -028
2455003.75832245 +038 -048
2455003.76007407 +044 -040
2455003.76189757 +035 -047
2455003.76385914 +035 -047
2455003.76530000 +052 -037
2455003.76677812 +050 -036
2455003.76823333 +041 -055
2455003.76967731 +035 -039
2455003.77112234 +044 -040
2455003.77256725 +041 -047
2455003.77401238 +038 -055
2455004.76173125 +093 -046
2455004.76307824 +089 -031
2455004.76497581 +090 -052
2455004.76561343 +099 -058
2455004.76688669 +102 -035
2455004.76752338 +099 -056
2455004.76815984 +092 -049
2455004.76879711 +087 -051
2455004.76945891 +087 -038
2455004.77015613 +085 -061
2455004.77079282 +093 -055
2455004.77206690 +109 -064
2455004.77271319 +106 -063
2455004.77529190 +082 -072
2455004.77591840 +105 -055
2455004.77660845 +093 -050
2455004.77730231 +077 -035
2455004.77869225 +101 -050
2455004.77939630 +102 -063
2455004.78003044 +086 -054
2455004.78131007 +093 -039
2455004.78193738 +079 -048
2455004.78262477 +076 -030
2455004.78332755 +090 -051
2455004.78398333 +090 -049
2455006.81971273 +050 -019
2455006.82085544 +055 -019
2455006.82195255 +066 -014
2455006.82639884 +041 -016
2455006.82859826 +066 -017
2455006.82971389 +054 -024
2455006.83200289 +044 -020
2455006.83310220 +054 -022
2455006.83420185 +041 -012
2455006.83530127 +051 -010
2455006.83640046 +050 -009
2455006.84015498 +055 -019
2455030.81335799 +129 -071
2455030.81455544 +116 -045
2455030.81575266 +109 -061
2455030.81814792 +115 -079
2455030.82054132 +108 -047
2455030.82172893 +127 -053
2455030.82292581 +141 -034
2455030.82412245 +096 -068
2455383.82543981 +052 -041
2455383.82659722 +048 -088
2455383.82719907 +045 -050
2455383.82780093 +054 -051
2455383.82840278 +060 -055
2455383.83020833 +019 -076
2455383.83081019 +049 -035
2455383.83202546 +040 -072
2455383.83262731 +063 -055
2455383.83322917 +069 -073
2455383.83383102 +037 -047
2455383.83443287 +031 -057
2455383.83564815 +031 -036
2455383.83685185 +070 -045
2455383.83745370 +039 -073
2455384.83496528 +069 -031
2455384.83605324 +118 -110
2455384.83665509 +058 -121
2455384.83724537 +033 -024
2455384.83784722 +060 +008
2455384.83844907 +027 -023
2455384.84025463 +060 -053
2455384.84085648 +102 -093
2455489.63581019 -209 +345
2455489.63868056 -209 +284
2455489.63918981 -205 +224
2455489.64019676 -251 +286
2455489.64221065 -198 +311
2455489.64371528 -242 +283
2456698.54518453 +107 +005
2456698.54755707 +088 +023
2456698.54992925 +030 -050
2456698.55230161 -044 -022
2456698.55467398 -045 -084
2456698.55704634 -045 -046
2456698.55941870 +051 -044
2456698.56179125 +011 -088
2456698.56416380 -041 -104
2456698.56653597 +037 -045
2451040.60173819 +081 +030
2451040.60725255 +066 +033
2451040.61099514 +087 +055
2451040.61472616 +063 +028
2451040.61971725 +129 +033
2451040.62630486 +141 +029
2451040.63140660 +132 +032
2451040.63444201 +135 +055
2451040.63747986 +111 +026
2451040.64063576 +159 +015
2451045.42909826 +021 -011
2451045.43463958 -001 -030
2451045.43923056 +000 -019
2451045.44388021 -025 -029
2451045.44622037 +006 +007
2451045.44856424 -024 -042
2451045.45091123 -012 -020
2451045.45325370 -019 -034
2451045.45559132 -018 -013
2451045.45793542 -004 +003
2451045.46028194 +015 -056
2451045.46496632 -001 +013
2451163.32825660 +064 -036
2451163.33152951 +042 -015
2451163.33671979 +034 -085
2451163.33999456 +043 -034
2451163.34326574 +072 -018
2451163.34654086 +034 -106
2451163.34980498 +078 -045
2451460.41066250 +044 -115
2451460.41467303 -010 -133
2451460.41908113 -006 -131
2451460.42176493 -018 -108
2451460.42444988 -022 -155
2451460.42714410 -006 -142
2451460.42982569 +018 -132
2451460.43251238 -053 -111
2451460.43520463 -028 -157
2451460.43723183 +029 -130
2451460.44424074 +019 -171
2451463.41359120 +004 -136
2451463.41667581 +056 -137
2451463.42071528 +015 -124
2451463.42939630 -010 -138
2451463.43244352 +015 -111
2451463.43548021 +024 -141
2451463.43851551 +040 -155
2451463.44154965 +009 -173
2451463.44458854 +050 -160
2451492.55056134 -022 +049
2451492.55394016 +028 -012
2451492.55604838 +027 -029
2451492.55816007 -006 +002
2451492.56026956 +083 +043
2451497.34833900 +112 -042
2451497.35050625 +075 -063
2451497.35453588 +061 -079
2451497.35723299 +071 -063
2451497.35992442 +170 -059
2451497.36224815 +123 -041
2451497.41222685 +072 -069
2451497.41491296 +078 -066
2451497.41845775 +126 -072
2451497.42114583 +075 -084
2451497.42404954 +126 -047
2451497.42673356 +027 -054
2451515.45262025 -110 -104
2451515.45520845 -050 -106
2451515.46071644 -067 -074
2451515.46271482 -116 -094
2451515.46471030 -098 -146
2451515.46670289 -104 -139
2451515.46869595 -123 -059
2451515.47088310 -145 -025
2451516.34870440 -018 -010
2451516.35385579 +016 -017
2451516.35606424 -018 -024
2451516.35817176 -055 -049
2451516.36028206 -018 -053
2451516.36470440 -007 -045
2451516.36682049 -018 -036
2451518.45116505 +050 -045
2451518.45598900 +064 -045
2451518.45810266 +092 -031
2451518.46021250 +068 -048
2451518.46443125 +077 -024
2451869.48693542 +093 -055
2451869.49420046 +082 -043
2451869.64729595 +054 -025
2451869.65075046 +045 -069
2451869.65310312 +041 -035
2451869.65667384 +052 -046
2451869.66014259 +028 +002
2451869.66258877 +045 -026
2451869.66510278 +089 -003
2451873.41782407 -037 -022
2451873.42099005 -065 +007
2451873.42309931 -054 +030
2451873.42520463 -047 +023
2451873.42731863 -035 +002
2451873.42942720 -068 -005
2451873.43153449 -044 +038
2451873.43364028 -063 +042
2451877.43967187 +011 -015
2451877.44226053 +018 +015
2451877.44436887 +027 -014
2451877.44647222 +058 -014
2451877.44858206 +014 -018
2451877.45069734 +003 -038
2452263.47157350 -047 -087
2452263.47617662 +007 -123
2452263.47852870 -033 -124
2452263.48088125 -028 -113
2452263.48323252 -048 -151
2452263.48558090 -001 -098
2452263.48793947 -057 -132
2452263.49029363 -054 -104
2452263.49499803 -044 -116
2452263.49735590 -046 -115
2452285.38389225 +007 -036
2452285.38859572 +029 -046
2452285.39095081 +001 -051
2452285.39329977 +018 -046
2452285.39565451 +014 -054
2452285.39800833 +021 -039
2452285.40036400 +008 -045
2452285.40271458 +021 -033
2452313.31101007 -052 -048
2452313.37087292 -070 -040
2452313.37762836 -062 -043
2452313.38437627 -030 -043
2452313.39254687 +001 -041
2452313.39929201 -113 -064
2452314.36196887 -005 -015
2452314.36432106 +030 -090
2452314.36903368 -059 -040
2452668.47382616 -024 +000
2452668.47617650 -034 -067
2452668.47852558 -090 +014
2452668.48087859 -023 +039
2452668.48322766 +069 +031
2452669.46310069 -067 -029
2452669.47218090 -069 +030
2452669.47453299 -034 -013
2452669.47689062 -097 -016
2452669.47923912 -076 +014
2452669.48159074 -062 +010
2452723.29539514 +009 -014
2452723.29951273 -075 -043
2452723.30543900 -030 -050
2452723.31211458 -044 -052
2452723.32615463 -020 -082
2452725.48138646 -060 -052
2452725.48466620 -074 -068
2452725.48974201 +034 -067
2452725.49301979 -014 -089
2452725.49629340 +003 -058
2452725.50285023 -035 -082
2452725.50612407 -043 -069
2452725.50940301 +004 -078
2452725.51267697 +026 -043
2452725.51595093 -026 -094
2453026.62202986 -079 -112
2453026.62472488 +033 -091
2453026.62742789 +012 -090
2453026.63552118 -022 -131
2453116.31832107 -101 +117
2453116.32474525 -055 +143
2453116.32709988 -092 +114
2453116.33180799 -087 +131
2453116.33651933 -074 +144
2453116.33887153 -070 +141
2453116.34122454 -130 +129
2453473.38537720 +003 +041
2453473.38924144 -040 +032
2453473.39310324 +001 +029
2453473.39696053 +049 +025
2453473.40082581 +039 -021
2453473.40468947 -073 -040
2453473.40855660 -051 +044
2453494.40697859 -016 -140
2453494.41315995 +048 -165
2453494.42158171 +082 -132
2453494.42578611 -075 -132
2453494.42999028 +025 -131
2453494.43420289 +043 -122
2453494.43840845 -004 -143
2454353.48345198 +099 +010
2454353.48452182 +085 +004
2454353.48559421 +102 +017
2454353.48674128 +103 +008
2454353.48786369 +101 +018
2454353.48897243 +095 +001
2454353.49009472 +108 -002
2454353.49120636 +102 +001
2454353.49233618 +098 +007
2454353.49411346 -034 +109
2454353.49524328 -028 +110
2454353.49747003 -027 +109
2454353.50085797 -036 +108
2454353.50198651 -039 +107
2454353.50311992 -022 +105
2454353.58938916 +124 -091
2454353.59144976 +137 -091
2454353.59349936 +141 -094
2454353.59555626 +130 -090
2454353.59754010 +141 -073
2454353.59959317 +152 -080
2454353.60158303 +148 -093
2454353.60361967 +156 -096
2454353.60560721 +154 -100
2454618.74278898 -134 -125
2454618.74827064 -222 -133
2454618.75276894 -067 -121
2454621.81553304 +010 -080
2454621.81988766 +006 -090
2454974.86827824 +098 +054
2454974.87227624 +099 +055
2454974.87754880 +140 +060
2454974.87984847 +111 +079
2454974.88311258 +111 +085
2454974.90695453 +115 +070
2454974.90923765 +102 +072
2454974.91243510 +122 +086
2454974.91426377 +125 +075
2454974.91608167 +143 +078
2454974.91791069 +135 +070
2454974.91965798 +124 +068
2454974.92193566 +095 +051
2454974.92396076 +119 +069
2454974.92577947 +103 +047
2454974.92762076 +092 +064
2454974.92936713 +095 +054
