2451039.47498553
2451039.48057627
2451039.48384884
2451039.48711088
2451039.49037488
2451039.49691111
2451039.50017280
2451039.50344525
2451039.50670914
2451039.50997315
2451039.52249363
2451460.52286238
2451460.53973160
2451460.54346400
2451460.54875683
2451460.55249282
2451460.55623681
2451460.55998241
2451460.56372245
2451463.45505139
2451463.45923183
2451463.46441921
2451463.46815266
2451463.47189144
2451463.47562442
2451463.47936331
2451463.50168310
2451463.50652222
2451463.51118576
2451492.33885671
2451492.34227488
2451492.34732975
2451492.35343148
2451492.35768634
2451492.36209167
2451492.36611921
2451492.37064387
2451492.37553252
2451492.37879826
2451492.38206042
2451492.38532986
2451514.39978495
2451514.40476215
2451514.40897975
2451514.41109016
2451514.41320428
2451516.45590868
2451516.45824896
2451516.46299144
2451516.46533403
2451516.46767257
2451516.47000833
2451516.47235683
2451516.47470104
2451516.47717917
2451517.44712245
2451517.44971667
2451517.45494282
2451517.45762535
2451517.46031123
2451517.46299329
2451517.46567720
2451517.46837361
2451517.47106505
2451521.29544363
2451521.30274884
2451521.30919051
2451521.31625324
2451521.32373982
2451873.45415625
2451873.45650035
2451873.45884583
2451873.46119491
2451873.46353518
2452235.50563183
2452235.51003079
2452235.51239306
2452235.51474873
2452235.51710579
2452235.51946146
2452235.52181400
2452235.52417049
2452235.52652627
2452235.52887662
2452261.42368484
2452261.42696817
2452261.43024375
2452261.43352650
2452261.43680208
2452261.44168148
2452261.44495498
2452261.44822812
2452261.45151007
2452261.45478333
2452264.59511053
2452264.59938333
2452264.60173368
2452264.60408854
2452264.60644039
2452264.60879271
2452285.41196088
2452285.41495231
2452285.41730660
2452285.41966100
2452285.42201863
2452285.42437685
2452285.42672384
2452285.42907639
2452285.43143449
2452285.43378854
2452313.48213079
2452313.48668796
2452313.48996863
2452313.49325243
2452313.49652847
2452314.40899676
2452314.41267824
2452314.41973322
2452362.34777431
2452362.35082072
2452362.35387083
2452362.35998345
2452637.62589803
2452637.63178437
2452637.63483542
2452637.63788484
2452637.64093414
2452638.64887315
2452638.65294792
2452638.65622106
2452638.66277998
2452638.66606042
2452638.66933403
2452638.67261065
2452638.67589248
2452638.67916736
2452638.68244063
2452654.46125324
2452654.46520868
2452654.46689850
2452654.46855069
2452654.47020521
2452654.47186204
2452654.47352176
2452724.31175301
2452724.31796725
2452724.38682685
2452724.39068738
2452724.39454190
2452724.39839803
2452726.38473900
2452726.38859931
2452726.40016215
2452726.40401366
2452726.41822650
2452726.42207905
2452726.42593970
2452726.42979329
2452726.43364572
2452726.43750336
2453090.55997801
2453090.56792558
2453090.57292326
2453090.57666620
2453090.58041088
2453090.58416123
2453090.59165243
2453090.59540486
2453115.36683299
2453115.37462535
2453115.37767095
2453115.38072269
2453115.38377083
2453115.38682222
2453115.38987407
2453115.39292685
2453116.34490648
2453116.35188576
2453116.35517234
2453116.35845972
2453116.36174387
2453116.36502697
2453116.36831042
2453116.37159606
2453116.37488137
2453143.40866238
2453143.41269549
2453143.41575197
2453143.41880023
2453143.42184907
2453143.42489977
2453143.42794734
2453143.43099792
2453143.43404641
2453143.43710336
2453143.44015266
2453147.33850660
2453147.34346227
2453147.36987407
2453147.37292280
2453147.37597338
2453147.37902639
2453147.38207581
2453147.39123113
2453437.52715590
2453437.53137338
2453437.53441968
2453437.53747049
2453437.54052373
2453437.54357662
2453437.54663090
2453437.54967778
2453437.55272731
2453440.54013611
2453440.54510185
2453440.54815405
2453440.55120093
2453440.55425104
2453440.55729954
2453440.56035255
2453440.56340394
2453440.56645231
2453473.54714213
2453473.55226713
2453473.55647280
2453473.56068576
2453473.56489062
2453494.44561319
2453494.45229259
2453494.45649861
2453494.46071331
2453494.46492546
2453494.46913935
2453494.47335104
2453494.47756678
2453503.39954653
2453503.40531227
2453503.40976574
2453503.41422176
2453503.41868067
2453503.42313426
2453503.42758171
2453503.43202928
2453880.40388056
2453880.40796470
2453880.43208704
2453880.43594456
2453880.43980150
