2454353.50485505
2454353.50599227
2454353.50712475
2454353.50826001
2454353.50938890
2454353.51051327
2454353.51164703
2454353.51293327
2454353.51406459
2454620.70732523
2454620.71154717
2454620.71475645
2454971.91656241
2454971.91773082
2454971.91888314
2454971.92004507
2454971.92234266
2454971.92347137
2454971.92578064
2454971.92694095
2454973.82595317
2454973.82829289
2454973.82945459
2454973.83430395
2454973.83547306
2454973.83662874
2454973.83778396
2454973.83890930
2454973.84005433
2454973.84121349
2454973.84461827
2454973.84656987
2454973.84850306
2454973.85044239
2454973.85230463
2454973.85423852
2454973.85611673
2454973.85825214
2454973.86085995
2454973.86280657
2454973.86474092
2454973.86667956
2454973.86854492
2454973.87047765
2454973.87235355
2454973.87428731
2454975.83673787
2454975.83904680
2454975.84018153
2454975.84134531
2454975.84249590
2454975.84361928
2454975.84476570
2454975.86863389
2454975.87298587
2454975.87414178
2454975.87529919
2454975.87871918
2454975.88068797
2454975.88185140
2454975.88300789
2454975.88416334
2454975.88528811
2454975.88645965
2454975.88761313
2454975.88876952
