2450255.57457176
2450255.57703704
2450255.58159722
2450255.58402778
2450256.56313657
2450256.56530093
2450256.56733796
2450256.56928241
2450260.61912037
2450260.62427083
2450260.62754630
2450260.63082176
2450291.59537257
2450291.59597396
2450291.59657604
2450291.59717870
2450291.59777940
2450291.59837002
2450291.59958542
2450291.60018750
2450321.52970949
2450321.53038009
2450321.54483681
2450321.56433924
2450321.56502130
2450674.59864583
2450674.60118056
2450674.71082176
2450674.71335648
2453463.56013727
2453463.56240475
2453463.56364144
2453463.56487893
2453463.56611678
2453463.56859178
2453463.56982940
2453463.57106736
2453464.61584988
2453464.61708623
2453464.61832350
2453464.61956169
2453464.62203461
2453464.62328113
2453464.62451840
2453464.62575694
2453464.62699907
2453796.73934016
2453796.74219387
2453796.74504734
2453796.74646863
2453796.74790012
2453796.75074988
2453796.75667986
2453796.75952373
2453796.76094560
2453796.76237708
2453804.73402870
2453804.73980914
2453804.74236736
2453804.74697523
2453804.74851470
2453804.75005197
2453804.75314653
2453804.75468391
2453804.75622130
2453804.75775880
2453804.76239051
2453804.76546100
2453808.72073900
2453808.72312234
2453808.72726609
2453808.72881354
2453808.73035081
2453808.73651042
2453808.73804734
2453808.73958484
2453920.45846354
2453920.46000104
2453920.46153843
2453920.46308576
2453920.46463310
2453920.46924560
2453920.47387731
2453920.47541458
2453920.47696181
2453920.47850903
2453920.48159363
2453920.48621574
2453920.50069491
2453920.50223472
2453920.50840428
2453920.51147882
2453920.51456331
2453920.51610139
2453920.51917604
2453920.52227049
2453920.52380787
2453978.45940938
2453978.46083137
2453978.46367593
2453978.46509803
2453978.46796146
2453978.46938310
2453978.47222708
2453978.47365868
2453978.47508032
2453978.47650197
2453978.47792361
2453979.41392106
2453979.41583472
2453979.41702488
2453979.42060521
2453979.42180521
2453979.42537569
2453979.42657569
2453979.43133634
2453979.43253634
2454208.64438137
2454208.64547326
2454208.64655509
2454208.64763750
2454208.64871910
2454208.64980046
2454208.65088229
2454208.65196377
2454208.65304560
2454208.65412743
2454208.65631065
2454330.57369271
2454330.57398032
2454330.57447731
2454330.57643090
2454330.57670845
2454330.57698611
2454330.57754120
2454330.57781875
2454330.57866516
2454330.57894317
2454330.57922072
2454330.57949826
2454330.58005370
2454330.58033183
2454330.58060938
2454330.58116690
2454330.58144468
2454330.58173264
2454330.58202037
2454330.58229792
2454330.58257546
2454330.58314433
2454330.58342187
2454330.58369942
2454330.58397743
2454330.58425498
2454330.58453252
2454330.58481007
2454330.58508773
2454330.58536528
2454330.58564282
2454332.51822384
2454332.51909572
2454332.52039896
2454332.52093900
2454332.52137002
2454332.52180116
2454332.52223229
2454332.52354560
2454332.52430914
2454332.52517951
2454332.52561065
2454332.52605162
2454332.52692396
2454332.52735208
2454332.52821435
2454332.52865521
2454332.52909606
2454332.52952697
2454332.52995787
2454332.53038877
2454332.53081979
2454332.53126065
2454332.53214225
2454332.53300451
2454332.53386655
2454332.53515938
2454332.53604120
2454332.53690336
2454332.53733426
2454332.53821644
2454332.53865729
2454332.53995035
2454332.54039120
2454332.54083206
2454332.54211435
2454351.48667060
2454351.48784664
2454351.48862627
2454351.49018634
2454351.49175428
2454351.49254410
2454351.49645579
2454351.49724537
2454351.49802500
2454351.49881447
2454351.50195278
2454351.50697917
2454574.78289271
2454574.78571331
2454574.79414514
2454574.79695625
2454574.79977674
2454574.80258727
2454574.80821308
2454612.73134583
2454612.73444016
2454612.73819387
2454612.74066493
2454612.74313530
2454612.74560625
2454612.74807697
2454612.75055741
2454612.75549907
2454612.75796979
2454690.49973229
2454690.50258576
2454690.50400764
2454690.51128113
2454690.51625995
2454690.60335544
2454690.60625417
2454690.61051979
2454729.54704803
2454729.54898252
2454729.55075833
2454729.55253461
2454729.55431053
2454729.55786238
2454729.55963819
2454729.56141412
2454729.56318912
2454729.56688356
2454729.56865764
2454729.57043183
2454729.57220579
2455003.78317211
2455003.78497894
2455003.78678056
2455003.79036956
2455003.79216470
2455003.79754630
2455003.80113380
2455003.80292674
2455006.80057049
2455006.80168032
2455006.80277812
2455006.80387755
2455006.80497743
2455006.80607685
2455006.80717477
2455006.80827431
2455006.80937303
2455006.81047164
2455030.79565035
2455030.79696204
2455030.79827535
2455030.80089479
2455030.80483484
2455030.80614792
2455383.84000000
2455383.84120370
2455383.84180556
2455383.84241898
2455383.84362269
2455383.84423611
2455383.84483796
2455383.84543981
2455489.64674769
2455489.64946759
2455489.65167824
2455489.65240741
2455489.65314815
2455489.65461806
2455489.65534722
2456606.71500487
2456606.71736017
2456606.72025150
2456606.72169740
2456606.72314309
2456606.72458892
2456606.72603462
2456606.72748023
2456606.72892604
2456606.73326324
2456606.73470890
2456606.73615470
