2450255.57457176 -305 -093
2450255.57703704 -303 -100
2450255.58159722 -362 -114
2450255.58402778 -354 -112
2450256.56313657 -014 -036
2450256.56530093 -055 -031
2450256.56733796 -015 -024
2450256.56928241 -058 -023
2450260.61912037 -043 -019
2450260.62427083 +096 +017
2450260.62754630 -045 -017
2450260.63082176 -003 -010
2450291.59537257 +152 -052
2450291.59597396 +144 -033
2450291.59657604 +138 -054
2450291.59717870 +164 -027
2450291.59777940 +157 -051
2450291.59837002 +160 -057
2450291.59958542 +151 -053
2450291.60018750 +151 -048
2450321.52970949 +134 -045
2450321.53038009 +135 -044
2450321.54483681 +127 -035
2450321.56433924 +134 -092
2450321.56502130 +141 -048
2450674.59864583 +253 -193
2450674.60118056 +281 -192
2450674.71082176 +369 -162
2450674.71335648 +280 -191
2453463.56013727 -130 -160
2453463.56240475 -157 -175
2453463.56364144 -167 -140
2453463.56487893 -188 -164
2453463.56611678 -178 -136
2453463.56859178 -179 -146
2453463.56982940 -172 -138
2453463.57106736 -194 -174
2453464.61584988 -154 -187
2453464.61708623 -126 -151
2453464.61832350 -146 -161
2453464.61956169 -138 -200
2453464.62203461 -149 -191
2453464.62328113 -164 -142
2453464.62451840 -151 -159
2453464.62575694 -118 -149
2453464.62699907 -123 -133
2453796.73934016 -104 -007
2453796.74219387 -114 -010
2453796.74504734 -075 -024
2453796.74646863 -124 -016
2453796.74790012 -097 +006
2453796.75074988 -081 -031
2453796.75667986 -117 -009
2453796.75952373 -090 -023
2453796.76094560 -065 -026
2453796.76237708 -075 -002
2453804.73402870 -084 -079
2453804.73980914 -062 -008
2453804.74236736 -046 -034
2453804.74697523 -039 -113
2453804.74851470 -033 -053
2453804.75005197 -074 -001
2453804.75314653 -026 -062
2453804.75468391 -077 -063
2453804.75622130 -095 -076
2453804.75775880 -019 -028
2453804.76239051 -064 -046
2453804.76546100 -056 -067
2453808.72073900 -166 -027
2453808.72312234 -139 -034
2453808.72726609 -117 -002
2453808.72881354 -084 -023
2453808.73035081 -117 -031
2453808.73651042 -116 +004
2453808.73804734 -119 -020
2453808.73958484 -174 +009
2453920.45846354 -257 -026
2453920.46000104 -243 -030
2453920.46153843 -271 -019
2453920.46308576 -265 -018
2453920.46463310 -218 -037
2453920.46924560 -260 -012
2453920.47387731 -273 -021
2453920.47541458 -224 -018
2453920.47696181 -235 -022
2453920.47850903 -237 -019
2453920.48159363 -216 -022
2453920.48621574 -209 -003
2453920.50069491 -227 -007
2453920.50223472 -244 -030
2453920.50840428 -230 -005
2453920.51147882 -266 +003
2453920.51456331 -254 -014
2453920.51610139 -243 -027
2453920.51917604 -228 +001
2453920.52227049 -247 -017
2453920.52380787 -227 -018
2453978.45940938 -059 -002
2453978.46083137 +045 -123
2453978.46367593 -162 -036
2453978.46509803 -007 -042
2453978.46796146 +136 -015
2453978.46938310 -045 -121
2453978.47222708 +109 -089
2453978.47365868 +041 -126
2453978.47508032 -028 -079
2453978.47650197 -230 -020
2453978.47792361 +032 -041
2453979.41392106 +175 -061
2453979.41583472 +019 -111
2453979.41702488 +130 +022
2453979.42060521 +030 -021
2453979.42180521 +120 -093
2453979.42537569 +132 -051
2453979.42657569 +039 -050
2453979.43133634 +054 -082
2453979.43253634 +109 -032
2454208.64438137 -192 -214
2454208.64547326 -189 -189
2454208.64655509 -227 -196
2454208.64763750 -216 -169
2454208.64871910 -213 -235
2454208.64980046 -187 -173
2454208.65088229 -230 -227
2454208.65196377 -249 -217
2454208.65304560 -163 -169
2454208.65412743 -230 -200
2454208.65631065 -212 -164
2454330.57369271 +154 -141
2454330.57398032 +106 -142
2454330.57447731 +113 -171
2454330.57643090 +119 -153
2454330.57670845 +126 -166
2454330.57698611 +117 -154
2454330.57754120 +116 -149
2454330.57781875 +117 -155
2454330.57866516 +138 -155
2454330.57894317 +113 -148
2454330.57922072 +131 -146
2454330.57949826 +109 -137
2454330.58005370 +110 -151
2454330.58033183 +138 -167
2454330.58060938 +154 -130
2454330.58116690 +147 -167
2454330.58144468 +162 -166
2454330.58173264 +159 -154
2454330.58202037 +117 -162
2454330.58229792 +173 -144
2454330.58257546 +112 -161
2454330.58314433 +159 -148
2454330.58342187 +177 -147
2454330.58369942 +145 -135
2454330.58397743 +156 -129
2454330.58425498 +147 -158
2454330.58453252 +168 -141
2454330.58481007 +179 -140
2454330.58508773 +144 -148
2454330.58536528 +168 -142
2454330.58564282 +173 -146
2454332.51822384 +000 -131
2454332.51909572 +010 -131
2454332.52039896 +025 -120
2454332.52093900 +010 -124
2454332.52137002 +017 -132
2454332.52180116 +015 -127
2454332.52223229 +014 -145
2454332.52354560 -006 -132
2454332.52430914 +006 -119
2454332.52517951 +008 -134
2454332.52561065 +018 -123
2454332.52605162 +036 -129
2454332.52692396 +006 -124
2454332.52735208 +014 -143
2454332.52821435 +036 -142
2454332.52865521 -006 -137
2454332.52909606 +025 -125
2454332.52952697 +031 -146
2454332.52995787 -003 -123
2454332.53038877 +015 -143
2454332.53081979 +017 -137
2454332.53126065 +031 -144
2454332.53214225 +027 -139
2454332.53300451 +022 -133
2454332.53386655 +027 -128
2454332.53515938 +014 -128
2454332.53604120 +031 -132
2454332.53690336 +036 -127
2454332.53733426 +025 -117
2454332.53821644 +029 -118
2454332.53865729 +017 -140
2454332.53995035 +008 -141
2454332.54039120 +036 -145
2454332.54083206 +010 -142
2454332.54211435 +025 -127
2454351.48667060 -066 -052
2454351.48784664 -087 -050
2454351.48862627 -068 -081
2454351.49018634 -018 -068
2454351.49175428 -008 -083
2454351.49254410 -053 -096
2454351.49645579 -075 -052
2454351.49724537 -061 -090
2454351.49802500 -053 -085
2454351.49881447 -050 -069
2454351.50195278 -035 -073
2454351.50697917 -031 -088
2454574.78289271 +022 +002
2454574.78571331 +071 +021
2454574.79414514 +095 +055
2454574.79695625 +008 +050
2454574.79977674 +064 +069
2454574.80258727 +043 +016
2454574.80821308 -022 +038
2454612.73134583 -075 -016
2454612.73444016 -098 +000
2454612.73819387 +036 +014
2454612.74066493 +060 +005
2454612.74313530 -088 -004
2454612.74560625 -073 -024
2454612.74807697 -006 -011
2454612.75055741 -163 +033
2454612.75549907 +000 +000
2454612.75796979 -235 +044
2454690.49973229 +114 -043
2454690.50258576 +131 -033
2454690.50400764 +158 -109
2454690.51128113 +129 -045
2454690.51625995 +070 -086
2454690.60335544 +158 -019
2454690.60625417 +169 -051
2454690.61051979 +107 -072
2454729.54704803 +093 -006
2454729.54898252 +043 -003
2454729.55075833 -033 -055
2454729.55253461 -064 -023
2454729.55431053 +021 -090
2454729.55786238 +100 -061
2454729.55963819 +029 -072
2454729.56141412 +012 -015
2454729.56318912 +058 -041
2454729.56688356 +049 -143
2454729.56865764 +052 -140
2454729.57043183 +117 -099
2454729.57220579 -021 +026
2455003.78317211 +174 -155
2455003.78497894 +184 -161
2455003.78678056 +183 -157
2455003.79036956 +184 -142
2455003.79216470 +136 -142
2455003.79754630 +127 -143
2455003.80113380 +177 -142
2455003.80292674 +190 -140
2455006.80057049 +167 -242
2455006.80168032 +187 -202
2455006.80277812 +187 -233
2455006.80387755 +151 -223
2455006.80497743 +213 -215
2455006.80607685 +156 -263
2455006.80717477 +177 -240
2455006.80827431 +153 -229
2455006.80937303 +170 -237
2455006.81047164 +202 -238
2455030.79565035 +207 -146
2455030.79696204 +141 -109
2455030.79827535 +130 -238
2455030.80089479 +152 -195
2455030.80483484 +416 -147
2455030.80614792 +184 -176
2455383.84000000 +064 +067
2455383.84120370 +094 +082
2455383.84180556 +082 +093
2455383.84241898 +115 +056
2455383.84362269 +049 -006
2455383.84423611 +076 +114
2455383.84483796 +051 +097
2455383.84543981 +139 -017
2455489.64674769 +097 -124
2455489.64946759 +117 -152
2455489.65167824 +054 -131
2455489.65240741 +093 -183
2455489.65314815 +094 -150
2455489.65461806 +079 -159
2455489.65534722 +133 -133
2456606.71500487 -066 +109
2456606.71736017 -063 +141
2456606.72025150 -091 +125
2456606.72169740 -083 +134
2456606.72314309 -048 +126
2456606.72458892 -047 +141
2456606.72603462 -025 +124
2456606.72748023 -021 +109
2456606.72892604 -057 +111
2456606.73326324 -109 +126
2456606.73470890 -040 +123
2456606.73615470 -047 +142
2451039.47498553 +097 -048
2451039.48057627 +088 -053
2451039.48384884 +127 -041
2451039.48711088 +102 -073
2451039.49037488 +118 +055
2451039.49691111 +154 +051
2451039.50017280 +114 -012
2451039.50344525 +111 -005
2451039.50670914 +096 -011
2451039.50997315 +139 -020
2451039.52249363 +061 +036
2451460.52286238 +159 -131
2451460.53973160 +075 -225
2451460.54346400 +103 -149
2451460.54875683 -136 -238
2451460.55249282 -052 -234
2451460.55623681 +229 -210
2451460.55998241 +075 -193
2451460.56372245 +100 -193
2451463.45505139 -001 -098
2451463.45923183 +034 -076
2451463.46441921 +038 -100
2451463.46815266 +022 -089
2451463.47189144 +127 -076
2451463.47562442 +068 -105
2451463.47936331 +109 -087
2451463.50168310 -049 -115
2451463.50652222 -007 -124
2451463.51118576 +086 -114
2451492.33885671 +099 -030
2451492.34227488 +050 -100
2451492.34732975 +074 -136
2451492.35343148 +129 -102
2451492.35768634 +096 -065
2451492.36209167 +090 -051
2451492.36611921 +055 -087
2451492.37064387 +120 -085
2451492.37553252 +114 -114
2451492.37879826 +151 -072
2451492.38206042 +095 -075
2451492.38532986 +129 -068
2451514.39978495 -040 -109
2451514.40476215 +187 -249
2451514.40897975 +185 -244
2451514.41109016 +176 -223
2451514.41320428 +191 -227
2451516.45590868 -074 -161
2451516.45824896 +013 -111
2451516.46299144 -039 +054
2451516.46533403 -010 -034
2451516.46767257 +001 -205
2451516.47000833 -025 -160
2451516.47235683 -046 -055
2451516.47470104 -028 -153
2451516.47717917 +003 -211
2451517.44712245 -033 -192
2451517.44971667 +019 -061
2451517.45494282 -034 -132
2451517.45762535 -003 -113
2451517.46031123 -022 -136
2451517.46299329 -064 -146
2451517.46567720 -034 -161
2451517.46837361 -047 -083
2451517.47106505 -059 -125
2451521.29544363 +004 -140
2451521.30274884 +000 -135
2451521.30919051 -001 -152
2451521.31625324 -044 -159
2451521.32373982 +036 -135
2451873.45415625 +122 -062
2451873.45650035 +149 -042
2451873.45884583 +099 -049
2451873.46119491 +088 -043
2451873.46353518 +105 -033
2452235.50563183 -056 -102
2452235.51003079 -055 -095
2452235.51239306 -056 -091
2452235.51474873 -084 -102
2452235.51710579 -073 -103
2452235.51946146 -073 -104
2452235.52181400 -088 -079
2452235.52417049 -052 -086
2452235.52652627 -037 -105
2452235.52887662 -056 -114
2452261.42368484 -097 -079
2452261.42696817 -070 -093
2452261.43024375 -071 -062
2452261.43352650 -099 -081
2452261.43680208 -088 -058
2452261.44168148 -086 -070
2452261.44495498 -071 -073
2452261.44822812 -089 -071
2452261.45151007 -100 -055
2452261.45478333 -066 -058
2452264.59511053 -014 -066
2452264.59938333 -093 -066
2452264.60173368 -078 -078
2452264.60408854 -103 -081
2452264.60644039 -073 -088
2452264.60879271 -118 -099
2452285.41196088 -100 -093
2452285.41495231 -145 -059
2452285.41730660 -071 -065
2452285.41966100 -063 -055
2452285.42201863 -083 -065
2452285.42437685 -082 -050
2452285.42672384 -126 -048
2452285.42907639 -109 -039
2452285.43143449 -090 -023
2452285.43378854 -096 -065
2452313.48213079 -070 -134
2452313.48668796 -015 -029
2452313.48996863 -031 -025
2452313.49325243 +010 -008
2452313.49652847 -055 +010
2452314.40899676 -018 -100
2452314.41267824 -029 -036
2452314.41973322 -049 -093
2452362.34777431 -051 -022
2452362.35082072 +052 +023
2452362.35387083 -079 -020
2452362.35998345 -085 -023
2452637.62589803 -124 -126
2452637.63178437 -084 -081
2452637.63483542 -071 -118
2452637.63788484 -052 -150
2452637.64093414 -127 -112
2452638.64887315 -068 -134
2452638.65294792 -013 -139
2452638.65622106 -072 -109
2452638.66277998 -039 -138
2452638.66606042 -013 -151
2452638.66933403 -055 -149
2452638.67261065 -063 -141
2452638.67589248 -029 -165
2452638.67916736 +026 -120
2452638.68244063 -111 -111
2452654.46125324 -078 -158
2452654.46520868 -047 -118
2452654.46689850 -099 -155
2452654.46855069 -043 -152
2452654.47020521 -058 -192
2452654.47186204 -092 -176
2452654.47352176 -092 -121
2452724.31175301 -072 -137
2452724.31796725 -089 -153
2452724.38682685 -075 -165
2452724.39068738 -055 -181
2452724.39454190 -078 -164
2452724.39839803 -081 -157
2452726.38473900 -101 -233
2452726.38859931 -102 -182
2452726.40016215 -053 -296
2452726.40401366 -048 -115
2452726.41822650 -087 -265
2452726.42207905 -085 -236
2452726.42593970 -089 -272
2452726.42979329 -072 -226
2452726.43364572 -078 -207
2452726.43750336 -111 -176
2453090.55997801 +006 +018
2453090.56792558 -056 +109
2453090.57292326 -039 -032
2453090.57666620 -081 -045
2453090.58041088 -105 -141
2453090.58416123 -124 +071
2453090.59165243 -113 +033
2453090.59540486 +033 -024
2453115.36683299 -222 +009
2453115.37462535 -241 +042
2453115.37767095 -191 +034
2453115.38072269 -160 +007
2453115.38377083 -183 +044
2453115.38682222 -213 +015
2453115.38987407 -192 +028
2453115.39292685 -211 +018
2453116.34490648 -188 +112
2453116.35188576 -217 -007
2453116.35517234 -203 +052
2453116.35845972 -183 +040
2453116.36174387 -228 +060
2453116.36502697 -182 +027
2453116.36831042 -197 +051
2453116.37159606 -203 +059
2453116.37488137 -167 +008
2453143.40866238 -170 +133
2453143.41269549 +001 +038
2453143.41575197 -090 +008
2453143.41880023 -078 +083
2453143.42184907 -052 +005
2453143.42489977 -080 +065
2453143.42794734 -126 +171
2453143.43099792 -013 +075
2453143.43404641 -160 +203
2453143.43710336 -092 -002
2453143.44015266 -050 -024
2453147.33850660 -040 +158
2453147.34346227 -322 -030
2453147.36987407 -179 +025
2453147.37292280 -164 +004
2453147.37597338 -206 +057
2453147.37902639 -154 +001
2453147.38207581 -126 -032
2453147.39123113 -300 +161
2453437.52715590 -188 -164
2453437.53137338 -115 -163
2453437.53441968 -100 -157
2453437.53747049 -139 -174
2453437.54052373 -192 -179
2453437.54357662 -104 -164
2453437.54663090 -173 -104
2453437.54967778 -092 -114
2453437.55272731 -160 -138
2453440.54013611 -127 -106
2453440.54510185 -146 -108
2453440.54815405 -137 -062
2453440.55120093 -186 -103
2453440.55425104 -181 -029
2453440.55729954 -224 -066
2453440.56035255 -142 -061
2453440.56340394 -175 -021
2453440.56645231 -234 -090
2453473.54714213 -233 -249
2453473.55226713 -048 -219
2453473.55647280 -030 -160
2453473.56068576 -223 -147
2453473.56489062 -058 -157
2453494.44561319 -123 -153
2453494.45229259 -201 -148
2453494.45649861 -162 -190
2453494.46071331 -160 -165
2453494.46492546 -169 -188
2453494.46913935 -148 -171
2453494.47335104 -202 -172
2453494.47756678 -216 -183
2453503.39954653 -259 -084
2453503.40531227 -274 -107
2453503.40976574 -246 -046
2453503.41422176 -204 -127
2453503.41868067 -184 -131
2453503.42313426 -217 -104
2453503.42758171 -241 -125
2453503.43202928 -234 -086
2453880.40388056 -212 -035
2453880.40796470 -191 +038
2453880.43208704 -175 -039
2453880.43594456 -178 -047
2453880.43980150 -453 -124
2454353.50485505 +013 +028
2454353.50599227 +001 +040
2454353.50712475 -007 +039
2454353.50826001 -031 +043
2454353.50938890 -022 +030
2454353.51051327 -040 +016
2454353.51164703 -008 +011
2454353.51293327 -014 +007
2454353.51406459 -001 +003
2454620.70732523 +033 +010
2454620.71154717 -006 +051
2454620.71475645 +043 -006
2454971.91656241 +177 -289
2454971.91773082 +162 -263
2454971.91888314 +177 -272
2454971.92004507 +139 -261
2454971.92234266 +137 -232
2454971.92347137 +146 -260
2454971.92578064 +174 -285
2454971.92694095 +181 -253
2454973.82595317 +093 -098
2454973.82829289 +085 -083
2454973.82945459 +093 -076
2454973.83430395 +098 -101
2454973.83547306 +105 -106
2454973.83662874 +101 -116
2454973.83778396 +102 -100
2454973.83890930 +108 -102
2454973.84005433 +107 -085
2454973.84121349 +105 -085
2454973.84461827 +126 -111
2454973.84656987 +131 -110
2454973.84850306 +134 -113
2454973.85044239 +107 -113
2454973.85230463 +131 -118
2454973.85423852 +112 -105
2454973.85611673 +104 -101
2454973.85825214 +108 -106
2454973.86085995 +127 -076
2454973.86280657 +123 -107
2454973.86474092 +131 -095
2454973.86667956 +114 -106
2454973.86854492 +127 -088
2454973.87047765 +131 -090
2454973.87235355 +142 -083
2454973.87428731 +133 -090
2454975.83673787 +149 -044
2454975.83904680 +134 -054
2454975.84018153 +131 -018
2454975.84134531 +140 -052
2454975.84249590 +067 -028
2454975.84361928 +171 -037
2454975.84476570 +175 -062
2454975.86863389 -034 -106
2454975.87298587 -001 -085
2454975.87414178 -013 -056
2454975.87529919 +026 -097
2454975.87871918 +000 -101
2454975.88068797 +026 -051
2454975.88185140 -006 -073
2454975.88300789 -004 -066
2454975.88416334 -019 -021
2454975.88528811 +010 -077
2454975.88645965 -028 -086
2454975.88761313 +007 -037
2454975.88876952 +020 -079
