2451042.49680185
2451042.50124097
2451042.50568484
2451042.51012847
2451042.51456655
2451042.52789456
2451042.53233449
2451042.53677257
2451163.23487407
2451163.24384838
2451163.24943588
2451163.25987164
2451163.26546076
2451163.27379734
2451163.27937662
2451462.43208692
2451462.43757477
2451462.44602384
2451462.45279583
2451462.46023889
2451462.46467037
2451462.46910833
2451462.47354340
2451462.48240972
2451466.47358275
2451466.47802778
2451466.48465706
2451466.49019444
2451466.49463241
2451466.49907118
2451466.50795231
2451466.51682500
2451466.52128993
2451493.36794792
2451493.37359190
2451493.37962847
2451493.38289884
2451493.38616424
2451493.38942697
2451493.39269525
2451514.45155382
2451514.46230810
2451514.46557211
2451514.47211215
2451901.27767396
2451901.28233090
2451901.28874896
2451901.29318356
2451901.29762431
2451901.30206007
2452234.56615671
2452234.57059826
2452234.57504514
2452234.57949086
2452235.53389630
2452235.53897477
2452235.54342870
2452235.54788414
2452235.55233137
2452235.55678056
2452235.56123333
2452235.56568750
2452235.57013287
2452235.57458380
2452262.58399919
2452262.58774699
2452262.59149514
2452263.61533715
2452263.62283345
2452263.62658021
2452263.63033148
2452283.37729363
2452283.38210637
2452283.38630741
2452283.39050787
2452283.39470856
2452283.39891319
2452283.40732141
2452283.41152824
2452283.41573565
2452283.41994479
2452723.46968935
2452723.47717604
2452723.48466678
