2450256.60480324
2450256.60846065
2450256.61138889
2450256.61431713
2450289.55085937
2450289.55296493
2450289.55356690
2450289.55537234
2450289.55657569
2450290.64397222
2450290.64457431
2450290.64517627
2450290.64636759
2450290.64698113
2450290.64758380
2450290.64818519
2450674.61259259
2450674.61582176
2450674.72437500
2450674.72760417
2450675.62665509
2450675.63348380
2450675.71663194
2450675.71987269
2454690.57121481
2454690.57877361
2454690.58065787
2454729.49268218
2454729.49422118
2454729.49732037
2454729.49886887
2454729.50195521
2454729.50349306
2454729.50656875
2454733.47919757
2454733.48263507
2454733.48604815
2454733.48946065
2454733.49288507
2455030.85642338
2455030.85928322
2455030.86214213
2455030.86783819
2455367.78717593
2455367.78953704
2455367.79071759
2455367.79189815
2455367.79309028
2455367.79545139
2455367.79781250
2455367.79900463
2455367.80018519
2455367.80136574
2455367.80255787
2455367.80373843
2455367.80491898
2455367.80609954
2455367.80728009
2455367.80847222
2455367.80965278
