 19 06 20.8891 -22 28 17.309   16    8 2450256.60480324 18.2 C  PE 874
 19 06 20.7627 -22 28 17.388   16    8 2450256.60846065 18.1 C  PE 874
 19 06 20.6615 -22 28 17.454   16    8 2450256.61138889 18.1 C  PE 874
 19 06 20.5624 -22 28 17.498   16    8 2450256.61431713 18.1 C  PE 874
 18 45 37.9322 -22 43 06.685   52   52 2450289.55085937 18.3 un PE 874
 18 45 37.8570 -22 43 06.884   52   52 2450289.55296493 18.2 un PE 874
 18 45 37.8354 -22 43 06.864   52   52 2450289.55356690 18.3 un PE 874
 18 45 37.7631 -22 43 06.961   52   52 2450289.55537234 18.3 un PE 874
 18 45 37.7141 -22 43 07.005   52   52 2450289.55657569 18.3 un PE 874
 18 44 58.4129 -22 43 45.109   63   40 2450290.64397222 17.6 un PE 874
 18 44 58.3957 -22 43 45.065   63   40 2450290.64457431 18.4 un PE 874
 18 44 58.3708 -22 43 45.052   63   40 2450290.64517627 18.3 un PE 874
 18 44 58.3316 -22 43 45.113   63   40 2450290.64636759 17.0 un PE 874
 18 44 58.3146 -22 43 45.103   63   40 2450290.64698113 18.1 un PE 874
 18 44 58.2901 -22 43 45.131   63   40 2450290.64758380 18.4 un PE 874
 18 44 58.2700 -22 43 45.126   63   40 2450290.64818519 16.7 un PE 874
 21 13 26.8445 -17 36 44.949   56   53 2450674.61259259 17.0 un PE 874
 21 13 26.7534 -17 36 45.433   56   53 2450674.61582176 17.5 un PE 874
 21 13 23.7013 -17 37 00.579   56   53 2450674.72437500 17.6 un PE 874
 21 13 23.6140 -17 37 01.005   56   53 2450674.72760417 17.8 un PE 874
 21 12 59.2974 -17 39 07.368   40   20 2450675.62665509 18.2 un PE 874
 21 12 59.1123 -17 39 08.271   40   20 2450675.63348380 18.1 un PE 874
 21 12 56.7964 -17 39 19.745   40   20 2450675.71663194 18.1 un PE 874
 21 12 56.7039 -17 39 20.203   40   20 2450675.71987269 18.0 un PE 874
 23 52 07.9610 -02 08 55.619   45    6 2451042.49680185 18.2 R  OH 511
 23 52 07.8877 -02 08 55.981   45    6 2451042.50124097 18.2 R  OH 511
 23 52 07.8113 -02 08 56.334   45    6 2451042.50568484 18.2 R  OH 511
 23 52 07.7348 -02 08 56.706   45    6 2451042.51012847 18.2 R  OH 511
 23 52 07.6522 -02 08 57.073   45    6 2451042.51456655 18.2 R  OH 511
 23 52 07.4237 -02 08 58.163   45    6 2451042.52789456 18.3 R  OH 511
 23 52 07.3410 -02 08 58.530   45    6 2451042.53233449 18.2 R  OH 511
 23 52 07.2618 -02 08 58.901   45    6 2451042.53677257 18.2 R  OH 511
 23 22 41.6417 -05 42 39.409   76   42 2451163.23487407 18.7 R  OH 511
 23 22 41.8307 -05 42 38.251   76   42 2451163.24384838 18.7 R  OH 511
 23 22 41.9460 -05 42 37.577   76   42 2451163.24943588 18.4 R  OH 511
 23 22 42.1792 -05 42 36.267   76   42 2451163.25987164 19.2 R  OH 511
 23 22 42.2940 -05 42 35.627   76   42 2451163.26546076 18.5 R  OH 511
 23 22 42.4704 -05 42 34.487   76   42 2451163.27379734 18.7 R  OH 511
 23 22 42.5793 -05 42 33.902   76   42 2451163.27937662 18.8 R  OH 511
 01 57 35.5431 +09 44 23.902  111   58 2451462.43208692 17.4 R  OH 511
 01 57 35.3618 +09 44 22.880  111   58 2451462.43757477 17.8 R  OH 511
 01 57 35.0842 +09 44 21.269  111   58 2451462.44602384 17.6 R  OH 511
 01 57 34.8649 +09 44 19.998  111   58 2451462.45279583 17.6 R  OH 511
 01 57 34.6153 +09 44 18.654  111   58 2451462.46023889 17.5 R  OH 511
 01 57 34.4627 +09 44 17.761  111   58 2451462.46467037 17.0 R  OH 511
 01 57 34.3305 +09 44 17.050  111   58 2451462.46910833 17.3 R  OH 511
 01 57 34.1898 +09 44 16.252  111   58 2451462.47354340 16.9 R  OH 511
 01 57 33.8714 +09 44 14.404  111   58 2451462.48240972 17.7 R  OH 511
 01 55 23.1867 +09 31 49.254   43   66 2451466.47358275 17.8 R  OH 511
 01 55 23.0382 +09 31 48.497   43   66 2451466.47802778 18.0 R  OH 511
 01 55 22.8185 +09 31 47.352   43   66 2451466.48465706 18.0 R  OH 511
 01 55 22.6309 +09 31 46.330   43   66 2451466.49019444 18.0 R  OH 511
 01 55 22.4871 +09 31 45.476   43   66 2451466.49463241 17.9 R  OH 511
 01 55 22.3314 +09 31 44.717   43   66 2451466.49907118 17.6 R  OH 511
 01 55 22.0333 +09 31 43.099   43   66 2451466.50795231 18.0 R  OH 511
 01 55 21.7353 +09 31 41.424   43   66 2451466.51682500 17.3 R  OH 511
 01 55 21.5868 +09 31 40.515   43   66 2451466.52128993 17.9 R  OH 511
 01 41 23.6992 +08 21 38.012   16   17 2451493.36794792 18.1 R  OH 511
 01 41 23.5457 +08 21 37.428   16   17 2451493.37359190 18.2 R  OH 511
 01 41 23.3816 +08 21 36.754   16   17 2451493.37962847 18.3 R  OH 511
 01 41 23.2905 +08 21 36.390   16   17 2451493.38289884 18.3 R  OH 511
 01 41 23.2053 +08 21 36.002   16   17 2451493.38616424 18.3 R  OH 511
 01 41 23.1157 +08 21 35.642   16   17 2451493.38942697 18.3 R  OH 511
 01 41 23.0257 +08 21 35.294   16   17 2451493.39269525 18.3 R  OH 511
 01 34 29.7633 +08 00 19.452   95   76 2451514.45155382 18.2 R  OH 511
 01 34 29.6246 +08 00 19.552   95   76 2451514.46230810 18.4 R  OH 511
 01 34 29.5754 +08 00 19.483   95   76 2451514.46557211 18.2 R  OH 511
 01 34 29.4984 +08 00 19.379   95   76 2451514.47211215 18.3 R  OH 511
 04 08 51.4157 +20 13 54.800   56   21 2451901.27767396 17.6 R  OH 511
 04 08 51.2796 +20 13 54.321   56   21 2451901.28233090 17.6 R  OH 511
 04 08 51.0954 +20 13 53.683   56   21 2451901.28874896 17.4 R  OH 511
 04 08 50.9725 +20 13 53.276   56   21 2451901.29318356 18.0 R  OH 511
 04 08 50.8372 +20 13 52.822   56   21 2451901.29762431 17.8 R  OH 511
 04 08 50.7148 +20 13 52.333   56   21 2451901.30206007 17.7 R  OH 511
 07 07 15.3546 +21 56 26.660   27   22 2452234.56615671 18.3 R  OH 511
 07 07 15.2549 +21 56 26.837   27   22 2452234.57059826 17.1 R  OH 511
 07 07 15.1597 +21 56 26.943   27   22 2452234.57504514 18.0 R  OH 511
 07 07 15.0638 +21 56 27.052   27   22 2452234.57949086 18.0 R  OH 511
 07 06 54.7524 +21 56 54.467   39   26 2452235.53389630 18.1 R  OH 511
 07 06 54.6403 +21 56 54.582   39   26 2452235.53897477 18.4 R  OH 511
 07 06 54.5369 +21 56 54.776   39   26 2452235.54342870 18.1 R  OH 511
 07 06 54.4467 +21 56 54.871   39   26 2452235.54788414 18.2 R  OH 511
 07 06 54.3392 +21 56 55.000   39   26 2452235.55233137 18.0 R  OH 511
 07 06 54.2425 +21 56 55.160   39   26 2452235.55678056 18.1 R  OH 511
 07 06 54.1442 +21 56 55.266   39   26 2452235.56123333 18.2 R  OH 511
 07 06 54.0470 +21 56 55.399   39   26 2452235.56568750 17.6 R  OH 511
 07 06 53.9432 +21 56 55.591   39   26 2452235.57013287 18.2 R  OH 511
 07 06 53.8438 +21 56 55.739   39   26 2452235.57458380 18.0 R  OH 511
 06 52 34.1578 +22 21 00.914   46   24 2452262.58399919 17.9 R  OH 511
 06 52 34.0121 +22 21 01.150   46   24 2452262.58774699 18.2 R  OH 511
 06 52 33.8645 +22 21 01.461   46   24 2452262.59149514 18.0 R  OH 511
 06 51 53.3814 +22 22 14.867   28   16 2452263.61533715 16.5 R  OH 511
 06 51 53.0795 +22 22 15.405   28   16 2452263.62283345 17.4 R  OH 511
 06 51 52.9315 +22 22 15.629   28   16 2452263.62658021 17.6 R  OH 511
 06 51 52.7757 +22 22 15.919   28   16 2452263.63033148 17.5 R  OH 511
 06 38 34.1482 +22 47 21.352   47   25 2452283.37729363 17.8 R  OH 511
 06 38 33.9604 +22 47 21.716   47   25 2452283.38210637 18.2 R  OH 511
 06 38 33.7960 +22 47 22.115   47   25 2452283.38630741 17.9 R  OH 511
 06 38 33.6297 +22 47 22.403   47   25 2452283.39050787 18.0 R  OH 511
 06 38 33.4566 +22 47 22.757   47   25 2452283.39470856 18.0 R  OH 511
 06 38 33.2860 +22 47 23.067   47   25 2452283.39891319 18.1 R  OH 511
 06 38 32.9500 +22 47 23.755   47   25 2452283.40732141 17.9 R  OH 511
 06 38 32.7896 +22 47 24.102   47   25 2452283.41152824 18.3 R  OH 511
 06 38 32.6217 +22 47 24.417   47   25 2452283.41573565 17.9 R  OH 511
 06 38 32.4533 +22 47 24.707   47   25 2452283.41994479 17.7 R  OH 511
 08 47 01.7405 +18 28 39.201   60   26 2452723.46968935 18.3 R  OH 511
 08 47 01.6634 +18 28 39.325   60   26 2452723.47717604 18.4 R  OH 511
 08 47 01.5799 +18 28 39.360   60   26 2452723.48466678 18.3 R  OH 511
 16 43 20.3817 -22 09 26.366   58   61 2454353.55469836 19.3 RE E  809
 16 43 20.4307 -22 09 26.409   58   61 2454353.55650366 19.2 RE E  809
 16 43 20.4745 -22 09 26.441   58   61 2454353.55832273 19.2 RE E  809
 16 43 20.5279 -22 09 26.545   58   61 2454353.56032289 19.3 RE E  809
 16 43 20.5735 -22 09 26.598   58   61 2454353.56207134 19.2 RE E  809
 16 43 20.6213 -22 09 26.682   58   61 2454353.56390072 19.3 RE E  809
 16 43 20.6668 -22 09 26.739   58   61 2454353.56567638 19.2 RE E  809
 16 43 20.7155 -22 09 26.774   58   61 2454353.56749974 19.2 RE E  809
 16 43 20.7596 -22 09 26.843   58   61 2454353.56923915 19.2 RE E  809
 16 43 20.8409 -22 09 27.019   58   61 2454353.57201206 19.4 RE E  809
 16 43 20.8929 -22 09 27.053   58   61 2454353.57384213 19.4 RE E  809
 16 43 20.9384 -22 09 27.119   58   61 2454353.57567279 19.3 RE E  809
 16 43 20.9845 -22 09 27.149   58   61 2454353.57753274 19.3 RE E  809
 16 43 21.0338 -22 09 27.194   58   61 2454353.57930851 19.3 RE E  809
 16 43 21.0830 -22 09 27.301   58   61 2454353.58114276 19.2 RE E  809
 16 43 21.1281 -22 09 27.323   58   61 2454353.58290788 19.4 RE E  809
 16 43 21.1788 -22 09 27.371   58   61 2454353.58475543 19.4 RE E  809
 16 43 21.2266 -22 09 27.414   58   61 2454353.58650018 19.4 RE E  809
 19 34 34.4687 -22 01 09.675    6   10 2454621.86793985 18.1 RE E  809
 19 34 34.4171 -22 01 09.716    6   10 2454621.87124871 18.3 RE E  809
 19 00 37.1522 -22 34 21.281  108   44 2454690.57121481 18.5 I  BC 874
 19 00 36.9487 -22 34 21.607  108   44 2454690.57877361 18.5 I  BC 874
 19 00 36.8876 -22 34 21.592  108   44 2454690.58065787 18.2 I  BC 874
 18 52 26.1133 -22 59 20.994   20    6 2454729.49268218 18.2 I  PE 874
 18 52 26.1228 -22 59 21.029   20    6 2454729.49422118 19.1 I  PE 874
 18 52 26.1372 -22 59 21.119   20    6 2454729.49732037 18.9 I  PE 874
 18 52 26.1448 -22 59 21.165   20    6 2454729.49886887 19.2 I  PE 874
 18 52 26.1594 -22 59 21.258   20    6 2454729.50195521 18.8 I  PE 874
 18 52 26.1673 -22 59 21.290   20    6 2454729.50349306 19.1 I  PE 874
 18 52 26.1780 -22 59 21.391   20    6 2454729.50656875 19.1 I  PE 874
 18 52 55.0442 -23 01 13.312   23   17 2454733.47919757 18.9 I  PE 874
 18 52 55.0735 -23 01 13.389   23   17 2454733.48263507 17.4 I  PE 874
 18 52 55.1027 -23 01 13.464   23   17 2454733.48604815 19.0 I  PE 874
 18 52 55.1343 -23 01 13.559   23   17 2454733.48946065 19.4 I  PE 874
 18 52 55.1638 -23 01 13.601   23   17 2454733.49288507 17.5 I  PE 874
 21 54 23.5678 -13 10 49.722   24   24 2454971.91773082 18.9 RE E  809
 21 54 23.5820 -13 10 49.678   24   24 2454971.91888314 18.7 RE E  809
 21 54 23.5983 -13 10 49.606   24   24 2454971.92004507 18.8 RE E  809
 21 54 23.6326 -13 10 49.517   24   24 2454971.92234266 18.8 RE E  809
 21 54 23.6497 -13 10 49.441   24   24 2454971.92347137 18.6 RE E  809
 21 54 23.6782 -13 10 49.285   24   24 2454971.92578064 18.8 RE E  809
 21 54 23.6974 -13 10 49.274   24   24 2454971.92694095 18.6 RE E  809
 21 54 23.7383 -13 10 49.117   24   24 2454971.92966440 18.6 RE E  809
 21 54 23.7530 -13 10 49.082   24   24 2454971.93081788 18.6 RE E  809
 21 54 23.7689 -13 10 48.985   24   24 2454971.93196581 18.7 RE E  809
 21 54 23.8040 -13 10 48.948   24   24 2454971.93427231 18.7 RE E  809
 21 54 50.3399 -13 09 26.275   31   20 2454973.76546379 19.4 RE E  809
 21 54 50.3609 -13 09 26.211   31   20 2454973.76663197 19.2 RE E  809
 21 54 50.3743 -13 09 26.179   31   20 2454973.76779136 19.3 RE E  809
 21 54 50.3928 -13 09 26.123   31   20 2454973.76894426 19.2 RE E  809
 21 54 50.4075 -13 09 26.077   31   20 2454973.77006880 19.3 RE E  809
 21 54 50.4180 -13 09 26.068   31   20 2454973.77122946 19.2 RE E  809
 21 54 50.4565 -13 09 25.991   31   20 2454973.77377140 18.6 RE E  809
 21 54 50.4725 -13 09 25.945   31   20 2454973.77492164 18.6 RE E  809
 21 54 50.4878 -13 09 25.873   31   20 2454973.77605116 18.5 RE E  809
 21 54 50.5016 -13 09 25.828   31   20 2454973.77720811 18.5 RE E  809
 21 54 50.5163 -13 09 25.779   31   20 2454973.77836414 18.5 RE E  809
 21 54 50.5362 -13 09 25.775   31   20 2454973.77951368 18.6 RE E  809
 21 54 50.5479 -13 09 25.705   31   20 2454973.78067943 18.5 RE E  809
 21 55 03.7116 -13 08 48.694   18   17 2454974.76236432 18.4 RE E  809
 21 55 03.7268 -13 08 48.670   18   17 2454974.76353377 18.4 RE E  809
 21 55 03.7557 -13 08 48.603   18   17 2454974.76584398 18.8 RE E  809
 21 55 03.7840 -13 08 48.487   18   17 2454974.76815754 18.6 RE E  809
 21 55 03.7985 -13 08 48.464   18   17 2454974.76928034 18.5 RE E  809
 21 55 03.8123 -13 08 48.414   18   17 2454974.77042884 18.5 RE E  809
 21 55 03.8304 -13 08 48.363   18   17 2454974.77158510 18.6 RE E  809
 21 55 03.8446 -13 08 48.339   18   17 2454974.77274506 18.5 RE E  809
 21 55 03.8601 -13 08 48.260   18   17 2454974.77422115 18.6 RE E  809
 21 55 03.8754 -13 08 48.259   18   17 2454974.77538273 18.7 RE E  809
 21 55 03.8922 -13 08 48.191   18   17 2454974.77653853 18.7 RE E  809
 21 55 03.9043 -13 08 48.181   18   17 2454974.77769641 18.6 RE E  809
 21 55 03.9179 -13 08 48.116   18   17 2454974.77884966 18.6 RE E  809
 21 55 03.9361 -13 08 48.108   18   17 2454974.78000997 19.0 RE E  809
 21 55 03.9504 -13 08 48.080   18   17 2454974.78116854 18.8 RE E  809
 21 55 03.9636 -13 08 48.020   18   17 2454974.78232723 18.6 RE E  809
 21 55 03.9787 -13 08 47.980   18   17 2454974.78348279 18.9 RE E  809
 21 55 16.3896 -13 08 15.921   36   16 2454975.76499427 19.2 RE E  809
 21 55 16.4397 -13 08 15.832   36   16 2454975.76906311 18.6 RE E  809
 21 55 16.4616 -13 08 15.796   36   16 2454975.77134033 18.5 RE E  809
 21 55 16.5100 -13 08 15.642   36   16 2454975.77505867 18.7 RE E  809
 21 55 16.5480 -13 08 15.539   36   16 2454975.77861831 19.0 RE E  809
 21 55 16.5669 -13 08 15.498   36   16 2454975.77989715 18.2 RE E  809
 21 55 16.6026 -13 08 15.444   36   16 2454975.78327195 18.5 RE E  809
 21 55 16.6422 -13 08 15.344   36   16 2454975.78656210 18.6 RE E  809
 21 55 16.6588 -13 08 15.307   36   16 2454975.78807904 18.4 RE E  809
 21 55 16.6724 -13 08 15.268   36   16 2454975.78922419 18.5 RE E  809
 21 55 16.6887 -13 08 15.240   36   16 2454975.79035301 18.4 RE E  809
 21 55 16.7016 -13 08 15.212   36   16 2454975.79150881 18.4 RE E  809
 21 55 16.7175 -13 08 15.186   36   16 2454975.79263613 18.5 RE E  809
 21 55 16.7687 -13 08 15.036   36   16 2454975.79721891 18.5 RE E  809
 21 55 16.8090 -13 08 14.947   36   16 2454975.80092359 18.8 RE E  809
 21 55 16.8375 -13 08 14.892   36   16 2454975.80305252 18.3 RE E  809
 21 55 16.8506 -13 08 14.839   36   16 2454975.80417822 18.5 RE E  809
 21 55 16.8640 -13 08 14.799   36   16 2454975.80530786 18.4 RE E  809
 21 55 16.8787 -13 08 14.786   36   16 2454975.80645544 18.3 RE E  809
 21 55 16.8892 -13 08 14.739   36   16 2454975.80757639 18.3 RE E  809
 21 55 16.9032 -13 08 14.698   36   16 2454975.80872188 18.4 RE E  809
 21 55 16.9169 -13 08 14.679   36   16 2454975.80984458 18.4 RE E  809
 21 55 16.9299 -13 08 14.643   36   16 2454975.81099228 18.3 RE E  809
 21 55 16.9434 -13 08 14.613   36   16 2454975.81214969 18.4 RE E  809
 21 55 16.9569 -13 08 14.605   36   16 2454975.81330803 18.4 RE E  809
 21 55 17.3823 -13 08 13.533   36   16 2454975.84930392 18.6 RE E  809
 21 55 17.4505 -13 08 13.384   36   16 2454975.85504308 18.8 RE E  809
 21 55 17.4838 -13 08 13.326   36   16 2454975.85788484 18.7 RE E  809
 21 55 17.4996 -13 08 13.254   36   16 2454975.85925360 18.7 RE E  809
 21 48 04.5755 -14 35 29.223   85   23 2455030.85642338 17.9 C  BC 874
 21 48 04.5097 -14 35 29.785   85   23 2455030.85928322 18.2 C  BC 874
 21 48 04.4414 -14 35 30.256   85   23 2455030.86214213 18.2 C  BC 874
 21 48 04.2868 -14 35 31.338   85   23 2455030.86783819 16.8 C  BC 874
 00 05 04.4291 -01 15 04.383   14   16 2455367.78717593 18.7 R  PE 874
 00 05 04.4831 -01 15 04.057   14   16 2455367.78953704 18.8 R  PE 874
 00 05 04.5076 -01 15 03.874   14   16 2455367.79071759 18.8 R  PE 874
 00 05 04.5346 -01 15 03.709   14   16 2455367.79189815 18.7 R  PE 874
 00 05 04.5599 -01 15 03.541   14   16 2455367.79309028 18.6 R  PE 874
 00 05 04.6146 -01 15 03.218   14   16 2455367.79545139 18.7 R  PE 874
 00 05 04.6681 -01 15 02.831   14   16 2455367.79781250 18.8 R  PE 874
 00 05 04.6931 -01 15 02.655   14   16 2455367.79900463 18.7 R  PE 874
 00 05 04.7193 -01 15 02.506   14   16 2455367.80018519 18.7 R  PE 874
 00 05 04.7456 -01 15 02.359   14   16 2455367.80136574 18.6 R  PE 874
 00 05 04.7729 -01 15 02.163   14   16 2455367.80255787 18.7 R  PE 874
 00 05 04.7997 -01 15 01.994   14   16 2455367.80373843 18.8 R  PE 874
 00 05 04.8266 -01 15 01.850   14   16 2455367.80491898 18.8 R  PE 874
 00 05 04.8510 -01 15 01.671   14   16 2455367.80609954 18.9 R  PE 874
 00 05 04.8793 -01 15 01.482   14   16 2455367.80728009 18.7 R  PE 874
 00 05 04.9040 -01 15 01.346   14   16 2455367.80847222 18.7 R  PE 874
 00 05 04.9301 -01 15 01.144   14   16 2455367.80965278 18.6 R  PE 874
