2450256.60480324 -215 +028
2450256.60846065 -213 +019
2450256.61138889 -211 +009
2450256.61431713 -180 +021
2450289.55085937 +011 +105
2450289.55296493 +054 -020
2450289.55356690 +065 +021
2450289.55537234 -007 -012
2450289.55657569 -065 -014
2450290.64397222 -037 -045
2450290.64457431 +030 +019
2450290.64517627 -010 +052
2450290.64636759 +051 +030
2450290.64698113 +126 +060
2450290.64758380 +093 +052
2450290.64818519 +119 +077
2450674.61259259 +184 -076
2450674.61582176 +180 -103
2450674.72437500 +070 -012
2450674.72760417 +109 +011
2450675.62665509 +010 -009
2450675.63348380 +087 +036
2450675.71663194 +040 +009
2450675.71987269 +000 -006
2454690.57121481 -191 -054
2454690.57877361 +024 -089
2454690.58065787 -066 -001
2454729.49268218 -080 +019
2454729.49422118 -047 +028
2454729.49732037 -048 +024
2454729.49886887 -043 +021
2454729.50195521 -041 +014
2454729.50349306 -032 +025
2454729.50656875 -083 +009
2454733.47919757 +004 +035
2454733.48263507 +006 +041
2454733.48604815 +010 +049
2454733.48946065 +046 +037
2454733.49288507 +051 +077
2455030.85642338 -083 +077
2455030.85928322 +039 +042
2455030.86214213 +125 +099
2455030.86783819 +025 +068
2455367.78717593 +072 -039
2455367.78953704 +088 -055
2455367.79071759 +060 -042
2455367.79189815 +067 -048
2455367.79309028 +046 -053
2455367.79545139 +073 -071
2455367.79781250 +084 -026
2455367.79900463 +058 -023
2455367.80018519 +055 -044
2455367.80136574 +054 -068
2455367.80255787 +063 -045
2455367.80373843 +069 -047
2455367.80491898 +076 -073
2455367.80609954 +046 -065
2455367.80728009 +075 -047
2455367.80847222 +046 -083
2455367.80965278 +042 -052
2451042.49680185 -027 -026
2451042.50124097 +031 -024
2451042.50568484 +046 -013
2451042.51012847 +061 -021
2451042.51456655 -018 -025
2451042.52789456 +045 -023
2451042.53233449 -031 -026
2451042.53677257 -057 -033
2451163.23487407 -070 -025
2451163.24384838 -075 +010
2451163.24943588 -113 -015
2451163.25987164 +078 -012
2451163.26546076 +028 -072
2451163.27379734 +031 +023
2451163.27937662 -104 -092
2451462.43208692 +012 +063
2451462.43757477 +010 +066
2451462.44602384 +031 +033
2451462.45279583 +098 +028
2451462.46023889 +044 +075
2451462.46467037 -044 +011
2451462.46910833 +170 +130
2451462.47354340 +259 +162
2451462.48240972 -111 -027
2451466.47358275 -047 -150
2451466.47802778 -030 -084
2451466.48465706 +024 -002
2451466.49019444 +007 +002
2451466.49463241 +092 -030
2451466.49907118 +001 +034
2451466.50795231 +018 +063
2451466.51682500 +031 +033
2451466.52128993 +059 -047
2451493.36794792 -034 +010
2451493.37359190 -036 +055
2451493.37962847 -036 +054
2451493.38289884 -068 +055
2451493.38616424 -016 +031
2451493.38942697 -030 +035
2451493.39269525 -046 +051
2451514.45155382 +223 -142
2451514.46230810 +138 +033
2451514.46557211 +006 -013
2451514.47211215 +059 -071
2451901.27767396 -004 +064
2451901.28233090 -056 +053
2451901.28874896 -082 +061
2451901.29318356 -035 +100
2451901.29762431 -162 +094
2451901.30206007 -107 +052
2452234.56615671 +011 -029
2452234.57059826 -047 +020
2452234.57504514 -040 -001
2452234.57949086 -043 -019
2452235.53389630 +000 -003
2452235.53897477 +018 -047
2452235.54342870 -036 +008
2452235.54788414 +095 -036
2452235.55233137 -017 -045
2452235.55678056 +022 -023
2452235.56123333 +042 -055
2452235.56568750 +078 -059
2452235.57013287 +019 -004
2452235.57458380 +024 +008
2452262.58399919 +010 +017
2452262.58774699 +068 -010
2452262.59149514 +101 +039
2452263.61533715 +021 +020
2452263.62283345 +018 +032
2452263.62658021 +057 -006
2452263.63033148 -011 +022
2452283.37729363 -093 -024
2452283.38210637 -043 -040
2452283.38630741 -006 +028
2452283.39050787 +006 -014
2452283.39470856 -076 +009
2452283.39891319 -122 -011
2452283.40732141 -138 +018
2452283.41152824 -041 +036
2452283.41573565 -046 +022
2452283.41994479 -057 -017
2452723.46968935 +036 +073
2452723.47717604 +028 +111
2452723.48466678 -073 +061
2454353.55469836 -004 +022
2454353.55650366 +018 +032
2454353.55832273 -038 +054
2454353.56032289 -025 +009
2454353.56207134 -031 +007
2454353.56390072 -033 -023
2454353.56567638 -050 -028
2454353.56749974 -040 -009
2454353.56923915 -063 -027
2454353.57201206 +053 -122
2454353.57384213 +107 -103
2454353.57567279 +069 -115
2454353.57753274 +029 -091
2454353.57930851 +064 -084
2454353.58114276 +076 -137
2454353.58290788 +057 -108
2454353.58475543 +085 -102
2454353.58650018 +110 -094
2454621.86793985 +021 -032
2454621.87124871 +029 -046
2454971.91773082 +045 -233
2454971.91888314 +010 -246
2454971.92004507 +003 -231
2454971.92234266 +019 -255
2454971.92347137 +031 -235
2454971.92578064 -041 -193
2454971.92694095 -006 -239
2454971.92966440 +018 -216
2454971.93081788 -012 -238
2454971.93196581 -020 -197
2454971.93427231 +006 -274
2454973.76546379 -026 -032
2454973.76663197 +051 -012
2454973.76779136 +019 -024
2454973.76894426 +063 -013
2454973.77006880 +056 -010
2454973.77122946 -019 -045
2454973.77377140 +045 -065
2454973.77492164 +053 -063
2454973.77605116 +056 -034
2454973.77720811 +031 -033
2454973.77836414 +019 -029
2454973.77951368 +083 -069
2454973.78067943 +026 -043
2454974.76236432 +169 -062
2454974.76353377 +174 -077
2454974.76584398 +167 -087
2454974.76815754 +150 -047
2454974.76928034 +155 -061
2454974.77042884 +143 -050
2454974.77158510 +193 -037
2454974.77274506 +186 -051
2454974.77422115 +139 -021
2454974.77538273 +148 -059
2454974.77653853 +178 -029
2454974.77769641 +142 -058
2454974.77884966 +127 -031
2454974.78000997 +178 -061
2454974.78116854 +174 -072
2454974.78232723 +152 -050
2454974.78348279 +159 -048
2454975.76499427 +016 +001
2454975.76906311 +038 -024
2454975.77134033 -039 -052
2454975.77505867 +020 -002
2454975.77861831 -044 +001
2454975.77989715 +010 +006
2454975.78327195 -054 -035
2454975.78656210 -047 -027
2454975.78807904 -067 -033
2454975.78922419 -067 -026
2454975.79035301 -023 -030
2454975.79150881 -035 -034
2454975.79263613 +001 -040
2454975.79721891 -042 -019
2454975.80092359 -092 -034
2454975.80305252 -044 -039
2454975.80417822 -045 -018
2454975.80530786 -045 -010
2454975.80645544 -028 -029
2454975.80757639 -067 -014
2454975.80872188 -060 -005
2454975.80984458 -053 -018
2454975.81099228 -060 -014
2454975.81214969 -061 -017
2454975.81330803 -063 -041
2454975.84930392 +003 +011
2454975.85504308 +025 -003
2454975.85788484 +029 -026
2454975.85925360 +028 +007
