OBSERVATORIO (?=LISTA SITIOS, X=PROMPT, G=GEOCENTRICO, H=HELIOCENTRICO, OU CODIGO IAU): NOME/ID DO OBJETO DO SISTEMA SOLAR: EFEMERIDE DE/LE (EX: de421, <ENTER>=CANONICO JPL): Arquivo com datas: Alvo: ELARA (    507)     Efemerides: jup300+de421   Sitio: 874 (OPD/LNA) (314°25'02.5"E 22°32'07.8"S  1810.7 m)

     Data Cal. UTC                  JD_UTC         JD_TT (Obs.)      R.A.__(ICRF//J2000.0)__DEC     R.A.__(ap./sem atms.)__DEC            DIST (km)           APmag        S-O-A (°)     X_(sat-primario)_Y      AZ (°)   EL (°)       Hour Angle       AZ__SOL__EL (°)    L-O-A (°)    JD_TT (El. Orb.)    Semi-eixo maior (km)       Excentricidade          Inclinacao (°)      Long. Nodo Ascend. (°)    Arg. Periastro (°)       Anom. Media (°)       Anom. Verdadeira (°)      Per. Orbital (s)       Pass. Periast. (JD_TT)
1996-JUN-22 01:17:21.500      2450256.553721065 2450256.554440787   19 00 03.4869  -22 24 03.971   18 59 52.4205  -22 24 10.528    0.6363181119053504E+09      n.d.       167.0898 G   -1969.305    1079.027    97.8755  52.5076     -02 42 48.641    277.3531 -65.4151     128.1      2450256.529874287   0.1169686752736324E+08  0.2236405468391980E+00  0.2751013279500388E+02  0.7288166949772682E+02  0.1839923192598856E+03  0.3510509477702858E+03  0.3455843360584453E+03  0.2233155652184374E+08      2450262.954972850
1996-JUN-25 01:41:18.500      2450259.570353009 2450259.571072732   18 58 46.2695  -22 27 57.279   18 58 35.2320  -22 28 03.459    0.6354691196392144E+09      n.d.       170.2696 G   -1713.628    1012.096    96.0137  61.0263     -02 05 40.867    276.6087 -70.7538      90.7      2450259.546538989   0.1170925843447415E+08  0.2244773297489587E+00  0.2750263008577268E+02  0.7288344537595040E+02  0.1840070952172007E+03  0.3552523571418510E+03  0.3523160534579914E+03  0.2236705083397137E+08      2450262.960594067
1996-JUN-26 02:33:36.250      2450260.606669561 2450260.607389283   18 58 19.6274  -22 29 20.420   18 58 08.6013  -22 29 26.463    0.6352490049409792E+09      n.d.       171.3625 G   -1620.073     986.055    93.1570  74.1067     -01 08 51.344    277.9393 -82.6978      77.2      2450260.582864016   0.1170523635696452E+08  0.2242054966178785E+00  0.2750827783690077E+02  0.7288298183861394E+02  0.1839903798596222E+03  0.3567019324562325E+03  0.3546625161370081E+03  0.2235552735191773E+08      2450262.953299947
1996-JUL-25 00:23:14.132      2450289.516135787 2450289.516855509   18 46 31.7341  -23 11 58.271   18 46 20.8722  -23 12 01.101    0.6432273640956386E+09      n.d.       158.2888 S    1408.615    -170.297    95.8253  73.0786     -01 13 27.053    273.6351 -51.3879      53.3      2450289.492022224   0.1174333039663892E+08  0.2273271261137303E+00  0.2753091920659134E+02  0.7289744561386853E+02  0.1834327084077379E+03  0.3705764182037348E+02  0.5687675663649792E+02  0.2246474832265635E+08      2450262.727278238
1996-JUL-27 02:06:33.205      2450291.587884318 2450291.588604040   18 45 47.4563  -23 14 51.361   18 45 36.5991  -23 14 54.021    0.6448168802803147E+09      n.d.       156.1359 S    1602.439    -265.743   263.5570  81.0435     +00 38 46.382    259.8587 -75.0806      24.5      2450291.563709381   0.1172779549532650E+08  0.2269640369033666E+00  0.2753863611200632E+02  0.7292712661180897E+02  0.1830804825921713E+03  0.4019901157454439E+02  0.6108066801172001E+02  0.2242018615060356E+08      2450262.587715214
1996-OCT-01 22:27:48.364      2450358.435976435 2450358.436696157   18 43 16.9087  -23 48 24.180   18 43 05.1390  -23 48 27.989    0.7525092179268601E+09      n.d.        90.8377 S    2927.161   -1637.783   262.0866  70.1893     +01 26 06.015    256.8350 -20.5720     150.3      2450358.407643836   0.1164148978189943E+08  0.2236572768301122E+00  0.2754959206118806E+02  0.7296495586672118E+02  0.1808480390365301E+03  0.1361941553672678E+03  0.1507885577725554E+03  0.2217315432146947E+08      2450261.318715575
1997-AUG-14 03:36:11.500      2450674.650133102 2450674.650864398   21 20 31.7909  -16 52 03.902   21 20 24.9516  -16 52 29.110    0.5960955415501747E+09      n.d.       175.6663 S    3233.355     -77.372   296.7981  78.2333     +00 43 51.694    138.5077 -79.3028      55.4      2450674.627850723   0.1173201932164048E+08  0.1969670256972725E+00  0.2751124038206831E+02  0.7281959047277374E+02  0.1808338839224369E+03  0.2148734633205701E+03  0.2042072094033085E+03  0.2243229936041370E+08      2450779.293550181
1997-AUG-15 03:32:59.000      2450675.647905093 2450675.648636389   21 19 56.0860  -16 54 14.374   21 19 49.2557  -16 54 39.464    0.5961384471125137E+09      n.d.       174.6026 S    3161.145     -62.674   295.8773  77.9782     +00 45 10.922    142.6910 -79.4988      41.4      2450675.625621058   0.1173776967097344E+08  0.1964338797811052E+00  0.2750410248880792E+02  0.7281221779283426E+02  0.1807727893742548E+03  0.2163171213133220E+03  0.2052647244123986E+03  0.2244879388183104E+08      2450779.326345338
1998-AUG-15 02:56:21.394      2451040.622469838 2451040.623201135   23 47 09.7140  -02 40 40.082   23 47 06.0359  -02 41 03.256    0.6126609277122725E+09      n.d.       146.1054 G   -3168.576    -194.496    64.6956  50.7321     -02 19 47.717    197.0310 -81.2435      61.0      2451040.599547971   0.1167024869022686E+08  0.1790779580754199E+00  0.2743284892970271E+02  0.7107677452623194E+02  0.1783625994511864E+03  0.5572423108008208E+01  0.8126811575811780E+01  0.2225536923396944E+08      2451036.612397321
1998-AUG-19 22:46:08.927      2451045.448714433 2451045.449445729   23 45 27.6304  -02 56 12.377   23 45 24.0459  -02 56 34.764    0.6083188110770212E+09      n.d.       151.2307 G   -3244.039    -424.826    93.6073  -1.0110     -06 09 16.507    272.7850 -27.7475     125.3      2451045.425960396   0.1167077956937990E+08  0.1790048496720853E+00  0.2743099749783131E+02  0.7107420872336834E+02  0.1785467010896278E+03  0.1219312940934179E+02  0.1771181937100950E+02  0.2225688784504369E+08      2451036.701001749
1998-DEC-15 20:08:48.011      2451163.339444572 2451163.340175868   23 29 11.9442  -05 11 37.746   23 29 07.9855  -05 12 02.578    0.7402312941670767E+09      n.d.        87.2208 S    3770.874     -32.767    34.1089  69.4652     -00 45 34.033    252.0539  19.3030     122.5      2451163.311597561   0.1167257285819886E+08  0.1992478879409485E+00  0.2769371746910558E+02  0.7015230224399882E+02  0.1802238070077780E+03  0.1738721246849298E+03  0.1758227846569278E+03  0.2226201790868634E+08      2451038.866370145
1999-OCT-08 22:14:51.157      2451460.426980983 2451460.427723854   02 05 46.5901  +10 55 46.803   02 05 46.2427  +10 55 42.000    0.6026526503185247E+09      n.d.       162.0379 G    4184.029     881.662    78.4643  -0.7306     -05 44 50.992    255.8114 -17.0401     154.7      2451460.404457272   0.1164822438657852E+08  0.2154580810075231E+00  0.2854014769332229E+02  0.6870384282557730E+02  0.1820092232413008E+03  0.2259542844208655E+03  0.2111796085662608E+03  0.2219239786667480E+08      2451556.044756027
1999-OCT-11 22:19:40.378      2451463.430328449 2451463.431071320   02 04 22.5022  +10 50 09.377   02 04 22.1841  +10 50 04.656    0.6002983381048756E+09      n.d.       165.3466 G    4230.542    1022.635    76.7984   3.3802     -05 26 47.279    254.0958 -17.7922     167.2      2451463.407895613   0.1165700948058201E+08  0.2152685470258268E+00  0.2852475502346169E+02  0.6868173836617160E+02  0.1817712105657839E+03  0.2305035392128348E+03  0.2144679119831698E+03  0.2221750886863774E+08      2451555.906891434
1999-NOV-10 01:20:20.766      2451492.555795903 2451492.556538773   01 48 58.2558  +09 48 22.448   01 48 58.1438  +09 48 18.564    0.5981760178872682E+09      n.d.       161.5606 S    3545.570    2027.208     7.2826  57.4261     -00 15 53.152    209.8093 -45.2679     141.4      2451492.533444811   0.1164865655394162E+08  0.2190137517060317E+00  0.2855896549526593E+02  0.6872239993690262E+02  0.1815936509594168E+03  0.2718558205697125E+03  0.2473192141018391E+03  0.2219363293719372E+08      2451555.426949307
1999-NOV-14 21:18:02.255      2451497.387526100 2451497.388268970   01 46 29.2125  +09 38 26.761   01 46 29.1054  +09 38 22.906    0.6015767097001631E+09      n.d.       156.0840 S    3229.832    2096.048    67.6334  23.7387     -03 56 39.641    250.1713   0.0501      83.2      2451497.365043825   0.1164940956366423E+08  0.2192875100548849E+00  0.2855910844282181E+02  0.6871808006678300E+02  0.1815770949148385E+03  0.2786806375086105E+03  0.2535989337877344E+03  0.2219578498254534E+08      2451555.394463989
1999-DEC-02 23:06:24.324      2451515.462781528 2451515.463524398   01 38 41.1623  +09 07 33.454   01 38 40.9808  +09 07 29.215    0.6231950949490329E+09      n.d.       135.8583 S    1663.883    2027.030    22.1810  56.1213     -00 49 13.661    234.8754 -19.3424     168.4      2451515.439464528   0.1169975690935129E+08  0.2208250719483722E+00  0.2856174059827489E+02  0.6859976546507227E+02  0.1806921470241467E+03  0.3050408134868571E+03  0.2811779129786755E+03  0.2233983160680970E+08      2451554.912811106
1999-DEC-03 20:36:03.330      2451516.358371875 2451516.359114746   01 38 22.9299  +09 06 21.378   01 38 22.7316  +09 06 17.046    0.6246106398970604E+09      n.d.       134.8733 S    1575.080    2009.666    62.0658  32.5786     -03 15 44.553    250.7350  11.7810     175.9      2451516.335000298   0.1170659137636138E+08  0.2213106081029121E+00  0.2856095702191261E+02  0.6860702481019655E+02  0.1806131755264868E+03  0.3063983729058339E+03  0.2827199207695899E+03  0.2235940933886582E+08      2451554.867045096
1999-DEC-05 22:59:29.480      2451518.457980092 2451518.458722963   01 37 42.1062  +09 03 41.383   01 37 41.8945  +09 03 36.936    0.6280406435989013E+09      n.d.       132.5704 S    1364.618    1963.893    19.7488  56.6679     -00 43 20.896    235.6580 -17.5689     154.4      2451518.434476019   0.1170267456096242E+08  0.2213042756912947E+00  0.2856052714500135E+02  0.6861131868266129E+02  0.1807006735886945E+03  0.3092431739522114E+03  0.2861354645041192E+03  0.2234818869186795E+08      2451554.903197917
2000-NOV-21 02:52:17.217      2451869.619643716 2451869.620386586   04 17 52.9791  +19 59 01.058   04 17 56.3578  +19 59 06.623    0.6075717851477070E+09      n.d.       172.8529 G   -3223.427   -2137.381     9.0828  46.9971     -00 26 18.872    178.5721 -47.4989     115.2      2451869.596929909   0.1165341924625532E+08  0.2262905285701615E+00  0.2974162609657952E+02  0.6820163103613817E+02  0.1846916243830352E+03  0.7262900674903914E+02  0.9871115093704931E+02  0.2220724552609210E+08      2451817.742178584
2000-NOV-24 22:13:37.618      2451873.426129838 2451873.426872708   04 15 46.4328  +19 52 05.991   04 15 49.8287  +19 52 11.576    0.6080488025069580E+09      n.d.       176.9974 G   -3172.011   -2265.586    64.5529   7.9713     -04 47 51.511    242.3968 -10.0884     164.1      2451873.403397760   0.1164154459744124E+08  0.2255802373891899E+00  0.2973717706544203E+02  0.6823848657325679E+02  0.1844602275735299E+03  0.7824953210073593E+02  0.1041758024633108E+03  0.2217331092963405E+08      2451817.621144501
2000-NOV-28 22:41:17.562      2451877.445342153 2451877.446085023   04 13 34.4726  +19 45 08.322   04 13 37.9320  +19 45 14.101    0.6092666897415836E+09      n.d.       177.6027 S   -3076.991   -2375.223    59.1430  17.3397     -04 02 08.887    238.5538 -15.0102     145.5      2451877.422563017   0.1165833503600628E+08  0.2246269175884682E+00  0.2973885026628935E+02  0.6822608516905306E+02  0.1848603575866231E+03  0.8358172987293869E+02  0.1091142585045883E+03  0.2222129861119428E+08      2451817.710160177
2001-DEC-19 23:37:54.283      2452263.484656053 2452263.485398924   06 55 00.2935  +22 57 45.080   06 55 07.6582  +22 57 35.299    0.6415199161674522E+09      n.d.       165.4710 G    1505.794     403.399    59.2040  11.1212     -04 25 02.414    230.1247 -22.7837     136.4      2452263.460631745   0.1176741535497299E+08  0.2053583148878913E+00  0.3061947675449634E+02  0.6859194778477240E+02  0.1951713656494078E+03  0.2458690545709066E+03  0.2267917836153463E+03  0.2253389478755006E+08      2452346.145004054
2002-JAN-10 21:27:37.584      2452285.394185000 2452285.394927870   06 43 54.1477  +23 26 12.271   06 44 01.8452  +23 26 04.361    0.6370108910890776E+09      n.d.       169.6178 G    2779.574    1075.327    62.4300   4.2793     -04 57 50.459    248.1201   4.4083     158.5      2452285.370334800   0.1170463089967310E+08  0.2056908137231404E+00  0.3062510675408130E+02  0.6860900049212097E+02  0.1966857234975826E+03  0.2744682929147031E+03  0.2511511115676314E+03  0.2235379285357936E+08      2452346.840179920
2002-FEB-07 20:56:34.462      2452313.372621088 2452313.373363959   06 31 15.5929  +23 46 58.800   06 31 23.3047  +23 46 54.075    0.6597679209525701E+09      n.d.       138.2681 S    2878.628    1475.672    50.4706  21.8252     -03 25 56.570    257.7143  10.2217     171.0      2452313.347892236   0.1164150450067117E+08  0.2067703661711811E+00  0.3062341613681820E+02  0.6865991029134757E+02  0.1982279126291868E+03  0.3121854394927557E+03  0.2914503282792308E+03  0.2217319637300753E+08      2452347.433593099
2002-FEB-08 20:45:45.320      2452314.365107871 2452314.365850741   06 30 55.1959  +23 47 14.953   06 31 02.9054  +23 47 10.319    0.6611098714585664E+09      n.d.       137.1849 S    2843.394    1472.923    51.4670  20.6446     -03 32 30.529    258.9532  12.5674     176.5      2452314.340327214   0.1164506992010350E+08  0.2066204745843022E+00  0.3063343317844006E+02  0.6863688154639972E+02  0.1981108129883028E+03  0.3136735794357882E+03  0.2933163722848962E+03  0.2218338356119029E+08      2452347.380346389
2003-JAN-28 23:29:04.724      2452668.478526899 2452668.479269769   09 01 54.7818  +17 15 47.130   09 02 05.6378  +17 15 03.777    0.6412835822431045E+09      n.d.       175.6553 G   -3048.859   -1018.288    61.6286  18.2778     -04 04 06.505    238.4079 -21.3924     132.3      2452668.454511685   0.1168329085712736E+08  0.1968508257327895E+00  0.3054647358506362E+02  0.6829051385992133E+02  0.1982451509382628E+03  0.8448513679267248E+02  0.1068949932848577E+03  0.2229268711736863E+08      2452607.902790987
2003-JAN-29 23:23:24.505      2452669.474589178 2452669.475332049   09 01 18.3448  +17 18 10.240   09 01 29.2267  +17 17 26.944    0.6413430626546533E+09      n.d.       176.8131 G   -3115.550   -1019.393    61.7427  18.0260     -04 05 14.680    239.4720 -20.3837     145.9      2452669.450571669   0.1169080336194377E+08  0.1966159121464400E+00  0.3054820303324516E+02  0.6828577344216583E+02  0.1984405860748670E+03  0.8569843921282258E+02  0.1080089522044469E+03  0.2231419229606395E+08      2452607.970008010
2003-MAR-24 19:23:07.286      2452723.307723218 2452723.308466088   08 39 23.2064  +18 55 22.910   08 39 34.1072  +18 54 46.043    0.7104099825118827E+09      n.d.       123.6173 G   -3405.677    -526.702    61.0893  15.9378     -04 11 22.362    282.2338  23.5965     142.6      2452723.281039254   0.1166279912740150E+08  0.1930224484420437E+00  0.3053053914715524E+02  0.6827244597054860E+02  0.1967538612592045E+03  0.1633560951642181E+03  0.1684892403586818E+03  0.2223406296429094E+08      2452606.509250883
2003-MAR-26 23:58:51.857      2452725.499211308 2452725.499954178   08 39 13.7370  +18 56 55.004   08 39 24.6378  +18 56 18.370    0.7152496077233431E+09      n.d.       121.4031 S   -3312.619    -488.856   348.2962  47.7421     +00 33 10.096    253.1750 -39.9275     171.9      2452725.472340386   0.1167210568518403E+08  0.1921542476491583E+00  0.3052914927897151E+02  0.6827161914913819E+02  0.1968741145558519E+03  0.1662716059836883E+03  0.1704998840680346E+03  0.2226068142827804E+08      2452606.474164866
2004-JAN-22 03:03:29.602      2453026.627425949 2453026.628168819   11 15 43.0478  +06 10 34.163   11 15 55.9042  +06 09 13.781    0.7086549914692882E+09      n.d.       133.9347 G   -3023.411    1283.220    64.3177  35.0921     -03 11 29.735    183.5441 -47.5480     137.3      2453026.600809666   0.1170283923378546E+08  0.1797730981719202E+00  0.3040970006529899E+02  0.6723201337700500E+02  0.1960347828002259E+03  0.2259228547749957E+03  0.2132343510578290E+03  0.2234866039843152E+08      2453122.937119653
2004-APR-20 19:56:58.020      2453116.331227083 2453116.331969954   10 48 18.0958  +09 23 01.668   10 48 31.7480  +09 21 41.981    0.7107015606230212E+09      n.d.       128.8847 S    2832.033     -73.161    67.9366  23.8139     -03 56 57.403    287.3113   9.8442     115.1      2453116.304531831   0.1167937466733915E+08  0.1672215669821593E+00  0.3043266141334913E+02  0.6664526492222772E+02  0.1966364019482943E+03  0.3495321228311546E+03  0.3451662208488490E+03  0.2228147943473224E+08      2453123.803239067
2005-APR-04 02:34:46.871      2453464.607486933 2453464.608229803   12 51 40.6302  -04 21 53.133   12 51 57.7262  -04 23 43.035    0.6556074542793379E+09      n.d.       178.6757 G   -1550.292   -1353.724    22.5259  70.5099     -00 29 27.691    204.8297 -71.6030     119.1      2453464.582918563   0.1177381986848802E+08  0.1767613969920660E+00  0.3082639109099432E+02  0.6506306929315235E+02  0.1966648498258948E+03  0.1145623653140376E+03  0.1311972513555172E+03  0.2255229367943479E+08      2453381.518228904
2005-APR-12 21:31:37.767      2453473.396964896 2453473.397707766   12 46 46.6216  -03 50 30.376   12 47 03.7028  -03 52 20.603    0.6576811397110754E+09      n.d.       169.2119 S   -2227.032   -1020.389    87.1404  16.9318     -04 53 03.616    275.6391  -9.9911     120.8      2453473.372316628   0.1175797881806308E+08  0.1785747562618405E+00  0.3088592865397301E+02  0.6500308755481404E+02  0.1965090345885566E+03  0.1267785860412709E+03  0.1410822472066933E+03  0.2250679461891452E+08      2453381.635575434
2005-MAY-03 22:10:59.618      2453494.424301134 2453494.425044004   12 36 50.4735  -02 43 49.462   12 37 07.5343  -02 45 40.041    0.6778568014523977E+09      n.d.       146.0398 S   -3387.809    -139.976    68.9785  46.3000     -02 40 51.472    278.6711 -22.2756     158.5      2453494.398873839   0.1172797045819930E+08  0.1817482204618015E+00  0.3100299045208815E+02  0.6495366910272475E+02  0.1963114073831658E+03  0.1559931332367923E+03  0.1629862947892927E+03  0.2242068787083003E+08      2453381.954385982
2006-FEB-28 06:10:31.544      2453794.757309537 2453794.758063981   15 03 14.1461  -16 01 17.315   15 03 35.1175  -16 02 52.415    0.7397008581296206E+09      n.d.       111.4970 G   -2879.156     646.876    75.5044  69.2429     -01 23 40.432    120.3511 -37.2795     115.6      2453794.729506153   0.1168205588765882E+08  0.1962113177588654E+00  0.3184828664631823E+02  0.6441457576219523E+02  0.1974530916372763E+03  0.2123961777990877E+03  0.2024746287451631E+03  0.2228915257464979E+08      2453900.502529354
2006-MAR-01 06:14:40.633      2453795.760192512 2453795.760946956   15 03 15.2088  -16 00 38.092   15 03 36.2015  -16 02 13.310    0.7375939407750213E+09      n.d.       112.5028 G   -2909.876     688.408    73.3100  71.0376     -01 15 35.200    119.1762 -36.6330     130.6      2453795.732470467   0.1168602656758047E+08  0.1959847268756114E+00  0.3184155993790993E+02  0.6440370655099952E+02  0.1973537077495345E+03  0.2139344276349547E+03  0.2035799628271818E+03  0.2230051751907537E+08      2453900.456552754
2006-MAR-03 06:11:20.149      2453797.757872095 2453797.758626539   15 03 15.2408  -15 59 10.690   15 03 36.2771  -16 00 46.082    0.7334550292652283E+09      n.d.       114.5134 G   -2968.446     771.212    71.8676  72.0267     -01 11 03.217    118.9294 -37.6700     159.3      2453797.730309839   0.1168543544072266E+08  0.1963523889580321E+00  0.3184153018634874E+02  0.6440396609744961E+02  0.1972346713647390E+03  0.2169104833333031E+03  0.2056945578923743E+03  0.2229882546385894E+08      2453900.312876643
2006-MAR-09 05:38:23.058      2453803.734989097 2453803.735743542   15 02 58.9312  -15 53 37.766   15 03 20.1533  -15 55 13.991    0.7215799864676881E+09      n.d.       120.5836 G   -3120.630    1018.124    74.2622  69.9762     -01 20 10.257    122.8030 -45.3298     122.6      2453803.707885304   0.1167452872358822E+08  0.1975793378405131E+00  0.3185824443610170E+02  0.6443372523748586E+02  0.1972831156436697E+03  0.2252386735269192E+03  0.2116787595472108E+03  0.2226761350463145E+08      2453900.184644990
2006-MAR-10 05:13:46.761      2453804.717902326 2453804.718656771   15 02 53.9400  -15 52 33.106   15 03 15.1902  -15 54 09.515    0.7197068823259590E+09      n.d.       121.5892 G   -3141.973    1058.363    78.8916  65.3312     -01 40 49.076    128.3095 -50.1608     110.8      2453804.690870855   0.1166889130243579E+08  0.1982885882990696E+00  0.3186642688124807E+02  0.6445179667535677E+02  0.1972918223807594E+03  0.2266355815226694E+03  0.2126653453572810E+03  0.2225148650333772E+08      2453900.098424796
2006-MAR-14 05:01:30.792      2453808.709384167 2453808.710138611   15 02 27.0673  -15 47 43.207   15 02 48.4037  -15 49 20.332    0.7123522884692755E+09      n.d.       125.6952 G   -3216.538    1219.763    77.9287  66.1899     -01 36 54.070    129.6202 -53.2614      63.3      2453808.682636633   0.1165248858403591E+08  0.1982453945356442E+00  0.3187773464447249E+02  0.6447748774767163E+02  0.1978535984097694E+03  0.2314312636329575E+03  0.2162319526284189E+03  0.2220458531564247E+08      2453900.465541583
2006-JUN-08 00:46:47.114      2453894.532489745 2453894.533244190   14 33 53.9443  -13 32 03.868   14 34 15.9302  -13 33 54.588    0.6914774483498362E+09      n.d.       143.3629 S    1457.293     409.551   337.3412  80.3246     +00 15 16.553    277.1484 -59.0479       9.5      2453894.506548108   0.1172313873567875E+08  0.2020530001353703E+00  0.3198988071058985E+02  0.6432213780620883E+02  0.1954694549487249E+03  0.3539297460305160E+03  0.3506768355429489E+03  0.2240683389014124E+08      2453898.879463886
2006-JUL-04 01:17:40.345      2453920.553939178 2453920.554693623   14 30 19.2916  -13 42 25.401   14 30 41.1445  -13 44 16.798    0.7308341764591120E+09      n.d.       117.7717 S    2452.262   -1170.373   277.0107  52.8658     +02 32 20.168    276.1684 -64.9042      24.7      2453920.526478144   0.1168396434881263E+08  0.1997872654766726E+00  0.3203648599647121E+02  0.6437228722186845E+02  0.1947893920553261E+03  0.3062422299473664E+02  0.4526892359547484E+02  0.2229461476206691E+08      2453898.575756242
2006-AUG-30 22:33:52.493      2453978.440190891 2453978.440945336   14 44 21.6054  -15 23 21.291   14 44 43.1343  -15 25 05.893    0.8465702997860451E+09      n.d.        66.0757 S     355.287   -1672.322   269.1194  41.7647     +03 22 43.671    269.6633 -24.3090      12.7      2453978.408261670   0.1174088622990796E+08  0.1957114636530416E+00  0.3211207198272670E+02  0.6422352871646311E+02  0.1969989437576592E+03  0.1095131270052702E+03  0.1286912696376026E+03  0.2245773522694522E+08      2453899.337505171
2006-AUG-31 22:49:09.640      2453979.450806018 2453979.451560462   14 44 52.6532  -15 25 51.001   14 45 14.1833  -15 27 35.381    0.8485606049543579E+09      n.d.        65.2296 S     308.940   -1653.240   267.3796  37.4487     +03 41 28.837    267.7494 -27.7800      24.9      2453979.418799972   0.1174421941585540E+08  0.1954114075632950E+00  0.3210965589818570E+02  0.6422654215435570E+02  0.1970590503281377E+03  0.1108673852859178E+03  0.1297679249704584E+03  0.2246729938401496E+08      2453899.336150244
2007-APR-18 04:21:20.335      2454208.681485359 2454208.682239803   17 17 42.3662  -22 45 26.848   17 18 09.9057  -22 46 03.644    0.6973659454327706E+09      n.d.       127.4056 G    2817.898   -1700.847    97.1031  58.8044     -02 15 30.593    118.7062 -67.6080     137.4      2454208.655316417   0.1166742370247165E+08  0.2077710712333048E+00  0.3273102791507609E+02  0.6447702699484361E+02  0.1990603258959417E+03  0.6613803356435517E+02  0.8975877021538315E+02  0.2224728877112019E+08      2454161.349763065
2007-APR-18 04:21:20.335      2454208.681485359 2454208.682239803   17 17 42.3662  -22 45 26.848   17 18 09.9057  -22 46 03.644    0.6973659454327706E+09      n.d.       127.4056 G    2817.898   -1700.847    97.1031  58.8044     -02 15 30.593    118.7062 -67.6080     137.4      2454208.655316417   0.1166742370247165E+08  0.2077710712333048E+00  0.3273102791507609E+02  0.6447702699484361E+02  0.1990603258959417E+03  0.6613803356435517E+02  0.8975877021538315E+02  0.2224728877112019E+08      2454161.349763065
2007-AUG-22 01:13:07.321      2454334.550779178 2454334.551533622   16 31 16.2423  -21 14 36.216   16 31 44.1045  -21 15 43.317    0.7385950708703406E+09      n.d.       100.9068 S   -2647.850     978.345   260.3966  39.4870     +03 38 57.416    253.1581 -61.2471       5.9      2454334.523018559   0.1173640211351529E+08  0.2023593472540226E+00  0.3307263233172728E+02  0.6462683513037092E+02  0.2052951853325085E+03  0.2326931106672409E+03  0.2169076857291427E+03  0.2244487076157891E+08      2454426.388588200
2007-AUG-23 00:11:35.100      2454335.508045139 2454335.508799583   16 31 26.7658  -21 14 42.004   16 31 54.6265  -21 15 48.956    0.7409220187135061E+09      n.d.       100.0259 S   -2659.917    1007.154   264.0852  52.7410     +02 41 01.125    262.6860 -47.2777      13.5      2454335.480194645   0.1173133837070222E+08  0.2027790644456544E+00  0.3307691350991057E+02  0.6464206255432590E+02  0.2053651152982426E+03  0.2339470263805945E+03  0.2178196114670264E+03  0.2243034636239733E+08      2454426.382067661
2007-AUG-24 00:22:09.885      2454336.515392188 2454336.516146632   16 31 38.6376  -21 14 50.022   16 32 06.4928  -21 15 56.852    0.7433813996537118E+09      n.d.        99.1012 S   -2671.436    1036.799   263.1623  49.4476     +02 55 22.343    260.7603 -49.6322      25.5      2454336.487446753   0.1172517229258363E+08  0.2032601860250052E+00  0.3308183075562321E+02  0.6466026885485105E+02  0.2054570710852193E+03  0.2352454588417403E+03  0.2187642324756001E+03  0.2241266435271034E+08      2454426.382047365
2007-AUG-25 00:14:31.413      2454337.510085798 2454337.510840243   16 31 51.1910  -21 15 00.038   16 32 19.0417  -21 16 06.755    0.7458184068088022E+09      n.d.        98.1912 S   -2681.693    1065.396   263.4085  50.3490     +02 51 26.628    261.2905 -47.8253      38.2      2454337.482046276   0.1172084701283972E+08  0.2034516148874136E+00  0.3308363225848452E+02  0.6466721130912734E+02  0.2055540159947920E+03  0.2365078530528298E+03  0.2197055335003342E+03  0.2240026383951650E+08      2454426.417767525
2007-SEP-10 00:45:41.082      2454353.531725486 2454353.532479931   16 37 01.7558  -21 22 11.382   16 37 29.4454  -21 23 14.719    0.7857878740410619E+09      n.d.        83.8977 S   -2697.981    1426.688   257.5297  30.0790     +04 20 35.885    246.8006 -53.2974     101.3      2454353.502142930   0.1167929965115967E+08  0.2052927984918097E+00  0.3309057003781889E+02  0.6470750106640794E+02  0.2064788735410857E+03  0.2577940936671566E+03  0.2364839522874752E+03  0.2228126476543393E+08      2454426.717062542
2008-APR-18 06:22:28.487      2454574.765607488 2454574.766361933   19 33 50.1491  -21 41 40.238   19 34 20.5701  -21 40 39.322    0.7327612526883724E+09      n.d.        96.7710 G     579.788      72.626    95.7464  55.9737     -02 27 13.902     94.9213 -40.7948     108.5      2454574.738072047   0.1180517254934862E+08  0.1944195309844907E+00  0.3321122119581717E+02  0.6483094236571904E+02  0.2085709342553247E+03  0.2028011769251415E+03  0.1957724971345149E+03  0.2264243588294133E+08      2454689.172365783
2008-MAY-26 06:46:13.207      2454612.782097303 2454612.782851748   19 32 03.4388  -21 28 43.675   19 32 35.0742  -21 27 40.501    0.6540681475175083E+09      n.d.       133.9376 G   -1875.133     998.220   278.0148  83.3865     +00 28 09.320     79.9628 -37.6823      22.6      2454612.757599923   0.1172694768747551E+08  0.1956833842178012E+00  0.3320630726407969E+02  0.6482174616430045E+02  0.2112892160377313E+03  0.2517551137326869E+03  0.2323503474794220E+03  0.2241775504584246E+08      2454690.773525377
2008-JUN-01 05:57:02.263      2454618.747942859 2454618.748697303   19 30 04.6898  -21 31 00.841   19 30 36.4954  -21 29 58.686    0.6452760648827119E+09      n.d.       140.1199 G   -2252.743    1117.884   314.7841  88.5351     +00 04 28.186     81.7952 -49.2523     104.6      2454618.723784913   0.1171075241706310E+08  0.1960057661908918E+00  0.3320675222137316E+02  0.6480797203310850E+02  0.2117074449788091E+03  0.2595912420475427E+03  0.2388940468936599E+03  0.2237133168368039E+08      2454690.942072853
2008-JUN-04 07:37:30.174      2454621.817710347 2454621.818464791   19 28 54.4466  -21 32 37.887   19 29 26.3727  -21 31 36.210    0.6412646102204229E+09      n.d.       143.3347 G   -2434.043    1173.899   266.4112  62.6318     +01 58 12.413     75.2405 -26.7196     151.1      2454621.793707299   0.1170342884857104E+08  0.1969001487546829E+00  0.3320540770488017E+02  0.6484446728704133E+02  0.2118327471802363E+03  0.2637845757739617E+03  0.2424389679137105E+03  0.2235034938171801E+08      2454690.931064146
2008-SEP-20 00:12:38.199      2454729.508775451 2454729.509529896   18 58 00.8788  -23 28 03.862   18 58 33.8595  -23 27 25.454    0.7220516530369596E+09      n.d.       105.9974 S    2475.560   -1133.380   261.8324  60.4066     +02 08 47.903    247.2741 -44.9228     135.6      2454729.481653466   0.1168703672730033E+08  0.2033586916475363E+00  0.3318921794358562E+02  0.6479344771285105E+02  0.2108829074445274E+03  0.5467720056155930E+02  0.7639846193036665E+02  0.2230340912271997E+08      2454690.274864185
2009-MAY-23 09:45:00.099      2454974.906251146 2454974.907017164   21 53 55.0012  -13 47 59.365   21 54 26.5211  -13 45 15.955    0.7357006231096188E+09      n.d.        96.3770 G    -313.331    -898.261   302.7774  74.7037     +00 52 48.067     66.5917   2.1176      82.3      2454974.878613765   0.1176072367538567E+08  0.1896788802773432E+00  0.3299033514787890E+02  0.6417951905009882E+02  0.2177256445315578E+03  0.2823440929224902E+02  0.4108435586303553E+02  0.2251467627267820E+08      2454954.441094959
2009-JUN-21 06:19:41.521      2455003.763675012 2455003.764441030   22 00 02.4635  -13 40 34.291   22 00 34.7946  -13 37 42.909    0.6707127940203873E+09      n.d.       122.5444 G    2304.437    -966.084    52.0007  76.1178     -00 44 52.347     78.8510 -45.1961     101.7      2455003.738546612   0.1169287665099359E+08  0.1889806769409881E+00  0.3300907090616411E+02  0.6406393124721157E+02  0.2159486191777317E+03  0.6988817426473452E+02  0.9148613122240135E+02  0.2232012847771834E+08      2454953.587021770
2009-JUN-22 06:33:53.430      2455004.773535070 2455004.774301088   22 00 03.8402  -13 41 05.403   22 00 36.2127  -13 38 13.785    0.6685784180128599E+09      n.d.       123.5056 G    2390.322    -956.047    36.6071  79.0740     -00 26 42.956     78.1302 -42.0330     116.7      2455004.748489069   0.1169174907848260E+08  0.1892429458144313E+00  0.3301644750909587E+02  0.6404658244521038E+02  0.2159059042014148E+03  0.7132087638008737E+02  0.9300793744192303E+02  0.2231689997920864E+08      2454953.576264770
2009-JUN-24 07:55:00.447      2455006.829866285 2455006.830632303   22 00 04.0568  -13 42 18.925   22 00 36.5141  -13 39 26.915    0.6642873835286214E+09      n.d.       125.4734 G    2562.027    -933.447   298.2377  72.7167     +01 02 30.221     73.3690 -23.9707     147.6      2455006.804985954   0.1167119136674852E+08  0.1893683559198803E+00  0.3302191664633962E+02  0.6403816223120161E+02  0.2153873418920001E+03  0.7469098626858958E+02  0.9647181144541513E+02  0.2225806583944952E+08      2454953.356011868
2009-JUL-18 07:39:12.231      2455030.818891562 2455030.819657580   21 55 58.6644  -14 12 25.429   21 56 31.8552  -14 09 32.185    0.6217114853303413E+09      n.d.       149.4281 G    4110.559    -506.941   277.2807  54.6033     +02 25 21.424     77.2952 -27.7128      97.5      2455030.795654992   0.1164204845924773E+08  0.1884807830078960E+00  0.3305134028920207E+02  0.6400556775869140E+02  0.2146487072681314E+03  0.1092274320533614E+03  0.1278212539149064E+03  0.2217475048157165E+08      2454952.924929313
2010-JUL-06 07:57:21.933      2455383.831503854 2455383.832269873   00 14 38.5621  +00 28 24.799   00 15 12.1641  +00 32 03.611    0.6902331443387634E+09      n.d.       100.4626 G    2143.880    2060.101    14.6343  66.2384     -00 23 22.342     74.1241 -23.7642      31.5      2455383.805621846   0.1175496566138427E+08  0.1635118051051032E+00  0.3292648643227133E+02  0.6216012102882885E+02  0.2136988143962864E+03  0.2424770220677559E+03  0.2274696617367655E+03  0.2249814362268778E+08      2455468.812335982
2010-JUL-07 08:06:25.125      2455384.837790799 2455384.838556817   00 14 47.0374  +00 29 33.198   00 15 20.6703  +00 33 12.195    0.6878274121661456E+09      n.d.       101.3819 G    2086.964    2068.318     6.6636  66.7702     -00 10 29.611     73.6208 -21.7641      44.2      2455384.812001668   0.1176008075037239E+08  0.1635251998477283E+00  0.3292634285211752E+02  0.6215791196569840E+02  0.2135153767219127E+03  0.2440934007812010E+03  0.2288046375282267E+03  0.2251283007879898E+08      2455468.704284758
2010-OCT-20 03:21:33.167      2455489.639967211 2455489.640733229   23 41 04.1807  -03 57 30.784   23 41 39.5291  -03 53 42.414    0.6168842170585808E+09      n.d.       147.5699 S   -2043.997   -1640.368   291.3186  48.8848     +02 31 30.992    164.7188 -56.1329       7.3      2455489.616917022   0.1170978125134165E+08  0.1548084057904440E+00  0.3311481645101408E+02  0.6153728636038942E+02  0.2168845198472564E+03  0.2625505014639497E+02  0.3568966771278236E+02  0.2236854887956269E+08      2455470.735507154
2014-FEB-10 01:20:26.326      2456698.555860254 2456698.556637847   06 52 14.5873  +23 34 24.138   06 53 07.9084  +23 33 09.838    0.6675731902100509E+09      n.d.       140.9372 S    2836.322    1442.261   345.8760  42.6212     +00 45 11.086    220.2685 -43.3733      15.7      2456698.530864711   0.1169849787081783E+08  0.1959194219636842E+00  0.3553108877633267E+02  0.6051998621522215E+02  0.2290262766131775E+03  0.2498656302975937E+03  0.2307840936452494E+03  0.2233622564059180E+08      2456777.619925040
