2451039.6088
2451039.61999
2451039.62747
2451039.6332
2451039.63763
2451039.64206
2451044.41547
2451044.42176
2451044.42654
2451044.4313
2451044.43608
2451044.44087
2451044.44563
2451044.45041
2451044.45714
2451460.60077
2451460.60661
2451460.61402
2451460.62562
2451460.6289
2451460.63216
2451460.63542
2451460.63869
2451460.64195
2451460.6485
2451463.56841
2451463.57175
2451463.57796
2451463.58477
2451463.58819
2451493.46463
2451493.47038
2451493.47482
2451493.47925
2451493.48369
2451493.48813
2451493.49256
2451513.38859
2451513.39131
2451513.39655
2451513.4004
2451513.40424
2451513.40808
2451513.41193
2451515.29315
2451515.29601
2451515.30206
2451515.3065
2451515.31536
2451515.3198
2451518.28284
2451518.28583
2451518.29072
2451518.29457
2451518.29841
2451518.30226
2451518.3061
2451521.26939
2451521.27624
2451521.28382
2451521.33506
2451876.59493
2451876.59924
2451876.60367
2451876.60811
2452233.63736
2452233.64012
2452233.64339
2452233.64667
2452233.64995
2452233.65324
2452233.65825
2452233.66153
2452233.6648
2452233.66808
2452236.53414
2452236.54304
2452236.56084
2452236.56529
2452236.56974
2452263.43714
2452263.44089
2452263.44463
2452263.44838
2452263.45213
2452263.45588
2452263.45963
2452263.46338
2452263.46713
2452265.41568
2452265.41942
2452265.42316
2452265.42691
2452283.52497
2452283.53269
2452283.53644
2452283.54019
2452283.54394
2452283.54769
2452283.55144
2452283.55519
2452283.55895
2452283.5627
2452313.4106
2452313.41589
2452313.41964
2452313.4234
2452313.42715
2452314.51343
2452314.51894
2452314.52292
2452314.52689
2452314.53086
2452314.53484
2452637.55367
2452637.55752
2452637.56137
2452637.56523
2452637.56908
2452637.57303
2452637.57689
2452669.49192
2452669.49541
2452669.50587
2452669.50973
2452669.51358
2453089.33986
2453089.34736
2453089.35321
2453089.35906
2453089.3649
2453089.37075
2453089.37658
2453089.3824
2453089.38825
2453089.39409
2453119.3871
2453119.39439
2453119.39885
2453119.40329
2453119.40774
2453119.41219
2453119.41664
2453119.42109
2453119.42554
2453437.63322
2453437.63685
2453437.64049
2453437.64411
2453437.64774
2453437.65138
2453437.65501
2453437.65864
2453439.52603
2453439.52955
2453439.53306
2453439.53657
2453439.54008
2453439.54359
2453439.54711
2453439.55063
2453439.55414
2453439.55765
2453439.56116
2453474.48599
2453474.49051
2453474.49611
2453474.50171
2453474.50731
2453474.51291
2453474.51851
2453474.52411
2453495.36745
2453495.37231
2453495.37732
2453495.38233
2453495.38735
2453495.39739
2453495.4024
2453497.44189
2453497.44691
2453497.45695
2453497.467
2453499.43653
2453499.44155
2453499.44657
2453499.45158
2453499.4566
2453499.46162
2453505.39096
2453505.40354
2453505.40855
2453505.41358
2453505.41859
2453505.42361
2453505.42863
2453505.43365
2453881.37534
2453881.38424
2453881.38868
2453881.39312
2453881.39757
2453881.40201
2453881.40646
