2454353.5547
2454353.5565
2454353.55832
2454353.56032
2454353.56207
2454353.5639
2454353.56568
2454353.5675
2454353.56924
2454621.80638
2454621.81045
2454972.892
2454972.89316
2454972.89429
2454972.89545
2454972.89657
2454972.89774
2454974.82385
2454974.82498
2454974.82615
2454974.8273
2454974.82842
2454974.82956
2454974.83071
2454974.83183
2454974.83297
2454974.83413
2454974.83645
2454974.83762
2454974.83878
2454974.83994
2454974.84107
2454974.84219
2454974.84334
2454974.8445
2454974.84565
2454974.84681
