2450256.62116
2450256.62866
2450256.63159
2450290.65199
2450290.65288
2450290.6535
2450290.6541
2450290.6547
2450290.65591
2450290.65711
2450290.65771
2450358.42902
2450358.46319
2450358.46402
2453463.58189
2453463.58661
2453463.59074
2453464.63099
2453464.63319
2453464.63478
2453464.63637
2453464.63796
2453464.63954
2453464.64271
2453464.6443
2453464.64588
2454331.52456
2454331.52482
2454331.52559
2454331.52638
2454331.52664
2454331.52768
2454331.52821
2454331.52899
2454331.52926
2454331.52977
2454331.53003
2454331.53135
2454331.53186
2454331.53211
2454331.53238
2454331.53344
2454331.53423
2454331.53553
2454331.53687
2454331.53978
2454331.54162
2454331.54215
2454331.54374
2454331.54507
2454331.54613
2454331.54719
2454658.77027
2454658.77393
2454658.77573
2454658.77931
2454658.7811
2454658.78474
2454658.78659
2454658.78877
2454658.79056
2454658.79235
2454658.79414
2454658.79594
2454690.53993
2454690.54278
2454690.54422
2454690.54849
2454690.55721
2454690.55863
2454729.47467
2454729.47586
2454729.47706
2454729.47825
2454729.47945
2454729.48066
2454729.48186
2454729.48306
2454729.48426
2454729.48545
2455032.82667
2455032.82845
2455032.83021
2455032.83199
2456606.7436
2456606.75843
2456606.76057
2456606.76272
2456606.76486
2456606.767
