OBSERVATORIO (?=LISTA SITIOS, X=PROMPT, G=GEOCENTRICO, H=HELIOCENTRICO, OU CODIGO IAU): NOME/ID DO OBJETO DO SISTEMA SOLAR: EFEMERIDE DE/LE (EX: de421, <ENTER>=CANONICO JPL): Arquivo com datas: Alvo: HIMALIA (    506)     Efemerides: jup300+de421   Sitio: 874 (OPD/LNA) (314°25'02.5"E 22°32'07.8"S  1810.7 m)

     Data Cal. UTC                  JD_UTC         JD_TT (Obs.)      R.A.__(ICRF//J2000.0)__DEC     R.A.__(ap./sem atms.)__DEC            DIST (km)           APmag        S-O-A (°)     X_(sat-primario)_Y      AZ (°)   EL (°)       Hour Angle       AZ__SOL__EL (°)    L-O-A (°)    JD_TT (El. Orb.)    Semi-eixo maior (km)       Excentricidade          Inclinacao (°)      Long. Nodo Ascend. (°)    Arg. Periastro (°)       Anom. Media (°)       Anom. Verdadeira (°)      Per. Orbital (s)       Pass. Periast. (JD_TT)
1995-JUN-09 03:51:56.957      2449877.661075891 2449877.661784040   16 30 30.0409  -20 47 13.444   16 30 15.9996  -20 46 35.353    0.6595011044926151E+09      n.d.       171.1547 S   -1455.819    1169.736   270.7975  69.5950     +01 27 34.216     85.8431 -78.3417      47.9      2449877.636322480   0.1149072318999192E+08  0.1503936968140883E+00  0.4346811567382208E+02  0.4384227125397321E+02  0.3460761238020582E+03  0.2046019485406988E+03  0.1984905566124175E+03  0.2174381186286260E+08      2449986.270131468
1996-JUN-21 01:30:37.760      2450255.562937037 2450255.563656759   19 05 46.9697  -22 42 48.992   19 05 35.8604  -22 42 57.059    0.6238749287384346E+09      n.d.       164.8676 G    2356.661    -101.946    98.1966  53.3834     -02 39 10.193    276.9823 -68.5051     141.1      2450255.539570651   0.1144916653843034E+08  0.1354046986036437E+00  0.4323740196363521E+02  0.4348630479584391E+02  0.3493671306803332E+03  0.2396362864186978E+02  0.3138728195630516E+02  0.2162596255143017E+08      2450238.878159398
1996-JUN-24 01:18:55.000      2450258.554803241 2450258.555522963   19 03 58.1398  -22 43 27.833   19 03 47.0672  -22 43 35.401    0.6214580738375728E+09      n.d.       168.1388 G    2151.267      24.274    98.1170  53.8182     -02 37 16.431    277.2531 -65.6717     104.7      2450258.531530160   0.1145560866335403E+08  0.1359665957920161E+00  0.4323391613127352E+02  0.4348432656721427E+02  0.3493672201827785E+03  0.2823567323185921E+02  0.3686069549615296E+02  0.2164421760268344E+08      2450238.883283774
1996-JUN-25 01:25:14.000      2450259.559189815 2450259.559909537   19 03 20.6877  -22 43 40.513   19 03 09.6259  -22 43 47.894    0.6207487682802085E+09      n.d.       169.2403 G    2077.051      67.012    97.5703  56.3121     -02 26 22.402    277.0088 -67.0687      91.8      2450259.535944112   0.1145634836445996E+08  0.1361001885286403E+00  0.4323462416793526E+02  0.4348482895902612E+02  0.3493150280615839E+03  0.2971208523867751E+02  0.3873307865795113E+02  0.2164631402251786E+08      2450238.858310131
1996-JUN-26 02:10:46.750      2450260.590818866 2450260.591538589   19 02 41.7736  -22 43 53.393   19 02 30.7255  -22 44 00.580    0.6200738861890804E+09      n.d.       170.3735 G    1998.263     111.032    95.1864  67.8462     -01 36 06.718    276.3731 -77.4667      78.3      2450260.567599196   0.1146428012719401E+08  0.1365966694077303E+00  0.4322681453445603E+02  0.4347846525306583E+02  0.3494707460832302E+03  0.3104244547650270E+02  0.4044295388544101E+02  0.2166879803782161E+08      2450238.941683505
1996-JUL-25 00:05:36.259      2450289.503891886 2450289.504611609   18 43 56.9400  -22 48 34.416   18 43 46.1033  -22 48 36.507    0.6240140910239601E+09      n.d.       157.7386 S    -730.902    1233.800    95.0734  69.5903     -01 28 33.053    274.9730 -47.3290      52.8      2450289.480520094   0.1148371572577232E+08  0.1410029207105005E+00  0.4317731804339726E+02  0.4336763562017772E+02  0.3491422301073414E+03  0.7243635023482433E+02  0.8849016716198031E+02  0.2172392463530980E+08      2450238.888898008
1996-JUL-26 02:33:13.902      2450290.606410903 2450290.607130625   18 43 18.0649  -22 48 43.173   18 43 07.2307  -22 48 45.142    0.6250177285325752E+09      n.d.       156.5352 S    -834.388    1266.920   265.8282  75.2248     +01 04 04.271    250.9331 -81.1208      37.9      2450290.583000356   0.1149519532427854E+08  0.1407525307604407E+00  0.4317556305772107E+02  0.4335531847585282E+02  0.3495901062456249E+03  0.7361812816525402E+02  0.8968418864500256E+02  0.2175650697862538E+08      2450239.088873581
1996-JUL-27 01:53:44.199      2450291.578983785 2450291.579703507   18 42 44.4299  -22 48 50.894   18 42 33.6004  -22 48 52.681    0.6259512085002810E+09      n.d.       155.4775 S    -924.552    1295.272   266.2129  83.3119     +00 28 58.269    262.6270 -72.1560      23.8      2450291.555537192   0.1149152166601144E+08  0.1409331042216063E+00  0.4317514202581465E+02  0.4335181804473899E+02  0.3494426055347337E+03  0.7513430232209959E+02  0.9126407215768789E+02  0.2174607832777556E+08      2450239.026073991
1996-SEP-30 23:20:59.993      2450357.472916586 2450357.473636308   18 35 26.7993  -23 01 40.732   18 35 15.0636  -23 01 42.080    0.7593441166687639E+09      n.d.        90.0441 S   -3252.186    1183.854   262.0372  57.0425     +02 23 19.905    250.3961 -32.4606     140.1      2450357.444320138   0.1137297975635616E+08  0.1476221761182836E+00  0.4322275338960475E+02  0.4316106520062333E+02  0.3452555841107766E+03  0.1746966021124953E+03  0.1760162412302228E+03  0.2141046190846893E+08      2450237.191782037
1997-AUG-15 03:24:14.000      2450675.641828704 2450675.642560000   21 13 49.4502  -17 19 18.212   21 13 42.5848  -17 19 42.443    0.6147616649012047E+09      n.d.       173.1306 S   -2104.330   -1566.532   295.6281  78.7375     +00 42 31.155    153.2911 -80.5754      40.0      2450675.618825682   0.1145133373906929E+08  0.1472453868082486E+00  0.4308089368173492E+02  0.4204330292166056E+02  0.3412745876618692E+03  0.2775964040136455E+03  0.2607034849722103E+03  0.2163210317540327E+08      2450732.928595822
1997-OCT-23 23:58:32.000      2450745.498981481 2450745.499712778   21 04 29.1559  -17 54 25.224   21 04 21.6098  -17 54 51.384    0.7089821583289697E+09      n.d.       102.6738 S    2884.809     173.598   273.6183  61.1581     +02 01 34.882    234.5895 -36.4752     174.7      2450745.472340920   0.1139853608599768E+08  0.1382992527537292E+00  0.4316473046112514E+02  0.4168992075663028E+02  0.3400901561930788E+03  0.1898369103163495E+02  0.2512478970461209E+02  0.2148266991045827E+08      2450732.360832171
1998-AUG-11 23:28:00.935      2451037.477788600 2451037.478519896   23 54 25.0263  -01 48 43.046   23 54 21.2622  -01 49 07.011    0.6147307340312874E+09      n.d.       141.0825 G    2515.992    2508.590    92.4263  -1.1003     -06 07 47.278    272.0072 -37.8153      14.2      2451037.454787019   0.1140987164118881E+08  0.1511669475403094E+00  0.4363637855740912E+02  0.4058362221693558E+02  0.3419208701791431E+03  0.7862229808095191E+02  0.9598987460394953E+02  0.2151472383233970E+08      2450983.071523442
1998-AUG-13 00:19:24.364      2451038.513476436 2451038.514207732   23 54 04.5886  -01 50 29.182   23 54 00.8463  -01 50 53.029    0.6130034205940433E+09      n.d.       142.1660 G    2475.510    2534.609    87.0782  11.7943     -05 11 58.444    266.4845 -49.6251      29.2      2451038.490541486   0.1141043510071098E+08  0.1512803651659235E+00  0.4363545597480154E+02  0.4057692536823537E+02  0.3419360739895747E+03  0.8009615008322486E+02  0.9747523078816147E+02  0.2151631756091817E+08      2450983.083706333
1998-DEC-16 18:02:31.881      2451164.251757882 2451164.252489178   23 22 03.3008  -05 37 04.782   23 21 59.2731  -05 37 29.443    0.7383840185708022E+09      n.d.        84.4896 G   -2948.349   -1707.696    72.6920  47.6362     -02 41 05.636    259.5714  47.6863     109.8      2451164.223982238   0.1136934299534120E+08  0.1636164041516718E+00  0.4424597073798229E+02  0.4009217544090593E+02  0.3499926251423122E+03  0.2518945799936130E+03  0.2353708696480070E+03  0.2140019302866223E+08      2451238.602739168
1999-OCT-09 02:03:45.808      2451460.585946852 2451460.586689722   01 58 38.3633  +09 57 22.804   01 58 38.0439  +09 57 18.214    0.6007064138694648E+09      n.d.       164.1322 G   -2059.925   -2597.478    42.0848  48.0740     -01 48 10.541    202.8653 -59.2854     159.3      2451460.563498093   0.1140743483409740E+08  0.1667503443437188E+00  0.4500742031132923E+02  0.3975215553364024E+02  0.3557504528808774E+03  0.3126620491317205E+03  0.2965363052262758E+03  0.2150783184872263E+08      2451493.296802084
1999-OCT-11 21:31:09.618      2451463.396639097 2451463.397381968   01 57 28.1964  +09 51 03.540   01 57 27.8818  +09 50 58.983    0.5999492202991526E+09      n.d.       167.1844 G   -1893.505   -2528.393    81.6818  -5.7056     -06 08 31.706    259.3363  -6.8944     165.8      2451463.374219779   0.1139425415861191E+08  0.1664215282755951E+00  0.4500518784045343E+02  0.3975972678876218E+02  0.3561225793933688E+03  0.3163911836702691E+03  0.3011111424944853E+03  0.2147056590966984E+08      2451493.476649217
1999-DEC-03 19:21:44.779      2451516.306768275 2451516.307511146   01 38 59.2074  +08 53 02.853   01 38 59.0054  +08 52 58.449    0.6383900493504676E+09      n.d.       134.9790 G    2102.594    1208.098    72.6159  16.6711     -04 30 51.585    256.1204  28.2219     176.0      2451516.282864779   0.1143661106407748E+08  0.1688719588341455E+00  0.4512628797952295E+02  0.3972722053221104E+02  0.3531393295070948E+03  0.3500394304362354E+02  0.4827912069258276E+02  0.2159039885820460E+08      2451491.985375970
1999-DEC-05 21:37:37.756      2451518.401131435 2451518.401874305   01 38 37.7866  +08 53 30.789   01 38 37.5757  +08 53 26.267    0.6416388804852145E+09      n.d.       132.7761 S    2179.992    1350.431    48.0441  45.8967     -02 06 21.749    245.1260  -1.1179     155.5      2451518.377102404   0.1142766915832999E+08  0.1687079246711260E+00  0.4513218353976739E+02  0.3973459576947067E+02  0.3528274009721111E+03  0.3827409572439561E+02  0.5245318679330401E+02  0.2156508258632427E+08      2451491.840835840
1999-DEC-06 21:03:03.645      2451519.377125521 2451519.377868391   01 38 28.7069  +08 53 47.825   01 38 28.4887  +08 53 43.249    0.6431906675877064E+09      n.d.       131.7527 S    2212.324    1414.227    55.0876  40.3586     -02 36 55.895    248.2270   6.3473     144.0      2451519.353036598   0.1143034993435690E+08  0.1690059679125988E+00  0.4512905466615251E+02  0.3973000881563073E+02  0.3528161894761349E+03  0.3966947885612669E+02  0.5424862197056227E+02  0.2157267134470233E+08      2451491.839641865
1999-DEC-08 18:12:12.668      2451521.258479954 2451521.259222824   01 38 12.8087  +08 54 27.878   01 38 12.5711  +08 54 23.224    0.6462474978854467E+09      n.d.       129.7852 G    2267.939    1532.452    77.9003   5.6662     -05 20 05.903    259.7189  44.5219     121.5      2451521.234273151   0.1142810554848109E+08  0.1687677853835005E+00  0.4512978471944815E+02  0.3973124989308811E+02  0.3528171398547235E+03  0.4240031719484455E+02  0.5764106273150679E+02  0.2156631786178073E+08      2451491.835523214
2000-NOV-10 01:02:28.089      2451858.543380660 2451858.544123530   04 30 55.7809  +21 20 55.916   04 30 58.9654  +21 20 59.968    0.6035845690387273E+09      n.d.       158.5865 G    2710.220    2003.321    50.4177  25.7046     -03 12 50.773    214.7703 -42.8728      45.0      2451858.520820860   0.1144365407695398E+08  0.1509837566326840E+00  0.4545185766836231E+02  0.3979612792264756E+02  0.3582995178727678E+03  0.1621366522933291E+03  0.1666275253414123E+03  0.2161034596468526E+08      2451745.871992747
2000-NOV-20 00:21:40.407      2451868.515051007 2451868.515793877   04 24 56.6669  +21 03 06.638   04 25 00.0540  +21 03 11.501    0.5963178213719926E+09      n.d.       170.0414 G    2199.439    1626.248    49.9103  26.6954     -03 08 20.669    223.0013 -34.6959      98.1      2451868.492771750   0.1148249939145063E+08  0.1472522212565369E+00  0.4542549954257920E+02  0.3979833143632138E+02  0.3585780124229883E+03  0.1761529331414475E+03  0.1771085524487149E+03  0.2172047328871555E+08      2451745.482063191
2000-NOV-21 01:33:20.855      2451869.564824711 2451869.565567581   04 24 16.5576  +21 01 03.254   04 24 19.9575  +21 01 08.227    0.5958416166252769E+09      n.d.       171.2586 G    2136.596    1580.265    34.0702  38.6119     -01 51 51.801    204.6715 -43.7639     112.5      2451869.542563796   0.1147713418827888E+08  0.1477763611127726E+00  0.4543281932330947E+02  0.3979785528694393E+02  0.3585273538866533E+03  0.1777217175958811E+03  0.1782895089722528E+03  0.2170525171529080E+08      2451745.523318178
2000-NOV-24 22:41:22.419      2451873.445398368 2451873.446141238   04 21 46.1429  +20 53 11.586   04 21 49.5674  +20 53 16.673    0.5945859217969438E+09      n.d.       175.7534 G    1891.760    1400.893    61.1488  11.9666     -04 26 01.891    239.0155 -15.6740     162.7      2451873.423186034   0.1148968510414104E+08  0.1465423235953569E+00  0.4544654386909831E+02  0.3979651596634459E+02  0.3589885111579476E+03  0.1826646104353605E+03  0.1820052569275653E+03  0.2174086538596155E+08      2451997.375887703
2001-NOV-18 03:07:13.175      2452231.630013600 2452231.630756470   07 02 43.5071  +22 09 42.600   07 02 49.9561  +22 09 32.947    0.6649372550817375E+09      n.d.       131.3159 G   -2910.128   -1113.082    49.0935  25.8519     -03 09 01.275    173.0242 -47.9713     166.3      2452231.605085159   0.1138797889423700E+08  0.1255533018242907E+00  0.4515383861708660E+02  0.3929389343668191E+02  0.6902995610377185E+01  0.3281751668149662E+03  0.3194637087892776E+03  0.2145283132304933E+08      2452253.555084459
2001-NOV-20 02:56:02.237      2452233.622248114 2452233.622990984   07 02 11.8761  +22 11 31.580   07 02 18.4025  +22 11 21.886    0.6621489053105946E+09      n.d.       133.4508 G   -2959.899   -1062.482    49.5386  25.3416     -03 11 49.373    177.1529 -47.7387     168.4      2452233.597427325   0.1139362144770435E+08  0.1258878511428795E+00  0.4515655015590409E+02  0.3929123245531918E+02  0.6769719066095847E+01  0.3311926497410362E+03  0.3231648357308545E+03  0.2146877757770010E+08      2452253.480998419
2001-NOV-22 23:45:33.991      2452236.489976748 2452236.490719618   07 01 22.1695  +22 14 23.610   07 01 28.7750  +22 14 13.942    0.6583602748268642E+09      n.d.       136.5415 G   -3011.428    -982.605    70.1503 -10.5404     -06 10 09.610    229.6308 -28.1177     133.5      2452236.465302377   0.1139270574518593E+08  0.1261174728585629E+00  0.4514761262946723E+02  0.3929854163688275E+02  0.7039712907147205E+01  0.3351413692942348E+03  0.3280782764682558E+03  0.2146618946924187E+08      2452253.621297640
2001-DEC-20 02:19:11.413      2452263.596659873 2452263.597402744   06 50 29.0742  +22 52 17.915   06 50 36.4584  +22 52 08.983    0.6366763268281732E+09      n.d.       166.6151 G   -2190.806      70.980    29.5253  38.6267     -01 38 47.589    192.7690 -42.9912     134.0      2452263.572822455   0.1145530511381406E+08  0.1309679985824991E+00  0.4510857532024878E+02  0.3928776374331155E+02  0.7118291148425349E+01  0.1425210929276660E+02  0.1863292189004548E+02  0.2164335731900505E+08      2452253.655657654
2001-DEC-21 21:19:45.263      2452265.388718322 2452265.389461192   06 49 38.7071  +22 55 07.038   06 49 46.0991  +22 54 58.219    0.6362119040870901E+09      n.d.       168.6351 S   -2057.654     150.301    71.0729 -15.1574     -06 30 19.462    246.5480   4.7001     112.0      2452265.364899051   0.1145754762228816E+08  0.1310190737387765E+00  0.4510460380428699E+02  0.3928560794221589E+02  0.7310449289798745E+01  0.1667883168131307E+02  0.2177554648857740E+02  0.2164971303633144E+08      2452253.755719535
2002-JAN-10 22:35:28.505      2452285.441302141 2452285.442045012   06 40 16.0500  +23 24 38.318   06 40 23.7521  +23 24 31.083    0.6393136008985467E+09      n.d.       168.7430 S    -206.498     979.884    53.7759  18.3634     -03 46 10.299    241.2723  -9.7632     160.1      2452285.417362982   0.1149765430311032E+08  0.1345967782673115E+00  0.4506046187296061E+02  0.3920586476795894E+02  0.7327457883416463E+01  0.4521094102025703E+02  0.5752320842514473E+02  0.2176348837165952E+08      2452253.783239102
2002-FEB-07 17:57:28.752      2452313.248249445 2452313.248992315   06 30 29.2595  +23 49 29.107   06 30 36.9555  +23 49 24.505    0.6677291385730085E+09      n.d.       138.2144 G    2208.703    1629.093    69.7632 -14.2348     -06 24 45.352    273.6868  51.3255     169.4      2452313.223213386   0.1144347194002718E+08  0.1364209325817113E+00  0.4506230719113433E+02  0.3907586543132266E+02  0.5069225936903794E+01  0.8708456386716163E+02  0.1026401275121599E+03  0.2160983004210761E+08      2452252.720299791
2002-FEB-08 19:38:02.077      2452314.318079595 2452314.318822465   06 30 14.9150  +23 49 59.010   06 30 22.6193  +23 49 54.491    0.6693117679786526E+09      n.d.       137.0762 G    2277.118    1638.186    60.1301   7.7588     -04 39 44.611    264.6363  28.0436     177.0      2452314.292982342   0.1145441546550145E+08  0.1364620767974722E+00  0.4506669471126544E+02  0.3905718302454320E+02  0.5480765114314050E+01  0.8820590492145780E+02  0.1037274617913423E+03  0.2164083605017710E+08      2452252.923077279
2002-MAR-24 21:07:53.902      2452358.380484977 2452358.381227847   06 32 06.8741  +23 45 09.305   06 32 13.9330  +23 45 05.966    0.7545388631671990E+09      n.d.        93.3276 S    3235.755    1107.640     5.6877  43.5063     -00 18 01.017    271.5465  -0.4719      32.7      2452358.352097229   0.1137594692479329E+08  0.1382228375620362E+00  0.4511834010225921E+02  0.3898854453547526E+02  0.2437427333762589E+01  0.1553361379391522E+03  0.1610357764710894E+03  0.2141884132066752E+08      2452251.384501747
2002-MAR-27 20:06:26.453      2452361.337806169 2452361.338549040   06 33 03.5122  +23 43 21.780   06 33 10.5132  +23 43 18.454    0.7610216098502997E+09      n.d.        90.6172 S    3192.985    1026.058    20.9475  40.8175     -01 08 45.491    278.5946  12.9952      76.8      2452361.309168151   0.1137723318537078E+08  0.1378433756152711E+00  0.4510587303540059E+02  0.3899370583134567E+02  0.2204369451100965E+01  0.1599418603956915E+03  0.1645964284380369E+03  0.2142247411582804E+08      2452251.151298927
2002-MAR-28 20:56:05.528      2452362.372286204 2452362.373029074   06 33 24.6216  +23 42 41.958   06 33 31.5973  +23 42 38.633    0.7632930776531303E+09      n.d.        89.6754 S    3175.640     996.759     4.8638  43.6031     -00 15 22.799    274.0067   1.3704      92.5      2452362.343560482   0.1137101748114464E+08  0.1383930982198349E+00  0.4511248671148726E+02  0.3899161054545567E+02  0.2081580563959859E+01  0.1615854161546132E+03  0.1658817190886467E+03  0.2140492095869651E+08      2452251.144902404
2002-DEC-29 00:08:32.433      2452637.505930938 2452637.506673808   09 23 35.4113  +16 13 51.304   09 23 45.3920  +16 13 06.442    0.6742305050979717E+09      n.d.       138.8584 G    3852.146    -744.286    73.9132  -3.5696     -05 48 25.354    225.8422 -27.4148      75.1      2452637.480643836   0.1139136405281642E+08  0.1332951878441024E+00  0.4501336946770974E+02  0.3805966577374883E+02  0.1143132154623280E+01  0.1988996470035764E+03  0.1946324829268186E+03  0.2146239754632862E+08      2452748.643189517
2002-DEC-30 00:20:49.714      2452638.514464282 2452638.515207153   09 23 16.4360  +16 14 56.091   09 23 26.4482  +16 14 11.134    0.6724930875597509E+09      n.d.       139.9640 G    3847.983    -778.977    72.3412   0.0871     -05 31 50.554    223.7136 -29.3753      89.5      2452638.489244241   0.1139434164100253E+08  0.1331056118331757E+00  0.4500692330178725E+02  0.3805699622667014E+02  0.9996518115124478E+00  0.2005404154173580E+03  0.1959180583484652E+03  0.2147081317904081E+08      2452748.562770160
2003-JAN-14 22:30:24.032      2452654.437778148 2452654.438521019   09 16 34.2880  +16 38 32.488   09 16 44.7657  +16 37 47.061    0.6503081890465305E+09      n.d.       157.8387 S    3483.648   -1264.943    75.7008  -9.1529     -06 12 47.768    242.5661  -8.7359      63.6      2452654.413414638   0.1141821839647421E+08  0.1316782953912722E+00  0.4497242478995555E+02  0.3802711353829573E+02  0.6371802785480966E-01  0.2246823947906449E+03  0.2152298544764654E+03  0.2153833640817315E+08      2452748.115707043
2003-JAN-15 23:46:05.637      2452655.490343021 2452655.491085891   09 16 01.7077  +16 40 28.736   09 16 12.2252  +16 39 43.292    0.6492234748910936E+09      n.d.       159.0440 G    3439.161   -1291.776    67.9356   8.4707     -04 52 24.625    232.7499 -23.5618      50.4      2452655.466021313   0.1141859819349660E+08  0.1317985235565779E+00  0.4497241621553830E+02  0.3802711764124794E+02  0.3599912598988905E+03  0.2263004128846486E+03  0.2165475050909157E+03  0.2153941104133050E+08      2452748.052517035
2003-FEB-04 21:22:18.870      2452675.390496180 2452675.391239051   09 04 17.3111  +17 22 10.685   09 04 28.2434  +17 21 26.766    0.6390399221566532E+09      n.d.       177.7439 G    2151.958   -1629.510    72.6365  -3.4691     -05 45 59.888    254.4850   4.7693     138.1      2452675.366567680   0.1146446567896550E+08  0.1295045658477322E+00  0.4491946789868481E+02  0.3793003985912679E+02  0.3584651637005360E+03  0.2565721206852120E+03  0.2427945832607086E+03  0.2166932411099230E+08      2452747.422002318
2003-APR-01 19:10:25.178      2452731.298902523 2452731.299645394   08 39 51.3723  +18 55 44.986   08 40 02.1621  +18 55 08.639    0.7145378676745981E+09      n.d.       115.8170 G   -2440.076    -630.641    58.6447  19.5966     -03 53 02.195    286.5449  24.5141     116.4      2452731.272059179   0.1143615989642715E+08  0.1233255436794350E+00  0.4496388814929561E+02  0.3760593872030674E+02  0.3584989747729089E+03  0.3365233423849540E+03  0.3299880630213847E+03  0.2158912127780085E+08      2452747.567082599
2003-MAY-12 20:38:17.070      2452772.359919792 2452772.360662662   08 49 23.2854  +18 42 34.540   08 49 33.4875  +18 41 58.220    0.8212259887920743E+09      n.d.        77.9879 S   -1995.111     854.388   357.4177  48.7277     +00 07 11.523    288.7239  -2.3910      56.3      2452772.328957442   0.1142434871536765E+08  0.1219683286259673E+00  0.4498884774491840E+02  0.3757058947588033E+02  0.3597721347375006E+03  0.3474460895506585E+02  0.4380482966215244E+02  0.2155568428856134E+08      2452748.250259481
2003-MAY-13 20:33:59.507      2452773.356938739 2452773.357681609   08 49 53.6516  +18 41 08.424   08 50 03.8333  +18 40 32.049    0.8237733885103371E+09      n.d.        77.1478 S   -1944.704     879.445   357.7276  48.7601     +00 06 19.458    289.3503  -1.5538      71.0      2452773.325878041   0.1142256654629488E+08  0.1216647559029020E+00  0.4499068558497364E+02  0.3757313426979439E+02  0.3598559605040354E+03  0.3613382038016523E+02  0.4545665799568361E+02  0.2155064053815527E+08      2452748.290288590
2004-APR-19 20:22:26.910      2453115.348922570 2453115.349665440   10 48 25.9854  +09 23 20.707   10 48 39.6514  +09 22 00.947    0.7169927963024801E+09      n.d.       129.8709 S    2797.419      -2.937    64.9006  28.3568     -03 35 28.782    284.3812   4.3700     127.2      2453115.321984414   0.1146528352619993E+08  0.1348977584732737E+00  0.4557064798460057E+02  0.3635455974118408E+02  0.1806075163836496E+01  0.1663455128911009E+03  0.1694771590359744E+03  0.2167164290805009E+08      2452999.421117814
2004-APR-20 19:58:20.618      2453116.332183078 2453116.332925949   10 48 17.9803  +09 23 27.755   10 48 31.6329  +09 22 08.070    0.7186572018150544E+09      n.d.       128.8804 S    2830.477     -47.122    67.7438  24.1060     -03 55 34.464    287.1636   9.5405     115.1      2453116.305180681   0.1146359564441459E+08  0.1350883459768419E+00  0.4557743778338138E+02  0.3635318260420851E+02  0.1842319379782751E+01  0.1677064620517111E+03  0.1705325279899495E+03  0.2166685744091277E+08      2452999.481878045
2004-MAY-17 20:27:57.164      2453143.352744954 2453143.353487824   10 48 15.6457  +09 02 48.881   10 48 29.0194  +09 01 30.757    0.7709834507764983E+09      n.d.       102.8294 S    3136.894   -1101.653    40.3576  50.1426     -01 39 23.443    290.9405  -0.6723     118.4      2453143.323722311   0.1140817827407985E+08  0.1406612510816311E+00  0.4569286319370188E+02  0.3637516260263514E+02  0.1958348481087025E+01  0.2065458113968945E+03  0.2003372795346196E+03  0.2150993443044429E+08      2453249.444785034
2004-MAY-20 21:10:31.066      2453146.382304005 2453146.383046875   10 48 41.5231  +08 57 48.790   10 48 54.8668  +08 56 30.711    0.7773772156841738E+09      n.d.       100.0431 S    3103.967   -1194.854    20.6530  56.6234     -00 45 18.721    287.7744 -10.1523      82.4      2453146.353034502   0.1141508214010859E+08  0.1396076969648909E+00  0.4568545330888498E+02  0.3636970966910068E+02  0.2173344962967870E+01  0.2105971125154542E+03  0.2035395057818492E+03  0.2152946307474923E+08      2453249.766227318
2005-MAR-07 22:59:44.150      2453437.458149884 2453437.458892754   13 08 03.3405  -05 56 25.366   13 08 20.1352  -05 58 11.782    0.6848682179953502E+09      n.d.       149.4193 G    2527.758   -2456.525    96.2712   0.4658     -06 07 55.073    254.2701 -22.2959     116.0      2453437.432452076   0.1139310473563338E+08  0.1487396968552579E+00  0.4627880683452403E+02  0.3604419259751510E+02  0.5280802949726704E+01  0.2667939444943416E+03  0.2501866499170970E+03  0.2146731714861684E+08      2453501.761282892
2005-MAR-08 23:31:26.946      2453438.480172986 2453438.480915857   13 07 39.9054  -05 54 17.088   13 07 56.7199  -05 56 03.677    0.6833535978540791E+09      n.d.       150.5444 G    2509.525   -2475.997    92.8235   8.7684     -05 31 47.100    250.5100 -29.5184     131.1      2453438.454533617   0.1138869980871337E+08  0.1489025887317720E+00  0.4627990651521917E+02  0.3605042439971913E+02  0.5423892371197181E+01  0.2681365153183584E+03  0.2514249609160189E+03  0.2145486845820260E+08      2453501.819984361
2005-MAR-10 23:42:24.681      2453440.487785660 2453440.488528531   13 06 52.0114  -05 49 51.762   13 07 08.8485  -05 51 38.602    0.6805006187795411E+09      n.d.       152.7609 G    2467.681   -2509.193    90.8964  13.2815     -05 12 06.599    249.6685 -32.3964     160.3      2453440.462256417   0.1138772274663642E+08  0.1489732016783923E+00  0.4627976053735313E+02  0.3604839427083821E+02  0.5457199666337448E+01  0.2710214974593843E+03  0.2541436790554642E+03  0.2145210752555813E+08      2453501.829810556
2005-APR-03 00:28:23.787      2453463.519719757 2453463.520462627   12 55 29.1918  -04 41 16.626   12 55 46.2861  -04 43 06.150    0.6607092808883380E+09      n.d.       178.2579 G    1403.913   -2321.865    72.0028  46.5848     -02 43 56.655    251.5672 -48.3018     102.4      2453463.494954474   0.1143123026604507E+08  0.1506725163081350E+00  0.4628695411507792E+02  0.3600320503924559E+02  0.4203303365042808E+01  0.3057429145846077E+03  0.2902018173815902E+03  0.2157516358754013E+08      2453501.130161960
2005-APR-04 01:10:32.838      2453464.548991180 2453464.549734051   12 54 55.0507  -04 37 36.958   12 55 12.1568  -04 39 26.612    0.6604313424937221E+09      n.d.       178.8398 G    1333.388   -2286.843    62.1038  56.5125     -01 57 09.992    243.0304 -57.5574     117.2      2453464.524236602   0.1143088327022873E+08  0.1510766798867744E+00  0.4628104510583899E+02  0.3602052606691417E+02  0.4316800442762133E+01  0.3071572786046049E+03  0.2917829785743498E+03  0.2157418122153306E+08      2453501.176707269
2005-APR-06 23:18:51.504      2453467.471429445 2453467.472172315   12 53 17.7025  -04 27 02.796   12 53 34.8051  -04 28 52.635    0.6599491927354590E+09      n.d.       176.6168 S    1124.895   -2174.928    79.2625  34.8987     -03 35 42.671    263.0054 -33.5317     158.5      2453467.446693545   0.1143917014365016E+08  0.1515866503365211E+00  0.4627992019699252E+02  0.3602133201401823E+02  0.4162448623383083E+01  0.3115471714771492E+03  0.2968557585234678E+03  0.2159764593153680E+08      2453501.090824037
2005-APR-13 22:27:10.635      2453474.435539756 2453474.436282627   12 49 25.9094  -04 01 10.296   12 49 43.0160  -04 03 00.413    0.6606293465818872E+09      n.d.       168.8654 S     588.886   -1837.462    81.2545  30.0887     -03 56 04.377    270.8542 -22.9879     108.8      2453474.410777616   0.1145540190126065E+08  0.1518958695390789E+00  0.4629582608917729E+02  0.3598534475184465E+02  0.3658220176929180E+01  0.3220252437379582E+03  0.3095469161941387E+03  0.2164363162113336E+08      2453500.835405813
2005-APR-14 21:29:04.294      2453475.395188588 2453475.395931459   12 48 54.3742  -03 57 34.107   12 49 11.4824  -03 59 24.297    0.6609276418193781E+09      n.d.       167.7865 S     511.910   -1783.676    86.9368  17.7125     -04 49 52.170    276.5087  -9.7817      96.8      2453475.370414980   0.1145426531762366E+08  0.1517943830385968E+00  0.4629844768079423E+02  0.3598163264122871E+02  0.3664806952673139E+01  0.3233936302735028E+03  0.3112662184796937E+03  0.2164041053981804E+08      2453500.839064326
2006-JUN-07 23:16:47.448      2453894.469993611 2453894.470748055   14 33 21.1204  -13 43 48.015   14 33 43.1179  -13 45 38.936    0.6961293175618614E+09      n.d.       143.3652 S     960.859    -289.955    66.7561  70.2906     -01 14 25.084    281.8908 -38.5572       9.7      2453894.443872390   0.1150303954811241E+08  0.1419520408313830E+00  0.4689687986403730E+02  0.3595688450555774E+02  0.1076361395306692E+02  0.1978267086392192E+03  0.1935735043297284E+03  0.2177878046122251E+08      2454007.996357898
2006-JUL-02 00:44:20.772      2453918.530795972 2453918.531550417   14 29 44.3427  -13 46 56.690   14 30 06.2267  -13 48 48.439    0.7341352628848549E+09      n.d.       119.5914 S    1863.960   -1449.709   283.4122  62.1475     +01 51 36.937    277.9591 -57.3688      48.5      2453918.503207472   0.1146174130364239E+08  0.1433463859603545E+00  0.4691258860434057E+02  0.3597773809597128E+02  0.1279482791551013E+02  0.2297635045755350E+03  0.2185990546347794E+03  0.2166160043688254E+08      2454009.203147229
2006-AUG-31 00:00:59.016      2453978.500683056 2453978.501437500   14 45 32.6021  -15 23 30.221   14 45 54.1402  -15 25 14.423    0.8521507442213473E+09      n.d.        66.2900 S    1355.132   -1670.918   261.7683  21.9476     +04 48 53.498    259.9490 -44.3215      12.9      2453978.468538463   0.1140915802892425E+08  0.1487577444046246E+00  0.4691651446932239E+02  0.3599181196459141E+02  0.1490638589331617E+02  0.3145230115104786E+03  0.3006974391616448E+03  0.2151270545765298E+08      2454009.922147596
2006-AUG-31 23:24:46.436      2453979.475537454 2453979.476291898   14 46 03.2325  -15 25 40.304   14 46 24.7756  -15 27 24.280    0.8539588641799251E+09      n.d.        65.4756 S    1319.652   -1638.034   264.4453  29.4947     +04 16 00.892    263.9499 -35.9792      24.8      2453979.443323025   0.1140944813773959E+08  0.1489441118913048E+00  0.4691281392772483E+02  0.3599662217814252E+02  0.1496243468175565E+02  0.3158990975961959E+03  0.3023312754780944E+03  0.2151352599127423E+08      2454009.946342255
2007-FEB-16 06:43:09.736      2454147.779973797 2454147.780728241   16 59 11.5673  -22 00 44.549   16 59 37.0216  -22 01 30.627    0.8492310741826515E+09      n.d.        71.1806 G    -959.921      37.687   100.3472  40.4879     -03 35 14.704    119.3630 -28.4690      53.4      2454147.747941855   0.1150115624278916E+08  0.1376297650019315E+00  0.4688802006639621E+02  0.3599864737037563E+02  0.1477389443570726E+02  0.1976458123434035E+03  0.1935447639739717E+03  0.2177343216860658E+08      2454261.399172958
2007-APR-15 03:22:03.370      2454205.640316783 2454205.641071227   17 17 11.0381  -22 47 19.307   17 17 38.5086  -22 47 56.488    0.7091298447987452E+09      n.d.       124.5462 G    2020.482   -1782.844   100.8408  42.6732     -03 26 15.540    159.3424 -76.2483      92.1      2454205.613693716   0.1142138569175318E+08  0.1379726524936893E+00  0.4683405100037496E+02  0.3588730565799853E+02  0.1859509117525937E+02  0.2763512512572126E+03  0.2605360444060208E+03  0.2154729879609502E+08      2454263.561371927
2007-APR-18 03:12:27.686      2454208.633653773 2454208.634408217   17 16 55.6379  -22 47 31.763   17 17 23.1790  -22 48 09.030    0.7024962927549322E+09      n.d.       127.5348 G    2162.595   -1825.845   100.7086  43.2322     -03 23 47.830    167.4915 -77.8609     136.6      2454208.607286806   0.1142236067603522E+08  0.1380086884453352E+00  0.4683653303873678E+02  0.3587519773221353E+02  0.1856526445629495E+02  0.2807121381622813E+03  0.2648642844950581E+03  0.2155005792618864E+08      2454263.540993578
2007-AUG-22 01:41:36.074      2454334.570556412 2454334.571310856   16 31 19.2584  -20 57 47.182   16 31 47.0654  -20 58 54.160    0.7491204009901371E+09      n.d.       100.8563 S   -2609.574    1988.143   258.8696  32.9483     +04 07 27.887    245.5860 -67.4051       6.2      2454334.542389465   0.1138425764887213E+08  0.1438392389241884E+00  0.4678432443583994E+02  0.3577657597656913E+02  0.1501912330856858E+02  0.1059351012185015E+03  0.1208680230916270E+03  0.2144231698228211E+08      2454261.513389340
2007-AUG-23 00:34:03.300      2454335.523649306 2454335.524403750   16 31 30.8215  -20 58 35.870   16 31 58.6303  -20 59 42.692    0.7515058365054789E+09      n.d.        99.9855 S   -2606.581    1973.956   263.0408  47.5386     +03 03 29.012    259.5749 -52.4031      13.7      2454335.495390216   0.1138301248150856E+08  0.1436338871024158E+00  0.4677992649416068E+02  0.3578228748616605E+02  0.1494366789478124E+02  0.1074210298175609E+03  0.1221597788679412E+03  0.2143879915827690E+08      2454261.454177394
2007-AUG-24 00:49:58.445      2454336.534704224 2454336.535458669   16 31 43.8926  -20 59 29.745   16 32 11.6981  -21 00 36.441    0.7540431594258320E+09      n.d.        99.0638 S   -2602.154    1957.901   261.7409  43.0356     +03 23 10.266    256.4074 -55.9254      25.7      2454336.506347191   0.1138083174544481E+08  0.1434491804427621E+00  0.4677520821740714E+02  0.3578818805491496E+02  0.1483190869104303E+02  0.1090306460239441E+03  0.1235544242530175E+03  0.2143263864628896E+08      2454261.377282196
2007-AUG-24 23:43:00.291      2454337.488197813 2454337.488952257   16 31 57.0266  -21 00 22.918   16 32 24.8341  -21 01 29.476    0.7564388747615150E+09      n.d.        98.1982 S   -2596.901    1941.851   265.9225  57.5959     +02 19 44.536    265.1612 -40.6002      38.1      2454337.459748248   0.1137884358007142E+08  0.1434617871860036E+00  0.4677582334661486E+02  0.3578747655737203E+02  0.1475679248959461E+02  0.1104998013253727E+03  0.1248367454933772E+03  0.2142702265486831E+08      2454261.338292926
2007-AUG-25 01:07:06.631      2454337.546604525 2454337.547358970   16 31 57.8246  -21 00 26.087   16 32 25.6265  -21 01 32.666    0.7565872432510127E+09      n.d.        98.1444 S   -2596.537    1940.838   260.3625  38.2731     +03 44 03.900    252.4362 -59.6521      38.5      2454337.518149288   0.1137874545429245E+08  0.1434673124341766E+00  0.4677601555710737E+02  0.3578725230894759E+02  0.1475390710059967E+02  0.1105874888721687E+03  0.1249134868021281E+03  0.2142674549066337E+08      2454261.337272921
2007-SEP-09 23:50:11.085      2454353.493183854 2454353.493938298   16 37 24.1464  -21 19 53.986   16 37 51.8388  -21 20 57.062    0.7967581757381532E+09      n.d.        84.0163 S   -2372.920    1562.207   261.1978  42.7836     +03 24 34.378    256.5342 -41.1273     102.1      2454353.463177724   0.1139093853166115E+08  0.1418375357598272E+00  0.4677592550523536E+02  0.3578599570787922E+02  0.1489344335951532E+02  0.1337004683672020E+03  0.1441076823389421E+03  0.2146119497495062E+08      2454261.212283310
2007-SEP-12 23:32:29.235      2454356.480893924 2454356.481648368   16 38 46.3811  -21 24 21.450   16 39 14.0329  -21 25 23.614    0.8041836568390653E+09      n.d.        81.4368 S   -2307.838    1473.221   261.5553  44.4620     +03 17 17.066    257.5094 -36.8923      66.1      2454356.450601114   0.1140288373550050E+08  0.1405371267163321E+00  0.4675380866248283E+02  0.3579636398447386E+02  0.1500890010720047E+02  0.1379751260110380E+03  0.1474643541325995E+03  0.2149496201849718E+08      2454261.100482380
2008-APR-18 05:31:45.998      2454574.730393495 2454574.731147940   19 30 42.5811  -21 21 13.499   19 31 12.9648  -21 20 14.874    0.7390613256020948E+09      n.d.        97.4010 G   -2026.927    1298.026    98.1798  44.9785     -03 14 57.116    101.5980 -52.3781     108.2      2454574.702614858   0.1141202055448098E+08  0.1359826075140146E+00  0.4649830420893400E+02  0.3523503513538953E+02  0.1907269294518149E+02  0.8677626702056440E+02  0.1022921829591661E+03  0.2152080218110795E+08      2454514.662270319
2008-APR-18 06:51:47.213      2454574.785963113 2454574.786717558   19 30 43.1931  -21 21 12.216   19 31 13.5826  -21 20 13.608    0.7389357010881433E+09      n.d.        97.4534 G   -2030.875    1297.783    92.9308  63.4091     -01 54 43.374     91.7969 -34.0401     107.6      2454574.758189280   0.1141191109528017E+08  0.1359904347287433E+00  0.4649850805301724E+02  0.3523457481693466E+02  0.1906880605331925E+02  0.8686001774023386E+02  0.1023742606824441E+03  0.2152049255441024E+08      2454514.660762420
2008-MAY-15 03:49:36.688      2454601.659452407 2454601.660206852   19 31 40.7603  -21 25 02.827   19 32 12.0323  -21 24 00.939    0.6837528974929878E+09      n.d.       123.3168 G   -3563.973     898.627    98.0773  45.6831     -03 11 55.298    104.4553 -77.5699     112.2      2454601.633809058   0.1137817843214896E+08  0.1359633695136145E+00  0.4653182482736228E+02  0.3518659806951108E+02  0.1768271267889456E+02  0.1273907031734364E+03  0.1385380554317511E+03  0.2142514391413013E+08      2454513.884190076
2008-MAY-24 06:22:48.598      2454610.765840255 2454610.766594699   19 30 07.2174  -21 33 01.804   19 30 38.8260  -21 32 00.103    0.6683791004177122E+09      n.d.       132.4578 G   -3841.999     664.585    16.3881  88.9559     -00 01 16.005     81.9293 -42.8973       3.5      2454610.740790371   0.1137417382192791E+08  0.1355683129177206E+00  0.4653079332024468E+02  0.3518813549312042E+02  0.1729796211239733E+02  0.1411203701138024E+03  0.1496991981408081E+03  0.2141383386995339E+08      2454513.585178190
2008-MAY-26 07:18:07.560      2454612.804254167 2454612.805008611   19 29 38.9909  -21 35 13.394   19 30 10.6781  -21 34 11.956    0.6652424168219273E+09      n.d.       134.5290 G   -3882.730     607.614   270.8351  75.4799     +01 02 33.310     77.8568 -30.4543      23.3      2454612.779325388   0.1137884627278347E+08  0.1352025472557686E+00  0.4653047149257237E+02  0.3518789232974412E+02  0.1740705306719179E+02  0.1439684441358848E+03  0.1519564828391932E+03  0.2142703026066829E+08      2454513.601849530
2008-JUL-30 23:23:17.378      2454678.474506690 2454678.475261135   19 03 01.2581  -23 13 07.169   19 03 34.6667  -23 12 23.404    0.6430566748297995E+09      n.d.       156.4330 S    -782.166   -1266.556    97.5781  60.8498     -02 06 46.061    276.3005 -37.2967     176.1      2454678.450434459   0.1150478168789599E+08  0.1215457524610336E+00  0.4631401725572826E+02  0.3498135560377743E+02  0.1692509411452405E+02  0.2389889586191190E+03  0.2279876353999937E+03  0.2178372825561915E+08      2454763.200680131
2008-AUG-11 23:46:19.979      2454690.490509016 2454690.491263461   18 59 20.8748  -23 24 40.862   18 59 54.3071  -23 24 00.275    0.6559847117616384E+09      n.d.       144.0616 S     282.971   -1443.729    96.6401  77.8480     -00 52 40.661    270.0866 -42.0096      20.1      2454690.465937648   0.1149802020970330E+08  0.1203616718802248E+00  0.4629661730220852E+02  0.3489777989481141E+02  0.1750598265061482E+02  0.2554378811255359E+03  0.2426813883769486E+03  0.2176452729669094E+08      2454763.631610566
2008-AUG-25 20:17:41.336      2454704.345617315 2454704.346371760   18 56 56.6343  -23 32 06.775   18 57 29.9948  -23 31 28.359    0.6758077194961681E+09      n.d.       130.1735 S    1381.679   -1506.321   101.7118  43.2429     -03 24 17.500    284.1500   6.5344     163.6      2454704.320280713   0.1147382670865761E+08  0.1195224169814278E+00  0.4629399362774199E+02  0.3481594429609531E+02  0.1863278130649849E+02  0.2740467994234412E+03  0.2603703341900173E+03  0.2169586986470716E+08      2454764.274931374
2008-SEP-20 00:19:03.725      2454729.513237558 2454729.513992002   18 58 11.5103  -23 28 31.745   18 58 44.4926  -23 27 53.204    0.7209876853520055E+09      n.d.       106.0326 S    2621.666   -1161.180   261.5740  58.9755     +02 15 03.851    246.0558 -46.2845     135.6      2454729.486156652   0.1142856933725854E+08  0.1176294865531267E+00  0.4633008091916638E+02  0.3468570242095520E+02  0.2051587638296833E+02  0.3083294982203637E+03  0.2967788768168876E+03  0.2156763071949358E+08      2454765.314677147
2009-MAY-23 10:25:28.196      2454974.934354120 2454974.935120138   21 55 35.9553  -13 50 42.863   21 56 07.4514  -13 47 58.672    0.7355286415791974E+09      n.d.        96.0349 G    1152.180   -1063.032   287.9414  66.5712     +01 31 41.882     62.2524  10.5454      82.3      2454974.906723390   0.1147948254549735E+08  0.1162473286742130E+00  0.4633390296800825E+02  0.3367123896602198E+02  0.1483980804290950E+02  0.3079630427704531E+03  0.2965117961316918E+03  0.2171191378235886E+08      2455011.230730877
2009-JUN-21 08:10:08.678      2455003.840378218 2455003.841144236   22 00 39.6988  -13 18 27.425   22 01 11.9751  -13 15 35.888    0.6667864230122676E+09      n.d.       122.3534 G    2852.489     363.924   298.1251  71.9377     +01 05 15.775     72.2618 -20.4967     102.6      2455003.815401408   0.1141012343421301E+08  0.1123218951036401E+00  0.4641416965577597E+02  0.3361176450138408E+02  0.1692385840270037E+02  0.3476097938587801E+03  0.3444141490270622E+03  0.2151543601659155E+08      2455012.386025362
2009-JUN-22 08:38:52.385      2455004.860328530 2455004.861094548   22 00 37.4325  -13 18 11.648   22 01 09.7489  -13 15 19.906    0.6645189401585802E+09      n.d.       123.3340 G    2886.840     421.533   287.5394  64.9425     +01 38 02.995     70.1955 -14.2633     117.9      2455004.835439272   0.1140751980757181E+08  0.1120910600644322E+00  0.4642008306772983E+02  0.3361201536177558E+02  0.1687016602394201E+02  0.3491216665606314E+03  0.3463148836218260E+03  0.2150807216549355E+08      2455012.357686592
2009-JUN-23 08:29:09.707      2455005.853584572 2455005.854350591   22 00 34.3329  -13 18 00.305   22 01 06.6908  -13 15 08.374    0.6623288724296759E+09      n.d.       124.2924 G    2917.842     477.570   289.0126  66.2006     +01 32 18.349     70.9486 -16.4217     132.8      2455005.828779864   0.1141971033285586E+08  0.1132035511739589E+00  0.4639696517867520E+02  0.3360966673903793E+02  0.1728556066581802E+02  0.3502518054360251E+03  0.3477030298946445E+03  0.2154255793506416E+08      2455012.580356708
2009-JUN-24 08:34:56.218      2455006.857595116 2455006.858361134   22 00 30.2755  -13 17 52.875   22 01 02.6733  -13 15 00.790    0.6601346211723758E+09      n.d.       125.2651 G    2946.614     534.067   286.5858  64.0448     +01 42 06.392     70.5538 -15.2045     147.9      2455006.832875125   0.1138777779012901E+08  0.1106341543616705E+00  0.4643834482865497E+02  0.3361612597964380E+02  0.1709485420316045E+02  0.3518043439950625E+03  0.3497131110975461E+03  0.2145226306152982E+08      2455012.485375401
2009-JUL-18 06:22:17.750      2455030.765483218 2455030.766249236   21 54 27.0762  -13 35 51.613   21 55 00.2095  -13 32 59.193    0.6158221049326586E+09      n.d.       149.5418 G    2758.933    1679.153   295.5114  71.1635     +01 09 45.955     82.3802 -45.1896      97.0      2455030.742473986   0.1142217880719775E+08  0.1131490324668198E+00  0.4640351932300686E+02  0.3358794860417656E+02  0.1805460508527444E+02  0.2559902205198841E+02  0.3200108869818965E+02  0.2154954324251344E+08      2455013.006901948
2010-JUL-05 07:51:16.200      2455382.827270833 2455382.828036852   00 09 28.5433  -00 16 46.324   00 10 02.1371  -00 13 07.201    0.6904890353836985E+09      n.d.       100.9891 G   -2312.196    -585.993    18.0769  66.6478     -00 28 15.604     74.4198 -25.1068      20.8      2455382.801378945   0.1143033617359653E+08  0.1308713605899768E+00  0.4727481871394179E+02  0.3225998084227235E+02  0.1815616764785295E+02  0.1718193793338902E+03  0.1736543581937724E+03  0.2157263238837905E+08      2455263.633544982
2010-JUL-06 08:27:23.875      2455383.852359664 2455383.853125683   00 09 38.9197  -00 16 37.148   00 10 12.5414  -00 12 57.848    0.6882857649167640E+09      n.d.       101.9255 G   -2354.161    -642.655   352.3139  67.4987     +00 11 44.156     71.9995 -17.1304      33.1      2455383.826552837   0.1143486288963164E+08  0.1304462860614774E+00  0.4726971287149036E+02  0.3225839461633002E+02  0.1824075554795364E+02  0.1731954999608694E+03  0.1747185409899629E+03  0.2158544865823445E+08      2455263.632925900
2010-JUL-07 08:26:44.000      2455384.851898148 2455384.852664167   00 09 48.4144  -00 16 32.845   00 10 22.0662  -00 12 53.353    0.6861491469972755E+09      n.d.       102.8415 G   -2394.459    -698.044   350.3024  67.3887     +00 14 51.205     72.1644 -17.2809      45.8      2455384.826173809   0.1143954318014718E+08  0.1299887646075502E+00  0.4726284660007487E+02  0.3225620767024792E+02  0.1827428220781536E+02  0.1745996415621375E+03  0.1758054082658190E+03  0.2159870240361000E+08      2455263.583706670
2010-OCT-20 03:06:06.280      2455489.629239352 2455489.630005370   23 44 32.3725  -03 44 00.152   23 45 07.7128  -03 40 11.449    0.6196733466735204E+09      n.d.       148.4564 S    1069.642    -830.739   295.5789  52.7833     +02 12 33.383    171.4762 -56.8734       7.5      2455489.606081473   0.1149079662877858E+08  0.1390088730429178E+00  0.4744160062505128E+02  0.3211503342392628E+02  0.1307712945407422E+02  0.3316411404960874E+03  0.3227573480275166E+03  0.2174402031471794E+08      2455509.431043444
2011-SEP-03 08:24:44.800      2455807.850518519 2455807.851284537   02 35 26.0525  +14 14 23.413   02 36 06.2744  +14 17 33.418    0.6553793198931234E+09      n.d.       119.3510 G    2316.526    2512.779   325.5532  46.4601     +01 34 50.173     86.4116 -11.4465     168.3      2455807.825982158   0.1134044192114117E+08  0.1421024091152096E+00  0.4815799917853097E+02  0.3208033620647461E+02  0.1499090208778550E+02  0.6694360644768423E+02  0.8283528811449203E+02  0.2131864539465334E+08      2455761.942912221
2011-SEP-04 07:32:58.843      2455808.814569942 2455808.815335961   02 35 24.0898  +14 14 24.934   02 36 04.3436  +14 17 35.065    0.6532149482675049E+09      n.d.       120.2918 G    2333.309    2541.696   341.5900  51.4215     +00 46 54.200     91.6429 -23.1917     155.4      2455808.790117127   0.1139597150009672E+08  0.1431880512345544E+00  0.4816288908357882E+02  0.3203611544892778E+02  0.1684803604233219E+02  0.6651717179421789E+02  0.8250644483847233E+02  0.2147542015668835E+08      2455762.864055787
2012-SEP-16 06:57:47.371      2456186.790131609 2456186.790909201   04 56 53.1358  +21 25 56.901   04 57 39.9818  +21 27 04.218    0.7060052347470952E+09      n.d.        98.2998 G    -983.913   -1543.431    25.2215  41.9191     -01 19 40.224     99.8746 -28.3855     101.4      2456186.763652323   0.1145948470958208E+08  0.1429177169766330E+00  0.4823439250179654E+02  0.3196876775438373E+02  0.3270921272044136E+02  0.2314352724536228E+03  0.2199926713694569E+03  0.2165520362968403E+08      2456276.272890833
2012-SEP-17 07:30:03.579      2456187.812541424 2456187.813319016   04 57 03.9818  +21 25 43.350   04 57 50.8525  +21 26 50.501    0.7038411680302815E+09      n.d.        99.2558 G   -1043.089   -1576.123    14.3336  44.7548     -00 43 33.040     96.6458 -20.7692     116.0      2456187.786145677   0.1149517749239129E+08  0.1403413602095357E+00  0.4821973128462293E+02  0.3190107738940423E+02  0.3182461985756611E+02  0.2338024339670101E+03  0.2221268190719055E+03  0.2175645635407078E+08      2456276.058131190
2012-SEP-18 06:39:55.801      2456188.777729178 2456188.778506770   04 57 13.4917  +21 25 29.849   04 58 00.3855  +21 26 36.805    0.7018091526750650E+09      n.d.       100.1613 G   -1099.028   -1606.434    28.1039  40.8518     -01 30 02.040    102.7771 -31.9439     129.6      2456188.751411894   0.1143599632943243E+08  0.1441041606241837E+00  0.4823572053344371E+02  0.3197795142373414E+02  0.3345691460429489E+02  0.2334824451664676E+03  0.2215849764206954E+03  0.2158865810811478E+08      2456276.564691086
2012-SEP-19 06:32:38.453      2456189.772667280 2456189.773444872   04 57 22.4854  +21 25 15.338   04 58 09.4076  +21 26 22.120    0.6997254400434576E+09      n.d.       101.0985 G   -1156.710   -1637.094    29.0560  40.4669     -01 33 33.057    104.0918 -33.3323     143.9      2456189.746430443   0.1145573486352747E+08  0.1426830766493228E+00  0.4822812710964904E+02  0.3193794860297956E+02  0.3297156942886583E+02  0.2354058897151130E+03  0.2232777393294284E+03  0.2164457526742462E+08      2456276.448674461
2012-OCT-19 04:48:52.216      2456219.700604352 2456219.701381944   04 55 40.2791  +21 15 26.841   04 56 28.0173  +21 16 36.285    0.6454558065893387E+09      n.d.       130.9773 G   -2659.168   -2159.857    24.7414  42.2755     -01 17 38.398    134.3921 -45.8051     177.9      2456219.676462694   0.1138044429387764E+08  0.1470091914283431E+00  0.4823148800796238E+02  0.3190642991497202E+02  0.3534854226372217E+02  0.2764537100007952E+03  0.2596082311653727E+03  0.2143154416932886E+08      2456277.242242154
2013-OCT-06 07:33:45.696      2456571.815112222 2456571.815889814   07 22 43.0285  +22 24 36.781   07 23 32.9699  +22 22 51.377    0.7803260066239159E+09      n.d.        83.9670 G    1472.544    1226.561    33.0541  37.5079     -01 51 35.858    102.5451 -15.5003     100.7      2456571.785763653   0.1143995832863721E+08  0.1452851785590863E+00  0.4781647406935249E+02  0.3113887268873665E+02  0.3766871679671485E+02  0.6046556742144301E+02  0.7616777653819570E+02  0.2159987816079270E+08      2456529.796023129
2013-NOV-09 05:49:32.915      2456605.742742072 2456605.743519664   07 32 02.4748  +22 05 40.137   07 32 53.2405  +22 03 41.241    0.6980818443497307E+09      n.d.       115.5581 G    3496.117     684.197    28.0882  40.1588     -01 31 23.188    127.3569 -30.2737     166.5      2456605.716568690   0.1137748123857329E+08  0.1428152880457308E+00  0.4783627640781653E+02  0.3109765152326583E+02  0.3549491245353509E+02  0.1120846119268300E+03  0.1261520859491898E+03  0.2142317471792362E+08      2456528.517230197
2014-FEB-09 00:00:41.539      2456697.500480775 2456697.501258368   06 48 22.0222  +22 42 09.224   06 49 15.0262  +22 40 59.489    0.6472157810422993E+09      n.d.       141.1978 S    -675.486   -1655.649    11.1991  43.9934     -00 34 50.477    236.7155 -29.2665      26.9      2456697.476271166   0.1150313529454918E+08  0.1274176884937705E+00  0.4759071821876501E+02  0.3069050897829558E+02  0.3780013418133918E+02  0.2415881412255490E+03  0.2297369005540303E+03  0.2177905237782639E+08      2456780.388374895
