    50.7  -108.3  21.1  21.5     3    50.7  -108.3  21.1  21.5     3   0.00 120.0  2.0   16 30 30.04450 -20 47 13.5521 03 51 56.9569 09 06 1995 2449877.6610758901 1995.436443739  16.5083456947 -20.7870978027 14.5  60.3  47.3    13 Himalia               0.0000 160/LNA              Varios               Altair               PRAIA V.0.1.1        1rd degree           UCAC4                JUP300               23 Jan 2014                                                  
  -599.5    -5.8   9.3   5.1     4  -599.5    -5.8   9.3   5.1     4   0.00 120.0  2.0   19 05 46.92643 -22 42 48.9972 01 30 37.7600 21 06 1996 2450255.5629370376 1996.471082647  19.0963684520 -22.7136103405 15.0  51.3  45.0    43 Himalia               0.0000 160/LNA              Varios               Altair               PRAIA V.0.1.1        1rd degree           UCAC4                JUP300               23 Jan 2014                                                  
  -214.0    34.8   2.9   6.8     4  -214.0    34.8   2.9   6.8     4   0.00 120.0  2.0   19 03 58.12432 -22 43 27.7980 01 18 54.9997 24 06 1996 2450258.5548032373 1996.479273930  19.0661456437 -22.7243883213 14.9  43.0  41.0    38 Himalia               0.0000 160/LNA              Varios               Altair               PRAIA V.0.1.1        1rd degree           UCAC4                JUP300               23 Jan 2014                                                  
 -1130.8     0.0  18.3   4.7     4 -1130.8     0.0  18.3   4.7     4   0.00 120.0  2.0   19 03 20.60591 -22 43 40.5136 01 25 14.0000 25 06 1996 2450259.5591898151 1996.482023791  19.0557238635 -22.7279204505 14.7  50.0  40.8    49 Himalia               0.0000 160/LNA              Varios               Altair               PRAIA V.0.1.1        1rd degree           UCAC4                JUP300               23 Jan 2014                                                  
  -201.7    27.7  17.4   4.3     4  -201.7    27.7  17.4   4.3     4   0.00 120.0  2.0   19 02 41.75905 -22 43 53.3645 02 10 46.7502 26 06 1996 2450260.5908188676 1996.484848237  19.0449330697 -22.7314901472 14.7  52.8  48.5    49 Himalia               0.0000 160/LNA              Varios               Altair               PRAIA V.0.1.1        1rd degree           UCAC4                JUP300               23 Jan 2014                                                  
   -79.9   -34.1   7.8  11.8    15   -77.9   -35.2   9.9  17.3    18  16.67 120.0  2.0   18 43 56.93420 -22 48 34.4497 00 05 36.2587 25 07 1996 2450289.5038918825 1996.564007917  18.7324817217 -22.8095693501 15.1  52.7  51.3    87 Himalia               0.0000 160/LNA              Varios               Altair               PRAIA V.0.1.1        1rd degree           UCAC4                JUP300               23 Jan 2014                                                  
    14.9   -48.3   4.7   9.8     9    14.9   -48.3   4.7   9.8     9   0.00 120.0  2.0   18 43 18.06603 -22 48 43.2214 02 33 13.9022 26 07 1996 2450290.6064109057 1996.567026450  18.7216850090 -22.8120059384 15.2  49.3  53.3   100 Himalia               0.0000 160/LNA              Varios               Altair               PRAIA V.0.1.1        1rd degree           UCAC4                JUP300               23 Jan 2014                                                  
   -16.3    -2.5   5.8  26.4     8    90.7    85.6 331.2 286.1    10  20.00 120.0  2.0   18 42 44.42870 -22 48 50.8964 01 53 44.1987 27 07 1996 2450291.5789837814 1996.569689209  18.7123413056 -22.8141378911 15.0  54.4  53.3    81 Himalia               0.0000 160/LNA              Varios               Altair               PRAIA V.0.1.1        1rd degree           UCAC4                JUP300               23 Jan 2014                                                  
    53.0   -15.3  28.6   8.1     3    53.0   -15.3  28.6   8.1     3   0.00 120.0  2.0   18 35 26.80430 -23 01 40.7409 23 20 59.9931 30 09 1996 2450357.4729165868 1996.750096965  18.5907789717 -23.0279835707 15.8  54.3  53.7    92 Himalia               0.0000 160/LNA              Varios               Altair               PRAIA V.0.1.1        1rd degree           UCAC4                JUP300               23 Jan 2014                                                  
    47.0   -16.8   9.3   4.9     4    47.0   -16.8   9.3   4.9     4   0.00 120.0  2.0   21 13 49.45499 -17 19 18.1988 03 24 13.9999 15 08 1997 2450675.6418287028 1997.621195971  21.2304041635 -17.3217218898 14.7  32.3  12.3     3 Himalia               0.0000 160/LNA              Varios               Altair               PRAIA V.0.1.1        1rd degree           UCAC4                JUP300               23 Jan 2014                                                  
    20.5  -140.0  16.0  37.0     4    20.5  -140.0  16.0  37.0     4   0.00 120.0  2.0   21 04 29.15737 -17 54 25.3642 23 58 32.0001 23 10 1997 2450745.4989814823 1997.812454432  21.0747659355 -17.9070456128 16.1  49.8  74.3     7 Himalia               0.0000 160/LNA              Varios               Altair               PRAIA V.0.1.1        1rd degree           UCAC4                JUP300               23 Jan 2014                                                  
  -119.1   -47.7  45.5  34.5    11   -95.8   -17.7  91.5 109.2    12   8.33 120.0  2.0   23 54 24.95346 -01 48 45.4252 23 28 00.9346 11 08 1998 2451037.4777885955 1998.611848839  23.9069315170  -1.8126181223 14.9  48.2  51.8    13 Himalia               0.6900 OHP                  Varios               Altair               PRAIA V.0.1.1        1rd degree           UCAC4                SAT359               10 Dec 2013                                                  
   -95.8   -35.4  25.7  36.9    17  -120.8   -45.2 128.7  58.8    19  10.53 120.0  2.0   23 54  4.49889 -01 50 31.5477 00 19 24.3635 13 08 1998 2451038.5134764295 1998.614684398  23.9012496929  -1.8420965785 15.0  41.9  56.4    13 Himalia               0.6900 OHP                  Varios               Altair               PRAIA V.0.1.1        1rd degree           UCAC4                SAT359               10 Dec 2013                                                  
   -37.0    -4.2  26.8  18.8    11   -29.6    -3.1  31.8  41.7    14  21.43 120.0  2.0   23 22  3.21058 -05 37  6.6855 18 02 31.8809 16 12 1998 2451164.2517578811 1998.958937051  23.3675584941  -5.6185237545 15.4  38.0  57.5    12 Himalia               0.6900 OHP                  Varios               Altair               PRAIA V.0.1.1        1rd degree           UCAC4                SAT359               10 Dec 2013                                                  
    20.8    64.9  19.4  10.6     9     0.2    61.4  49.9  25.8    12  25.00 120.0  2.0   01 58 38.25856 +09 57 20.4952 02 03 45.8078 09 10 1999 2451460.5859468491 1999.770255843   1.9772940431   9.9556931061 14.5  40.1  44.6    14 Himalia               0.6900 OHP                  Varios               Altair               PRAIA V.0.1.1        1rd degree           UCAC4                SAT359               10 Dec 2013                                                  
     9.9    47.0  16.0  22.3     9     5.0    47.0  21.6  21.0    10  10.00 120.0  2.0   01 57 28.12997 +09 51  1.4897 21 31 09.6177 11 10 1999 2451463.3966390933 1999.777951099   1.9578138819   9.8504137986 14.3  49.8  52.1    19 Himalia               0.6900 OHP                  Varios               Altair               PRAIA V.0.1.1        1rd degree           UCAC4                SAT359               10 Dec 2013                                                  
   -21.6   -27.6  14.3  13.5     9   -21.6   -27.6  14.3  13.5     9   0.00 120.0  2.0   01 38 59.11531 +08 53  0.7517 19 21 44.7790 03 12 1999 2451516.3067682753 1999.922811138   1.6497542531   8.8835421433 15.1  27.8  47.1    12 Himalia               0.6900 OHP                  Varios               Altair               PRAIA V.0.1.1        1rd degree           UCAC4                SAT359               10 Dec 2013                                                  
   -52.9   -29.0  25.8  21.6     7   -52.9   -29.0  25.8  21.6     7   0.00 120.0  2.0   01 38 37.68238 +08 53 28.5556 21 37 37.7556 05 12 1999 2451518.4011314302 1999.928545192   1.6438006607   8.8912654559 15.1  46.3  35.1    11 Himalia               0.6900 OHP                  Varios               Altair               PRAIA V.0.1.1        1rd degree           UCAC4                SAT359               10 Dec 2013                                                  
   -42.6   -37.8  12.9  12.2    13   -42.6   -37.8  12.9  12.2    13   0.00 120.0  2.0   01 38 28.60257 +08 53 45.6185 21 03 03.6455 06 12 1999 2451519.3771255263 1999.931217318   1.6412784930   8.8960051408 14.9  61.8  32.4     7 Himalia               0.6900 OHP                  Varios               Altair               PRAIA V.0.1.1        1rd degree           UCAC4                SAT359               10 Dec 2013                                                  
     1.8    34.2  15.2  21.6     5     1.8    34.2  15.2  21.6     5   0.00 120.0  2.0   01 38 12.73137 +08 54 25.9065 18 12 12.6679 08 12 1999 2451521.2584799519 1999.936368186   1.6368698260   8.9071962536 14.8  40.0  56.6    14 Himalia               0.6900 OHP                  Varios               Altair               PRAIA V.0.1.1        1rd degree           UCAC4                SAT359               10 Dec 2013                                                  
   -25.2    16.0  19.1  10.4     8    -4.3     7.2  50.0  28.6    10  20.00 120.0  2.0   04 30 55.66553 +21 20 53.8390 01 02 28.0888 10 11 2000 2451858.5433806577 2000.859803916   4.5154626469  21.3482886220 14.8  44.0  47.9    22 Himalia               0.6900 OHP                  Varios               Altair               PRAIA V.0.1.1        1rd degree           UCAC4                SAT359               10 Dec 2013                                                  
   -59.0    43.7   8.2  13.7     3   -59.0    43.7   8.2  13.7     3   0.00 120.0  2.0   04 24 56.54760 +21 03  4.5475 00 21 40.4067 20 11 2000 2451868.5150510035 2000.887104862   4.4157076667  21.0512631960 14.4  51.7  58.3    20 Himalia               0.6900 OHP                  Varios               Altair               PRAIA V.0.1.1        1rd degree           UCAC4                SAT359               29 Oct 2014                                                  
     4.0    39.2  23.6  22.5    15    13.3    30.1  77.0  29.6    18  16.67 120.0  2.0   04 24 16.44649 +21 01  0.9387 01 33 20.8547 21 11 2000 2451869.5648247069 2000.889978986   4.4045684700  21.0169274305 14.4  56.0  59.1    19 Himalia               0.6900 OHP                  Varios               Altair               PRAIA V.0.1.1        1rd degree           UCAC4                SAT359               10 Dec 2013                                                  
    -6.0    30.6   6.5   4.8     8    -6.0    30.6   6.5   4.8     8   0.00 120.0  2.0   04 21 46.03854 +20 53  9.6607 22 41 22.4189 24 11 2000 2451873.4453983675 2000.900603417   4.3627884843  20.8860168510 14.5  41.9  52.0    25 Himalia               0.6900 OHP                  Varios               Altair               PRAIA V.0.1.1        1rd degree           UCAC4                SAT359               10 Dec 2013                                                  
   -13.7   -61.8  49.8  30.3     4   -13.7   -61.8  49.8  30.3     4   0.00 120.0  2.0   07 02 43.40219 +22 09 40.6434 03 07 13.1750 18 11 2001 2452231.6300136000 2001.881259448   7.0453894962  22.1612898400 14.5  46.5  46.0    70 Himalia               0.6900 OHP                  Varios               Altair               PRAIA V.0.1.1        1rd degree           UCAC4                SAT359               10 Dec 2013                                                  
    -7.9   -22.4  15.2  17.8    10    -7.9   -22.4  15.2  17.8    10   0.00 120.0  2.0   07 02 11.77129 +22 11 29.6620 02 56 02.2370 20 11 2001 2452233.6222481132 2001.886713889   7.0366031371  22.1915727815 15.1  51.1  45.0   120 Himalia               0.6900 OHP                  Varios               Altair               PRAIA V.0.1.1        1rd degree           UCAC4                SAT359               10 Dec 2013                                                  
     0.4   -45.3  18.8  34.5     7     6.3   -63.1  24.0  59.7     8  12.50 120.0  2.0   07 01 22.10496 +22 14 22.0238 23 45 33.9914 22 11 2001 2452236.4899767530 2001.894565302   7.0228069323  22.2394510656 15.1  47.9  45.1    94 Himalia               0.6900 OHP                  Varios               Altair               PRAIA V.0.1.1        1rd degree           UCAC4                SAT359               10 Dec 2013                                                  
    42.0    32.0   8.8  10.7     9    38.4    32.5  14.1  10.2    10  10.00 120.0  2.0   06 50 28.97129 +22 52 15.7500 02 19 11.4134 20 12 2001 2452263.5966598778 2001.968779356   6.8413809131  22.8710416760 14.6  41.9  38.8   134 Himalia               0.6900 OHP                  Varios               Altair               PRAIA V.0.1.1        1rd degree           UCAC4                SAT359               10 Dec 2013                                                  
    31.3    44.2   8.1   8.6     6    31.3    44.2   8.1   8.6     6   0.00 120.0  2.0   06 49 38.65027 +22 55  5.5412 21 19 45.2633 21 12 2001 2452265.3887183252 2001.973685744   6.8274028530  22.9182058998 14.6  48.7  46.5   112 Himalia               0.6900 OHP                  Varios               Altair               PRAIA V.0.1.1        1rd degree           UCAC4                SAT359               10 Dec 2013                                                  
    36.4     8.5  10.3   9.8    11    35.2    14.2  13.0  19.8    13  15.38 120.0  2.0   06 40 15.94706 +23 24 36.4684 22 35 28.5046 10 01 2002 2452285.4413021365 2002.028586727   6.6710964060  23.4101301022 14.6  40.6  41.1    69 Himalia               0.6900 OHP                  Varios               Altair               PRAIA V.0.1.1        1rd degree           UCAC4                SAT359               10 Dec 2013                                                  
    15.0    31.4  10.2   8.2     5    15.0    31.4  10.2   8.2     5   0.00 120.0  2.0   06 30 29.20178 +23 49 27.6933 17 57 28.7518 07 02 2002 2452313.2482494419 2002.104717999   6.5081116058  23.8243592616 15.1  51.2  48.0   177 Himalia               0.6900 OHP                  Varios               Altair               PRAIA V.0.1.1        1rd degree           UCAC4                SAT359               10 Dec 2013                                                  
    21.0    18.8  28.6  23.3     4    21.0    18.8  28.6  23.3     4   0.00 120.0  2.0   06 30 14.82521 +23 49 57.3934 19 38 02.0774 08 02 2002 2452314.3180796001 2002.107647035   6.5041181152  23.8326092725 15.2  46.0  44.5   123 Himalia               0.6900 OHP                  Varios               Altair               PRAIA V.0.1.1        1rd degree           UCAC4                SAT359               10 Dec 2013                                                  
     4.1   -20.1  24.8  17.4    10     4.1   -20.1  24.8  17.4    10   0.00 120.0  2.0   06 32  6.79845 +23 45  7.2745 21 07 53.9021 24 03 2002 2452358.3804849782 2002.228283326   6.5352217903  23.7520207071 15.5  47.3  50.5   130 Himalia               0.6900 OHP                  Varios               Altair               PRAIA V.0.1.1        1rd degree           UCAC4                SAT359               10 Dec 2013                                                  
    20.6    -5.6  26.1  11.8     8    17.7    -0.4  25.9  19.1     9  11.11 120.0  2.0   06 33  3.42861 +23 43 19.8782 20 06 26.4525 27 03 2002 2452361.3378061638 2002.236380030   6.5509523911  23.7221883836 15.5  53.0  48.4   152 Himalia               0.6900 OHP                  Varios               Altair               PRAIA V.0.1.1        1rd degree           UCAC4                SAT359               10 Dec 2013                                                  
    -9.0    22.2  33.5  27.1     6    -9.0    22.2  33.5  27.1     6   0.00 120.0  2.0   06 33 24.54650 +23 42 39.9883 20 56 05.5284 28 03 2002 2452362.3722862084 2002.239212282   6.5568184727  23.7111078490 15.6  47.2  49.8   152 Himalia               0.6900 OHP                  Varios               Altair               PRAIA V.0.1.1        1rd degree           UCAC4                SAT359               10 Dec 2013                                                  
    -4.3   -63.5  26.9   9.0     6    -4.3   -63.5  26.9   9.0     6   0.00 120.0  2.0   09 23 35.34305 +16 13 49.5260 00 08 32.4334 29 12 2002 2452637.5059309416 2002.992487148   9.3931508467  16.2304238793 15.4  49.0  62.2    16 Himalia               0.6900 OHP                  Varios               Altair               PRAIA V.0.1.1        1rd degree           UCAC4                SAT359               10 Dec 2013                                                  
    15.9   -24.5   8.9   2.2     8    15.0   -28.3   7.8   7.4    11  27.27 120.0  2.0   09 23 16.36382 +16 14 54.3276 00 20 49.7139 30 12 2002 2452638.5144642815 2002.995248362   9.3878788401  16.2484243309 15.3  30.5  50.2    20 Himalia               0.6900 OHP                  Varios               Altair               PRAIA V.0.1.1        1rd degree           UCAC4                SAT359               10 Dec 2013                                                  
    62.3    18.9  43.1  39.1    15    62.3    18.9  43.1  39.1    15   0.00 120.0  2.0   09 16 34.23004 +16 38 30.7703 22 30 24.0319 14 01 2003 2452654.4377781474 2003.038844019   9.2761750101  16.6418806507 15.0  52.9  60.3    18 Himalia               0.6900 OHP                  Varios               Altair               PRAIA V.0.1.1        1rd degree           UCAC4                SAT359               10 Dec 2013                                                  
    66.5    15.9  25.2  21.0     8    66.5    15.9  25.2  21.0     8   0.00 120.0  2.0   09 16  1.62538 +16 40 26.9052 23 46 05.6365 15 01 2003 2452655.4903430152 2003.041725785   9.2671181607  16.6741403429 15.2  44.0  50.2    22 Himalia               0.6900 OHP                  Varios               Altair               PRAIA V.0.1.1        1rd degree           UCAC4                SAT359               10 Dec 2013                                                  
   -56.3     4.0  24.9  18.6     6   -56.3     4.0  24.9  18.6     6   0.00 120.0  2.0   09 04 17.23409 +17 22  8.9097 21 22 18.8701 04 02 2003 2452675.3904961813 2003.096209435   9.0714539140  17.3691415862 14.8  50.2  56.3    13 Himalia               0.6900 OHP                  Varios               Altair               PRAIA V.0.1.1        1rd degree           UCAC4                SAT359               10 Dec 2013                                                  
    12.2     4.2  17.3   9.5     6    49.9     3.9 101.0   8.7     7  14.29 120.0  2.0   08 39 51.28255 +18 55 43.2613 19 10 25.1783 01 04 2003 2452731.2989025265 2003.249278309   8.6642451528  18.9286836970 15.4  39.5  34.2    40 Himalia               0.6900 OHP                  Varios               Altair               PRAIA V.0.1.1        1rd degree           UCAC4                SAT359               10 Dec 2013                                                  
    32.4   -22.0  32.0  38.5     9    32.4   -22.0  32.0  38.5     9   0.00 120.0  2.0   08 49 23.22597 +18 42 32.6406 20 38 17.0700 12 05 2003 2452772.3599197920 2003.361697247   8.8231183261  18.7090668200 15.9  54.7  46.8    28 Himalia               0.6900 OHP                  Varios               Altair               PRAIA V.0.1.1        1rd degree           UCAC4                SAT359               10 Dec 2013                                                  
    38.8    -7.8  24.2  14.2    10    40.6    -1.2  23.8  25.7    11   9.09 120.0  2.0   08 49 53.59268 +18 41  6.5449 20 33 59.5070 13 05 2003 2452773.3569387379 2003.364426937   8.8315535229  18.6851513518 15.9  46.4  48.0    29 Himalia               0.6900 OHP                  Varios               Altair               PRAIA V.0.1.1        1rd degree           UCAC4                SAT359               10 Dec 2013                                                  
   -26.3    95.9  24.2  17.7     7   -25.5   104.0  22.6  28.3     8  12.50 120.0  2.0   10 48 25.89511 +09 23 18.9155 20 22 26.9099 19 04 2004 2453115.3489225684 2004.300749959  10.8071930873   9.3885876490 15.3  52.9  50.0    14 Himalia               0.6900 OHP                  Varios               Altair               PRAIA V.0.1.1        1rd degree           UCAC4                SAT359               10 Dec 2013                                                  
   -44.4   110.9  27.6  10.1     8   -42.1   114.9  26.7  15.3     9  11.11 120.0  2.0   10 48 17.89124 +09 23 26.0009 19 58 20.6177 20 04 2004 2453116.3321830751 2004.303441979  10.8049697878   9.3905558091 15.4  58.1  44.0    17 Himalia               0.6900 OHP                  Varios               Altair               PRAIA V.0.1.1        1rd degree           UCAC4                SAT359               10 Dec 2013                                                  
   -35.8    72.2  18.2  24.5    11   -30.6    62.2  24.4  33.2    13  15.38 120.0  2.0   10 48 15.56169 +09 02 47.0948 20 27 57.1637 17 05 2004 2453143.3527449500 2004.377420246  10.8043226924   9.0464152323 15.8  47.1  52.4    18 Himalia               0.6900 OHP                  Varios               Altair               PRAIA V.0.1.1        1rd degree           UCAC4                SAT359               10 Dec 2013                                                  
   -21.9    51.5  12.4  19.7     8     1.7    58.1  62.2  29.6    10  20.00 120.0  2.0   10 48 41.44802 +08 57 46.9571 21 10 31.0664 20 05 2004 2453146.3823040086 2004.385714726  10.8115133384   8.9630436324 15.7  59.5  57.6    15 Himalia               0.6900 OHP                  Varios               Altair               PRAIA V.0.1.1        1rd degree           UCAC4                SAT359               10 Dec 2013                                                  
   -35.0   -73.2  39.0  40.2    10   -35.0   -73.2  39.0  40.2    10   0.00 120.0  2.0   13 08  3.27968 -05 56 27.6015 22 59 44.1499 07 03 2005 2453437.4581498830 2005.182636960  13.1342443563  -5.9410004288 15.4  50.0  60.6    16 Himalia               0.6900 OHP                  Varios               Altair               PRAIA V.0.1.1        1rd degree           UCAC4                SAT359               10 Dec 2013                                                  
   -27.9  -102.3  34.5  14.8     8   -12.4  -108.7  56.4  23.7     9  11.11 120.0  2.0   13 07 39.83393 -05 54 19.3415 23 31 26.9462 08 03 2005 2453438.4801729890 2005.185435107  13.1277316476  -5.9053726309 15.3  45.9  54.3    16 Himalia               0.6900 OHP                  Varios               Altair               PRAIA V.0.1.1        1rd degree           UCAC4                SAT359               10 Dec 2013                                                  
    15.5   -85.1  22.4  15.9    11    19.2   -88.7  24.8  19.6    12   8.33 120.0  2.0   13 06 51.93728 -05 49 53.9963 23 42 24.6810 10 03 2005 2453440.4877856602 2005.190931651  13.1144270211  -5.8316656284 15.5  53.8  42.1    21 Himalia               0.6900 OHP                  Varios               Altair               PRAIA V.0.1.1        1rd degree           UCAC4                SAT359               10 Dec 2013                                                  
    46.8    21.2  20.6  13.1    10    46.8    21.2  20.6  13.1    10   0.00 120.0  2.0   12 55 29.19493 -04 41 16.6045 00 28 23.7870 03 04 2005 2453463.5197197571 2005.253989650  12.9247763700  -4.6879456982 15.0  58.0  53.7    11 Himalia               0.0000 IAG/LNA              Varios               Altair               PRAIA V.0.1.1        1rd degree           UCAC4                JUP300               23 Jan 2014                                                  
    57.2    33.6  16.9  14.9    13    59.6    31.1  26.2  20.8    17  23.53 120.0  2.0   12 54 55.05442 -04 37 36.9242 01 10 32.8384 04 04 2005 2453464.5489911851 2005.256807641  12.9152928955  -4.6269233774 14.8  37.0  59.8     9 Himalia               0.0000 IAG/LNA              Varios               Altair               PRAIA V.0.1.1        1rd degree           UCAC4                JUP300               23 Jan 2014                                                  
    22.2     3.2  39.9  17.8     5    22.2     3.2  39.9  17.8     5   0.00 120.0  2.0   12 53 17.60881 -04 27  4.9493 23 18 51.5040 06 04 2005 2453467.4714294439 2005.264808841  12.8882246708  -4.4513747950 14.7  44.8  51.0    10 Himalia               0.6900 OHP                  Varios               Altair               PRAIA V.0.1.1        1rd degree           UCAC4                SAT359               10 Dec 2013                                                  
   -99.3    68.8  11.2  17.9     6  -115.7    80.9 165.2  61.1    10  40.00 120.0  2.0   12 49 25.80992 -04 01 12.3855 22 27 10.6350 13 04 2005 2453474.4355397569 2005.283875536  12.8238360893  -4.0201070770 14.9  43.8  48.8    17 Himalia               0.6900 OHP                  Varios               Altair               PRAIA V.0.1.1        1rd degree           UCAC4                SAT359               10 Dec 2013                                                  
   -91.4    59.6  50.5  11.1     7  -122.1    67.3  98.6  24.0     8  12.50 120.0  2.0   12 48 54.28531 -03 57 36.2293 21 29 04.2943 14 04 2005 2453475.3951885914 2005.286502912  12.8150792531  -3.9600636973 15.0  44.6  47.1     9 Himalia               0.6900 OHP                  Varios               Altair               PRAIA V.0.1.1        1rd degree           UCAC4                SAT359               10 Dec 2013                                                  
    28.1   -48.5  23.5  17.8    17    30.3   -43.5  34.0  21.1    20  15.00 120.0  2.0   14 33 21.12227 -13 43 48.0632 23 16 47.4478 07 06 2006 2453894.4699936081 2006.433867196  14.5558672961 -13.7300175658 15.3  52.1  46.8    25 Himalia               0.0000 IAG/LNA              Varios               Altair               PRAIA V.0.1.1        1rd degree           UCAC4                JUP300               23 Jan 2014                                                  
     3.4   -73.6  14.0  12.0    34     2.6   -73.9  29.1  24.2    51  33.33 120.0  2.0   14 29 44.34394 -13 46 56.7586 00 44 20.7715 02 07 2006 2453918.5307959667 2006.499742083  14.4956510958 -13.7824329319 15.5  48.8  43.1    19 Himalia               0.0000 IAG/LNA              Varios               Altair               PRAIA V.0.1.1        1rd degree           UCAC4                JUP300               23 Jan 2014                                                  
    22.3    -5.3  35.2  33.6    13    22.3    -5.3  35.2  33.6    13   0.00 120.0  2.0   14 45 32.60367 -15 23 30.2262 00 00 59.0162 31 08 2006 2453978.5006830576 2006.663930686  14.7590565748 -15.3917295001 16.0  49.7  47.8    19 Himalia               0.0000 IAG/LNA              Varios               Altair               PRAIA V.0.1.1        1rd degree           UCAC4                JUP300               23 Jan 2014                                                  
    54.4    14.7   7.3  22.1    10    46.6    17.2  16.5  21.8    13  23.08 120.0  2.0   14 46  3.23631 -15 25 40.2890 23 24 46.4360 31 08 2006 2453979.4755374538 2006.666599691  14.7675656407 -15.4278580580 16.0  55.6  58.0    22 Himalia               0.0000 IAG/LNA              Varios               Altair               PRAIA V.0.1.1        1rd degree           UCAC4                JUP300               23 Jan 2014                                                  
   -98.7   -82.9  17.2  12.1    13   -95.2   -69.7  56.3  44.1    20  35.00 120.0  2.0   16 59 11.56012 -22 00 44.6320 06 43 09.7360 16 02 2007 2454147.7799737961 2007.127392125  16.9865444783 -22.0123977842 15.9  59.4  53.1   101 Himalia               0.0000 IAG/LNA              Varios               Altair               PRAIA V.0.1.1        1rd degree           UCAC4                JUP300               23 Jan 2014                                                  
  -183.4   -88.0  30.8  24.9     5  -183.4   -88.0  30.8  24.9     5   0.00 120.0  2.0   17 17 11.02482 -22 47 19.3951 03 22 03.3700 15 04 2007 2454205.6403167821 2007.285805111  17.2863957824 -22.7887208672 16.1  63.0  59.6    97 Himalia               0.0000 IAG/LNA              Varios               Altair               PRAIA V.0.1.1        1rd degree           UCAC4                JUP300               23 Jan 2014                                                  
  -164.9  -114.1  19.9  12.6    10  -164.9  -114.1  19.9  12.6    10   0.00 120.0  2.0   17 16 55.62602 -22 47 31.8774 03 12 27.6860 18 04 2007 2454208.6336537730 2007.294000421  17.2821183395 -22.7921881540 15.9  61.1  56.9   151 Himalia               0.0000 Zeiss/LNA            Varios               Altair               PRAIA V.0.1.1        1rd degree           UCAC4                JUP300               23 Jan 2014                                                  
   139.2   -73.6  12.6  14.2    11   131.5   -77.4  19.9  18.6    14  21.43  80.0  2.0   16 31 19.26837 -20 57 47.2556 01 41 36.0735 22 08 2007 2454334.5705564064 2007.638796869  16.5220189910 -20.9631265529 15.7  55.4  54.0    77 Himalia               0.0000 IAG/LNA              varios               Altair               PRAIA V.0.1.1        1rd degree           UCAC4                JUP300               01 Aug 2014          Irregular                               
   140.7   -71.4  40.0  28.1     7   140.7   -71.4  40.0  28.1     7   0.00  80.0  2.0   16 31 30.83158 -20 58 35.9411 00 34 03.3000 23 08 2007 2454335.5236493056 2007.641406295  16.5252309953 -20.9766502941 15.6  54.0  53.9    65 Himalia               0.0000 IAG/LNA              varios               Altair               PRAIA V.0.1.1        1rd degree           UCAC4                JUP300               01 Aug 2014          Irregular                               
    93.0   -34.9  20.6  15.9    15   101.2   -43.7  39.9  30.7    19  21.05  80.0  2.0   16 31 43.89924 -20 59 29.7804 00 49 58.4453 24 08 2007 2454336.5347042279 2007.644174412  16.5288609003 -20.9916056802 15.7  55.3  50.0    57 Himalia               0.0000 IAG/LNA              varios               Altair               PRAIA V.0.1.1        1rd degree           UCAC4                JUP300               01 Aug 2014          Irregular                               
    50.4   -15.8   7.0  10.2    16    53.3   -14.7  11.3  12.0    19  15.79  80.0  2.0   16 31 57.03020 -21 00 22.9339 23 43 00.2907 24 08 2007 2454337.4881978086 2007.646784935  16.5325083891 -21.0063705389 15.6  50.2  50.4    63 Himalia               0.0000 IAG/LNA              varios               Altair               PRAIA V.0.1.1        1rd degree           UCAC4                JUP300               01 Aug 2014          Irregular                               
    94.9   -66.2  21.5  10.5    19    96.8   -64.8  22.5  11.9    20   5.00  80.0  2.0   16 31 57.83146 -21 00 26.1532 01 07 06.6311 25 08 2007 2454337.5466045267 2007.646944844  16.5327309609 -21.0072647895 15.7  55.1  57.5    44 Himalia               0.0000 ZEI/LNA              varios               Altair               PRAIA V.0.1.1        1rd degree           UCAC4                JUP300               01 Aug 2014          Irregular                               
   -77.5    33.9  74.4   5.2    17   -82.4    34.8  75.1   6.2    18   5.56 120.0  2.0   16 37 24.18074 -21 19 53.9136 23 50 11.0847 09 09 2007 2454353.4931838508 2007.690604199  16.6233835384 -21.3316426694 15.1  27.9  29.1  1556 Himalia               0.2800 ESO                  Varios               Altair               PRAIA V.0.1.1        1rd degree           UCAC4                jup300+de421         21 Nov 2014                                                  
    45.1    32.8  41.8  36.1    17    48.2    26.1  42.7  45.3    18   5.56  80.0  2.0   16 38 46.38451 -21 24 21.4162 23 32 29.2347 12 09 2007 2454356.4808939206 2007.698784103  16.6462179186 -21.4059489366 14.6  59.5  55.1    77 Himalia               0.0000 IAG/LNA              varios               Altair               PRAIA V.0.1.1        1rd degree           UCAC4                JUP300               01 Aug 2014          Irregular                               
  -114.1   -59.6   7.5  12.9     7  -118.5   -63.6  14.2  16.5     8  12.50 120.0  2.0   19 30 42.57283 -21 21 13.5585 05 31 45.9984 18 04 2008 2454574.7303935001 2008.296318668  19.5118257856 -21.3537662560 15.7  50.9  54.1    91 Himalia               0.0000 IAG/LNA              Varios               Altair               PRAIA V.0.1.1        1rd degree           UCAC4                JUP300               23 Jan 2014                                                  
   -66.5   -26.8  25.3  16.3    11   -70.7   -25.2  67.3  32.3    15  26.67 120.0  2.0   19 30 43.18826 -21 21 12.2421 06 51 47.2127 18 04 2008 2454574.7859631102 2008.296470809  19.5119967395 -21.3534005747 15.7  58.7  58.9    99 Himalia               0.0000 Zeiss/LNA            Varios               Altair               PRAIA V.0.1.1        1rd degree           UCAC4                JUP300               23 Jan 2014                                                  
  -114.1    56.9  56.2  55.6    16  -128.2    68.7 146.5 108.7    19  15.79 120.0  2.0   19 31 40.75196 -21 25  2.7701 03 49 36.6875 15 05 2008 2454601.6594524020 2008.370046413  19.5279866567 -21.4174361333 15.5  50.7  52.9    69 Himalia               0.0000 Zeiss/LNA            Varios               Altair               PRAIA V.0.1.1        1rd degree           UCAC4                JUP300               23 Jan 2014                                                  
   -72.9   -17.9  17.8  23.0    28   -71.2   -20.7  31.6  30.4    33  15.15 120.0  2.0   19 30  7.21208 -21 33  1.8204 06 22 48.5979 24 05 2008 2454610.7658402538 2008.394978344  19.5020033547 -21.5505056552 15.4  54.0  55.9    90 Himalia               0.0000 IAG/LNA              Varios               Altair               PRAIA V.0.1.1        1rd degree           UCAC4                JUP300               23 Jan 2014                                                  
   -76.0   -56.9  13.1  19.3    26   -76.0   -56.9  13.1  19.3    26   0.00 120.0  2.0   19 29 38.98549 -21 35 13.4506 07 18 07.5597 26 05 2008 2454612.8042541626 2008.400559217  19.4941626370 -21.5870696176 15.3  55.2  54.5   116 Himalia               0.0000 IAG/LNA              Varios               Altair               PRAIA V.0.1.1        1rd degree           UCAC4                JUP300               23 Jan 2014                                                  
   -83.1    27.6  13.5   7.7    32   -82.2    26.3  23.2   8.8    42  23.81  80.0  2.0   19 03  1.25158 -23 13  7.1356 23 23 17.3784 30 07 2008 2454678.4745066948 2008.580354570  19.0503476607 -23.2186487845 15.2  53.2  51.3    58 Himalia               0.0000 160/LNA              varios               Altair               PRAIA V.0.1.1        1rd degree           UCAC4                JUP300               01 Aug 2014          Irregular                               
   -33.9     8.0   5.4  15.5     9   -30.5    12.9   9.2  19.4    12  25.00 120.0  2.0   18 59 20.87214 -23 24 40.8397 23 46 19.9789 11 08 2008 2454690.4905090146 2008.613252591  18.9891311497 -23.4113443622 15.4  50.7  51.2   133 Himalia               0.0000 IAG/LNA              Varios               Altair               PRAIA V.0.1.1        1rd degree           UCAC4                JUP300               23 Jan 2014                                                  
   160.0  -299.0  20.8  38.5     3   160.0  -299.0  20.8  38.5     3   0.00 120.0  2.0   18 56 56.54354 -23 32  9.0939 20 17 41.3364 25 08 2008 2454704.3456173199 2008.651185810  18.9490398733 -23.5358594273 15.3  57.3  58.7   230 Himalia               0.6900 OHP                  Varios               Altair               PRAIA V.0.1.1        1rd degree           UCAC4                SAT359               29 Oct 2014                                                  
    -7.8   -20.9  12.2  18.3    31   -13.5   -22.5  22.0  19.3    35  11.43 120.0  2.0   18 58 11.51143 -23 28 31.7549 00 19 03.7248 20 09 2008 2454729.5132375555 2008.720090999  18.9698642855 -23.4754874705 15.9  51.4  54.3   262 Himalia               0.0000 IAG/LNA              Varios               Altair               PRAIA V.0.1.1        1rd degree           UCAC4                JUP300               23 Jan 2014                                                  
    31.0   -71.0  12.0  12.6     6    31.0   -71.0  12.0  12.6     6   0.00 120.0  2.0   21 55 36.00579 -13 50 42.7612 10 25 28.1960 23 05 2009 2454974.9343541199 2009.392017396  21.9266682742 -13.8452114343 15.7  13.3  14.7   751 Himalia               0.2800 ESO                  Varios               Altair               PRAIA V.0.1.1        1rd degree           UCAC4                jup300+de421         21 Nov 2014                                                  
   -80.8     1.8  14.1   6.5    17   -80.2     2.7  13.9   7.4    18   5.56  80.0  2.0   22 00 39.69330 -13 18 27.4223 08 10 08.6776 21 06 2009 2455003.8403782127 2009.471157777  22.0110259171 -13.3076173049 15.6  51.7  26.4     6 Himalia               0.0000 160/LNA              varios               Altair               PRAIA V.0.1.1        1rd degree           UCAC4                JUP300               01 Aug 2014          Irregular                               
  -110.2   -10.2   3.1   7.5    23  -110.6    -8.6   6.9   7.9    32  28.13 120.0  2.0   22 00 37.42498 -13 18 11.6573 08 38 52.3853 22 06 2009 2455004.8603285332 2009.473950249  22.0103958264 -13.3032381298 15.4  21.8  28.6     6 Himalia               0.0000 160/LNA              Varios               Altair               PRAIA V.0.1.1        1rd degree           UCAC4                JUP300               23 Jan 2014                                                  
   -87.8   -40.7   5.8   3.7    26   -86.4   -39.5  11.3   7.8    43  39.53 120.0  2.0   22 00 34.32687 -13 18  0.3455 08 29 09.7073 23 06 2009 2455005.8535845759 2009.476669636  22.0095352417 -13.3000959758 15.5  37.3  45.2     7 Himalia               0.0000 160/LNA              Varios               Altair               PRAIA V.0.1.1        1rd degree           UCAC4                JUP300               23 Jan 2014                                                  
  -133.0   -21.0   5.4   5.4    27  -133.0   -21.3   5.5   8.4    32  15.63  80.0  2.0   22 00 30.26645 -13 17 52.8954 08 34 56.2181 24 06 2009 2455006.8575951173 2009.479418467  22.0084073480 -13.2980265060 15.6  30.9  41.1     5 Himalia               0.0000 160/LNA              varios               Altair               PRAIA V.0.1.1        1rd degree           UCAC4                JUP300               01 Aug 2014          Irregular                               
    45.8    -8.5  14.4   7.4    13    49.7    -7.0  28.2  10.7    19  31.58 120.0  2.0   21 54 27.07937 -13 35 51.6213 06 22 17.7500 18 07 2009 2455030.7654832178 2009.544874697  21.9075220461 -13.5976725810 15.2  58.5  44.7    16 Himalia               0.0000 IAG/LNA              Varios               Altair               PRAIA V.0.1.1        1rd degree           UCAC4                JUP300               23 Jan 2014                                                  
  -123.0     8.9  11.4  20.4    25  -121.8     9.9  18.6  19.9    30  16.67 120.0  2.0   00 09 28.53513 -00 16 46.3151 07 51 16.2000 05 07 2010 2455382.8272708328 2010.508767339   0.1579264245  -0.2795319652 15.7  51.4  57.0    14 Himalia               0.0000 IAG/LNA              Varios               Altair               PRAIA V.0.1.1        1rd degree           UCAC4                JUP300               23 Jan 2014                                                  
  -141.3    -1.3  29.6  23.4     8  -141.3    -1.3  29.6  23.4     8   0.00 120.0  2.0   00 09 38.91030 -00 16 37.1494 08 27 23.8752 06 07 2010 2455383.8523596665 2010.511573880   0.1608084166  -0.2769859501 15.4  55.5  63.3    10 Himalia               0.0000 IAG/LNA              Varios               Altair               PRAIA V.0.1.1        1rd degree           UCAC4                JUP300               23 Jan 2014                                                  
  -143.5   -18.5  21.0  16.5     8  -143.5   -18.5  21.0  16.5     8   0.00 120.0  2.0   00 09 48.40485 -00 16 32.8636 08 26 43.9999 07 07 2010 2455384.8518981477 2010.514310467   0.1634457911  -0.2757954420 15.4  74.9  46.9     8 Himalia               0.0000 IAG/LNA              Varios               Altair               PRAIA V.0.1.1        1rd degree           UCAC4                JUP300               23 Jan 2014                                                  
     3.9   -32.2  12.2  11.7    25    -1.0   -34.3  28.4  12.4    31  19.35 120.0  2.0   23 44 32.37280 -03 44  0.1842 03 06 06.2800 20 10 2010 2455489.6292393515 2010.801175193  23.7423257772  -3.7333845002 15.0 104.8  25.0     5 Himalia               0.0000 160/LNA              Varios               Altair               PRAIA V.0.1.1        1rd degree           UCAC4                JUP300               23 Jan 2014
    -8.4    11.8  32.5  41.4     5    -8.4    11.8  32.5  41.4     5   0.00 120.0  2.0   02 35 26.05192 +14 14 23.4246 08 24 44.7998 03 09 2011 2455807.8505185158 2011.672417572   2.5905699774  14.2398401746 15.4  49.2  71.6    13 Himalia               0.0000 IAG/LNA              Varios               Altair               PRAIA V.0.1.1        1rd degree           UCAC4                JUP300               23 Jan 2014                                                  
    -0.7    74.4  15.5  27.7    51     0.9    75.8  58.0  35.0    70  27.14 120.0  2.0   02 35 24.08983 +14 14 25.0018 07 32 58.8432 04 09 2011 2455808.8145699441 2011.675057001   2.5900249530  14.2402782738 15.4  57.7  71.3    11 Himalia               0.0000 IAG/LNA              Varios               Altair               PRAIA V.0.1.1        1rd degree           UCAC4                JUP300               23 Jan 2014                                                  
    46.8   -35.6  27.0  17.6    20    46.8   -35.6  27.0  17.6    20   0.00 120.0  2.0   04 56 53.13908 +21 25 56.8653 06 57 47.3706 16 09 2012 2456186.7901316038 2012.709897690   4.9480941899  21.4324625775 15.4  59.3  58.5    51 Himalia               0.0000 IAG/LNA              Varios               Altair               PRAIA V.0.1.1        1rd degree           UCAC4                JUP300               23 Jan 2014                                                  
    31.7   -43.1  28.1  21.9    18    34.0   -46.4  34.8  24.5    20  10.00 120.0  2.0   04 57  3.98406 +21 25 43.3064 07 30 03.5790 17 09 2012 2456187.8125414238 2012.712696896   4.9511066829  21.4286962232 15.4  57.3  62.9    52 Himalia               0.0000 IAG/LNA              Varios               Altair               PRAIA V.0.1.1        1rd degree           UCAC4                JUP300               23 Jan 2014                                                  
    58.4   -36.8  26.9  46.6    19    58.4   -36.8  26.9  46.6    19   0.00 120.0  2.0   04 57 13.49585 +21 25 29.8123 06 39 55.8014 18 09 2012 2456188.7777291825 2012.715339436   4.9537488463  21.4249478603 15.3  56.5  60.4    48 Himalia               0.0000 IAG/LNA              Varios               Altair               PRAIA V.0.1.1        1rd degree           UCAC4                JUP300               23 Jan 2014                                                  
    65.3   -55.1  20.0  12.3    18    64.9   -54.3  26.2  12.4    20  10.00 120.0  2.0   04 57 22.49010 +21 25 15.2826 06 32 38.4528 19 09 2012 2456189.7726672785 2012.718063428   4.9562472506  21.4209118339 15.4  59.6  60.2    57 Himalia               0.0000 IAG/LNA              Varios               Altair               PRAIA V.0.1.1        1rd degree           UCAC4                JUP300               23 Jan 2014                                                  
     7.6   -80.6  69.3  48.5    25   -17.9   -90.1 211.2 128.4    30  16.67 120.0  2.0   04 55 40.27929 +21 15 26.7558 04 48 52.2158 19 10 2012 2456219.7006043494 2012.800001654   4.9278553595  21.2574321755 15.0  57.2  57.3    36 Himalia               0.0000 IAG/LNA              Varios               Altair               PRAIA V.0.1.1        1rd degree           UCAC4                JUP300               23 Jan 2014                                                  
    72.9    71.6  27.2  10.8    28   111.8    59.3 114.8  45.7    46  39.13  80.0  2.0   07 22 43.03358 +22 24 36.8513 07 33 45.6961 06 10 2013 2456571.8151122229 2013.764038637   7.3786204395  22.4102364819 15.9  60.1  54.3    45 Himalia               0.0000 IAG/LNA              varios               Altair               PRAIA V.0.1.1        1rd degree           UCAC4                JUP300               01 Aug 2014          Irregular                               
    15.3    27.9  11.6  21.6    26    14.0    28.8  12.4  23.5    28   7.14  80.0  2.0   07 32  2.47585 +22 05 40.1642 05 49 32.9155 09 11 2013 2456605.7427420770 2013.856927425   7.5340210708  22.0944900542 15.5  54.6  65.6    19 Himalia               0.0000 160/LNA              varios               Altair               PRAIA V.0.1.1        1rd degree           UCAC4                JUP300               01 Aug 2014          Irregular                                                                                 
    55.6   -24.4  14.0  21.0    40    52.5   -24.1  21.5  22.6    47  14.89  80.0  2.0   06 48 22.02620 +22 42  9.1981 00 00 41.5391 09 02 2014 2456697.5004807767 2014.108146422   6.8061183895  22.7025550140 15.2  55.7  55.6    65 Himalia               0.0000 IAG/LNA              varios               Altair               PRAIA V.0.1.1        1rd degree           UCAC4                JUP300               01 Aug 2014          Irregular                               
