2451045.47784109
2451045.48982882
2451045.49309144
2451045.49635984
2451045.49964005
2451087.41043681
2451087.42170995
2451087.42498090
2451087.42825058
2451087.43152269
2451087.43805428
2451087.44131956
2451087.44492500
2451087.44818958
2451087.45145197
2451087.45472095
2451087.45798333
2451087.46125556
2451087.46452743
2451461.63506701
2451461.64083021
2451461.64828993
2451461.65311794
2451461.66313935
2451461.66914491
2451461.67446574
2451462.61343299
2451462.61809873
2451462.62656933
2451462.63105208
2451462.64014028
2451462.64362292
2451462.64795949
2451462.65137442
2451462.65374653
2451467.45583310
2451467.45958090
2451467.46607049
2451467.49450833
2451467.50062986
2451467.50666296
2451467.51180694
2451467.52951736
2451492.39313912
2451492.40155440
2451492.41118414
2451492.42081331
2451492.43044039
2451493.49815440
2451493.50165891
2451493.50794653
2451493.51238623
2451493.51682350
2451493.52125671
2451493.52569873
2451493.53014525
2451493.53458542
2451493.54346424
2451493.54790255
2451512.45574537
2451512.45867176
2451512.46590961
2451512.47035046
2451512.47478495
2451512.47921458
2451512.48365208
2451512.48809572
2451513.35188576
2451513.35461991
2451513.36072187
2451513.37188611
2451513.37746435
2451513.38304201
2451514.33936817
2451514.34211146
2451514.34819479
2451514.35377419
2451514.35936007
2451514.36493924
2451514.37052130
2451519.48416435
2451519.48929734
2451519.49441470
2451519.50468380
2451520.30514259
2451520.31585093
2451520.32375694
2451520.33169062
2451520.33962419
2451520.35542049
2451520.36332986
2452234.51151586
2452234.52027002
2452234.52586701
2452234.53146227
2452234.53706076
2452234.54265799
2452234.55062674
2452235.61240961
2452235.61785532
2452235.62369861
2452235.62951921
2452235.63536597
2452235.64122546
2452235.64707361
2452235.65291852
2452235.65876944
2452261.55889225
2452261.56443900
2452261.57027905
2452261.57613160
2452261.58196944
2452261.58782257
2452261.59379213
2452261.59963333
2452261.60548160
2452261.61133160
2452264.56604387
2452264.57210301
2452264.57815880
2452264.58421968
2452265.43724641
2452265.44284630
2452265.44844248
2452265.45403009
2452284.52404815
2452284.53019340
2452284.53578681
2452284.54138623
2452284.54698113
2452284.55257882
2452286.39199028
2452286.39796377
2452286.40472164
2452286.41147650
2452286.41822500
2452286.42497604
2452313.43897442
2452313.44457211
2452313.45016933
2452313.45575972
