2454353.51716085
2454353.52011600
2454353.52196182
2454353.52378634
2454353.52562325
2454353.52736915
2454353.53097569
2454353.53279349
2454353.53454147
2454972.85907026
2454972.86022374
2454972.86135118
2454972.86250791
2454972.86482459
2454972.86598108
2454972.86714081
2454972.86828943
2454972.86945217
2454972.87085881
2454972.87202733
2454972.87317155
2454972.87434286
2454972.87665480
2454972.87897426
2454972.88012612
2454972.88128134
2454972.88285350
2454972.88401855
2454972.88535110
2454972.88788286
2454972.88901574
2454974.78845786
2454974.78961459
2454974.79073681
2454974.79302004
2454974.79413961
2454974.79528719
2454974.79644287
2454974.79756660
2454974.79871221
2454974.80202344
2454974.80315852
2454974.80431269
2454974.80567083
2454974.80680324
2454974.80794885
2454974.80907235
2454974.81020592
2454974.81135338
2454974.81251103
2454974.81362990
2454974.81593674
2454974.81709023
2454974.81812054
2454974.81926893
2454974.82039289
2454974.82153804
