2450256.63831019
2450256.64200231
2450256.64527778
2450256.64855324
2450289.57921169
2450289.58112442
2450289.58171690
2450289.58291273
2450289.58350521
2450358.43130787
2450358.46540509
2450358.46690972
2451059.64993056
2451059.65324074
2451059.65655093
2454656.78896609
2454656.79216343
2454656.79537662
2454656.79856620
2454656.80174711
2454733.55182766
2454733.55777396
2454733.56326910
2454733.56876505
2455366.79181713
2455366.79299769
2455366.79416667
2455366.79652778
2455366.79770833
2455366.79888889
2455366.80006944
2455366.80125000
2455366.80361111
2455366.80597222
2455366.80833333
2455366.81304398
2455366.81422454
2455366.82646991
2455366.83278935
2455366.83489583
2455366.83700231
2455366.83910880
2455366.84121528
2455366.84332176
2455366.84542824
2455366.85163194
2455366.85373843
2455366.85584491
2455366.85795139
2455366.86005787
2455366.86216435
2455366.86427083
