2450256.63831019 -179 -330
2450256.64200231 -325 -260
2450256.64527778 -290 -220
2450256.64855324 -238 -299
2450289.57921169 -013 -629
2450289.58112442 -244 -418
2450289.58171690 -233 -552
2450289.58291273 -222 -384
2450289.58350521 -226 -387
2450358.43130787 +043 -252
2450358.46540509 +097 -267
2450358.46690972 +163 -263
2451059.64993056 +475 +284
2451059.65324074 +436 +277
2451059.65655093 +415 +273
2454656.78896609 -071 -152
2454656.79216343 -019 -159
2454656.79537662 -071 -135
2454656.79856620 -033 -153
2454656.80174711 -074 -161
2454733.55182766 -069 -041
2454733.55777396 -120 -082
2454733.56326910 -144 -125
2454733.56876505 -026 -104
2455366.79181713 -107 -182
2455366.79299769 -082 -066
2455366.79416667 -091 -144
2455366.79652778 -064 -149
2455366.79770833 -094 -105
2455366.79888889 -086 -061
2455366.80006944 -026 -080
2455366.80125000 +025 -034
2455366.80361111 -022 -142
2455366.80597222 +015 -078
2455366.80833333 -141 -135
2455366.81304398 +016 -088
2455366.81422454 -142 -145
2455366.82646991 +169 +005
2455366.83278935 +020 -023
2455366.83489583 +076 +001
2455366.83700231 +068 +075
2455366.83910880 +100 +025
2455366.84121528 +001 -037
2455366.84332176 +093 +011
2455366.84542824 +129 -022
2455366.85163194 +109 +006
2455366.85373843 +076 +029
2455366.85584491 +000 -039
2455366.85795139 +023 -038
2455366.86005787 +060 -004
2455366.86216435 -003 -046
2455366.86427083 +019 +006
2451045.47784109 +472 +053
2451045.48982882 +619 +130
2451045.49309144 +589 +056
2451045.49635984 +654 +060
2451045.49964005 +639 +044
2451087.41043681 +369 +208
2451087.42170995 +381 +160
2451087.42498090 +414 +164
2451087.42825058 +408 +148
2451087.43152269 +385 +165
2451087.43805428 +462 +250
2451087.44131956 +325 +219
2451087.44492500 +466 +172
2451087.44818958 +494 +197
2451087.45145197 +387 +130
2451087.45472095 +358 +273
2451087.45798333 +425 +086
2451087.46125556 +308 +148
2451087.46452743 +390 +228
2451461.63506701 +110 -156
2451461.64083021 +129 -177
2451461.64828993 +144 -153
2451461.65311794 +197 -161
2451461.66313935 +222 -166
2451461.66914491 +071 -169
2451461.67446574 +161 -193
2451462.61343299 +120 -067
2451462.61809873 +188 -142
2451462.62656933 +164 -146
2451462.63105208 +092 -173
2451462.64014028 +173 -153
2451462.64362292 +161 -184
2451462.64795949 +114 -242
2451462.65137442 +218 -220
2451462.65374653 +193 -248
2451467.45583310 +338 -109
2451467.45958090 +166 -110
2451467.46607049 +192 -187
2451467.49450833 +238 -125
2451467.50062986 +202 -119
2451467.50666296 +166 -148
2451467.51180694 +407 -044
2451467.52951736 +117 -155
2451492.39313912 -056 +017
2451492.40155440 +041 -141
2451492.41118414 -108 -189
2451492.42081331 -227 -190
2451492.43044039 +050 -143
2451493.49815440 +054 -129
2451493.50165891 +054 -094
2451493.50794653 +053 -073
2451493.51238623 +112 -069
2451493.51682350 +020 -130
2451493.52125671 +033 -014
2451493.52569873 +046 -114
2451493.53014525 +085 -043
2451493.53458542 +087 -023
2451493.54346424 +039 -066
2451493.54790255 +081 -038
2451512.45574537 +255 -095
2451512.45867176 +203 -190
2451512.46590961 +143 -120
2451512.47035046 +208 -177
2451512.47478495 +209 -167
2451512.47921458 +176 -091
2451512.48365208 +193 -178
2451512.48809572 +144 -123
2451513.35188576 +182 -104
2451513.35461991 +143 -246
2451513.36072187 +131 -172
2451513.37188611 +251 -130
2451513.37746435 +225 -156
2451513.38304201 +228 -137
2451514.33936817 +092 -153
2451514.34211146 +199 -245
2451514.34819479 +172 -133
2451514.35377419 +241 -104
2451514.35936007 +357 -086
2451514.36493924 +186 -088
2451514.37052130 +192 -146
2451519.48416435 +132 -178
2451519.48929734 +254 -106
2451519.49441470 +240 -166
2451519.50468380 +112 -150
2451520.30514259 +250 -150
2451520.31585093 +221 -137
2451520.32375694 +285 -138
2451520.33169062 +282 -147
2451520.33962419 +273 -137
2451520.35542049 +250 -143
2451520.36332986 +316 -134
2452234.51151586 +027 -156
2452234.52027002 +067 -190
2452234.52586701 +020 -155
2452234.53146227 -023 -152
2452234.53706076 +013 -157
2452234.54265799 +006 -180
2452234.55062674 +069 -194
2452235.61240961 +064 -174
2452235.61785532 -011 -201
2452235.62369861 +047 -201
2452235.62951921 +044 -198
2452235.63536597 +018 -190
2452235.64122546 +033 -184
2452235.64707361 -018 -200
2452235.65291852 -007 -198
2452235.65876944 +063 -185
2452261.55889225 -149 -081
2452261.56443900 +030 -140
2452261.57027905 -018 -132
2452261.57613160 -053 -119
2452261.58196944 +002 -111
2452261.58782257 -064 -097
2452261.59379213 -109 -113
2452261.59963333 -005 -118
2452261.60548160 -060 -103
2452261.61133160 -010 -120
2452264.56604387 -169 -124
2452264.57210301 -209 -041
2452264.57815880 -020 -197
2452264.58421968 -201 -183
2452265.43724641 -074 -076
2452265.44284630 -074 -084
2452265.44844248 +022 -137
2452265.45403009 -027 -100
2452284.52404815 -168 -079
2452284.53019340 -068 -120
2452284.53578681 -078 -089
2452284.54138623 -127 -100
2452284.54698113 -251 -131
2452284.55257882 -040 -129
2452286.39199028 +058 -134
2452286.39796377 +177 -199
2452286.40472164 -043 -068
2452286.41147650 -044 -090
2452286.41822500 -086 -083
2452286.42497604 -076 -057
2452313.43897442 -206 +027
2452313.44457211 -356 +225
2452313.45016933 -267 +110
2452313.45575972 -187 +034
2454353.51716085 -123 -120
2454353.52011600 -143 -143
2454353.52196182 -108 -115
2454353.52378634 -106 -109
2454353.52562325 -083 -149
2454353.52736915 -108 -117
2454353.53097569 -118 -152
2454353.53279349 -105 -135
2454353.53454147 -130 -126
2454972.85907026 +207 -119
2454972.86022374 +238 -131
2454972.86135118 +246 -141
2454972.86250791 +222 -128
2454972.86482459 +217 -132
2454972.86598108 +214 -125
2454972.86714081 +241 -142
2454972.86828943 +222 -134
2454972.86945217 +222 -114
2454972.87085881 +220 -142
2454972.87202733 +208 -108
2454972.87317155 +215 -110
2454972.87434286 +228 -108
2454972.87665480 +239 -125
2454972.87897426 +226 -123
2454972.88012612 +225 -118
2454972.88128134 +212 -111
2454972.88285350 +209 -107
2454972.88401855 +201 -106
2454972.88535110 +233 -109
2454972.88788286 +208 -111
2454972.88901574 +237 -140
2454974.78845786 +178 -151
2454974.78961459 +172 -122
2454974.79073681 +178 -123
2454974.79302004 +160 -117
2454974.79413961 +182 -142
2454974.79528719 +170 -154
2454974.79644287 +193 -150
2454974.79756660 +190 -138
2454974.79871221 +168 -116
2454974.80202344 +168 -165
2454974.80315852 +166 -142
2454974.80431269 +187 -153
2454974.80567083 +212 -176
2454974.80680324 +199 -169
2454974.80794885 +200 -182
2454974.80907235 +203 -178
2454974.81020592 +207 -176
2454974.81135338 +208 -180
2454974.81251103 +207 -173
2454974.81362990 +205 -182
2454974.81593674 +219 -178
2454974.81709023 +202 -187
2454974.81812054 +202 -175
2454974.81926893 +204 -168
2454974.82039289 +217 -174
2454974.82153804 +211 -158
