 19 09 32.3569 -23 35 13.116   63   48 2450256.63831019 18.6 C  PE 874
 19 09 32.2345 -23 35 13.203   63   48 2450256.64200231 17.5 C  PE 874
 19 09 32.1379 -23 35 13.303   63   48 2450256.64527778 17.9 C  PE 874
 19 09 32.0425 -23 35 13.522   63   48 2450256.64855324 18.5 C  PE 874
 18 52 35.3609 -23 51 38.759   98  111 2450289.57921169 18.4 un PE 874
 18 52 35.2885 -23 51 38.572   98  111 2450289.58112442 20.2 un PE 874
 18 52 35.2721 -23 51 38.714   98  111 2450289.58171690 18.5 un PE 874
 18 52 35.2382 -23 51 38.561   98  111 2450289.58291273 18.4 un PE 874
 18 52 35.2207 -23 51 38.571   98  111 2450289.58350521 18.2 un PE 874
 18 46 41.7754 -23 26 38.328   60    8 2450358.43130787 20.1 C  PE 874
 18 46 42.4578 -23 26 36.550   60    8 2450358.46540509 19.8 C  PE 874
 18 46 42.4926 -23 26 36.467   60    8 2450358.46690972 20.0 C  PE 874
 23 48 01.8308 -02 34 43.230   73   35 2451045.47784109 18.6 R  OH 511
 23 48 01.5183 -02 34 44.933   73   35 2451045.48982882 19.0 R  OH 511
 23 48 01.4285 -02 34 45.491   73   35 2451045.49309144 19.2 R  OH 511
 23 48 01.3449 -02 34 45.973   73   35 2451045.49635984 19.6 R  OH 511
 23 48 01.2556 -02 34 46.476   73   35 2451045.49964005 18.8 R  OH 511
 23 41 03.7197 -03 14 25.463   30    6 2451059.64993056 18.4 C  PE 874
 23 41 03.6083 -03 14 26.081   30    6 2451059.65324074 17.4 C  PE 874
 23 41 03.4981 -03 14 26.696   30    6 2451059.65655093 18.2 C  PE 874
 23 25 55.2338 -04 43 12.443   52   50 2451087.41043681 18.6 V  OH 511
 23 25 54.8858 -04 43 14.536   52   50 2451087.42170995 18.3 V  OH 511
 23 25 54.7868 -04 43 15.125   52   50 2451087.42498090 18.5 V  OH 511
 23 25 54.6853 -04 43 15.733   52   50 2451087.42825058 18.2 V  OH 511
 23 25 54.5825 -04 43 16.309   52   50 2451087.43152269 18.5 V  OH 511
 23 25 54.3856 -04 43 17.408   52   50 2451087.43805428 18.5 V  OH 511
 23 25 54.2754 -04 43 18.030   52   50 2451087.44131956 18.6 V  OH 511
 23 25 54.1733 -04 43 18.730   52   50 2451087.44492500 18.5 V  OH 511
 23 25 54.0742 -04 43 19.297   52   50 2451087.44818958 18.4 V  OH 511
 23 25 53.9661 -04 43 19.954   52   50 2451087.45145197 18.4 V  OH 511
 23 25 53.8631 -04 43 20.403   52   50 2451087.45472095 18.2 V  OH 511
 23 25 53.7667 -04 43 21.181   52   50 2451087.45798333 18.2 V  OH 511
 23 25 53.6577 -04 43 21.711   52   50 2451087.46125556 18.4 V  OH 511
 23 25 53.5620 -04 43 22.224   52   50 2451087.46452743 18.5 V  OH 511
 02 09 51.1824 +10 11 10.159   51   14 2451461.63506701 18.6 R  OH 511
 02 09 51.0076 +10 11 09.244   51   14 2451461.64083021 18.6 R  OH 511
 02 09 50.7808 +10 11 08.109   51   14 2451461.64828993 18.6 R  OH 511
 02 09 50.6370 +10 11 07.351   51   14 2451461.65311794 18.6 R  OH 511
 02 09 50.3330 +10 11 05.789   51   14 2451461.66313935 18.6 R  OH 511
 02 09 50.1397 +10 11 04.852   51   14 2451461.66914491 18.5 R  OH 511
 02 09 49.9837 +10 11 04.001   51   14 2451461.67446574 18.5 R  OH 511
 02 09 21.6153 +10 08 38.948   42   57 2451462.61343299 18.7 R  OH 511
 02 09 21.4755 +10 08 38.145   42   57 2451462.61809873 18.5 R  OH 511
 02 09 21.2118 +10 08 36.817   42   57 2451462.62656933 18.6 R  OH 511
 02 09 21.0683 +10 08 36.089   42   57 2451462.63105208 18.7 R  OH 511
 02 09 20.7929 +10 08 34.688   42   57 2451462.64014028 18.4 R  OH 511
 02 09 20.6845 +10 08 34.112   42   57 2451462.64362292 18.4 R  OH 511
 02 09 20.5474 +10 08 33.375   42   57 2451462.64795949 18.5 R  OH 511
 02 09 20.4490 +10 08 32.863   42   57 2451462.65137442 18.4 R  OH 511
 02 09 20.3741 +10 08 32.463   42   57 2451462.65374653 18.3 R  OH 511
 02 06 50.9179 +09 55 56.510   97   42 2451467.45583310 18.5 R  OH 511
 02 06 50.7847 +09 55 55.915   97   42 2451467.45958090 18.5 R  OH 511
 02 06 50.5760 +09 55 54.807   97   42 2451467.46607049 18.7 R  OH 511
 02 06 49.6562 +09 55 50.349   97   42 2451467.49450833 18.5 R  OH 511
 02 06 49.4550 +09 55 49.381   97   42 2451467.50062986 18.4 R  OH 511
 02 06 49.2567 +09 55 48.391   97   42 2451467.50666296 18.4 R  OH 511
 02 06 49.1060 +09 55 47.676   97   42 2451467.51180694 18.3 R  OH 511
 02 06 48.5113 +09 55 44.742   97   42 2451467.52951736 18.5 R  OH 511
 01 53 25.8715 +08 52 17.056  114   86 2451492.39313912 18.6 R  OH 511
 01 53 25.6170 +08 52 15.768  114   86 2451492.40155440 18.7 R  OH 511
 01 53 25.3082 +08 52 14.426  114   86 2451492.41118414 18.7 R  OH 511
 01 53 25.0015 +08 52 13.131  114   86 2451492.42081331 18.7 R  OH 511
 01 53 24.7215 +08 52 11.884  114   86 2451492.43044039 18.7 R  OH 511
 01 52 52.4565 +08 49 49.737   28   40 2451493.49815440 18.0 R  OH 511
 01 52 52.3494 +08 49 49.308   28   40 2451493.50165891 18.2 R  OH 511
 01 52 52.1572 +08 49 48.496   28   40 2451493.50794653 18.0 R  OH 511
 01 52 52.0256 +08 49 47.912   28   40 2451493.51238623 18.1 R  OH 511
 01 52 51.8839 +08 49 47.263   28   40 2451493.51682350 18.0 R  OH 511
 01 52 51.7495 +08 49 46.791   28   40 2451493.52125671 18.1 R  OH 511
 01 52 51.6149 +08 49 46.102   28   40 2451493.52569873 18.1 R  OH 511
 01 52 51.4819 +08 49 45.584   28   40 2451493.53014525 18.0 R  OH 511
 01 52 51.3467 +08 49 45.015   28   40 2451493.53458542 18.0 R  OH 511
 01 52 51.0730 +08 49 43.795   28   40 2451493.54346424 18.1 R  OH 511
 01 52 50.9407 +08 49 43.234   28   40 2451493.54790255 18.0 R  OH 511
 01 44 50.2028 +08 17 47.723   37   40 2451512.45574537 19.2 R  OH 511
 01 44 50.1392 +08 17 47.431   37   40 2451512.45867176 19.0 R  OH 511
 01 44 49.9867 +08 17 47.014   37   40 2451512.46590961 18.9 R  OH 511
 01 44 49.9001 +08 17 46.659   37   40 2451512.47035046 18.9 R  OH 511
 01 44 49.8093 +08 17 46.371   37   40 2451512.47478495 18.8 R  OH 511
 01 44 49.7164 +08 17 46.149   37   40 2451512.47921458 18.9 R  OH 511
 01 44 49.6268 +08 17 45.763   37   40 2451512.48365208 18.9 R  OH 511
 01 44 49.5327 +08 17 45.519   37   40 2451512.48809572 19.0 R  OH 511
 01 44 32.6017 +08 16 49.802   49   49 2451513.35188576 18.6 R  OH 511
 01 44 32.5443 +08 16 49.488   49   49 2451513.35461991 17.5 R  OH 511
 01 44 32.4213 +08 16 49.179   49   49 2451513.36072187 18.4 R  OH 511
 01 44 32.2058 +08 16 48.520   49   49 2451513.37188611 18.6 R  OH 511
 01 44 32.0924 +08 16 48.144   49   49 2451513.37746435 18.6 R  OH 511
 01 44 31.9810 +08 16 47.813   49   49 2451513.38304201 18.6 R  OH 511
 01 44 13.7643 +08 15 49.739   80   55 2451514.33936817 18.7 R  OH 511
 01 44 13.7184 +08 15 49.487   80   55 2451514.34211146 18.7 R  OH 511
 01 44 13.5988 +08 15 49.243   80   55 2451514.34819479 18.8 R  OH 511
 01 44 13.4954 +08 15 48.945   80   55 2451514.35377419 18.8 R  OH 511
 01 44 13.3951 +08 15 48.635   80   55 2451514.35936007 18.8 R  OH 511
 01 44 13.2756 +08 15 48.306   80   55 2451514.36493924 18.8 R  OH 511
 01 44 13.1680 +08 15 47.921   80   55 2451514.37052130 18.9 R  OH 511
 01 42 46.4135 +08 11 43.821   73   31 2451519.48416435 18.9 R  OH 511
 01 42 46.3420 +08 11 43.699   73   31 2451519.48929734 18.9 R  OH 511
 01 42 46.2617 +08 11 43.447   73   31 2451519.49441470 18.8 R  OH 511
 01 42 46.0941 +08 11 43.076   73   31 2451519.50468380 18.9 R  OH 511
 01 42 34.3338 +08 11 15.296   31    6 2451520.30514259 18.7 R  OH 511
 01 42 34.1697 +08 11 14.958   31    6 2451520.31585093 18.9 R  OH 511
 01 42 34.0543 +08 11 14.698   31    6 2451520.32375694 18.8 R  OH 511
 01 42 33.9340 +08 11 14.428   31    6 2451520.33169062 18.8 R  OH 511
 01 42 33.8133 +08 11 14.178   31    6 2451520.33962419 18.9 R  OH 511
 01 42 33.5728 +08 11 13.652   31    6 2451520.35542049 18.7 R  OH 511
 01 42 33.4577 +08 11 13.400   31    6 2451520.36332986 18.8 R  OH 511
 06 58 11.4517 +22 37 41.476   33   18 2452234.51151586 19.2 R  OH 511
 06 58 11.3090 +22 37 42.016   33   18 2452234.52027002 18.9 R  OH 511
 06 58 11.2124 +22 37 42.418   33   18 2452234.52586701 18.9 R  OH 511
 06 58 11.1161 +22 37 42.787   33   18 2452234.53146227 18.9 R  OH 511
 06 58 11.0253 +22 37 43.147   33   18 2452234.53706076 19.0 R  OH 511
 06 58 10.9313 +22 37 43.489   33   18 2452234.54265799 18.9 R  OH 511
 06 58 10.8027 +22 37 43.994   33   18 2452234.55062674 18.9 R  OH 511
 06 57 53.2350 +22 38 52.439   32   10 2452235.61240961 18.9 R  OH 511
 06 57 53.1340 +22 38 52.765   32   10 2452235.61785532 18.9 R  OH 511
 06 57 53.0357 +22 38 53.143   32   10 2452235.62369861 18.9 R  OH 511
 06 57 52.9333 +22 38 53.522   32   10 2452235.62951921 18.8 R  OH 511
 06 57 52.8288 +22 38 53.907   32   10 2452235.63536597 18.9 R  OH 511
 06 57 52.7270 +22 38 54.290   32   10 2452235.64122546 18.9 R  OH 511
 06 57 52.6207 +22 38 54.649   32   10 2452235.64707361 18.9 R  OH 511
 06 57 52.5189 +22 38 55.026   32   10 2452235.65291852 18.9 R  OH 511
 06 57 52.4213 +22 38 55.413   32   10 2452235.65876944 19.0 R  OH 511
 06 47 05.7034 +23 11 23.299   54   17 2452261.55889225 18.4 R  OH 511
 06 47 05.5399 +23 11 23.677   54   17 2452261.56443900 18.5 R  OH 511
 06 47 05.3507 +23 11 24.145   54   17 2452261.57027905 18.8 R  OH 511
 06 47 05.1621 +23 11 24.618   54   17 2452261.57613160 18.8 R  OH 511
 06 47 04.9805 +23 11 25.084   54   17 2452261.58196944 18.7 R  OH 511
 06 47 04.7897 +23 11 25.556   54   17 2452261.58782257 18.7 R  OH 511
 06 47 04.5967 +23 11 26.007   54   17 2452261.59379213 18.8 R  OH 511
 06 47 04.4187 +23 11 26.458   54   17 2452261.59963333 18.7 R  OH 511
 06 47 04.2290 +23 11 26.929   54   17 2452261.60548160 18.7 R  OH 511
 06 47 04.0469 +23 11 27.367   54   17 2452261.61133160 18.7 R  OH 511
 06 45 30.8610 +23 15 22.036   88   71 2452264.56604387 18.5 R  OH 511
 06 45 30.6609 +23 15 22.591   88   71 2452264.57210301 18.6 R  OH 511
 06 45 30.4775 +23 15 22.905   88   71 2452264.57815880 18.8 R  OH 511
 06 45 30.2672 +23 15 23.389   88   71 2452264.58421968 18.6 R  OH 511
 06 45 03.0855 +23 16 30.810   46   27 2452265.43724641 18.8 R  OH 511
 06 45 02.9024 +23 16 31.253   46   27 2452265.44284630 18.6 R  OH 511
 06 45 02.7264 +23 16 31.650   46   27 2452265.44844248 18.4 R  OH 511
 06 45 02.5400 +23 16 32.135   46   27 2452265.45403009 18.6 R  OH 511
 06 34 45.9685 +23 39 39.886   78   22 2452284.52404815 18.3 R  OH 511
 06 34 45.7814 +23 39 40.230   78   22 2452284.53019340 18.7 R  OH 511
 06 34 45.6039 +23 39 40.610   78   22 2452284.53578681 18.6 R  OH 511
 06 34 45.4234 +23 39 40.948   78   22 2452284.54138623 18.6 R  OH 511
 06 34 45.2377 +23 39 41.265   78   22 2452284.54698113 18.7 R  OH 511
 06 34 45.0764 +23 39 41.615   78   22 2452284.55257882 18.6 R  OH 511
 06 33 48.7379 +23 41 37.969  102   53 2452286.39199028 18.2 R  OH 511
 06 33 48.5612 +23 41 38.283  102   53 2452286.39796377 18.7 R  OH 511
 06 33 48.3354 +23 41 38.842  102   53 2452286.40472164 18.6 R  OH 511
 06 33 48.1257 +23 41 39.246  102   53 2452286.41147650 18.7 R  OH 511
 06 33 47.9131 +23 41 39.678  102   53 2452286.41822500 18.5 R  OH 511
 06 33 47.7042 +23 41 40.128  102   53 2452286.42497604 18.5 R  OH 511
 06 23 31.1166 +24 01 59.162   76   92 2452313.43897442 19.0 R  OH 511
 06 23 31.0286 +24 01 59.505   76   92 2452313.44457211 19.0 R  OH 511
 06 23 30.9582 +24 01 59.534   76   92 2452313.45016933 18.9 R  OH 511
 06 23 30.8873 +24 01 59.601   76   92 2452313.45575972 18.9 R  OH 511
 16 34 17.9246 -22 00 00.480   18   16 2454353.51716085 19.4 RE E  809
 16 34 17.9903 -22 00 00.728   18   16 2454353.52011600 19.5 RE E  809
 16 34 18.0348 -22 00 00.841   18   16 2454353.52196182 19.4 RE E  809
 16 34 18.0764 -22 00 00.974   18   16 2454353.52378634 19.6 RE E  809
 16 34 18.1198 -22 00 01.154   18   16 2454353.52562325 19.3 RE E  809
 16 34 18.1577 -22 00 01.255   18   16 2454353.52736915 19.4 RE E  809
 16 34 18.2390 -22 00 01.564   18   16 2454353.53097569 19.3 RE E  809
 16 34 18.2813 -22 00 01.685   18   16 2454353.53279349 19.5 RE E  809
 16 34 18.3193 -22 00 01.809   18   16 2454353.53454147 19.4 RE E  809
 19 21 20.9837 -22 50 36.341   26   10 2454656.78896609 18.6 I  PE 874
 19 21 20.8851 -22 50 36.454   26   10 2454656.79216343 18.6 I  PE 874
 19 21 20.7784 -22 50 36.536   26   10 2454656.79537662 18.7 I  PE 874
 19 21 20.6791 -22 50 36.659   26   10 2454656.79856620 18.6 I  PE 874
 19 21 20.5744 -22 50 36.772   26   10 2454656.80174711 18.6 I  PE 874
 19 02 06.8329 -22 48 00.815   53   36 2454733.55182766 19.7 I  PE 874
 19 02 06.8968 -22 48 00.589   53   36 2454733.55777396 20.0 I  PE 874
 19 02 06.9577 -22 48 00.386   53   36 2454733.56326910 19.9 I  PE 874
 19 02 07.0290 -22 48 00.118   53   36 2454733.56876505 19.8 I  PE 874
 21 49 09.1485 -14 26 50.110   13   13 2454972.85907026 19.3 RE E  809
 21 49 09.1728 -14 26 50.070   13   13 2454972.86022374 19.3 RE E  809
 21 49 09.1950 -14 26 50.030   13   13 2454972.86135118 19.4 RE E  809
 21 49 09.2155 -14 26 49.965   13   13 2454972.86250791 19.2 RE E  809
 21 49 09.2596 -14 26 49.865   13   13 2454972.86482459 19.2 RE E  809
 21 49 09.2816 -14 26 49.806   13   13 2454972.86598108 19.4 RE E  809
 21 49 09.3057 -14 26 49.771   13   13 2454972.86714081 19.5 RE E  809
 21 49 09.3264 -14 26 49.711   13   13 2454972.86828943 19.3 RE E  809
 21 49 09.3487 -14 26 49.639   13   13 2454972.86945217 19.4 RE E  809
 21 49 09.3755 -14 26 49.604   13   13 2454972.87085881 19.3 RE E  809
 21 49 09.3971 -14 26 49.517   13   13 2454972.87202733 19.3 RE E  809
 21 49 09.4195 -14 26 49.468   13   13 2454972.87317155 19.3 RE E  809
 21 49 09.4428 -14 26 49.413   13   13 2454972.87434286 19.4 RE E  809
 21 49 09.4879 -14 26 49.326   13   13 2454972.87665480 19.4 RE E  809
 21 49 09.5314 -14 26 49.219   13   13 2454972.87897426 19.3 RE E  809
 21 49 09.5534 -14 26 49.163   13   13 2454972.88012612 19.4 RE E  809
 21 49 09.5746 -14 26 49.103   13   13 2454972.88128134 19.3 RE E  809
 21 49 09.6045 -14 26 49.029   13   13 2454972.88285350 19.4 RE E  809
 21 49 09.6262 -14 26 48.975   13   13 2454972.88401855 19.6 RE E  809
 21 49 09.6539 -14 26 48.918   13   13 2454972.88535110 19.5 RE E  809
 21 49 09.7006 -14 26 48.806   13   13 2454972.88788286 19.4 RE E  809
 21 49 09.7243 -14 26 48.783   13   13 2454972.88901574 19.4 RE E  809
 21 49 46.2005 -14 25 27.344   18   22 2454974.78845786 19.3 RE E  809
 21 49 46.2211 -14 25 27.272   18   22 2454974.78961459 19.4 RE E  809
 21 49 46.2419 -14 25 27.230   18   22 2454974.79073681 19.6 RE E  809
 21 49 46.2821 -14 25 27.139   18   22 2454974.79302004 19.3 RE E  809
 21 49 46.3039 -14 25 27.121   18   22 2454974.79413961 19.5 RE E  809
 21 49 46.3239 -14 25 27.090   18   22 2454974.79528719 19.4 RE E  809
 21 49 46.3464 -14 25 27.043   18   22 2454974.79644287 19.5 RE E  809
 21 49 46.3666 -14 25 26.988   18   22 2454974.79756660 19.5 RE E  809
 21 49 46.3858 -14 25 26.923   18   22 2454974.79871221 19.5 RE E  809
 21 49 46.4458 -14 25 26.847   18   22 2454974.80202344 19.4 RE E  809
 21 49 46.4662 -14 25 26.782   18   22 2454974.80315852 19.4 RE E  809
 21 49 46.4885 -14 25 26.749   18   22 2454974.80431269 19.3 RE E  809
 21 49 46.5148 -14 25 26.721   18   22 2454974.80567083 19.4 RE E  809
 21 49 46.5344 -14 25 26.671   18   22 2454974.80680324 19.4 RE E  809
 21 49 46.5552 -14 25 26.641   18   22 2454974.80794885 19.3 RE E  809
 21 49 46.5757 -14 25 26.595   18   22 2454974.80907235 19.4 RE E  809
 21 49 46.5965 -14 25 26.550   18   22 2454974.81020592 19.4 RE E  809
 21 49 46.6173 -14 25 26.511   18   22 2454974.81135338 19.4 RE E  809
 21 49 46.6381 -14 25 26.460   18   22 2454974.81251103 19.3 RE E  809
 21 49 46.6582 -14 25 26.427   18   22 2454974.81362990 19.3 RE E  809
 21 49 46.7008 -14 25 26.335   18   22 2454974.81593674 19.3 RE E  809
 21 49 46.7205 -14 25 26.301   18   22 2454974.81709023 19.3 RE E  809
 21 49 46.7391 -14 25 26.250   18   22 2454974.81812054 19.2 RE E  809
 21 49 46.7599 -14 25 26.199   18   22 2454974.81926893 19.3 RE E  809
 21 49 46.7811 -14 25 26.163   18   22 2454974.82039289 19.3 RE E  809
 21 49 46.8013 -14 25 26.104   18   22 2454974.82153804 19.2 RE E  809
 00 10 01.1765 +00 06 59.597   83   65 2455366.79181713 18.0 R  PE 874
 00 10 01.2003 +00 06 59.877   83   65 2455366.79299769 19.0 R  PE 874
 00 10 01.2216 +00 06 59.961   83   65 2455366.79416667 18.0 R  PE 874
 00 10 01.2677 +00 07 00.284   83   65 2455366.79652778 19.0 R  PE 874
 00 10 01.2878 +00 07 00.492   83   65 2455366.79770833 17.6 R  PE 874
 00 10 01.3104 +00 07 00.700   83   65 2455366.79888889 18.8 R  PE 874
 00 10 01.3365 +00 07 00.845   83   65 2455366.80006944 19.1 R  PE 874
 00 10 01.3620 +00 07 01.055   83   65 2455366.80125000 19.1 R  PE 874
 00 10 01.4031 +00 07 01.275   83   65 2455366.80361111 17.6 R  PE 874
 00 10 01.4497 +00 07 01.667   83   65 2455366.80597222 18.9 R  PE 874
 00 10 01.4835 +00 07 01.938   83   65 2455366.80833333 19.1 R  PE 874
 00 10 01.5820 +00 07 02.639   83   65 2455366.81304398 19.0 R  PE 874
 00 10 01.5935 +00 07 02.746   83   65 2455366.81422454 19.0 R  PE 874
 00 10 01.8428 +00 07 04.595   83   65 2455366.82646991 18.4 R  PE 874
 00 10 01.9507 +00 07 05.444   83   65 2455366.83278935 18.5 R  PE 874
 00 10 01.9937 +00 07 05.761   83   65 2455366.83489583 18.5 R  PE 874
 00 10 02.0324 +00 07 06.127   83   65 2455366.83700231 17.9 R  PE 874
 00 10 02.0738 +00 07 06.369   83   65 2455366.83910880 18.6 R  PE 874
 00 10 02.1064 +00 07 06.599   83   65 2455366.84121528 18.0 R  PE 874
 00 10 02.1518 +00 07 06.940   83   65 2455366.84332176 18.7 R  PE 874
 00 10 02.1934 +00 07 07.199   83   65 2455366.84542824 18.5 R  PE 874
 00 10 02.3075 +00 07 08.087   83   65 2455366.85163194 18.5 R  PE 874
 00 10 02.3445 +00 07 08.402   83   65 2455366.85373843 17.8 R  PE 874
 00 10 02.3786 +00 07 08.626   83   65 2455366.85584491 18.6 R  PE 874
 00 10 02.4193 +00 07 08.919   83   65 2455366.85795139 18.4 R  PE 874
 00 10 02.4609 +00 07 09.245   83   65 2455366.86005787 18.3 R  PE 874
 00 10 02.4959 +00 07 09.495   83   65 2455366.86216435 18.1 R  PE 874
 00 10 02.5365 +00 07 09.839   83   65 2455366.86427083 17.0 R  PE 874
