2449877.66006910
2449877.66104051
2449877.66211806
2450255.56083565
2450255.56273264
2450255.56363993
2450255.56453993
2450258.55265046
2450258.55432870
2450258.55552083
2450258.55671296
2450259.55634259
2450259.55894676
2450259.56013889
2450259.56133102
2450260.58834491
2450260.59045139
2450260.59164352
2450260.59283565
2450289.50114977
2450289.50221829
2450289.50280949
2450289.50300521
2450289.50320231
2450289.50359641
2450289.50379225
2450289.50398935
2450289.50418646
2450289.50438287
2450289.50457928
2450289.50477639
2450289.50536632
2450289.50556400
2450289.50575984
2450290.60347778
2450290.60460289
2450290.60514641
2450290.60569132
2450290.60622338
2450290.60732315
2450290.60786736
2450290.60841088
2450290.60895498
2450291.57708032
2450291.57762315
2450291.57816806
2450291.57871157
2450291.57925567
2450291.57979919
2450291.58034410
2450291.58088819
2450357.45423576
2450357.45517465
2450357.50933935
2450675.59245370
2450675.59359954
2450675.69005787
2450675.69120370
2450745.49646991
2450745.49850694
2450745.49982639
2450745.50112269
2453463.51414919
2453463.51538692
2453463.51662442
2453463.51786192
2453463.51910104
2453463.52033889
2453463.52157662
2453463.52281285
2453463.52404942
2453463.52529630
2453464.53765752
2453464.53890567
2453464.54138044
2453464.54261852
2453464.54385544
2453464.54509352
2453464.54756690
2453464.55229803
2453464.55353600
2453464.55600995
2453464.55726227
2453464.55973738
2453464.56096377
2453894.45998681
2453894.46323403
2453894.46396551
2453894.46468727
2453894.46615197
2453894.46688970
2453894.46835324
2453894.46909456
2453894.47125139
2453894.47198299
2453894.47271042
2453894.47344190
2453894.47416539
2453894.47489688
2453894.47562824
2453894.47635984
2453894.47709120
2453918.45419815
2453918.45505093
2453918.47199931
2453918.47370590
2453918.47454884
2453918.52129583
2453918.52384468
2453918.52468750
2453918.52891204
2453918.53059838
2453918.53145116
2453918.53230394
2453918.53314687
2453918.53653877
2453918.53738171
2453918.53822535
2453918.53907824
2453918.53992106
2453918.54161725
2453918.54247083
2453918.54332373
2453918.54416667
2453918.54500949
2453918.54585255
2453918.54840498
2453918.54959525
2453918.55078542
2453918.55197546
2453918.55317558
2453918.55437558
2453918.55556505
2453918.55675521
2453918.55795556
2453918.55914560
2453978.49562431
2453978.49646748
2453978.49731065
2453978.49815370
2453978.49900660
2453978.49985937
2453978.50066933
2453978.50151227
2453978.50235544
2453978.50320822
2453978.50406111
2453978.50490405
2453978.50574722
2453979.46969850
2453979.47223819
2453979.47309097
2453979.47393391
2453979.47561979
2453979.47647269
2453979.47731563
2453979.47815868
2453979.47900162
2453979.47984456
2454147.77243970
2454147.77335312
2454147.77517465
2454147.77697650
2454147.77788762
2454147.77879884
2454147.78060069
2454147.78150231
2454147.78241319
2454147.78332384
2454147.78422477
2454147.78602662
2454147.78693750
2454205.63885463
2454205.63959167
2454205.64031875
2454205.64104583
2454205.64177303
2454208.63043472
2454208.63117049
2454208.63190463
2454208.63263900
2454208.63337373
2454208.63410822
2454208.63484282
2454208.63528356
2454208.63601806
2454208.63676250
2454334.56437106
2454334.56692245
2454334.56777257
2454334.56862303
2454334.56947350
2454334.57032407
2454334.57202593
2454334.57287650
2454334.57372708
2454334.57457697
2454334.57542731
2454335.52081412
2454335.52155856
2454335.52229317
2454335.52302581
2454335.52448542
2454335.52521991
2454335.52814815
2454336.52740880
2454336.52910660
2454336.52995370
2454336.53080069
2454336.53164803
2454336.53250498
2454336.53335220
2454336.53419919
2454336.53504630
2454336.53674444
2454336.53759155
2454336.53843900
2454336.53928600
2454336.54181736
2454336.54266458
2454337.47952384
2454337.48205556
2454337.48375058
2454337.48460775
2454337.48544780
2454337.48629514
2454337.48714248
2454337.48798970
2454337.48883727
2454337.48968634
2454337.49052292
2454337.49137037
2454337.49221794
2454337.49306123
2454337.49390857
2454337.49474745
2454337.53887500
2454337.53966042
2454337.54045579
2454337.54125116
2454337.54282199
2454337.54360752
2454337.54440289
2454337.54519815
2454337.54598357
2454337.54676898
2454337.54755417
2454337.54834954
2454337.54914479
2454337.54992998
2454337.55071551
2454337.55150116
2454337.55229641
2454337.55309178
2454337.55387720
2454356.46089236
2454356.46589572
2454356.47014931
2454356.47173380
2454356.47505787
2454356.47737500
2454356.47857211
2454356.48215532
2454356.48336250
2454356.48455949
2454356.48575799
2454356.48695498
2454356.48815324
2454356.48935035
2454356.49054826
2454356.49174525
2454356.49293310
2454574.72409282
2454574.72551458
2454574.72835810
2454574.72977986
2454574.73263322
2454574.73547708
2454574.73689884
2454574.77724884
2454574.77869294
2454574.78013715
2454574.78303553
2454574.78447975
2454574.78592315
2454574.78736713
2454574.78881134
2454574.79025243
2454574.79337882
2454574.79626713
2454601.64209491
2454601.64714120
2454601.65083333
2454601.65335648
2454601.65774306
2454601.65831019
2454601.66054398
2454601.66109954
2454601.66165509
2454601.66277778
2454601.66390046
2454601.66445602
2454601.66501157
2454601.66613426
2454601.66781250
2454601.66836806
2454610.74403218
2454610.74697361
2454610.74817095
2454610.74936840
2454610.75056597
2454610.75416840
2454610.75536609
2454610.75776192
2454610.75894931
2454610.76014711
2454610.76133484
2454610.76253218
2454610.76371944
2454610.76491690
2454610.76611470
2454610.76731192
2454610.76969757
2454610.77089514
2454610.77209236
2454610.77329005
2454610.77448785
2454610.77567558
2454610.77687292
2454610.78045544
2454610.78286019
2454610.78405787
2454610.78525521
2454610.78645301
2454612.79442951
2454612.79584954
2454612.79658438
2454612.79731875
2454612.79805093
2454612.79877627
2454612.79951065
2454612.80023565
2454612.80097002
2454612.80170706
2454612.80244190
2454612.80317731
2454612.80390278
2454612.80463900
2454612.80537361
2454612.80611088
2454612.80684549
2454612.80758021
2454612.80831632
2454612.80905174
2454612.80978576
2454612.81052025
2454612.81125463
2454612.81199028
2454612.81272512
2454612.81346019
2454678.44292072
2454678.44385602
2454678.44478993
2454678.44571539
2454678.44664051
2454678.44756551
2454678.44849051
2454678.45034838
2454678.45219803
2454678.45312384
2454678.46669063
2454678.46772778
2454678.47085752
2454678.47189664
2454678.47398241
2454678.48022014
2454678.48126100
2454678.48230058
2454678.48334063
2454678.48646146
2454678.48750197
2454678.48853194
2454678.48958414
2454678.49167801
2454678.49271782
2454678.49479954
2454678.49687963
2454678.49792940
2454678.49896898
2454678.50000903
2454678.50208819
2454678.50313796
2454690.46375671
2454690.46731736
2454690.46892766
2454690.47011794
2454690.47250891
2454690.47370914
2454690.53115417
2454690.53235440
2454690.53473484
2454729.47887488
2454729.47983079
2454729.48080127
2454729.48405139
2454729.48524676
2454729.48644699
2454729.48764502
2454729.48884248
2454729.49541725
2454729.49661574
2454729.49831227
2454729.49950961
2454729.50071539
2454729.50190255
2454729.50310012
2454729.50430752
2454729.50550509
2454729.50669502
2454729.50789259
2454729.50909537
2454729.51679884
2454729.51857465
2454729.52212685
2454729.52389259
2454729.52922338
2454729.53100197
2454729.53277824
2454729.57979363
2454729.58334537
2454729.58512245
2454729.58689815
2455003.82432940
2455003.82612419
2455003.82797928
2455003.82982755
2455003.83161921
2455003.83348113
2455003.83527384
2455003.83711458
2455003.84070116
2455003.84250359
2455003.84429687
2455003.84721678
2455003.84906875
2455003.85087581
2455003.85353322
2455003.85534306
2455003.85714120
2455004.84839062
2455004.84901539
2455004.84965324
2455004.85092650
2455004.85156331
2455004.85219896
2455004.85283565
2455004.85538299
2455004.85737697
2455004.85808171
2455004.86003924
2455004.86068600
2455004.86131898
2455004.86367593
2455004.86431250
2455004.86494965
2455004.86558727
2455004.86750359
2455004.86815012
2455004.86878646
2455004.86948507
2455004.87289259
2455004.87474352
2455005.83898796
2455005.83967211
2455005.84030660
2455005.84165023
2455005.84362269
2455005.84568183
2455005.84638102
2455005.84773148
2455005.85051019
2455005.85115104
2455005.85180174
2455005.85245139
2455005.85381308
2455005.85445185
2455005.85660752
2455005.85789456
2455005.85857153
2455005.85922130
2455005.85986053
2455005.86054051
2455005.86117488
2455005.86253345
2455005.86329861
2455005.86399954
2455005.86464595
2455005.86663738
2455006.84438912
2455006.84561192
2455006.84656354
2455006.84763623
2455006.84851389
2455006.84942222
2455006.85030810
2455006.85125266
2455006.85214537
2455006.85389051
2455006.85475926
2455006.85562743
2455006.85649375
2455006.85736227
2455006.85822882
2455006.85913727
2455006.86002731
2455006.86186204
2455006.86274086
2455006.86359896
2455006.86446690
2455006.86536192
2455006.86628681
2455006.86714444
2455006.86803657
2455006.87071100
2455006.87348900
2455030.75558275
2455030.75666736
2455030.75774896
2455030.76100475
2455030.76207662
2455030.76424028
2455030.76640394
2455030.76748519
2455030.76963877
2455030.77071042
2455030.77179178
2455030.77288356
2455030.77504745
2455382.82018519
2455382.82067130
2455382.82115741
2455382.82212963
2455382.82261574
2455382.82310185
2455382.82358796
2455382.82454861
2455382.82503472
2455382.82552083
2455382.82600694
2455382.82697917
2455382.82746528
2455382.82795139
2455382.82843750
2455382.82892361
2455382.82989583
2455382.83038194
2455382.83085648
2455382.83134259
2455382.83182870
2455382.83231481
2455382.83280093
2455382.83377315
2455382.83425926
2455383.84916667
2455383.85052083
2455383.85197917
2455383.85246528
2455383.85295139
2455383.85343750
2455383.85393519
2455383.85442130
2455384.84953704
2455384.85131944
2455384.85157407
2455384.85182870
2455384.85233796
2455384.85261574
2455384.85285880
2455384.85311343
2455489.62443287
2455489.62531250
2455489.62613426
2455489.62640046
2455489.62667824
2455489.62694444
2455489.62748843
2455489.62776620
2455489.62803241
2455489.62831019
2455489.62857639
2455489.62885417
2455489.62912037
2455489.62939815
2455489.62994213
2455489.63020833
2455489.63048611
2455489.63075231
2455489.63129630
2455489.63157407
2455489.63211806
2455489.63238426
2455489.63265046
2455489.63292824
2455489.63319444
2455807.84625000
2455807.84839120
2455807.85052083
2455807.85265046
2455807.85478009
2455808.77120370
2455808.77239583
2455808.77479167
2455808.77836806
2455808.77956019
2455808.78076389
2455808.78195602
2455808.78434028
2455808.78673611
2455808.79151620
2455808.79489583
2455808.79608796
2455808.79848380
2455808.79967593
2455808.80086806
2455808.80206019
2455808.80326389
2455808.80445602
2455808.80564815
2455808.80685185
2455808.80804398
2455808.80923611
2455808.81042824
2455808.81163194
2455808.81282407
2455808.81520833
2455808.81641204
2455808.81760417
2455808.81879630
2455808.81998843
2455808.82119213
2455808.82357639
2455808.82476852
2455808.82596065
2455808.82715278
2455808.82835648
2455808.82954861
2455808.83261574
2455808.83380787
2455808.83500000
2455808.83739583
2455808.83858796
2455808.84098380
2455808.84336806
2455808.84576389
2455808.84695602
2455808.84815972
2455808.84935185
2455808.85054398
2455808.85174769
2455808.85413194
2456186.78288943
2456186.78365153
2456186.78441362
2456186.78517572
2456186.78593800
2456186.78670028
2456186.78746273
2456186.78822573
2456186.78898854
2456186.78975082
2456186.79051256
2456186.79127483
2456186.79203692
2456186.79279920
2456186.79356220
2456186.79432520
2456186.79508765
2456186.79585010
2456186.79661237
2456186.79737465
2456187.80746902
2456187.80799963
2456187.80853024
2456187.80906122
2456187.80959200
2456187.81012369
2456187.81065466
2456187.81171606
2456187.81224685
2456187.81277747
2456187.81383904
2456187.81437020
2456187.81490080
2456187.81543159
2456187.81596220
2456187.81649280
2456187.81702341
2456187.81755475
2456188.77394646
2456188.77436169
2456188.77477728
2456188.77519251
2456188.77560810
2456188.77602387
2456188.77643964
2456188.77685505
2456188.77727064
2456188.77768550
2456188.77810109
2456188.77851632
2456188.77893155
2456188.77934660
2456188.77976236
2456188.78017850
2456188.78059373
2456188.78142418
2456188.78183940
2456189.76593168
2456189.76669449
2456189.76745767
2456189.76821977
2456189.76898241
2456189.76974486
2456189.77050733
2456189.77126959
2456189.77203223
2456189.77279469
2456189.77355678
2456189.77431851
2456189.77584360
2456189.77660588
2456189.77736852
2456189.77813116
2456189.77889433
2456189.77965751
2456219.67893587
2456219.68068067
2456219.68143228
2456219.68218388
2456219.68293566
2456219.68368744
2456219.68443922
2456219.68519101
2456219.68594279
2456219.68669439
2456219.68744617
2456219.69103236
2456219.69178397
2456219.69554270
2456219.69629375
2456219.71870633
2456219.71945811
2456219.72020917
2456219.72096095
2456219.72171273
2456219.72246451
2456219.72321611
2456219.72396771
2456219.72471968
2456219.72547127
2456571.79947713
2456571.80182287
2456571.80257476
2456571.80332682
2456571.80483066
2456571.80633483
2456571.80708671
2456571.80859056
2456571.80934255
2456571.81009446
2456571.81084627
2456571.81159791
2456571.81234987
2456571.81310148
2456571.81385332
2456571.81460501
2456571.81535703
2456571.81610894
2456571.81761284
2456571.81911682
2456571.81986868
2456571.82062059
2456571.82137257
2456571.82949188
2456571.83024390
2456571.83249975
2456571.83475505
2456571.83625898
2456605.73660663
2456605.73744330
2456605.73784742
2456605.73825153
2456605.73865564
2456605.73905969
2456605.73946375
2456605.74027193
2456605.74067602
2456605.74108010
2456605.74148419
2456605.74188853
2456605.74229262
2456605.74269668
2456605.74310074
2456605.74350484
2456605.74431300
2456605.74471708
2456605.74552523
2456605.74592929
2456605.74673743
2456605.74714150
2456605.74754557
2456605.74794966
2456605.74835374
2456605.74875789
2456697.48442665
2456697.48569856
2456697.48760597
2456697.48824183
2456697.48887751
2456697.48951338
2456697.49014924
2456697.49078510
2456697.49142079
2456697.49205647
2456697.49269233
2456697.49332801
2456697.49396388
2456697.49523542
2456697.49587110
2456697.49650697
2456697.49714282
2456697.49777869
2456697.49905023
2456697.50095782
2456697.50159351
2456697.50222936
2456697.50286505
2456697.50350091
2456697.50413660
2456697.50477245
2456697.50540814
2456697.50604400
2456697.50667969
2456697.50795141
2456697.50922278
2456697.50985863
2456697.51049450
2456697.51113036
2456697.51176623
2456697.51240191
2456697.51303777
2456697.51430932
2456697.51494500
2456697.51558068
