 16 30 30.0725 -20 47 13.562   21   22 2449877.66006910 14.6 C  PE 874
 16 30 30.0471 -20 47 13.534   21   22 2449877.66104051 14.5 C  PE 874
 16 30 30.0139 -20 47 13.560   21   22 2449877.66211806 14.3 C  PE 874
 19 05 47.0036 -22 42 48.968    9    5 2450255.56083565 15.0 C  PE 874
 19 05 46.9331 -22 42 48.987    9    5 2450255.56273264 15.0 C  PE 874
 19 05 46.9007 -22 42 49.011    9    5 2450255.56363993 15.0 C  PE 874
 19 05 46.8684 -22 42 49.023    9    5 2450255.56453993 15.0 C  PE 874
 19 03 58.2058 -22 43 27.773    3    7 2450258.55265046 14.9 C  PE 874
 19 03 58.1422 -22 43 27.784    3    7 2450258.55432870 14.8 C  PE 874
 19 03 58.0973 -22 43 27.811    3    7 2450258.55552083 14.9 C  PE 874
 19 03 58.0519 -22 43 27.824    3    7 2450258.55671296 14.9 C  PE 874
 19 03 20.7165 -22 43 40.468   18    5 2450259.55634259 14.5 C  PE 874
 19 03 20.6141 -22 43 40.517   18    5 2450259.55894676 14.7 C  PE 874
 19 03 20.5689 -22 43 40.526   18    5 2450259.56013889 14.7 C  PE 874
 19 03 20.5241 -22 43 40.543   18    5 2450259.56133102 14.7 C  PE 874
 19 02 41.8561 -22 43 53.328   17    4 2450260.58834491 14.6 C  PE 874
 19 02 41.7730 -22 43 53.361   17    4 2450260.59045139 14.8 C  PE 874
 19 02 41.7277 -22 43 53.371   17    4 2450260.59164352 14.7 C  PE 874
 19 02 41.6794 -22 43 53.398   17    4 2450260.59283565 14.6 C  PE 874
 18 43 57.0335 -22 48 34.434    8   12 2450289.50114977 15.1 un PE 874
 18 43 56.9944 -22 48 34.438    8   12 2450289.50221829 15.1 un PE 874
 18 43 56.9739 -22 48 34.461    8   12 2450289.50280949 15.1 un PE 874
 18 43 56.9673 -22 48 34.442    8   12 2450289.50300521 15.1 un PE 874
 18 43 56.9585 -22 48 34.434    8   12 2450289.50320231 15.1 un PE 874
 18 43 56.9449 -22 48 34.445    8   12 2450289.50359641 15.1 un PE 874
 18 43 56.9384 -22 48 34.445    8   12 2450289.50379225 15.1 un PE 874
 18 43 56.9315 -22 48 34.445    8   12 2450289.50398935 15.1 un PE 874
 18 43 56.9241 -22 48 34.434    8   12 2450289.50418646 15.1 un PE 874
 18 43 56.9156 -22 48 34.432    8   12 2450289.50438287 15.1 un PE 874
 18 43 56.9085 -22 48 34.456    8   12 2450289.50457928 15.1 un PE 874
 18 43 56.9020 -22 48 34.471    8   12 2450289.50477639 15.1 un PE 874
 18 43 56.8804 -22 48 34.475    8   12 2450289.50536632 15.1 un PE 874
 18 43 56.8736 -22 48 34.462    8   12 2450289.50556400 15.1 un PE 874
 18 43 56.8662 -22 48 34.472    8   12 2450289.50575984 15.1 un PE 874
 18 43 18.1707 -22 48 43.199    5   10 2450290.60347778 15.2 un PE 874
 18 43 18.1303 -22 48 43.215    5   10 2450290.60460289 15.3 un PE 874
 18 43 18.1115 -22 48 43.207    5   10 2450290.60514641 15.1 un PE 874
 18 43 18.0918 -22 48 43.213    5   10 2450290.60569132 15.1 un PE 874
 18 43 18.0727 -22 48 43.226    5   10 2450290.60622338 15.2 un PE 874
 18 43 18.0337 -22 48 43.244    5   10 2450290.60732315 15.2 un PE 874
 18 43 18.0139 -22 48 43.221    5   10 2450290.60786736 15.0 un PE 874
 18 43 17.9952 -22 48 43.221    5   10 2450290.60841088 15.1 un PE 874
 18 43 17.9747 -22 48 43.247    5   10 2450290.60895498 15.1 un PE 874
 18 42 44.4963 -22 48 50.904    6   26 2450291.57708032 15.0 un PE 874
 18 42 44.4770 -22 48 50.854    6   26 2450291.57762315 15.1 un PE 874
 18 42 44.4569 -22 48 50.925    6   26 2450291.57816806 15.0 un PE 874
 18 42 44.4377 -22 48 50.887    6   26 2450291.57871157 15.0 un PE 874
 18 42 44.4191 -22 48 50.877    6   26 2450291.57925567 15.0 un PE 874
 18 42 44.4000 -22 48 50.902    6   26 2450291.57979919 15.0 un PE 874
 18 42 44.3807 -22 48 50.938    6   26 2450291.58034410 15.0 un PE 874
 18 42 44.3619 -22 48 50.885    6   26 2450291.58088819 15.1 un PE 874
 18 35 26.3874 -23 01 40.608   29    8 2450357.45423576 15.9 C  PE 874
 18 35 26.4047 -23 01 40.601   29    8 2450357.45517465 15.8 C  PE 874
 18 35 27.6208 -23 01 41.013   29    8 2450357.50933935 15.8 C  PE 874
 21 13 50.6932 -17 19 10.730    9    5 2450675.59245370 14.7 un PE 874
 21 13 50.6655 -17 19 10.905    9    5 2450675.59359954 14.7 un PE 874
 21 13 48.2452 -17 19 25.495    9    5 2450675.69005787 14.6 un PE 874
 21 13 48.2161 -17 19 25.666    9    5 2450675.69120370 14.7 un PE 874
 21 04 29.1307 -17 54 25.562   16   37 2450745.49646991 15.7 V  PE 874
 21 04 29.1509 -17 54 25.435   16   37 2450745.49850694 16.1 V  PE 874
 21 04 29.1669 -17 54 25.290   16   37 2450745.49982639 16.3 V  PE 874
 21 04 29.1810 -17 54 25.170   16   37 2450745.50112269 16.4 V  PE 874
 23 54 25.2334 -01 48 44.024   46   34 2451037.46378438 14.9 R  OH 511
 23 54 25.1527 -01 48 44.350   46   34 2451037.46754711 14.8 R  OH 511
 23 54 25.1216 -01 48 44.651   46   34 2451037.46952373 14.8 R  OH 511
 23 54 25.0547 -01 48 44.880   46   34 2451037.47246250 14.8 R  OH 511
 23 54 24.9982 -01 48 45.257   46   34 2451037.47553067 14.9 R  OH 511
 23 54 24.9493 -01 48 45.457   46   34 2451037.47805602 14.9 R  OH 511
 23 54 24.8851 -01 48 45.753   46   34 2451037.48116829 14.9 R  OH 511
 23 54 24.8444 -01 48 45.959   46   34 2451037.48326389 15.2 I  OH 511
 23 54 24.7993 -01 48 46.215   46   34 2451037.48574433 14.7 V  OH 511
 23 54 24.7537 -01 48 46.471   46   34 2451037.48798553 15.1 I  OH 511
 23 54 24.6958 -01 48 46.660   46   34 2451037.49060810 15.0 R  OH 511
 23 54 05.2419 -01 50 27.680   26   37 2451038.47741146 15.0 R  OH 511
 23 54 04.9232 -01 50 29.384   26   37 2451038.49300069 15.0 R  OH 511
 23 54 04.8254 -01 50 29.801   26   37 2451038.49757662 15.0 R  OH 511
 23 54 04.7406 -01 50 30.308   26   37 2451038.50175150 15.0 R  OH 511
 23 54 04.6946 -01 50 30.529   26   37 2451038.50409375 15.0 R  OH 511
 23 54 04.6460 -01 50 30.810   26   37 2451038.50643218 15.0 R  OH 511
 23 54 04.5948 -01 50 31.023   26   37 2451038.50877269 15.0 R  OH 511
 23 54 04.4978 -01 50 31.556   26   37 2451038.51345498 15.0 R  OH 511
 23 54 04.4535 -01 50 31.823   26   37 2451038.51580498 15.0 R  OH 511
 23 54 04.3999 -01 50 32.025   26   37 2451038.51814907 15.0 R  OH 511
 23 54 04.3546 -01 50 32.342   26   37 2451038.52048773 15.1 R  OH 511
 23 54 04.3054 -01 50 32.532   26   37 2451038.52283773 15.0 R  OH 511
 23 54 04.2591 -01 50 32.765   26   37 2451038.52518044 15.0 R  OH 511
 23 54 04.2089 -01 50 33.028   26   37 2451038.52751690 15.1 R  OH 511
 23 54 04.1609 -01 50 33.318   26   37 2451038.52986250 15.1 R  OH 511
 23 54 04.1121 -01 50 33.552   26   37 2451038.53220995 15.0 R  OH 511
 23 54 04.0624 -01 50 33.833   26   37 2451038.53455613 15.0 R  OH 511
 23 22 02.7322 -05 37 09.392   27   19 2451164.23281574 15.4 R  OH 511
 23 22 02.9097 -05 37 08.425   27   19 2451164.23982546 15.5 R  OH 511
 23 22 03.0116 -05 37 07.818   27   19 2451164.24399132 15.4 R  OH 511
 23 22 03.0752 -05 37 07.442   27   19 2451164.24633310 15.3 R  OH 511
 23 22 03.1939 -05 37 06.806   27   19 2451164.25101748 15.4 R  OH 511
 23 22 03.2491 -05 37 06.468   27   19 2451164.25336701 15.5 R  OH 511
 23 22 03.3099 -05 37 06.117   27   19 2451164.25570775 15.4 R  OH 511
 23 22 03.3694 -05 37 05.764   27   19 2451164.25805440 15.5 R  OH 511
 23 22 03.4311 -05 37 05.437   27   19 2451164.26040116 15.4 R  OH 511
 23 22 03.4871 -05 37 05.122   27   19 2451164.26273924 15.4 R  OH 511
 23 22 03.5472 -05 37 04.750   27   19 2451164.26508403 15.5 R  OH 511
 01 58 38.5094 +09 57 21.857   19   11 2451460.57602442 14.5 R  OH 511
 01 58 38.4206 +09 57 21.354   19   11 2451460.57957072 14.5 R  OH 511
 01 58 38.3800 +09 57 21.149   19   11 2451460.58121852 14.6 R  OH 511
 01 58 38.3364 +09 57 20.915   19   11 2451460.58286319 14.4 R  OH 511
 01 58 38.2527 +09 57 20.462   19   11 2451460.58615903 14.5 R  OH 511
 01 58 38.1707 +09 57 20.019   19   11 2451460.58945509 14.4 R  OH 511
 01 58 38.1291 +09 57 19.796   19   11 2451460.59109711 14.5 R  OH 511
 01 58 38.0834 +09 57 19.549   19   11 2451460.59274537 14.4 R  OH 511
 01 58 38.0446 +09 57 19.356   19   11 2451460.59438819 14.4 R  OH 511
 01 57 28.3962 +09 51 02.876   16   22 2451463.38622095 14.4 R  OH 511
 01 57 28.3262 +09 51 02.487   16   22 2451463.38902928 14.4 R  OH 511
 01 57 28.2700 +09 51 02.223   16   22 2451463.39112870 14.2 R  OH 511
 01 57 28.1224 +09 51 01.468   16   22 2451463.39690197 14.2 R  OH 511
 01 57 28.0847 +09 51 01.258   16   22 2451463.39838808 14.3 R  OH 511
 01 57 28.0432 +09 51 01.012   16   22 2451463.40003264 14.2 R  OH 511
 01 57 28.0088 +09 51 00.875   16   22 2451463.40138576 14.2 R  OH 511
 01 57 27.9754 +09 51 00.725   16   22 2451463.40268495 14.2 R  OH 511
 01 57 27.9428 +09 51 00.483   16   22 2451463.40397951 14.3 R  OH 511
 01 38 59.2857 +08 53 00.574   14   14 2451516.29178762 15.1 R  OH 511
 01 38 59.2643 +08 53 00.609   14   14 2451516.29387373 15.1 R  OH 511
 01 38 59.2224 +08 53 00.670   14   14 2451516.29735914 15.1 R  OH 511
 01 38 59.2037 +08 53 00.659   14   14 2451516.29900313 15.1 R  OH 511
 01 38 59.1844 +08 53 00.710   14   14 2451516.30065521 15.1 R  OH 511
 01 38 59.1669 +08 53 00.696   14   14 2451516.30230405 15.2 R  OH 511
 01 38 59.1461 +08 53 00.726   14   14 2451516.30395116 15.1 R  OH 511
 01 38 58.7920 +08 53 01.057   14   14 2451516.33515880 15.1 R  OH 511
 01 38 58.7723 +08 53 01.066   14   14 2451516.33682164 15.0 R  OH 511
 01 38 37.7313 +08 53 28.507   26   22 2451518.39629734 15.1 R  OH 511
 01 38 37.7110 +08 53 28.542   26   22 2451518.39800382 15.1 R  OH 511
 01 38 37.7008 +08 53 28.513   26   22 2451518.39942407 15.1 R  OH 511
 01 38 37.6852 +08 53 28.547   26   22 2451518.40107384 15.1 R  OH 511
 01 38 37.6674 +08 53 28.568   26   22 2451518.40272546 15.1 R  OH 511
 01 38 37.6492 +08 53 28.598   26   22 2451518.40437569 15.1 R  OH 511
 01 38 37.6318 +08 53 28.615   26   22 2451518.40601979 15.1 R  OH 511
 01 38 28.7640 +08 53 45.311   13   12 2451519.36051227 14.8 R  OH 511
 01 38 28.7372 +08 53 45.385   13   12 2451519.36335984 15.0 R  OH 511
 01 38 28.6987 +08 53 45.444   13   12 2451519.36711597 14.9 R  OH 511
 01 38 28.6661 +08 53 45.506   13   12 2451519.37053588 14.8 R  OH 511
 01 38 28.6389 +08 53 45.552   13   12 2451519.37337465 14.8 R  OH 511
 01 38 28.6118 +08 53 45.596   13   12 2451519.37602234 14.8 R  OH 511
 01 38 28.5915 +08 53 45.634   13   12 2451519.37829225 14.8 R  OH 511
 01 38 28.5697 +08 53 45.662   13   12 2451519.38051493 15.0 R  OH 511
 01 38 28.5481 +08 53 45.715   13   12 2451519.38278843 14.7 R  OH 511
 01 38 28.5256 +08 53 45.759   13   12 2451519.38503530 15.0 R  OH 511
 01 38 28.5124 +08 53 45.808   13   12 2451519.38644630 14.8 R  OH 511
 01 38 28.4998 +08 53 45.812   13   12 2451519.38785729 14.8 R  OH 511
 01 38 28.4697 +08 53 45.855   13   12 2451519.39077639 15.0 R  OH 511
 01 38 12.7670 +08 54 25.820   15   22 2451521.25416470 14.8 R  OH 511
 01 38 12.7442 +08 54 25.863   15   22 2451521.25691678 14.8 R  OH 511
 01 38 12.7297 +08 54 25.876   15   22 2451521.25867870 14.8 R  OH 511
 01 38 12.7166 +08 54 25.967   15   22 2451521.26043889 14.8 R  OH 511
 01 38 12.6994 +08 54 26.007   15   22 2451521.26220069 14.9 R  OH 511
 04 30 56.2030 +21 20 55.345   19   10 2451858.52772419 14.8 R  OH 511
 04 30 56.0307 +21 20 54.878   19   10 2451858.53269282 14.9 R  OH 511
 04 30 55.8677 +21 20 54.425   19   10 2451858.53746227 14.8 R  OH 511
 04 30 55.6906 +21 20 53.915   19   10 2451858.54265081 14.8 R  OH 511
 04 30 55.5770 +21 20 53.575   19   10 2451858.54591343 14.8 R  OH 511
 04 30 55.4688 +21 20 53.277   19   10 2451858.54918160 14.8 R  OH 511
 04 30 55.3563 +21 20 52.961   19   10 2451858.55244433 14.7 R  OH 511
 04 30 55.1302 +21 20 52.336   19   10 2451858.55897581 14.8 R  OH 511
 04 24 56.7112 +21 03 05.027    8   14 2451868.51083009 14.3 R  OH 511
 04 24 56.5740 +21 03 04.638    8   14 2451868.51438345 14.4 R  OH 511
 04 24 56.3576 +21 03 03.977    8   14 2451868.51993947 14.6 R  OH 511
 04 24 18.1012 +21 01 06.067   24   22 2451869.52227812 14.5 R  OH 511
 04 24 18.0336 +21 01 05.825   24   22 2451869.52407002 14.4 R  OH 511
 04 24 17.9614 +21 01 05.630   24   22 2451869.52598171 14.4 R  OH 511
 04 24 17.8515 +21 01 05.243   24   22 2451869.52878148 14.4 R  OH 511
 04 24 17.7869 +21 01 05.085   24   22 2451869.53042558 14.4 R  OH 511
 04 24 17.7242 +21 01 04.881   24   22 2451869.53207558 14.4 R  OH 511
 04 24 17.6550 +21 01 04.686   24   22 2451869.53371956 14.4 R  OH 511
 04 24 17.4483 +21 01 04.064   24   22 2451869.53912535 14.4 R  OH 511
 04 24 17.3513 +21 01 03.762   24   22 2451869.54157454 14.4 R  OH 511
 04 24 17.2307 +21 01 03.363   24   22 2451869.54468218 14.4 R  OH 511
 04 24 14.8426 +21 00 55.984   24   22 2451869.60589722 14.5 R  OH 511
 04 24 13.8840 +21 00 52.998   24   22 2451869.63062164 14.5 R  OH 511
 04 24 13.7792 +21 00 52.723   24   22 2451869.63332037 14.4 R  OH 511
 04 24 13.5845 +21 00 52.055   24   22 2451869.63830683 14.4 R  OH 511
 04 24 13.4629 +21 00 51.715   24   22 2451869.64151042 14.4 R  OH 511
 04 21 46.2683 +20 53 10.370    6    5 2451873.43963565 14.5 R  OH 511
 04 21 46.2026 +20 53 10.164    6    5 2451873.44128160 14.5 R  OH 511
 04 21 46.1362 +20 53 09.957    6    5 2451873.44293218 14.5 R  OH 511
 04 21 46.0720 +20 53 09.771    6    5 2451873.44457940 14.6 R  OH 511
 04 21 46.0063 +20 53 09.560    6    5 2451873.44622130 14.5 R  OH 511
 04 21 45.9398 +20 53 09.357    6    5 2451873.44786829 14.4 R  OH 511
 04 21 45.8743 +20 53 09.155    6    5 2451873.44951331 14.5 R  OH 511
 04 21 45.8087 +20 53 08.951    6    5 2451873.45115521 14.5 R  OH 511
 07 02 43.4537 +22 09 40.502   50   30 2452231.62693611 15.1 R  OH 511
 07 02 43.4281 +22 09 40.581   50   30 2452231.62824618 14.8 R  OH 511
 07 02 43.3863 +22 09 40.672   50   30 2452231.63077558 14.0 R  OH 511
 07 02 43.3407 +22 09 40.819   50   30 2452231.63409653 14.1 R  OH 511
 07 02 11.9102 +22 11 29.183   15   18 2452233.61417940 15.0 R  OH 511
 07 02 11.8677 +22 11 29.351   15   18 2452233.61650150 15.1 R  OH 511
 07 02 11.8425 +22 11 29.443   15   18 2452233.61816100 15.0 R  OH 511
 07 02 11.8146 +22 11 29.499   15   18 2452233.61982025 15.1 R  OH 511
 07 02 11.7841 +22 11 29.636   15   18 2452233.62147546 15.1 R  OH 511
 07 02 11.7569 +22 11 29.695   15   18 2452233.62313056 15.1 R  OH 511
 07 02 11.7269 +22 11 29.833   15   18 2452233.62481088 15.0 R  OH 511
 07 02 11.6980 +22 11 29.901   15   18 2452233.62647199 15.1 R  OH 511
 07 02 11.6703 +22 11 29.986   15   18 2452233.62813275 15.0 R  OH 511
 07 02 11.6419 +22 11 30.093   15   18 2452233.62979734 15.1 R  OH 511
 07 01 22.3077 +22 14 21.254   19   34 2452236.47917593 15.1 R  OH 511
 07 01 22.2060 +22 14 21.648   19   34 2452236.48458623 15.1 R  OH 511
 07 01 22.1543 +22 14 21.850   19   34 2452236.48728021 15.1 R  OH 511
 07 01 22.1044 +22 14 22.033   19   34 2452236.48997847 15.0 R  OH 511
 07 01 22.0564 +22 14 22.202   19   34 2452236.49267141 15.1 R  OH 511
 07 01 22.0047 +22 14 22.407   19   34 2452236.49537685 15.0 R  OH 511
 07 01 21.9012 +22 14 22.774   19   34 2452236.50076817 15.1 R  OH 511
 06 50 29.2903 +22 52 14.691    9   11 2452263.58550359 14.7 R  OH 511
 06 50 29.1214 +22 52 15.261    9   11 2452263.59143461 14.6 R  OH 511
 06 50 29.0668 +22 52 15.451    9   11 2452263.59332986 14.6 R  OH 511
 06 50 29.0124 +22 52 15.626    9   11 2452263.59522292 14.6 R  OH 511
 06 50 28.9573 +22 52 15.804    9   11 2452263.59710880 14.6 R  OH 511
 06 50 28.9049 +22 52 15.970    9   11 2452263.59900231 14.6 R  OH 511
 06 50 28.8506 +22 52 16.132    9   11 2452263.60089074 14.6 R  OH 511
 06 50 28.7957 +22 52 16.324    9   11 2452263.60277998 14.6 R  OH 511
 06 50 28.7421 +22 52 16.491    9   11 2452263.60466609 14.6 R  OH 511
 06 49 38.8140 +22 55 04.996    8    9 2452265.38305058 14.7 R  OH 511
 06 49 38.7131 +22 55 05.324    8    9 2452265.38653738 14.7 R  OH 511
 06 49 38.6655 +22 55 05.486    8    9 2452265.38819248 14.6 R  OH 511
 06 49 38.6174 +22 55 05.649    8    9 2452265.38985220 14.7 R  OH 511
 06 49 38.5694 +22 55 05.827    8    9 2452265.39150729 14.6 R  OH 511
 06 49 38.5223 +22 55 05.965    8    9 2452265.39317002 14.6 R  OH 511
 06 40 17.7258 +23 24 31.389   10   10 2452285.37628403 14.7 R  OH 511
 06 40 16.0251 +23 24 36.240   10   10 2452285.43843137 14.7 R  OH 511
 06 40 15.9653 +23 24 36.430   10   10 2452285.44065856 14.3 R  OH 511
 06 40 15.9135 +23 24 36.573   10   10 2452285.44254653 14.6 R  OH 511
 06 40 15.8611 +23 24 36.705   10   10 2452285.44443391 14.6 R  OH 511
 06 40 15.8094 +23 24 36.861   10   10 2452285.44632431 14.6 R  OH 511
 06 40 15.7576 +23 24 36.995   10   10 2452285.44821146 14.8 R  OH 511
 06 40 15.7075 +23 24 37.166   10   10 2452285.45010278 13.9 R  OH 511
 06 40 15.6023 +23 24 37.447   10   10 2452285.45388484 14.9 R  OH 511
 06 40 15.5520 +23 24 37.601   10   10 2452285.45577569 14.6 R  OH 511
 06 40 15.4982 +23 24 37.745   10   10 2452285.45767002 14.6 R  OH 511
 06 30 29.2621 +23 49 27.565   10    8 2452313.24401192 15.1 R  OH 511
 06 30 29.2322 +23 49 27.629   10    8 2452313.24612928 15.2 R  OH 511
 06 30 29.2005 +23 49 27.691   10    8 2452313.24825231 15.2 R  OH 511
 06 30 29.1720 +23 49 27.769   10    8 2452313.25036921 15.1 R  OH 511
 06 30 29.1421 +23 49 27.813   10    8 2452313.25248449 15.1 R  OH 511
 06 30 14.8883 +23 49 57.277   29   23 2452314.31349919 15.0 R  OH 511
 06 30 14.8419 +23 49 57.355   29   23 2452314.31684502 15.0 R  OH 511
 06 30 14.7941 +23 49 57.420   29   23 2452314.32016053 15.7 R  OH 511
 06 30 14.7765 +23 49 57.520   29   23 2452314.32181366 15.0 R  OH 511
 06 32 06.6629 +23 45 07.532   25   17 2452358.37302500 15.5 R  OH 511
 06 32 06.6962 +23 45 07.511   25   17 2452358.37468681 15.5 R  OH 511
 06 32 06.7238 +23 45 07.437   25   17 2452358.37634178 15.4 R  OH 511
 06 32 06.7543 +23 45 07.375   25   17 2452358.37799711 15.5 R  OH 511
 06 32 06.7832 +23 45 07.308   25   17 2452358.37966262 15.5 R  OH 511
 06 32 06.8128 +23 45 07.260   25   17 2452358.38131539 15.4 R  OH 511
 06 32 06.8410 +23 45 07.158   25   17 2452358.38296632 15.4 R  OH 511
 06 32 06.8723 +23 45 07.094   25   17 2452358.38462917 15.4 R  OH 511
 06 32 06.9035 +23 45 07.061   25   17 2452358.38628148 15.5 R  OH 511
 06 32 06.9345 +23 45 07.009   25   17 2452358.38794410 15.5 R  OH 511
 06 33 03.1207 +23 43 20.492   26   12 2452361.32201007 15.5 R  OH 511
 06 33 03.1930 +23 43 20.357   26   12 2452361.32575787 15.5 R  OH 511
 06 33 03.2224 +23 43 20.277   26   12 2452361.32742211 15.4 R  OH 511
 06 33 03.4013 +23 43 19.951   26   12 2452361.33645278 15.5 R  OH 511
 06 33 03.4370 +23 43 19.875   26   12 2452361.33811586 15.5 R  OH 511
 06 33 03.4660 +23 43 19.813   26   12 2452361.33976933 15.6 R  OH 511
 06 33 03.7761 +23 43 19.158   26   12 2452361.35563032 15.6 R  OH 511
 06 33 03.8123 +23 43 19.102   26   12 2452361.35729097 15.6 R  OH 511
 06 33 24.3867 +23 42 40.286   34   27 2452362.36452894 15.6 R  OH 511
 06 33 24.4972 +23 42 40.129   34   27 2452362.37005625 15.6 R  OH 511
 06 33 24.5399 +23 42 39.980   34   27 2452362.37194954 15.6 R  OH 511
 06 33 24.5808 +23 42 39.916   34   27 2452362.37383935 15.7 R  OH 511
 06 33 24.6186 +23 42 39.839   34   27 2452362.37572963 15.6 R  OH 511
 06 33 24.6558 +23 42 39.780   34   27 2452362.37761354 15.5 R  OH 511
 09 23 35.4748 +16 13 49.063   27    9 2452637.49886100 15.5 R  OH 511
 09 23 35.3953 +16 13 49.353   27    9 2452637.50310428 15.4 R  OH 511
 09 23 35.3570 +16 13 49.486   27    9 2452637.50522083 15.4 R  OH 511
 09 23 35.3156 +16 13 49.623   27    9 2452637.50734167 15.4 R  OH 511
 09 23 35.2797 +16 13 49.756   27    9 2452637.50946412 15.4 R  OH 511
 09 23 35.2359 +16 13 49.876   27    9 2452637.51159375 15.4 R  OH 511
 09 23 16.6605 +16 14 53.314    9    2 2452638.49939965 15.3 R  OH 511
 09 23 16.5079 +16 14 53.842    9    2 2452638.50720949 15.3 R  OH 511
 09 23 16.4599 +16 14 53.995    9    2 2452638.50956343 15.3 R  OH 511
 09 23 16.3681 +16 14 54.314    9    2 2452638.51426725 15.3 R  OH 511
 09 23 16.3215 +16 14 54.471    9    2 2452638.51661447 15.3 R  OH 511
 09 23 16.2743 +16 14 54.631    9    2 2452638.51896285 15.3 R  OH 511
 09 23 16.1824 +16 14 54.949    9    2 2452638.52367292 15.3 R  OH 511
 09 23 16.1360 +16 14 55.104    9    2 2452638.52602419 15.3 R  OH 511
 09 16 34.8963 +16 38 28.457   43   39 2452654.41626875 14.9 R  OH 511
 09 16 34.8117 +16 38 28.718   43   39 2452654.41912720 15.1 R  OH 511
 09 16 34.6827 +16 38 29.145   43   39 2452654.42339745 15.0 R  OH 511
 09 16 34.5635 +16 38 29.573   43   39 2452654.42720671 15.0 R  OH 511
 09 16 34.4363 +16 38 29.964   43   39 2452654.43121123 15.0 R  OH 511
 09 16 34.3482 +16 38 30.365   43   39 2452654.43394699 15.1 R  OH 511
 09 16 34.2126 +16 38 30.795   43   39 2452654.43830694 15.1 R  OH 511
 09 16 34.1620 +16 38 30.989   43   39 2452654.43996285 14.9 R  OH 511
 09 16 34.1101 +16 38 31.219   43   39 2452654.44146181 15.0 R  OH 511
 09 16 34.0270 +16 38 31.485   43   39 2452654.44435127 15.0 R  OH 511
 09 16 33.9586 +16 38 31.742   43   39 2452654.44660729 15.0 R  OH 511
 09 16 33.8874 +16 38 31.987   43   39 2452654.44872187 15.1 R  OH 511
 09 16 33.8382 +16 38 32.150   43   39 2452654.45038194 15.1 R  OH 511
 09 16 33.7849 +16 38 32.374   43   39 2452654.45203426 15.1 R  OH 511
 09 16 33.7311 +16 38 32.591   43   39 2452654.45368565 15.0 R  OH 511
 09 16 01.8359 +16 40 26.126   25   21 2452655.48363646 15.2 R  OH 511
 09 16 01.7476 +16 40 26.502   25   21 2452655.48655116 15.1 R  OH 511
 09 16 01.6843 +16 40 26.729   25   21 2452655.48846019 15.2 R  OH 511
 09 16 01.6160 +16 40 26.926   25   21 2452655.49066181 15.1 R  OH 511
 09 16 01.5801 +16 40 27.045   25   21 2452655.49174468 15.1 R  OH 511
 09 16 01.5483 +16 40 27.177   25   21 2452655.49282083 15.1 R  OH 511
 09 16 01.5141 +16 40 27.313   25   21 2452655.49389630 15.2 R  OH 511
 09 16 01.4768 +16 40 27.424   25   21 2452655.49497269 15.1 R  OH 511
 09 04 17.7217 +17 22 07.182   25   19 2452675.37783160 14.8 R  OH 511
 09 04 17.4257 +17 22 08.227   25   19 2452675.38546146 14.8 R  OH 511
 09 04 17.3830 +17 22 08.372   25   19 2452675.38665602 14.8 R  OH 511
 09 04 17.3346 +17 22 08.575   25   19 2452675.38784780 14.8 R  OH 511
 09 04 16.2050 +17 22 12.527   25   19 2452675.41733241 14.9 R  OH 511
 08 39 51.3218 +18 55 42.976   17   10 2452731.29180035 15.5 R  OH 511
 08 39 51.3074 +18 55 43.054   17   10 2452731.29421921 15.4 R  OH 511
 08 39 51.2913 +18 55 43.200   17   10 2452731.29727361 15.3 R  OH 511
 08 39 51.2747 +18 55 43.312   17   10 2452731.30032060 15.6 R  OH 511
 08 39 51.2579 +18 55 43.445   17   10 2452731.30337431 15.4 R  OH 511
 08 39 51.2423 +18 55 43.581   17   10 2452731.30642708 15.5 R  OH 511
 08 49 23.0166 +18 42 33.296   32   38 2452772.35277685 15.8 R  OH 511
 08 49 23.0790 +18 42 33.130   32   38 2452772.35501933 15.9 R  OH 511
 08 49 23.1278 +18 42 32.922   32   38 2452772.35667292 15.9 R  OH 511
 08 49 23.1767 +18 42 32.733   32   38 2452772.35832593 15.8 R  OH 511
 08 49 23.2254 +18 42 32.578   32   38 2452772.35998032 15.9 R  OH 511
 08 49 23.2777 +18 42 32.478   32   38 2452772.36163669 15.9 R  OH 511
 08 49 23.3253 +18 42 32.336   32   38 2452772.36329456 15.8 R  OH 511
 08 49 23.3759 +18 42 32.207   32   38 2452772.36495486 15.9 R  OH 511
 08 49 23.4295 +18 42 32.084   32   38 2452772.36661667 15.9 R  OH 511
 08 49 53.1246 +18 41 07.941   24   14 2452773.34150984 15.9 R  OH 511
 08 49 53.2964 +18 41 07.434   24   14 2452773.34715405 15.9 R  OH 511
 08 49 53.4374 +18 41 07.001   24   14 2452773.35185324 15.7 R  OH 511
 08 49 53.5110 +18 41 06.802   24   14 2452773.35421030 15.9 R  OH 511
 08 49 53.5821 +18 41 06.559   24   14 2452773.35656655 15.9 R  OH 511
 08 49 53.6510 +18 41 06.359   24   14 2452773.35891505 15.9 R  OH 511
 08 49 53.7220 +18 41 06.128   24   14 2452773.36126516 15.9 R  OH 511
 08 49 53.7945 +18 41 05.953   24   14 2452773.36361563 15.9 R  OH 511
 08 49 53.8696 +18 41 05.745   24   14 2452773.36597025 15.9 R  OH 511
 08 49 53.9382 +18 41 05.526   24   14 2452773.36832731 15.9 R  OH 511
 10 48 26.0300 +09 23 18.754   24   18 2453115.33396400 15.8 R  OH 511
 10 48 25.9618 +09 23 18.838   24   18 2453115.34158495 15.5 R  OH 511
 10 48 25.9289 +09 23 18.881   24   18 2453115.34544572 15.4 R  OH 511
 10 48 25.8990 +09 23 18.922   24   18 2453115.34849456 15.4 R  OH 511
 10 48 25.8423 +09 23 18.954   24   18 2453115.35459803 14.7 R  OH 511
 10 48 25.8144 +09 23 19.025   24   18 2453115.35764896 15.3 R  OH 511
 10 48 25.7893 +09 23 19.034   24   18 2453115.36072176 15.4 R  OH 511
 10 48 18.0054 +09 23 25.920   28   10 2453116.31832107 15.4 R  OH 511
 10 48 17.9337 +09 23 25.975   28   10 2453116.32709988 15.3 R  OH 511
 10 48 17.9164 +09 23 25.999   28   10 2453116.32945579 15.3 R  OH 511
 10 48 17.8946 +09 23 26.007   28   10 2453116.33180799 15.3 R  OH 511
 10 48 17.8750 +09 23 26.013   28   10 2453116.33416447 15.3 R  OH 511
 10 48 17.8556 +09 23 26.020   28   10 2453116.33651933 15.4 R  OH 511
 10 48 17.8368 +09 23 26.044   28   10 2453116.33887153 15.3 R  OH 511
 10 48 17.8123 +09 23 26.030   28   10 2453116.34122454 15.4 R  OH 511
 10 48 15.4217 +09 02 48.902   18   24 2453143.33360521 15.9 R  OH 511
 10 48 15.4438 +09 02 48.605   18   24 2453143.33672882 15.8 R  OH 511
 10 48 15.5219 +09 02 47.622   18   24 2453143.34722720 15.9 R  OH 511
 10 48 15.5394 +09 02 47.412   18   24 2453143.34958194 15.8 R  OH 511
 10 48 15.5568 +09 02 47.197   18   24 2453143.35193704 15.9 R  OH 511
 10 48 15.5736 +09 02 46.977   18   24 2453143.35429282 15.9 R  OH 511
 10 48 15.5899 +09 02 46.750   18   24 2453143.35665359 15.9 R  OH 511
 10 48 15.6066 +09 02 46.484   18   24 2453143.35900590 15.8 R  OH 511
 10 48 15.6242 +09 02 46.241   18   24 2453143.36136667 15.8 R  OH 511
 10 48 15.6431 +09 02 46.062   18   24 2453143.36371968 15.8 R  OH 511
 10 48 15.6577 +09 02 45.791   18   24 2453143.36607558 15.8 R  OH 511
 10 48 41.3699 +08 57 47.873   12   20 2453146.37346505 15.7 R  OH 511
 10 48 41.3908 +08 57 47.649   12   20 2453146.37581991 15.7 R  OH 511
 10 48 41.4099 +08 57 47.418   12   20 2453146.37818044 15.7 R  OH 511
 10 48 41.4321 +08 57 47.126   12   20 2453146.38054178 15.8 R  OH 511
 10 48 41.4529 +08 57 46.897   12   20 2453146.38289514 15.7 R  OH 511
 10 48 41.4739 +08 57 46.630   12   20 2453146.38525498 15.7 R  OH 511
 10 48 41.5167 +08 57 46.178   12   20 2453146.38996088 15.7 R  OH 511
 10 48 41.5379 +08 57 45.884   12   20 2453146.39231389 15.8 R  OH 511
 13 08 03.6071 -05 56 29.301   39   40 2453437.44406863 15.4 R  OH 511
 13 08 03.4715 -05 56 28.609   39   40 2453437.44979757 15.4 R  OH 511
 13 08 03.4220 -05 56 28.386   39   40 2453437.45192928 15.4 R  OH 511
 13 08 03.3756 -05 56 28.139   39   40 2453437.45405139 15.4 R  OH 511
 13 08 03.2774 -05 56 27.597   39   40 2453437.45830150 15.4 R  OH 511
 13 08 03.2318 -05 56 27.395   39   40 2453437.46042257 15.4 R  OH 511
 13 08 03.1754 -05 56 27.031   39   40 2453437.46254468 15.3 R  OH 511
 13 08 03.1296 -05 56 26.787   39   40 2453437.46467118 15.3 R  OH 511
 13 08 03.0762 -05 56 26.471   39   40 2453437.46679340 15.3 R  OH 511
 13 08 03.0302 -05 56 26.300   39   40 2453437.46891863 15.3 R  OH 511
 13 07 40.0318 -05 54 20.389   34   15 2453438.47192176 15.3 R  OH 511
 13 07 39.9765 -05 54 20.100   34   15 2453438.47427789 15.4 R  OH 511
 13 07 39.9152 -05 54 19.779   34   15 2453438.47664028 15.3 R  OH 511
 13 07 39.8632 -05 54 19.504   34   15 2453438.47899884 15.3 R  OH 511
 13 07 39.8041 -05 54 19.215   34   15 2453438.48135231 15.4 R  OH 511
 13 07 39.7483 -05 54 18.885   34   15 2453438.48370556 15.3 R  OH 511
 13 07 39.6966 -05 54 18.593   34   15 2453438.48606435 15.3 R  OH 511
 13 07 39.6358 -05 54 18.268   34   15 2453438.48842292 15.3 R  OH 511
 13 06 52.2514 -05 49 55.702   22   16 2453440.47511076 15.7 R  OH 511
 13 06 52.1543 -05 49 55.162   22   16 2453440.47913519 15.4 R  OH 511
 13 06 52.0926 -05 49 54.865   22   16 2453440.48161100 15.5 R  OH 511
 13 06 52.0374 -05 49 54.536   22   16 2453440.48373692 15.5 R  OH 511
 13 06 51.9868 -05 49 54.252   22   16 2453440.48589653 15.5 R  OH 511
 13 06 51.9302 -05 49 53.954   22   16 2453440.48802211 15.5 R  OH 511
 13 06 51.8774 -05 49 53.669   22   16 2453440.49014792 15.5 R  OH 511
 13 06 51.8250 -05 49 53.374   22   16 2453440.49230787 15.5 R  OH 511
 13 06 51.7696 -05 49 53.116   22   16 2453440.49443218 15.5 R  OH 511
 13 06 51.7189 -05 49 52.821   22   16 2453440.49655787 15.5 R  OH 511
 13 06 51.6665 -05 49 52.508   22   16 2453440.49868391 15.4 R  OH 511
 12 55 29.3809 -04 41 17.762   21   13 2453463.51414919 15.1 V  BC 874
 12 55 29.3394 -04 41 17.534   21   13 2453463.51538692 15.1 V  BC 874
 12 55 29.3002 -04 41 17.280   21   13 2453463.51662442 14.9 V  BC 874
 12 55 29.2592 -04 41 17.007   21   13 2453463.51786192 14.9 V  BC 874
 12 55 29.2179 -04 41 16.728   21   13 2453463.51910104 14.9 V  BC 874
 12 55 29.1737 -04 41 16.462   21   13 2453463.52033889 14.9 V  BC 874
 12 55 29.1320 -04 41 16.201   21   13 2453463.52157662 15.0 V  BC 874
 12 55 29.0919 -04 41 15.960   21   13 2453463.52281285 15.0 V  BC 874
 12 55 29.0485 -04 41 15.685   21   13 2453463.52404942 15.1 V  BC 874
 12 55 29.0056 -04 41 15.427   21   13 2453463.52529630 15.0 V  BC 874
 12 54 55.4369 -04 37 39.363   17   15 2453464.53765752 14.9 C  BC 874
 12 54 55.3950 -04 37 39.076   17   15 2453464.53890567 14.8 C  BC 874
 12 54 55.3113 -04 37 38.524   17   15 2453464.54138044 14.8 C  BC 874
 12 54 55.2711 -04 37 38.289   17   15 2453464.54261852 15.0 C  BC 874
 12 54 55.2278 -04 37 38.010   17   15 2453464.54385544 14.8 C  BC 874
 12 54 55.1866 -04 37 37.754   17   15 2453464.54509352 14.8 C  BC 874
 12 54 55.1044 -04 37 37.213   17   15 2453464.54756690 14.6 C  BC 874
 12 54 54.9423 -04 37 36.241   17   15 2453464.55229803 14.7 C  BC 874
 12 54 54.9019 -04 37 35.965   17   15 2453464.55353600 14.8 C  BC 874
 12 54 54.8165 -04 37 35.428   17   15 2453464.55600995 14.8 C  BC 874
 12 54 54.7746 -04 37 35.169   17   15 2453464.55726227 14.8 C  BC 874
 12 54 54.6888 -04 37 34.614   17   15 2453464.55973738 14.9 C  BC 874
 12 54 54.6503 -04 37 34.368   17   15 2453464.56096377 14.8 C  BC 874
 12 53 17.8448 -04 27 06.471   40   18 2453467.46438171 15.2 R  OH 511
 12 53 17.6896 -04 27 05.466   40   18 2453467.46914271 14.5 R  OH 511
 12 53 17.5966 -04 27 04.849   40   18 2453467.47184155 14.8 R  OH 511
 12 53 17.5014 -04 27 04.286   40   18 2453467.47454109 14.4 R  OH 511
 12 53 17.4116 -04 27 03.674   40   18 2453467.47724016 14.7 R  OH 511
 12 49 27.1757 -04 01 21.563   11   18 2453474.39482234 15.0 R  OH 511
 12 49 27.0474 -04 01 20.673   11   18 2453474.39867292 15.0 R  OH 511
 12 49 26.8784 -04 01 19.530   11   18 2453474.40371377 15.0 R  OH 511
 12 49 24.7794 -04 01 05.501   11   18 2453474.46626053 15.0 R  OH 511
 12 49 24.5399 -04 01 03.869   11   18 2453474.47336030 14.6 R  OH 511
 12 49 24.4387 -04 01 03.177   11   18 2453474.47640868 14.8 R  OH 511
 12 48 55.2549 -03 57 42.787   50   11 2453475.36601481 15.0 R  OH 511
 12 48 54.3845 -03 57 36.866   50   11 2453475.39241748 15.4 R  OH 511
 12 48 54.2752 -03 57 36.166   50   11 2453475.39546852 15.0 R  OH 511
 12 48 54.1762 -03 57 35.491   50   11 2453475.39852674 14.9 R  OH 511
 12 48 54.0719 -03 57 34.780   50   11 2453475.40157708 14.9 R  OH 511
 12 48 53.9679 -03 57 34.091   50   11 2453475.40463148 14.9 R  OH 511
 12 48 53.8666 -03 57 33.424   50   11 2453475.40768403 14.9 R  OH 511
 14 33 21.2875 -13 43 48.260   24   18 2453894.45998681 15.3 C  BC 874
 14 33 21.2335 -13 43 48.231   24   18 2453894.46323403 15.1 C  BC 874
 14 33 21.2239 -13 43 48.197   24   18 2453894.46396551 15.2 C  BC 874
 14 33 21.2111 -13 43 48.150   24   18 2453894.46468727 15.3 C  BC 874
 14 33 21.1837 -13 43 48.149   24   18 2453894.46615197 15.3 C  BC 874
 14 33 21.1744 -13 43 48.116   24   18 2453894.46688970 15.2 C  BC 874
 14 33 21.1479 -13 43 48.112   24   18 2453894.46835324 15.3 C  BC 874
 14 33 21.1366 -13 43 48.093   24   18 2453894.46909456 15.2 C  BC 874
 14 33 21.1016 -13 43 48.022   24   18 2453894.47125139 15.3 C  BC 874
 14 33 21.0915 -13 43 48.008   24   18 2453894.47198299 15.2 C  BC 874
 14 33 21.0790 -13 43 47.978   24   18 2453894.47271042 15.4 C  BC 874
 14 33 21.0625 -13 43 48.012   24   18 2453894.47344190 15.3 C  BC 874
 14 33 21.0551 -13 43 47.969   24   18 2453894.47416539 15.4 C  BC 874
 14 33 21.0424 -13 43 47.952   24   18 2453894.47489688 15.3 C  BC 874
 14 33 21.0299 -13 43 47.968   24   18 2453894.47562824 15.3 C  BC 874
 14 33 21.0158 -13 43 47.932   24   18 2453894.47635984 15.3 C  BC 874
 14 33 21.0021 -13 43 47.926   24   18 2453894.47709120 15.3 C  BC 874
 14 29 44.5275 -13 46 53.831   14   12 2453918.45419815 15.4 C  BC 874
 14 29 44.5258 -13 46 53.877   14   12 2453918.45505093 15.4 C  BC 874
 14 29 44.4837 -13 46 54.523   14   12 2453918.47199931 15.5 C  BC 874
 14 29 44.4796 -13 46 54.580   14   12 2453918.47370590 15.5 C  BC 874
 14 29 44.4785 -13 46 54.627   14   12 2453918.47454884 15.5 C  BC 874
 14 29 44.3649 -13 46 56.404   14   12 2453918.52129583 15.4 C  BC 874
 14 29 44.3586 -13 46 56.492   14   12 2453918.52384468 15.5 C  BC 874
 14 29 44.3567 -13 46 56.519   14   12 2453918.52468750 15.6 C  BC 874
 14 29 44.3484 -13 46 56.705   14   12 2453918.52891204 15.6 C  BC 874
 14 29 44.3438 -13 46 56.773   14   12 2453918.53059838 15.7 C  BC 874
 14 29 44.3415 -13 46 56.782   14   12 2453918.53145116 15.5 C  BC 874
 14 29 44.3413 -13 46 56.815   14   12 2453918.53230394 15.5 C  BC 874
 14 29 44.3357 -13 46 56.834   14   12 2453918.53314687 15.4 C  BC 874
 14 29 44.3286 -13 46 57.003   14   12 2453918.53653877 15.6 C  BC 874
 14 29 44.3266 -13 46 56.997   14   12 2453918.53738171 15.5 C  BC 874
 14 29 44.3272 -13 46 57.043   14   12 2453918.53822535 15.6 C  BC 874
 14 29 44.3235 -13 46 57.072   14   12 2453918.53907824 15.6 C  BC 874
 14 29 44.3203 -13 46 57.096   14   12 2453918.53992106 15.6 C  BC 874
 14 29 44.3176 -13 46 57.182   14   12 2453918.54161725 15.5 C  BC 874
 14 29 44.3153 -13 46 57.214   14   12 2453918.54247083 15.6 C  BC 874
 14 29 44.3144 -13 46 57.220   14   12 2453918.54332373 15.6 C  BC 874
 14 29 44.3114 -13 46 57.257   14   12 2453918.54416667 15.6 C  BC 874
 14 29 44.3092 -13 46 57.299   14   12 2453918.54500949 15.7 C  BC 874
 14 29 44.3085 -13 46 57.353   14   12 2453918.54585255 15.6 C  BC 874
 14 29 44.3026 -13 46 57.444   14   12 2453918.54840498 15.5 C  BC 874
 14 29 44.2988 -13 46 57.459   14   12 2453918.54959525 15.4 C  BC 874
 14 29 44.2971 -13 46 57.514   14   12 2453918.55078542 15.4 C  BC 874
 14 29 44.2956 -13 46 57.570   14   12 2453918.55197546 15.5 C  BC 874
 14 29 44.2920 -13 46 57.602   14   12 2453918.55317558 15.5 C  BC 874
 14 29 44.2889 -13 46 57.636   14   12 2453918.55437558 15.5 C  BC 874
 14 29 44.2861 -13 46 57.680   14   12 2453918.55556505 15.6 C  BC 874
 14 29 44.2842 -13 46 57.754   14   12 2453918.55675521 15.5 C  BC 874
 14 29 44.2814 -13 46 57.797   14   12 2453918.55795556 15.5 C  BC 874
 14 29 44.2789 -13 46 57.839   14   12 2453918.55914560 15.5 C  BC 874
 14 45 32.4473 -15 23 29.597   35   34 2453978.49562431 15.9 C  BC 874
 14 45 32.4697 -15 23 29.671   35   34 2453978.49646748 16.0 C  BC 874
 14 45 32.4978 -15 23 29.771   35   34 2453978.49731065 15.9 C  BC 874
 14 45 32.5282 -15 23 29.905   35   34 2453978.49815370 15.9 C  BC 874
 14 45 32.5518 -15 23 30.053   35   34 2453978.49900660 16.0 C  BC 874
 14 45 32.5767 -15 23 30.101   35   34 2453978.49985937 15.9 C  BC 874
 14 45 32.6029 -15 23 30.218   35   34 2453978.50066933 16.0 C  BC 874
 14 45 32.6337 -15 23 30.309   35   34 2453978.50151227 16.0 C  BC 874
 14 45 32.6537 -15 23 30.401   35   34 2453978.50235544 16.0 C  BC 874
 14 45 32.6813 -15 23 30.535   35   34 2453978.50320822 16.0 C  BC 874
 14 45 32.7096 -15 23 30.728   35   34 2453978.50406111 16.0 C  BC 874
 14 45 32.7310 -15 23 30.809   35   34 2453978.50490405 15.9 C  BC 874
 14 45 32.7640 -15 23 30.843   35   34 2453978.50574722 16.2 C  BC 874
 14 46 03.0525 -15 25 39.522    7   22 2453979.46969850 16.0 C  BC 874
 14 46 03.1326 -15 25 39.838    7   22 2453979.47223819 16.0 C  BC 874
 14 46 03.1589 -15 25 39.985    7   22 2453979.47309097 16.0 C  BC 874
 14 46 03.1864 -15 25 40.089    7   22 2453979.47393391 16.1 C  BC 874
 14 46 03.2398 -15 25 40.293    7   22 2453979.47561979 15.9 C  BC 874
 14 46 03.2656 -15 25 40.394    7   22 2453979.47647269 16.0 C  BC 874
 14 46 03.2924 -15 25 40.480    7   22 2453979.47731563 15.9 C  BC 874
 14 46 03.3184 -15 25 40.642    7   22 2453979.47815868 16.0 C  BC 874
 14 46 03.3453 -15 25 40.780    7   22 2453979.47900162 16.1 C  BC 874
 14 46 03.3711 -15 25 40.867    7   22 2453979.47984456 16.0 C  BC 874
 16 59 11.2816 -22 00 43.970   17   12 2454147.77243970 15.8 C  BC 874
 16 59 11.3154 -22 00 44.059   17   12 2454147.77335312 15.9 C  BC 874
 16 59 11.3804 -22 00 44.232   17   12 2454147.77517465 15.9 C  BC 874
 16 59 11.4498 -22 00 44.373   17   12 2454147.77697650 16.0 C  BC 874
 16 59 11.4825 -22 00 44.448   17   12 2454147.77788762 15.8 C  BC 874
 16 59 11.5177 -22 00 44.545   17   12 2454147.77879884 15.9 C  BC 874
 16 59 11.5852 -22 00 44.675   17   12 2454147.78060069 15.9 C  BC 874
 16 59 11.6151 -22 00 44.773   17   12 2454147.78150231 15.9 C  BC 874
 16 59 11.6508 -22 00 44.855   17   12 2454147.78241319 16.0 C  BC 874
 16 59 11.6845 -22 00 44.932   17   12 2454147.78332384 15.8 C  BC 874
 16 59 11.7181 -22 00 44.978   17   12 2454147.78422477 16.0 C  BC 874
 16 59 11.7818 -22 00 45.143   17   12 2454147.78602662 15.9 C  BC 874
 16 59 11.8188 -22 00 45.232   17   12 2454147.78693750 16.0 C  BC 874
 17 17 11.0344 -22 47 19.415   31   25 2454205.63885463 16.1 U  BC 874
 17 17 11.0270 -22 47 19.381   31   25 2454205.63959167 16.1 U  BC 874
 17 17 11.0258 -22 47 19.366   31   25 2454205.64031875 16.1 U  BC 874
 17 17 11.0192 -22 47 19.417   31   25 2454205.64104583 16.1 U  BC 874
 17 17 11.0177 -22 47 19.397   31   25 2454205.64177303 16.1 U  BC 874
 17 16 55.6495 -22 47 31.850   20   13 2454208.63043472 15.9 U  Z  874
 17 16 55.6415 -22 47 31.868   20   13 2454208.63117049 15.9 U  Z  874
 17 16 55.6366 -22 47 31.862   20   13 2454208.63190463 15.9 U  Z  874
 17 16 55.6347 -22 47 31.866   20   13 2454208.63263900 15.9 U  Z  874
 17 16 55.6289 -22 47 31.853   20   13 2454208.63337373 15.9 U  Z  874
 17 16 55.6247 -22 47 31.893   20   13 2454208.63410822 15.9 U  Z  874
 17 16 55.6157 -22 47 31.897   20   13 2454208.63484282 16.0 U  Z  874
 17 16 55.6149 -22 47 31.883   20   13 2454208.63528356 15.9 U  Z  874
 17 16 55.6090 -22 47 31.896   20   13 2454208.63601806 15.9 U  Z  874
 17 16 55.6047 -22 47 31.907   20   13 2454208.63676250 15.9 U  Z  874
 16 31 19.1984 -20 57 46.963   13   14 2454334.56437106 15.6 C  BC 874
 16 31 19.2268 -20 57 47.067   13   14 2454334.56692245 15.7 C  BC 874
 16 31 19.2367 -20 57 47.116   13   14 2454334.56777257 15.7 C  BC 874
 16 31 19.2451 -20 57 47.178   13   14 2454334.56862303 15.7 C  BC 874
 16 31 19.2577 -20 57 47.203   13   14 2454334.56947350 15.7 C  BC 874
 16 31 19.2656 -20 57 47.264   13   14 2454334.57032407 15.7 C  BC 874
 16 31 19.2856 -20 57 47.329   13   14 2454334.57202593 15.7 C  BC 874
 16 31 19.2934 -20 57 47.343   13   14 2454334.57287650 15.7 C  BC 874
 16 31 19.3037 -20 57 47.423   13   14 2454334.57372708 15.7 C  BC 874
 16 31 19.3142 -20 57 47.435   13   14 2454334.57457697 15.8 C  BC 874
 16 31 19.3248 -20 57 47.490   13   14 2454334.57542731 15.8 C  BC 874
 16 31 30.7950 -20 58 35.764   40   28 2454335.52081412 15.6 C  BC 874
 16 31 30.8040 -20 58 35.804   40   28 2454335.52155856 15.6 C  BC 874
 16 31 30.8119 -20 58 35.884   40   28 2454335.52229317 15.6 C  BC 874
 16 31 30.8242 -20 58 35.898   40   28 2454335.52302581 15.5 C  BC 874
 16 31 30.8437 -20 58 36.016   40   28 2454335.52448542 15.5 C  BC 874
 16 31 30.8545 -20 58 36.029   40   28 2454335.52521991 15.6 C  BC 874
 16 31 30.8878 -20 58 36.192   40   28 2454335.52814815 15.6 C  BC 874
 16 31 43.8063 -20 59 29.398   21   16 2454336.52740880 15.7 C  BC 874
 16 31 43.8282 -20 59 29.507   21   16 2454336.52910660 15.7 C  BC 874
 16 31 43.8403 -20 59 29.541   21   16 2454336.52995370 15.7 C  BC 874
 16 31 43.8478 -20 59 29.586   21   16 2454336.53080069 15.7 C  BC 874
 16 31 43.8623 -20 59 29.649   21   16 2454336.53164803 15.7 C  BC 874
 16 31 43.8703 -20 59 29.653   21   16 2454336.53250498 15.7 C  BC 874
 16 31 43.8789 -20 59 29.692   21   16 2454336.53335220 15.6 C  BC 874
 16 31 43.8930 -20 59 29.738   21   16 2454336.53419919 15.6 C  BC 874
 16 31 43.9021 -20 59 29.794   21   16 2454336.53504630 15.7 C  BC 874
 16 31 43.9258 -20 59 29.889   21   16 2454336.53674444 15.6 C  BC 874
 16 31 43.9348 -20 59 29.949   21   16 2454336.53759155 15.7 C  BC 874
 16 31 43.9477 -20 59 29.982   21   16 2454336.53843900 15.7 C  BC 874
 16 31 43.9577 -20 59 30.004   21   16 2454336.53928600 15.7 C  BC 874
 16 31 43.9918 -20 59 30.119   21   16 2454336.54181736 15.7 C  BC 874
 16 31 44.0015 -20 59 30.205   21   16 2454336.54266458 15.7 C  BC 874
 16 31 56.9127 -21 00 22.466    7   10 2454337.47952384 15.7 C  BC 874
 16 31 56.9477 -21 00 22.599    7   10 2454337.48205556 15.6 C  BC 874
 16 31 56.9701 -21 00 22.699    7   10 2454337.48375058 15.6 C  BC 874
 16 31 56.9814 -21 00 22.736    7   10 2454337.48460775 15.6 C  BC 874
 16 31 56.9931 -21 00 22.771    7   10 2454337.48544780 15.7 C  BC 874
 16 31 57.0050 -21 00 22.838    7   10 2454337.48629514 15.7 C  BC 874
 16 31 57.0165 -21 00 22.871    7   10 2454337.48714248 15.6 C  BC 874
 16 31 57.0270 -21 00 22.939    7   10 2454337.48798970 15.7 C  BC 874
 16 31 57.0380 -21 00 22.971    7   10 2454337.48883727 15.6 C  BC 874
 16 31 57.0499 -21 00 23.021    7   10 2454337.48968634 15.6 C  BC 874
 16 31 57.0610 -21 00 23.046    7   10 2454337.49052292 15.7 C  BC 874
 16 31 57.0729 -21 00 23.094    7   10 2454337.49137037 15.6 C  BC 874
 16 31 57.0848 -21 00 23.158    7   10 2454337.49221794 15.6 C  BC 874
 16 31 57.0956 -21 00 23.190    7   10 2454337.49306123 15.6 C  BC 874
 16 31 57.1079 -21 00 23.237    7   10 2454337.49390857 15.7 C  BC 874
 16 31 57.1198 -21 00 23.308    7   10 2454337.49474745 15.7 C  BC 874
 16 31 57.7225 -21 00 25.730   22   10 2454337.53887500 15.7 C  Z  874
 16 31 57.7357 -21 00 25.765   22   10 2454337.53966042 15.5 C  Z  874
 16 31 57.7470 -21 00 25.810   22   10 2454337.54045579 15.7 C  Z  874
 16 31 57.7578 -21 00 25.868   22   10 2454337.54125116 15.7 C  Z  874
 16 31 57.7802 -21 00 25.960   22   10 2454337.54282199 15.7 C  Z  874
 16 31 57.7928 -21 00 25.982   22   10 2454337.54360752 15.7 C  Z  874
 16 31 57.8039 -21 00 26.019   22   10 2454337.54440289 15.7 C  Z  874
 16 31 57.8112 -21 00 26.072   22   10 2454337.54519815 15.8 C  Z  874
 16 31 57.8231 -21 00 26.141   22   10 2454337.54598357 15.8 C  Z  874
 16 31 57.8326 -21 00 26.165   22   10 2454337.54676898 15.7 C  Z  874
 16 31 57.8443 -21 00 26.218   22   10 2454337.54755417 15.5 C  Z  874
 16 31 57.8552 -21 00 26.247   22   10 2454337.54834954 15.7 C  Z  874
 16 31 57.8662 -21 00 26.288   22   10 2454337.54914479 15.7 C  Z  874
 16 31 57.8795 -21 00 26.337   22   10 2454337.54992998 15.8 C  Z  874
 16 31 57.8880 -21 00 26.364   22   10 2454337.55071551 15.7 C  Z  874
 16 31 57.8984 -21 00 26.434   22   10 2454337.55150116 15.7 C  Z  874
 16 31 57.9077 -21 00 26.462   22   10 2454337.55229641 15.8 C  Z  874
 16 31 57.9222 -21 00 26.503   22   10 2454337.55309178 15.7 C  Z  874
 16 31 57.9295 -21 00 26.548   22   10 2454337.55387720 15.7 C  Z  874
 16 37 23.9333 -21 19 53.077   74    5 2454353.48345198 14.9 RE E  809
 16 37 23.9614 -21 19 53.174   74    5 2454353.48452182 14.9 RE E  809
 16 37 23.9894 -21 19 53.270   74    5 2454353.48559421 14.9 RE E  809
 16 37 24.0183 -21 19 53.363   74    5 2454353.48674128 14.9 RE E  809
 16 37 24.0481 -21 19 53.458   74    5 2454353.48786369 14.9 RE E  809
 16 37 24.0769 -21 19 53.546   74    5 2454353.48897243 14.9 RE E  809
 16 37 24.1056 -21 19 53.647   74    5 2454353.49009472 15.0 RE E  809
 16 37 24.1353 -21 19 53.749   74    5 2454353.49120636 14.9 RE E  809
 16 37 24.1631 -21 19 53.849   74    5 2454353.49233618 14.9 RE E  809
 16 37 24.2272 -21 19 54.084   74    5 2454353.49524328 15.3 RE E  809
 16 37 24.2567 -21 19 54.184   74    5 2454353.49635607 15.3 RE E  809
 16 37 24.2863 -21 19 54.275   74    5 2454353.49747003 15.3 RE E  809
 16 37 24.3159 -21 19 54.374   74    5 2454353.49859452 15.3 RE E  809
 16 37 24.3441 -21 19 54.475   74    5 2454353.49971449 15.3 RE E  809
 16 37 24.3742 -21 19 54.570   74    5 2454353.50085797 15.3 RE E  809
 16 37 24.4033 -21 19 54.663   74    5 2454353.50198651 15.3 RE E  809
 16 37 24.4334 -21 19 54.772   74    5 2454353.50311992 15.2 RE E  809
 16 38 45.8180 -21 24 19.647   42   36 2454356.46089236 14.5 C  BC 874
 16 38 45.9631 -21 24 20.062   42   36 2454356.46589572 14.5 C  BC 874
 16 38 46.0814 -21 24 20.409   42   36 2454356.47014931 14.5 C  BC 874
 16 38 46.1248 -21 24 20.592   42   36 2454356.47173380 14.6 C  BC 874
 16 38 46.2204 -21 24 20.882   42   36 2454356.47505787 14.6 C  BC 874
 16 38 46.2813 -21 24 21.149   42   36 2454356.47737500 14.6 C  BC 874
 16 38 46.3146 -21 24 21.167   42   36 2454356.47857211 14.6 C  BC 874
 16 38 46.4236 -21 24 21.464   42   36 2454356.48215532 14.6 C  BC 874
 16 38 46.4510 -21 24 21.610   42   36 2454356.48336250 14.6 C  BC 874
 16 38 46.4928 -21 24 21.796   42   36 2454356.48455949 14.6 C  BC 874
 16 38 46.5230 -21 24 21.895   42   36 2454356.48575799 14.5 C  BC 874
 16 38 46.5551 -21 24 21.944   42   36 2454356.48695498 14.6 C  BC 874
 16 38 46.5883 -21 24 22.088   42   36 2454356.48815324 14.6 C  BC 874
 16 38 46.6236 -21 24 22.185   42   36 2454356.48935035 14.5 C  BC 874
 16 38 46.6570 -21 24 22.294   42   36 2454356.49054826 14.6 C  BC 874
 16 38 46.6948 -21 24 22.362   42   36 2454356.49174525 14.6 C  BC 874
 16 38 46.7237 -21 24 22.530   42   36 2454356.49293310 14.5 C  BC 874
 19 30 42.5019 -21 21 13.724    8   13 2454574.72409282 15.7 R  BC 874
 19 30 42.5192 -21 21 13.656    8   13 2454574.72551458 15.7 R  BC 874
 19 30 42.5508 -21 21 13.593    8   13 2454574.72835810 15.7 R  BC 874
 19 30 42.5655 -21 21 13.568    8   13 2454574.72977986 15.7 R  BC 874
 19 30 42.5982 -21 21 13.508    8   13 2454574.73263322 15.7 R  BC 874
 19 30 42.6293 -21 21 13.455    8   13 2454574.73547708 15.6 R  BC 874
 19 30 42.6448 -21 21 13.406    8   13 2454574.73689884 15.6 R  BC 874
 19 30 43.0921 -21 21 12.452   25   16 2454574.77724884 15.8 R  Z  874
 19 30 43.1100 -21 21 12.421   25   16 2454574.77869294 15.7 R  Z  874
 19 30 43.1223 -21 21 12.402   25   16 2454574.78013715 15.7 R  Z  874
 19 30 43.1574 -21 21 12.291   25   16 2454574.78303553 15.7 R  Z  874
 19 30 43.1716 -21 21 12.306   25   16 2454574.78447975 15.8 R  Z  874
 19 30 43.1894 -21 21 12.234   25   16 2454574.78592315 15.8 R  Z  874
 19 30 43.2020 -21 21 12.204   25   16 2454574.78736713 15.9 R  Z  874
 19 30 43.2195 -21 21 12.175   25   16 2454574.78881134 15.8 R  Z  874
 19 30 43.2374 -21 21 12.118   25   16 2454574.79025243 15.8 R  Z  874
 19 30 43.2716 -21 21 12.053   25   16 2454574.79337882 15.0 R  Z  874
 19 30 43.2978 -21 21 12.006   25   16 2454574.79626713 15.7 R  Z  874
 19 31 40.8823 -21 25 02.027   56   56 2454601.64209491 15.5 R  Z  874
 19 31 40.8408 -21 25 02.227   56   56 2454601.64714120 15.5 R  Z  874
 19 31 40.8199 -21 25 02.354   56   56 2454601.65083333 15.7 R  Z  874
 19 31 40.8038 -21 25 02.587   56   56 2454601.65335648 15.5 R  Z  874
 19 31 40.7613 -21 25 02.652   56   56 2454601.65774306 15.6 R  Z  874
 19 31 40.7648 -21 25 02.614   56   56 2454601.65831019 15.6 R  Z  874
 19 31 40.7496 -21 25 02.858   56   56 2454601.66054398 15.4 R  Z  874
 19 31 40.7430 -21 25 02.920   56   56 2454601.66109954 15.5 R  Z  874
 19 31 40.7338 -21 25 02.904   56   56 2454601.66165509 15.6 R  Z  874
 19 31 40.7262 -21 25 02.870   56   56 2454601.66277778 15.6 R  Z  874
 19 31 40.7158 -21 25 02.980   56   56 2454601.66390046 15.7 R  Z  874
 19 31 40.7184 -21 25 02.975   56   56 2454601.66445602 14.1 R  Z  874
 19 31 40.7110 -21 25 03.050   56   56 2454601.66501157 15.4 R  Z  874
 19 31 40.6945 -21 25 03.070   56   56 2454601.66613426 15.5 R  Z  874
 19 31 40.6840 -21 25 03.049   56   56 2454601.66781250 15.5 R  Z  874
 19 31 40.6824 -21 25 03.185   56   56 2454601.66836806 15.6 R  Z  874
 19 30 07.5168 -21 33 00.418   18   23 2454610.74403218 15.4 I  BC 874
 19 30 07.4784 -21 33 00.609   18   23 2454610.74697361 15.3 I  BC 874
 19 30 07.4596 -21 33 00.713   18   23 2454610.74817095 15.3 I  BC 874
 19 30 07.4444 -21 33 00.754   18   23 2454610.74936840 15.4 I  BC 874
 19 30 07.4278 -21 33 00.842   18   23 2454610.75056597 15.3 I  BC 874
 19 30 07.3780 -21 33 01.109   18   23 2454610.75416840 15.5 I  BC 874
 19 30 07.3578 -21 33 01.161   18   23 2454610.75536609 15.4 I  BC 874
 19 30 07.3243 -21 33 01.340   18   23 2454610.75776192 15.4 I  BC 874
 19 30 07.3087 -21 33 01.360   18   23 2454610.75894931 15.5 I  BC 874
 19 30 07.2919 -21 33 01.506   18   23 2454610.76014711 15.4 I  BC 874
 19 30 07.2750 -21 33 01.528   18   23 2454610.76133484 15.3 I  BC 874
 19 30 07.2567 -21 33 01.604   18   23 2454610.76253218 15.4 I  BC 874
 19 30 07.2416 -21 33 01.705   18   23 2454610.76371944 15.4 I  BC 874
 19 30 07.2243 -21 33 01.789   18   23 2454610.76491690 15.4 I  BC 874
 19 30 07.2091 -21 33 01.875   18   23 2454610.76611470 15.4 I  BC 874
 19 30 07.1915 -21 33 01.909   18   23 2454610.76731192 15.3 I  BC 874
 19 30 07.1581 -21 33 02.077   18   23 2454610.76969757 15.3 I  BC 874
 19 30 07.1430 -21 33 02.157   18   23 2454610.77089514 15.5 I  BC 874
 19 30 07.1241 -21 33 02.216   18   23 2454610.77209236 15.4 I  BC 874
 19 30 07.1101 -21 33 02.315   18   23 2454610.77329005 15.4 I  BC 874
 19 30 07.0922 -21 33 02.384   18   23 2454610.77448785 15.3 I  BC 874
 19 30 07.0739 -21 33 02.406   18   23 2454610.77567558 15.4 I  BC 874
 19 30 07.0562 -21 33 02.531   18   23 2454610.77687292 15.4 I  BC 874
 19 30 07.0048 -21 33 02.728   18   23 2454610.78045544 15.4 I  BC 874
 19 30 06.9733 -21 33 02.889   18   23 2454610.78286019 15.3 I  BC 874
 19 30 06.9556 -21 33 02.927   18   23 2454610.78405787 15.4 I  BC 874
 19 30 06.9386 -21 33 03.029   18   23 2454610.78525521 15.4 I  BC 874
 19 30 06.9221 -21 33 03.088   18   23 2454610.78645301 15.4 I  BC 874
 19 29 39.1365 -21 35 12.810   13   19 2454612.79442951 15.3 I  BC 874
 19 29 39.1150 -21 35 12.902   13   19 2454612.79584954 15.4 I  BC 874
 19 29 39.1032 -21 35 12.955   13   19 2454612.79658438 15.3 I  BC 874
 19 29 39.0919 -21 35 12.967   13   19 2454612.79731875 15.3 I  BC 874
 19 29 39.0808 -21 35 13.041   13   19 2454612.79805093 15.3 I  BC 874
 19 29 39.0679 -21 35 13.100   13   19 2454612.79877627 15.3 I  BC 874
 19 29 39.0570 -21 35 13.128   13   19 2454612.79951065 15.2 I  BC 874
 19 29 39.0460 -21 35 13.209   13   19 2454612.80023565 15.3 I  BC 874
 19 29 39.0363 -21 35 13.231   13   19 2454612.80097002 15.3 I  BC 874
 19 29 39.0249 -21 35 13.267   13   19 2454612.80170706 15.3 I  BC 874
 19 29 39.0124 -21 35 13.337   13   19 2454612.80244190 15.3 I  BC 874
 19 29 39.0016 -21 35 13.394   13   19 2454612.80317731 15.3 I  BC 874
 19 29 38.9913 -21 35 13.443   13   19 2454612.80390278 15.3 I  BC 874
 19 29 38.9800 -21 35 13.508   13   19 2454612.80463900 15.3 I  BC 874
 19 29 38.9692 -21 35 13.505   13   19 2454612.80537361 15.3 I  BC 874
 19 29 38.9564 -21 35 13.557   13   19 2454612.80611088 15.3 I  BC 874
 19 29 38.9454 -21 35 13.611   13   19 2454612.80684549 15.3 I  BC 874
 19 29 38.9349 -21 35 13.698   13   19 2454612.80758021 15.3 I  BC 874
 19 29 38.9220 -21 35 13.752   13   19 2454612.80831632 15.3 I  BC 874
 19 29 38.9110 -21 35 13.729   13   19 2454612.80905174 15.2 I  BC 874
 19 29 38.9026 -21 35 13.776   13   19 2454612.80978576 15.3 I  BC 874
 19 29 38.8887 -21 35 13.881   13   19 2454612.81052025 15.3 I  BC 874
 19 29 38.8794 -21 35 13.902   13   19 2454612.81125463 15.3 I  BC 874
 19 29 38.8663 -21 35 13.958   13   19 2454612.81199028 15.3 I  BC 874
 19 29 38.8559 -21 35 14.011   13   19 2454612.81272512 15.3 I  BC 874
 19 29 38.8464 -21 35 14.045   13   19 2454612.81346019 15.2 I  BC 874
 19 03 01.9539 -23 13 04.879   14    8 2454678.44292072 15.2 I  PE 874
 19 03 01.9337 -23 13 04.947   14    8 2454678.44385602 15.2 I  PE 874
 19 03 01.9113 -23 13 05.017   14    8 2454678.44478993 15.3 I  PE 874
 19 03 01.8913 -23 13 05.085   14    8 2454678.44571539 15.3 I  PE 874
 19 03 01.8713 -23 13 05.135   14    8 2454678.44664051 15.3 I  PE 874
 19 03 01.8516 -23 13 05.221   14    8 2454678.44756551 15.3 I  PE 874
 19 03 01.8284 -23 13 05.283   14    8 2454678.44849051 15.3 I  PE 874
 19 03 01.7889 -23 13 05.421   14    8 2454678.45034838 15.3 I  PE 874
 19 03 01.7469 -23 13 05.562   14    8 2454678.45219803 15.2 I  PE 874
 19 03 01.7256 -23 13 05.618   14    8 2454678.45312384 15.2 I  PE 874
 19 03 01.4269 -23 13 06.578   14    8 2454678.46669063 15.2 I  PE 874
 19 03 01.4010 -23 13 06.661   14    8 2454678.46772778 15.1 I  PE 874
 19 03 01.3342 -23 13 06.878   14    8 2454678.47085752 15.2 I  PE 874
 19 03 01.3094 -23 13 06.954   14    8 2454678.47189664 15.0 I  PE 874
 19 03 01.2650 -23 13 07.111   14    8 2454678.47398241 15.4 I  PE 874
 19 03 01.1236 -23 13 07.555   14    8 2454678.48022014 15.2 I  PE 874
 19 03 01.1004 -23 13 07.607   14    8 2454678.48126100 15.1 I  PE 874
 19 03 01.0788 -23 13 07.689   14    8 2454678.48230058 15.2 I  PE 874
 19 03 01.0562 -23 13 07.772   14    8 2454678.48334063 15.2 I  PE 874
 19 03 00.9867 -23 13 07.991   14    8 2454678.48646146 15.2 I  PE 874
 19 03 00.9638 -23 13 08.076   14    8 2454678.48750197 15.3 I  PE 874
 19 03 00.9404 -23 13 08.129   14    8 2454678.48853194 15.3 I  PE 874
 19 03 00.9163 -23 13 08.204   14    8 2454678.48958414 15.1 I  PE 874
 19 03 00.8697 -23 13 08.364   14    8 2454678.49167801 15.3 I  PE 874
 19 03 00.8456 -23 13 08.444   14    8 2454678.49271782 15.3 I  PE 874
 19 03 00.8009 -23 13 08.579   14    8 2454678.49479954 15.2 I  PE 874
 19 03 00.7533 -23 13 08.718   14    8 2454678.49687963 15.2 I  PE 874
 19 03 00.7302 -23 13 08.786   14    8 2454678.49792940 15.1 I  PE 874
 19 03 00.7079 -23 13 08.884   14    8 2454678.49896898 15.2 I  PE 874
 19 03 00.6853 -23 13 08.946   14    8 2454678.50000903 15.2 I  PE 874
 19 03 00.6370 -23 13 09.084   14    8 2454678.50208819 15.2 I  PE 874
 19 03 00.6147 -23 13 09.162   14    8 2454678.50313796 15.2 I  PE 874
 18 59 21.2915 -23 24 39.580    5   16 2454690.46375671 15.4 I  BC 874
 18 59 21.2359 -23 24 39.741    5   16 2454690.46731736 15.4 I  BC 874
 18 59 21.2108 -23 24 39.836    5   16 2454690.46892766 15.4 I  BC 874
 18 59 21.1928 -23 24 39.888    5   16 2454690.47011794 15.4 I  BC 874
 18 59 21.1543 -23 24 39.971    5   16 2454690.47250891 15.4 I  BC 874
 18 59 21.1363 -23 24 40.046    5   16 2454690.47370914 15.4 I  BC 874
 18 59 20.2343 -23 24 42.771    5   16 2454690.53115417 15.5 I  BC 874
 18 59 20.2152 -23 24 42.793    5   16 2454690.53235440 15.4 I  BC 874
 18 59 20.1782 -23 24 42.933    5   16 2454690.53473484 15.4 I  BC 874
 18 56 56.5665 -23 32 09.071   21   38 2454704.34217789 15.3 R  OH 511
 18 56 56.5397 -23 32 09.099   21   38 2454704.34594919 15.2 R  OH 511
 18 56 56.5245 -23 32 09.111   21   38 2454704.34872488 15.3 R  OH 511
 18 58 11.1371 -23 28 33.015   12   18 2454729.47887488 16.1 I  BC 874
 18 58 11.1468 -23 28 32.995   12   18 2454729.47983079 16.1 I  BC 874
 18 58 11.1584 -23 28 32.945   12   18 2454729.48080127 16.1 I  BC 874
 18 58 11.1935 -23 28 32.851   12   18 2454729.48405139 16.0 I  BC 874
 18 58 11.2050 -23 28 32.789   12   18 2454729.48524676 16.0 I  BC 874
 18 58 11.2191 -23 28 32.725   12   18 2454729.48644699 16.0 I  BC 874
 18 58 11.2330 -23 28 32.672   12   18 2454729.48764502 15.9 I  BC 874
 18 58 11.2443 -23 28 32.643   12   18 2454729.48884248 16.0 I  BC 874
 18 58 11.3159 -23 28 32.427   12   18 2454729.49541725 15.9 I  BC 874
 18 58 11.3281 -23 28 32.373   12   18 2454729.49661574 16.0 I  BC 874
 18 58 11.3467 -23 28 32.293   12   18 2454729.49831227 15.9 I  BC 874
 18 58 11.3602 -23 28 32.274   12   18 2454729.49950961 16.0 I  BC 874
 18 58 11.3751 -23 28 32.240   12   18 2454729.50071539 15.9 I  BC 874
 18 58 11.3863 -23 28 32.172   12   18 2454729.50190255 15.9 I  BC 874
 18 58 11.3988 -23 28 32.107   12   18 2454729.50310012 15.9 I  BC 874
 18 58 11.4137 -23 28 32.067   12   18 2454729.50430752 15.9 I  BC 874
 18 58 11.4268 -23 28 32.066   12   18 2454729.50550509 16.0 I  BC 874
 18 58 11.4371 -23 28 31.977   12   18 2454729.50669502 15.9 I  BC 874
 18 58 11.4523 -23 28 31.953   12   18 2454729.50789259 15.9 I  BC 874
 18 58 11.4655 -23 28 31.905   12   18 2454729.50909537 15.9 I  BC 874
 18 58 11.5485 -23 28 31.619   12   18 2454729.51679884 15.8 I  BC 874
 18 58 11.5673 -23 28 31.569   12   18 2454729.51857465 15.8 I  BC 874
 18 58 11.6050 -23 28 31.455   12   18 2454729.52212685 15.8 I  BC 874
 18 58 11.6259 -23 28 31.385   12   18 2454729.52389259 15.8 I  BC 874
 18 58 11.6832 -23 28 31.193   12   18 2454729.52922338 15.8 I  BC 874
 18 58 11.7034 -23 28 31.091   12   18 2454729.53100197 15.8 I  BC 874
 18 58 11.7226 -23 28 31.053   12   18 2454729.53277824 15.9 I  BC 874
 18 58 12.2430 -23 28 29.298   12   18 2454729.57979363 15.8 I  BC 874
 18 58 12.2842 -23 28 29.157   12   18 2454729.58334537 15.8 I  BC 874
 18 58 12.3031 -23 28 29.090   12   18 2454729.58512245 15.8 I  BC 874
 18 58 12.3245 -23 28 29.005   12   18 2454729.58689815 15.7 I  BC 874
 21 55 35.9387 -13 50 43.087   12   13 2454974.93116082 15.3 RE E  809
 21 55 35.9625 -13 50 42.991   12   13 2454974.93231812 15.4 RE E  809
 21 55 35.9864 -13 50 42.850   12   13 2454974.93348190 15.3 RE E  809
 21 55 36.0253 -13 50 42.665   12   13 2454974.93523892 16.0 RE E  809
 21 55 36.0492 -13 50 42.549   12   13 2454974.93637214 16.0 RE E  809
 21 55 36.0725 -13 50 42.425   12   13 2454974.93755282 16.0 RE E  809
 22 00 39.7340 -13 18 27.703   14    6 2455003.82432940 15.7 I  PE 874
 22 00 39.7292 -13 18 27.689   14    6 2455003.82612419 15.7 I  PE 874
 22 00 39.7236 -13 18 27.658   14    6 2455003.82797928 15.7 I  PE 874
 22 00 39.7209 -13 18 27.618   14    6 2455003.82982755 15.7 I  PE 874
 22 00 39.7156 -13 18 27.581   14    6 2455003.83161921 15.7 I  PE 874
 22 00 39.7108 -13 18 27.545   14    6 2455003.83348113 15.7 I  PE 874
 22 00 39.7068 -13 18 27.511   14    6 2455003.83527384 15.7 I  PE 874
 22 00 39.7019 -13 18 27.478   14    6 2455003.83711458 15.7 I  PE 874
 22 00 39.6931 -13 18 27.408   14    6 2455003.84070116 15.7 I  PE 874
 22 00 39.6887 -13 18 27.384   14    6 2455003.84250359 15.7 I  PE 874
 22 00 39.6840 -13 18 27.348   14    6 2455003.84429687 15.6 I  PE 874
 22 00 39.6765 -13 18 27.290   14    6 2455003.84721678 15.6 I  PE 874
 22 00 39.6710 -13 18 27.268   14    6 2455003.84906875 15.6 I  PE 874
 22 00 39.6651 -13 18 27.242   14    6 2455003.85087581 15.5 I  PE 874
 22 00 39.6611 -13 18 27.183   14    6 2455003.85353322 15.6 I  PE 874
 22 00 39.6543 -13 18 27.148   14    6 2455003.85534306 15.5 I  PE 874
 22 00 39.6497 -13 18 27.124   14    6 2455003.85714120 15.5 I  PE 874
 22 00 37.4656 -13 18 11.819    3    8 2455004.84839062 15.4 I  PE 874
 22 00 37.4634 -13 18 11.820    3    8 2455004.84901539 15.5 I  PE 874
 22 00 37.4613 -13 18 11.803    3    8 2455004.84965324 15.5 I  PE 874
 22 00 37.4566 -13 18 11.792    3    8 2455004.85092650 15.4 I  PE 874
 22 00 37.4543 -13 18 11.778    3    8 2455004.85156331 15.5 I  PE 874
 22 00 37.4527 -13 18 11.789    3    8 2455004.85219896 15.5 I  PE 874
 22 00 37.4504 -13 18 11.775    3    8 2455004.85283565 15.5 I  PE 874
 22 00 37.4421 -13 18 11.724    3    8 2455004.85538299 15.5 I  PE 874
 22 00 37.4348 -13 18 11.697    3    8 2455004.85737697 15.5 I  PE 874
 22 00 37.4324 -13 18 11.687    3    8 2455004.85808171 15.4 I  PE 874
 22 00 37.4262 -13 18 11.662    3    8 2455004.86003924 15.5 I  PE 874
 22 00 37.4235 -13 18 11.650    3    8 2455004.86068600 15.5 I  PE 874
 22 00 37.4214 -13 18 11.641    3    8 2455004.86131898 15.5 I  PE 874
 22 00 37.4137 -13 18 11.617    3    8 2455004.86367593 15.4 I  PE 874
 22 00 37.4114 -13 18 11.598    3    8 2455004.86431250 15.3 I  PE 874
 22 00 37.4091 -13 18 11.587    3    8 2455004.86494965 15.4 I  PE 874
 22 00 37.4072 -13 18 11.594    3    8 2455004.86558727 15.4 I  PE 874
 22 00 37.4003 -13 18 11.562    3    8 2455004.86750359 15.3 I  PE 874
 22 00 37.3986 -13 18 11.534    3    8 2455004.86815012 15.4 I  PE 874
 22 00 37.3967 -13 18 11.538    3    8 2455004.86878646 15.5 I  PE 874
 22 00 37.3942 -13 18 11.525    3    8 2455004.86948507 15.4 I  PE 874
 22 00 37.3823 -13 18 11.466    3    8 2455004.87289259 15.4 I  PE 874
 22 00 37.3763 -13 18 11.460    3    8 2455004.87474352 15.4 I  PE 874
 22 00 34.3899 -13 18 00.499    6    4 2455005.83898796 15.5 C  PE 874
 22 00 34.3873 -13 18 00.486    6    4 2455005.83967211 15.5 C  PE 874
 22 00 34.3846 -13 18 00.482    6    4 2455005.84030660 15.5 C  PE 874
 22 00 34.3790 -13 18 00.475    6    4 2455005.84165023 15.5 C  PE 874
 22 00 34.3699 -13 18 00.447    6    4 2455005.84362269 15.5 C  PE 874
 22 00 34.3614 -13 18 00.422    6    4 2455005.84568183 15.5 C  PE 874
 22 00 34.3579 -13 18 00.416    6    4 2455005.84638102 15.5 C  PE 874
 22 00 34.3514 -13 18 00.411    6    4 2455005.84773148 15.5 C  PE 874
 22 00 34.3400 -13 18 00.385    6    4 2455005.85051019 15.5 C  PE 874
 22 00 34.3370 -13 18 00.371    6    4 2455005.85115104 15.5 C  PE 874
 22 00 34.3338 -13 18 00.363    6    4 2455005.85180174 15.5 C  PE 874
 22 00 34.3314 -13 18 00.360    6    4 2455005.85245139 15.5 C  PE 874
 22 00 34.3261 -13 18 00.345    6    4 2455005.85381308 15.5 C  PE 874
 22 00 34.3225 -13 18 00.341    6    4 2455005.85445185 15.5 C  PE 874
 22 00 34.3139 -13 18 00.313    6    4 2455005.85660752 15.5 C  PE 874
 22 00 34.3087 -13 18 00.303    6    4 2455005.85789456 15.4 C  PE 874
 22 00 34.3059 -13 18 00.291    6    4 2455005.85857153 15.4 C  PE 874
 22 00 34.3020 -13 18 00.285    6    4 2455005.85922130 15.4 C  PE 874
 22 00 34.3003 -13 18 00.279    6    4 2455005.85986053 15.4 C  PE 874
 22 00 34.2968 -13 18 00.270    6    4 2455005.86054051 15.4 C  PE 874
 22 00 34.2941 -13 18 00.270    6    4 2455005.86117488 15.4 C  PE 874
 22 00 34.2882 -13 18 00.258    6    4 2455005.86253345 15.4 C  PE 874
 22 00 34.2852 -13 18 00.241    6    4 2455005.86329861 15.4 C  PE 874
 22 00 34.2818 -13 18 00.239    6    4 2455005.86399954 15.4 C  PE 874
 22 00 34.2789 -13 18 00.228    6    4 2455005.86464595 15.4 C  PE 874
 22 00 34.2706 -13 18 00.205    6    4 2455005.86663738 15.4 C  PE 874
 22 00 30.3361 -13 17 52.987    5    5 2455006.84438912 15.5 I  PE 874
 22 00 30.3290 -13 17 52.977    5    5 2455006.84561192 15.5 I  PE 874
 22 00 30.3239 -13 17 52.968    5    5 2455006.84656354 15.5 I  PE 874
 22 00 30.3186 -13 17 52.951    5    5 2455006.84763623 15.5 I  PE 874
 22 00 30.3140 -13 17 52.961    5    5 2455006.84851389 15.5 I  PE 874
 22 00 30.3087 -13 17 52.951    5    5 2455006.84942222 15.5 I  PE 874
 22 00 30.3049 -13 17 52.934    5    5 2455006.85030810 15.5 I  PE 874
 22 00 30.2997 -13 17 52.941    5    5 2455006.85125266 15.5 I  PE 874
 22 00 30.2949 -13 17 52.936    5    5 2455006.85214537 15.5 I  PE 874
 22 00 30.2857 -13 17 52.910    5    5 2455006.85389051 15.7 I  PE 874
 22 00 30.2811 -13 17 52.911    5    5 2455006.85475926 15.5 I  PE 874
 22 00 30.2766 -13 17 52.906    5    5 2455006.85562743 15.7 I  PE 874
 22 00 30.2721 -13 17 52.907    5    5 2455006.85649375 15.5 I  PE 874
 22 00 30.2671 -13 17 52.906    5    5 2455006.85736227 15.5 I  PE 874
 22 00 30.2630 -13 17 52.889    5    5 2455006.85822882 15.6 I  PE 874
 22 00 30.2587 -13 17 52.882    5    5 2455006.85913727 15.5 I  PE 874
 22 00 30.2540 -13 17 52.877    5    5 2455006.86002731 15.5 I  PE 874
 22 00 30.2443 -13 17 52.871    5    5 2455006.86186204 15.6 I  PE 874
 22 00 30.2392 -13 17 52.859    5    5 2455006.86274086 15.7 I  PE 874
 22 00 30.2345 -13 17 52.854    5    5 2455006.86359896 15.7 I  PE 874
 22 00 30.2313 -13 17 52.857    5    5 2455006.86446690 15.6 I  PE 874
 22 00 30.2260 -13 17 52.845    5    5 2455006.86536192 15.6 I  PE 874
 22 00 30.2207 -13 17 52.834    5    5 2455006.86628681 15.7 I  PE 874
 22 00 30.2160 -13 17 52.827    5    5 2455006.86714444 15.7 I  PE 874
 22 00 30.2122 -13 17 52.822    5    5 2455006.86803657 15.6 I  PE 874
 22 00 30.1979 -13 17 52.812    5    5 2455006.87071100 15.7 I  PE 874
 22 00 30.1841 -13 17 52.798    5    5 2455006.87348900 15.5 I  PE 874
 21 54 27.3401 -13 35 50.695   14    7 2455030.75558275 15.2 I  BC 874
 21 54 27.3087 -13 35 50.779   14    7 2455030.75666736 15.2 I  BC 874
 21 54 27.2818 -13 35 50.887   14    7 2455030.75774896 15.3 I  BC 874
 21 54 27.1964 -13 35 51.201   14    7 2455030.76100475 15.1 I  BC 874
 21 54 27.1674 -13 35 51.296   14    7 2455030.76207662 15.2 I  BC 874
 21 54 27.1107 -13 35 51.513   14    7 2455030.76424028 15.2 I  BC 874
 21 54 27.0556 -13 35 51.701   14    7 2455030.76640394 15.2 I  BC 874
 21 54 27.0269 -13 35 51.818   14    7 2455030.76748519 15.2 I  BC 874
 21 54 26.9702 -13 35 52.014   14    7 2455030.76963877 15.1 I  BC 874
 21 54 26.9414 -13 35 52.112   14    7 2455030.77071042 15.2 I  BC 874
 21 54 26.9156 -13 35 52.213   14    7 2455030.77179178 15.2 I  BC 874
 21 54 26.8865 -13 35 52.327   14    7 2455030.77288356 15.2 I  BC 874
 21 54 26.8304 -13 35 52.521   14    7 2455030.77504745 15.1 I  BC 874
 00 09 28.4661 -00 16 46.420   11   20 2455382.82018519 15.6 R  BC 874
 00 09 28.4721 -00 16 46.389   11   20 2455382.82067130 15.6 R  BC 874
 00 09 28.4750 -00 16 46.400   11   20 2455382.82115741 15.7 R  BC 874
 00 09 28.4841 -00 16 46.394   11   20 2455382.82212963 15.7 R  BC 874
 00 09 28.4903 -00 16 46.361   11   20 2455382.82261574 15.6 R  BC 874
 00 09 28.4957 -00 16 46.366   11   20 2455382.82310185 15.6 R  BC 874
 00 09 28.4982 -00 16 46.342   11   20 2455382.82358796 15.5 R  BC 874
 00 09 28.5091 -00 16 46.386   11   20 2455382.82454861 15.7 R  BC 874
 00 09 28.5127 -00 16 46.320   11   20 2455382.82503472 15.7 R  BC 874
 00 09 28.5187 -00 16 46.325   11   20 2455382.82552083 15.7 R  BC 874
 00 09 28.5239 -00 16 46.336   11   20 2455382.82600694 15.7 R  BC 874
 00 09 28.5330 -00 16 46.306   11   20 2455382.82697917 15.6 R  BC 874
 00 09 28.5370 -00 16 46.338   11   20 2455382.82746528 15.8 R  BC 874
 00 09 28.5418 -00 16 46.276   11   20 2455382.82795139 15.6 R  BC 874
 00 09 28.5465 -00 16 46.277   11   20 2455382.82843750 15.5 R  BC 874
 00 09 28.5516 -00 16 46.276   11   20 2455382.82892361 15.7 R  BC 874
 00 09 28.5603 -00 16 46.257   11   20 2455382.82989583 15.4 R  BC 874
 00 09 28.5662 -00 16 46.296   11   20 2455382.83038194 15.5 R  BC 874
 00 09 28.5699 -00 16 46.300   11   20 2455382.83085648 15.7 R  BC 874
 00 09 28.5734 -00 16 46.263   11   20 2455382.83134259 15.6 R  BC 874
 00 09 28.5790 -00 16 46.248   11   20 2455382.83182870 15.6 R  BC 874
 00 09 28.5846 -00 16 46.253   11   20 2455382.83231481 15.9 R  BC 874
 00 09 28.5893 -00 16 46.287   11   20 2455382.83280093 15.6 R  BC 874
 00 09 28.5976 -00 16 46.242   11   20 2455382.83377315 15.8 R  BC 874
 00 09 28.6021 -00 16 46.219   11   20 2455382.83425926 15.8 R  BC 874
 00 09 38.8817 -00 16 37.142   30   23 2455383.84916667 15.4 C  BC 874
 00 09 38.8932 -00 16 37.147   30   23 2455383.85052083 15.4 C  BC 874
 00 09 38.9036 -00 16 37.161   30   23 2455383.85197917 15.4 C  BC 874
 00 09 38.9143 -00 16 37.182   30   23 2455383.85246528 15.5 C  BC 874
 00 09 38.9161 -00 16 37.178   30   23 2455383.85295139 15.5 C  BC 874
 00 09 38.9216 -00 16 37.141   30   23 2455383.85343750 15.5 C  BC 874
 00 09 38.9226 -00 16 37.129   30   23 2455383.85393519 15.3 C  BC 874
 00 09 38.9294 -00 16 37.115   30   23 2455383.85442130 15.3 C  BC 874
 00 09 48.3830 -00 16 32.852   21   16 2455384.84953704 15.4 C  BC 874
 00 09 48.4010 -00 16 32.850   21   16 2455384.85131944 15.5 C  BC 874
 00 09 48.4003 -00 16 32.890   21   16 2455384.85157407 15.5 C  BC 874
 00 09 48.4037 -00 16 32.867   21   16 2455384.85182870 15.4 C  BC 874
 00 09 48.4104 -00 16 32.853   21   16 2455384.85233796 15.4 C  BC 874
 00 09 48.4120 -00 16 32.846   21   16 2455384.85261574 15.4 C  BC 874
 00 09 48.4126 -00 16 32.877   21   16 2455384.85285880 15.5 C  BC 874
 00 09 48.4157 -00 16 32.874   21   16 2455384.85311343 15.4 C  BC 874
 23 44 32.4508 -03 43 59.947   12   12 2455489.62443287 15.0 I  PE 874
 23 44 32.4383 -03 44 00.002   12   12 2455489.62531250 15.0 I  PE 874
 23 44 32.4239 -03 44 00.049   12   12 2455489.62613426 15.0 I  PE 874
 23 44 32.4201 -03 44 00.052   12   12 2455489.62640046 15.0 I  PE 874
 23 44 32.4151 -03 44 00.065   12   12 2455489.62667824 15.0 I  PE 874
 23 44 32.4118 -03 44 00.055   12   12 2455489.62694444 15.0 I  PE 874
 23 44 32.4015 -03 44 00.090   12   12 2455489.62748843 15.0 I  PE 874
 23 44 32.3969 -03 44 00.128   12   12 2455489.62776620 14.9 I  PE 874
 23 44 32.3922 -03 44 00.134   12   12 2455489.62803241 15.0 I  PE 874
 23 44 32.3867 -03 44 00.128   12   12 2455489.62831019 15.0 I  PE 874
 23 44 32.3821 -03 44 00.133   12   12 2455489.62857639 14.9 I  PE 874
 23 44 32.3794 -03 44 00.163   12   12 2455489.62885417 15.0 I  PE 874
 23 44 32.3753 -03 44 00.199   12   12 2455489.62912037 15.0 I  PE 874
 23 44 32.3703 -03 44 00.186   12   12 2455489.62939815 15.0 I  PE 874
 23 44 32.3598 -03 44 00.208   12   12 2455489.62994213 15.0 I  PE 874
 23 44 32.3564 -03 44 00.236   12   12 2455489.63020833 14.9 I  PE 874
 23 44 32.3528 -03 44 00.224   12   12 2455489.63048611 15.0 I  PE 874
 23 44 32.3478 -03 44 00.267   12   12 2455489.63075231 14.9 I  PE 874
 23 44 32.3397 -03 44 00.282   12   12 2455489.63129630 15.0 I  PE 874
 23 44 32.3349 -03 44 00.307   12   12 2455489.63157407 15.0 I  PE 874
 23 44 32.3273 -03 44 00.336   12   12 2455489.63211806 15.0 I  PE 874
 23 44 32.3211 -03 44 00.329   12   12 2455489.63238426 15.0 I  PE 874
 23 44 32.3166 -03 44 00.339   12   12 2455489.63265046 15.0 I  PE 874
 23 44 32.3119 -03 44 00.366   12   12 2455489.63292824 15.0 I  PE 874
 23 44 32.3075 -03 44 00.382   12   12 2455489.63319444 15.0 I  PE 874
 02 35 26.0609 +14 14 23.399   32   41 2455807.84625000 15.6 I  BC 874
 02 35 26.0584 +14 14 23.492   32   41 2455807.84839120 15.6 I  BC 874
 02 35 26.0518 +14 14 23.397   32   41 2455807.85052083 15.2 I  BC 874
 02 35 26.0439 +14 14 23.418   32   41 2455807.85265046 15.5 I  BC 874
 02 35 26.0445 +14 14 23.417   32   41 2455807.85478009 15.4 I  BC 874
 02 35 24.2323 +14 14 25.044   16   28 2455808.77120370 15.5 I  BC 874
 02 35 24.2272 +14 14 25.010   16   28 2455808.77239583 14.9 I  BC 874
 02 35 24.2184 +14 14 25.038   16   28 2455808.77479167 15.4 I  BC 874
 02 35 24.2092 +14 14 25.054   16   28 2455808.77836806 15.5 I  BC 874
 02 35 24.2066 +14 14 25.008   16   28 2455808.77956019 15.5 I  BC 874
 02 35 24.2012 +14 14 25.041   16   28 2455808.78076389 15.4 I  BC 874
 02 35 24.1949 +14 14 25.009   16   28 2455808.78195602 15.4 I  BC 874
 02 35 24.1906 +14 14 25.061   16   28 2455808.78434028 15.4 I  BC 874
 02 35 24.1822 +14 14 25.060   16   28 2455808.78673611 15.4 I  BC 874
 02 35 24.1643 +14 14 25.074   16   28 2455808.79151620 15.4 I  BC 874
 02 35 24.1541 +14 14 25.003   16   28 2455808.79489583 15.4 I  BC 874
 02 35 24.1491 +14 14 25.070   16   28 2455808.79608796 15.5 I  BC 874
 02 35 24.1431 +14 14 25.005   16   28 2455808.79848380 15.4 I  BC 874
 02 35 24.1388 +14 14 25.016   16   28 2455808.79967593 15.4 I  BC 874
 02 35 24.1340 +14 14 25.057   16   28 2455808.80086806 15.4 I  BC 874
 02 35 24.1289 +14 14 24.983   16   28 2455808.80206019 15.3 I  BC 874
 02 35 24.1254 +14 14 25.059   16   28 2455808.80326389 15.4 I  BC 874
 02 35 24.1227 +14 14 24.994   16   28 2455808.80445602 15.3 I  BC 874
 02 35 24.1192 +14 14 25.007   16   28 2455808.80564815 15.4 I  BC 874
 02 35 24.1143 +14 14 24.968   16   28 2455808.80685185 15.4 I  BC 874
 02 35 24.1103 +14 14 25.045   16   28 2455808.80804398 15.4 I  BC 874
 02 35 24.1089 +14 14 25.043   16   28 2455808.80923611 15.4 I  BC 874
 02 35 24.1036 +14 14 25.008   16   28 2455808.81042824 15.4 I  BC 874
 02 35 24.1005 +14 14 24.991   16   28 2455808.81163194 15.4 I  BC 874
 02 35 24.0959 +14 14 25.029   16   28 2455808.81282407 15.4 I  BC 874
 02 35 24.0872 +14 14 25.021   16   28 2455808.81520833 15.4 I  BC 874
 02 35 24.0833 +14 14 25.014   16   28 2455808.81641204 15.4 I  BC 874
 02 35 24.0815 +14 14 24.996   16   28 2455808.81760417 15.4 I  BC 874
 02 35 24.0766 +14 14 25.022   16   28 2455808.81879630 15.4 I  BC 874
 02 35 24.0724 +14 14 25.016   16   28 2455808.81998843 15.4 I  BC 874
 02 35 24.0680 +14 14 24.965   16   28 2455808.82119213 15.4 I  BC 874
 02 35 24.0601 +14 14 25.031   16   28 2455808.82357639 15.4 I  BC 874
 02 35 24.0578 +14 14 25.036   16   28 2455808.82476852 15.4 I  BC 874
 02 35 24.0521 +14 14 24.971   16   28 2455808.82596065 15.4 I  BC 874
 02 35 24.0486 +14 14 24.985   16   28 2455808.82715278 15.4 I  BC 874
 02 35 24.0449 +14 14 24.945   16   28 2455808.82835648 15.3 I  BC 874
 02 35 24.0421 +14 14 24.985   16   28 2455808.82954861 15.4 I  BC 874
 02 35 24.0295 +14 14 25.025   16   28 2455808.83261574 14.9 I  BC 874
 02 35 24.0257 +14 14 24.971   16   28 2455808.83380787 15.4 I  BC 874
 02 35 24.0215 +14 14 24.997   16   28 2455808.83500000 15.3 I  BC 874
 02 35 24.0145 +14 14 25.004   16   28 2455808.83739583 15.3 I  BC 874
 02 35 24.0115 +14 14 24.961   16   28 2455808.83858796 15.4 I  BC 874
 02 35 24.0026 +14 14 24.994   16   28 2455808.84098380 15.4 I  BC 874
 02 35 23.9975 +14 14 24.965   16   28 2455808.84336806 15.4 I  BC 874
 02 35 23.9860 +14 14 24.957   16   28 2455808.84576389 15.4 I  BC 874
 02 35 23.9842 +14 14 24.955   16   28 2455808.84695602 15.3 I  BC 874
 02 35 23.9811 +14 14 24.922   16   28 2455808.84815972 15.6 I  BC 874
 02 35 23.9753 +14 14 24.905   16   28 2455808.84935185 15.4 I  BC 874
 02 35 23.9721 +14 14 24.959   16   28 2455808.85054398 15.4 I  BC 874
 02 35 23.9676 +14 14 24.925   16   28 2455808.85174769 15.5 I  BC 874
 02 35 23.9616 +14 14 24.886   16   28 2455808.85413194 15.3 I  BC 874
 04 56 53.0667 +21 25 56.951   27   18 2456186.78288943 15.3 un BC 874
 04 56 53.0755 +21 25 56.926   27   18 2456186.78365153 15.4 un BC 874
 04 56 53.0788 +21 25 56.923   27   18 2456186.78441362 15.4 un BC 874
 04 56 53.0852 +21 25 56.921   27   18 2456186.78517572 15.3 un BC 874
 04 56 53.0980 +21 25 56.915   27   18 2456186.78593800 15.3 un BC 874
 04 56 53.1026 +21 25 56.887   27   18 2456186.78670028 15.4 un BC 874
 04 56 53.1129 +21 25 56.918   27   18 2456186.78746273 15.3 un BC 874
 04 56 53.1204 +21 25 56.918   27   18 2456186.78822573 15.4 un BC 874
 04 56 53.1284 +21 25 56.848   27   18 2456186.78898854 15.4 un BC 874
 04 56 53.1381 +21 25 56.881   27   18 2456186.78975082 15.4 un BC 874
 04 56 53.1412 +21 25 56.857   27   18 2456186.79051256 15.4 un BC 874
 04 56 53.1494 +21 25 56.874   27   18 2456186.79127483 15.4 un BC 874
 04 56 53.1593 +21 25 56.825   27   18 2456186.79203692 15.4 un BC 874
 04 56 53.1660 +21 25 56.817   27   18 2456186.79279920 15.4 un BC 874
 04 56 53.1729 +21 25 56.820   27   18 2456186.79356220 15.3 un BC 874
 04 56 53.1819 +21 25 56.848   27   18 2456186.79432520 15.3 un BC 874
 04 56 53.1921 +21 25 56.828   27   18 2456186.79508765 15.4 un BC 874
 04 56 53.1949 +21 25 56.786   27   18 2456186.79585010 15.4 un BC 874
 04 56 53.2041 +21 25 56.782   27   18 2456186.79661237 15.4 un BC 874
 04 56 53.2132 +21 25 56.782   27   18 2456186.79737465 15.3 un BC 874
 04 57 03.9399 +21 25 43.406   28   22 2456187.80746902 15.3 un BC 874
 04 57 03.9408 +21 25 43.373   28   22 2456187.80799963 15.4 un BC 874
 04 57 03.9481 +21 25 43.357   28   22 2456187.80853024 15.3 un BC 874
 04 57 03.9483 +21 25 43.372   28   22 2456187.80906122 15.4 un BC 874
 04 57 03.9541 +21 25 43.330   28   22 2456187.80959200 15.3 un BC 874
 04 57 03.9629 +21 25 43.378   28   22 2456187.81012369 15.3 un BC 874
 04 57 03.9639 +21 25 43.327   28   22 2456187.81065466 15.3 un BC 874
 04 57 03.9744 +21 25 43.289   28   22 2456187.81171606 15.4 un BC 874
 04 57 03.9814 +21 25 43.305   28   22 2456187.81224685 15.3 un BC 874
 04 57 03.9885 +21 25 43.280   28   22 2456187.81277747 15.4 un BC 874
 04 57 03.9953 +21 25 43.278   28   22 2456187.81383904 15.3 un BC 874
 04 57 04.0023 +21 25 43.254   28   22 2456187.81437020 15.4 un BC 874
 04 57 04.0041 +21 25 43.275   28   22 2456187.81490080 15.4 un BC 874
 04 57 04.0124 +21 25 43.258   28   22 2456187.81543159 15.4 un BC 874
 04 57 04.0189 +21 25 43.277   28   22 2456187.81596220 15.4 un BC 874
 04 57 04.0190 +21 25 43.225   28   22 2456187.81649280 15.4 un BC 874
 04 57 04.0267 +21 25 43.281   28   22 2456187.81702341 15.4 un BC 874
 04 57 04.0320 +21 25 43.250   28   22 2456187.81755475 15.3 un BC 874
 04 57 13.4651 +21 25 29.923   27   47 2456188.77394646 15.4 un BC 874
 04 57 13.4634 +21 25 29.810   27   47 2456188.77436169 15.4 un BC 874
 04 57 13.4691 +21 25 29.868   27   47 2456188.77477728 15.3 un BC 874
 04 57 13.4742 +21 25 29.808   27   47 2456188.77519251 15.3 un BC 874
 04 57 13.4759 +21 25 29.820   27   47 2456188.77560810 15.4 un BC 874
 04 57 13.4828 +21 25 29.898   27   47 2456188.77602387 15.3 un BC 874
 04 57 13.4849 +21 25 29.812   27   47 2456188.77643964 15.4 un BC 874
 04 57 13.4887 +21 25 29.792   27   47 2456188.77685505 15.3 un BC 874
 04 57 13.4908 +21 25 29.803   27   47 2456188.77727064 15.4 un BC 874
 04 57 13.4963 +21 25 29.791   27   47 2456188.77768550 15.3 un BC 874
 04 57 13.5021 +21 25 29.766   27   47 2456188.77810109 15.3 un BC 874
 04 57 13.5030 +21 25 29.867   27   47 2456188.77851632 15.3 un BC 874
 04 57 13.5076 +21 25 29.786   27   47 2456188.77893155 15.3 un BC 874
 04 57 13.5133 +21 25 29.772   27   47 2456188.77934660 15.3 un BC 874
 04 57 13.5113 +21 25 29.850   27   47 2456188.77976236 15.4 un BC 874
 04 57 13.5148 +21 25 29.732   27   47 2456188.78017850 15.4 un BC 874
 04 57 13.5178 +21 25 29.810   27   47 2456188.78059373 15.3 un BC 874
 04 57 13.5273 +21 25 29.691   27   47 2456188.78142418 15.3 un BC 874
 04 57 13.5327 +21 25 29.833   27   47 2456188.78183940 15.4 un BC 874
 04 57 22.4394 +21 25 15.371   20   12 2456189.76593168 15.4 un BC 874
 04 57 22.4428 +21 25 15.379   20   12 2456189.76669449 15.4 un BC 874
 04 57 22.4516 +21 25 15.360   20   12 2456189.76745767 15.5 un BC 874
 04 57 22.4555 +21 25 15.340   20   12 2456189.76821977 15.5 un BC 874
 04 57 22.4598 +21 25 15.340   20   12 2456189.76898241 15.4 un BC 874
 04 57 22.4656 +21 25 15.315   20   12 2456189.76974486 15.4 un BC 874
 04 57 22.4710 +21 25 15.301   20   12 2456189.77050733 15.5 un BC 874
 04 57 22.4791 +21 25 15.298   20   12 2456189.77126959 15.4 un BC 874
 04 57 22.4863 +21 25 15.292   20   12 2456189.77203223 15.5 un BC 874
 04 57 22.4907 +21 25 15.262   20   12 2456189.77279469 15.4 un BC 874
 04 57 22.4953 +21 25 15.274   20   12 2456189.77355678 15.4 un BC 874
 04 57 22.5038 +21 25 15.267   20   12 2456189.77431851 15.5 un BC 874
 04 57 22.5158 +21 25 15.234   20   12 2456189.77584360 15.5 un BC 874
 04 57 22.5200 +21 25 15.242   20   12 2456189.77660588 15.5 un BC 874
 04 57 22.5271 +21 25 15.244   20   12 2456189.77736852 15.4 un BC 874
 04 57 22.5344 +21 25 15.191   20   12 2456189.77813116 15.4 un BC 874
 04 57 22.5400 +21 25 15.181   20   12 2456189.77889433 15.4 un BC 874
 04 57 22.5435 +21 25 15.197   20   12 2456189.77965751 15.5 un BC 874
 04 55 40.6199 +21 15 27.202   69   48 2456219.67893587 15.2 un BC 874
 04 55 40.6014 +21 15 27.054   69   48 2456219.68068067 15.3 un BC 874
 04 55 40.5781 +21 15 27.102   69   48 2456219.68143228 15.1 un BC 874
 04 55 40.5703 +21 15 27.052   69   48 2456219.68218388 14.1 un BC 874
 04 55 40.5634 +21 15 27.059   69   48 2456219.68293566 14.1 un BC 874
 04 55 40.5387 +21 15 27.157   69   48 2456219.68368744 15.4 un BC 874
 04 55 40.5423 +21 15 27.075   69   48 2456219.68443922 14.8 un BC 874
 04 55 40.5209 +21 15 27.040   69   48 2456219.68519101 15.5 un BC 874
 04 55 40.5189 +21 15 27.030   69   48 2456219.68594279 15.4 un BC 874
 04 55 40.4941 +21 15 26.992   69   48 2456219.68669439 14.5 un BC 874
 04 55 40.4935 +21 15 26.944   69   48 2456219.68744617 14.4 un BC 874
 04 55 40.4354 +21 15 27.029   69   48 2456219.69103236 14.5 un BC 874
 04 55 40.4268 +21 15 27.002   69   48 2456219.69178397 14.1 un BC 874
 04 55 40.3612 +21 15 26.889   69   48 2456219.69554270 15.1 un BC 874
 04 55 40.3548 +21 15 26.781   69   48 2456219.69629375 15.2 un BC 874
 04 55 39.9918 +21 15 26.472   69   48 2456219.71870633 15.1 un BC 874
 04 55 39.9813 +21 15 26.446   69   48 2456219.71945811 15.2 un BC 874
 04 55 39.9634 +21 15 26.419   69   48 2456219.72020917 15.4 un BC 874
 04 55 39.9540 +21 15 26.413   69   48 2456219.72096095 15.2 un BC 874
 04 55 39.9414 +21 15 26.314   69   48 2456219.72171273 15.2 un BC 874
 04 55 39.9350 +21 15 26.310   69   48 2456219.72246451 15.2 un BC 874
 04 55 39.9183 +21 15 26.284   69   48 2456219.72321611 15.3 un BC 874
 04 55 39.9041 +21 15 26.313   69   48 2456219.72396771 15.2 un BC 874
 04 55 39.8944 +21 15 26.276   69   48 2456219.72471968 15.3 un BC 874
 04 55 39.8790 +21 15 26.240   69   48 2456219.72547127 15.1 un BC 874
 07 22 42.5636 +22 24 37.491   27   11 2456571.79947713 15.8 I  BC 874
 07 22 42.6347 +22 24 37.398   27   11 2456571.80182287 15.8 I  BC 874
 07 22 42.6572 +22 24 37.374   27   11 2456571.80257476 15.8 I  BC 874
 07 22 42.6813 +22 24 37.359   27   11 2456571.80332682 15.7 I  BC 874
 07 22 42.7258 +22 24 37.288   27   11 2456571.80483066 15.9 I  BC 874
 07 22 42.7735 +22 24 37.202   27   11 2456571.80633483 15.9 I  BC 874
 07 22 42.7923 +22 24 37.180   27   11 2456571.80708671 15.9 I  BC 874
 07 22 42.8374 +22 24 37.115   27   11 2456571.80859056 15.9 I  BC 874
 07 22 42.8601 +22 24 37.106   27   11 2456571.80934255 15.9 I  BC 874
 07 22 42.8810 +22 24 37.064   27   11 2456571.81009446 15.9 I  BC 874
 07 22 42.9073 +22 24 37.040   27   11 2456571.81084627 15.8 I  BC 874
 07 22 42.9325 +22 24 37.000   27   11 2456571.81159791 15.8 I  BC 874
 07 22 42.9515 +22 24 36.983   27   11 2456571.81234987 15.9 I  BC 874
 07 22 42.9743 +22 24 36.937   27   11 2456571.81310148 15.9 I  BC 874
 07 22 42.9998 +22 24 36.892   27   11 2456571.81385332 15.8 I  BC 874
 07 22 43.0216 +22 24 36.885   27   11 2456571.81460501 15.9 I  BC 874
 07 22 43.0424 +22 24 36.846   27   11 2456571.81535703 15.9 I  BC 874
 07 22 43.0629 +22 24 36.804   27   11 2456571.81610894 15.9 I  BC 874
 07 22 43.1103 +22 24 36.758   27   11 2456571.81761284 16.0 I  BC 874
 07 22 43.1532 +22 24 36.697   27   11 2456571.81911682 15.9 I  BC 874
 07 22 43.1747 +22 24 36.662   27   11 2456571.81986868 15.9 I  BC 874
 07 22 43.1973 +22 24 36.622   27   11 2456571.82062059 15.9 I  BC 874
 07 22 43.2236 +22 24 36.590   27   11 2456571.82137257 15.8 I  BC 874
 07 22 43.4612 +22 24 36.246   27   11 2456571.82949188 15.9 I  BC 874
 07 22 43.4858 +22 24 36.208   27   11 2456571.83024390 15.8 I  BC 874
 07 22 43.5507 +22 24 36.136   27   11 2456571.83249975 16.0 I  BC 874
 07 22 43.6181 +22 24 36.009   27   11 2456571.83475505 15.9 I  BC 874
 07 22 43.6664 +22 24 35.945   27   11 2456571.83625898 16.3 I  BC 874
 07 32 02.4741 +22 05 40.248   12   22 2456605.73660663 15.5 I  PE 874
 07 32 02.4752 +22 05 40.205   12   22 2456605.73744330 15.5 I  PE 874
 07 32 02.4752 +22 05 40.269   12   22 2456605.73784742 15.5 I  PE 874
 07 32 02.4742 +22 05 40.213   12   22 2456605.73825153 15.5 I  PE 874
 07 32 02.4739 +22 05 40.219   12   22 2456605.73865564 15.5 I  PE 874
 07 32 02.4739 +22 05 40.224   12   22 2456605.73905969 15.5 I  PE 874
 07 32 02.4764 +22 05 40.181   12   22 2456605.73946375 15.5 I  PE 874
 07 32 02.4756 +22 05 40.183   12   22 2456605.74027193 15.5 I  PE 874
 07 32 02.4768 +22 05 40.186   12   22 2456605.74067602 15.5 I  PE 874
 07 32 02.4744 +22 05 40.188   12   22 2456605.74108010 15.5 I  PE 874
 07 32 02.4745 +22 05 40.182   12   22 2456605.74148419 15.5 I  PE 874
 07 32 02.4750 +22 05 40.192   12   22 2456605.74188853 15.5 I  PE 874
 07 32 02.4757 +22 05 40.151   12   22 2456605.74229262 15.5 I  PE 874
 07 32 02.4767 +22 05 40.190   12   22 2456605.74269668 15.5 I  PE 874
 07 32 02.4761 +22 05 40.167   12   22 2456605.74310074 15.5 I  PE 874
 07 32 02.4757 +22 05 40.120   12   22 2456605.74350484 15.5 I  PE 874
 07 32 02.4774 +22 05 40.111   12   22 2456605.74431300 15.5 I  PE 874
 07 32 02.4776 +22 05 40.160   12   22 2456605.74471708 15.4 I  PE 874
 07 32 02.4767 +22 05 40.152   12   22 2456605.74552523 15.5 I  PE 874
 07 32 02.4768 +22 05 40.132   12   22 2456605.74592929 15.5 I  PE 874
 07 32 02.4766 +22 05 40.123   12   22 2456605.74673743 15.4 I  PE 874
 07 32 02.4758 +22 05 40.096   12   22 2456605.74714150 15.5 I  PE 874
 07 32 02.4766 +22 05 40.097   12   22 2456605.74754557 15.4 I  PE 874
 07 32 02.4762 +22 05 40.126   12   22 2456605.74794966 15.5 I  PE 874
 07 32 02.4774 +22 05 40.059   12   22 2456605.74835374 15.5 I  PE 874
 07 32 02.4775 +22 05 40.097   12   22 2456605.74875789 15.5 I  PE 874
 06 48 22.4708 +22 42 08.756   14   21 2456697.48442665 15.3 I  BC 874
 06 48 22.4349 +22 42 08.799   14   21 2456697.48569856 15.2 I  BC 874
 06 48 22.3837 +22 42 08.854   14   21 2456697.48760597 15.2 I  BC 874
 06 48 22.3646 +22 42 08.843   14   21 2456697.48824183 15.1 I  BC 874
 06 48 22.3461 +22 42 08.866   14   21 2456697.48887751 15.3 I  BC 874
 06 48 22.3297 +22 42 08.884   14   21 2456697.48951338 15.2 I  BC 874
 06 48 22.3124 +22 42 08.900   14   21 2456697.49014924 15.4 I  BC 874
 06 48 22.2962 +22 42 08.968   14   21 2456697.49078510 15.2 I  BC 874
 06 48 22.2784 +22 42 08.921   14   21 2456697.49142079 15.2 I  BC 874
 06 48 22.2585 +22 42 08.949   14   21 2456697.49205647 15.2 I  BC 874
 06 48 22.2423 +22 42 09.012   14   21 2456697.49269233 15.2 I  BC 874
 06 48 22.2233 +22 42 09.011   14   21 2456697.49332801 15.2 I  BC 874
 06 48 22.2059 +22 42 09.029   14   21 2456697.49396388 15.2 I  BC 874
 06 48 22.1707 +22 42 09.071   14   21 2456697.49523542 15.2 I  BC 874
 06 48 22.1540 +22 42 09.089   14   21 2456697.49587110 15.2 I  BC 874
 06 48 22.1365 +22 42 09.066   14   21 2456697.49650697 15.1 I  BC 874
 06 48 22.1195 +22 42 09.127   14   21 2456697.49714282 15.2 I  BC 874
 06 48 22.0999 +22 42 09.124   14   21 2456697.49777869 15.1 I  BC 874
 06 48 22.0648 +22 42 09.163   14   21 2456697.49905023 15.1 I  BC 874
 06 48 22.0133 +22 42 09.232   14   21 2456697.50095782 15.2 I  BC 874
 06 48 21.9951 +22 42 09.236   14   21 2456697.50159351 15.2 I  BC 874
 06 48 21.9794 +22 42 09.206   14   21 2456697.50222936 15.2 I  BC 874
 06 48 21.9603 +22 42 09.266   14   21 2456697.50286505 15.2 I  BC 874
 06 48 21.9435 +22 42 09.280   14   21 2456697.50350091 15.2 I  BC 874
 06 48 21.9264 +22 42 09.293   14   21 2456697.50413660 15.1 I  BC 874
 06 48 21.9085 +22 42 09.283   14   21 2456697.50477245 15.1 I  BC 874
 06 48 21.8882 +22 42 09.349   14   21 2456697.50540814 15.1 I  BC 874
 06 48 21.8740 +22 42 09.350   14   21 2456697.50604400 15.2 I  BC 874
 06 48 21.8555 +22 42 09.329   14   21 2456697.50667969 15.2 I  BC 874
 06 48 21.8186 +22 42 09.433   14   21 2456697.50795141 15.2 I  BC 874
 06 48 21.7828 +22 42 09.441   14   21 2456697.50922278 15.2 I  BC 874
 06 48 21.7650 +22 42 09.430   14   21 2456697.50985863 15.1 I  BC 874
 06 48 21.7495 +22 42 09.458   14   21 2456697.51049450 15.2 I  BC 874
 06 48 21.7328 +22 42 09.508   14   21 2456697.51113036 15.2 I  BC 874
 06 48 21.7133 +22 42 09.538   14   21 2456697.51176623 15.2 I  BC 874
 06 48 21.6949 +22 42 09.553   14   21 2456697.51240191 15.2 I  BC 874
 06 48 21.6799 +22 42 09.524   14   21 2456697.51303777 15.1 I  BC 874
 06 48 21.6433 +22 42 09.555   14   21 2456697.51430932 15.2 I  BC 874
 06 48 21.6245 +22 42 09.582   14   21 2456697.51494500 15.2 I  BC 874
 06 48 21.6070 +22 42 09.646   14   21 2456697.51558068 15.2 I  BC 874
