  -140.5  -175.0  38.9  25.5     2  -140.5  -175.0  38.9  25.5     2   0.00 120.0  2.0   18 58 49.92939 -22 31  7.7821 03 31 27.5000 24 06 1996 2450258.6468460653 1996.479525930  18.9805359425 -22.5188283610 19.7  30.5  51.0    53 Leda                  0.0000 160/LNA              Varios               Altair               PRAIA V.0.1.0        1rd degree           UCAC4                JUP300               23 Sep 2013                                                  
   152.8   -63.3  46.0  56.3     4   257.6   -91.2 237.8  79.3     5  20.00  80.0  2.0   19 18  2.14710 -21 56 12.7453 06 33 51.2150 09 07 2008 2454656.7735094326 2008.520940477  19.3005964167 -21.9368736912 19.6  54.3  60.0    39 Leda                  0.0000 160/LNA              varios               Altair               PRAIA V.0.1.1        1rd degree           UCAC4                JUP300               01 Aug 2014          Irregular                               
    46.5  -162.0  19.1  18.4     2    46.5  -162.0  19.1  18.4     2   0.00 120.0  2.0   19 31  6.74835 -21 23 15.4025 08 00 18.2789 04 06 2008 2454621.8335448951 2008.425280068  19.5185412075 -21.3876118180 18.8  12.0  11.0  1248 Leda                  0.2800 ESO                  Varios               Altair               PRAIA V.0.1.1        1rd degree           UCAC4                jup300+de421         22 Nov 2014                                                  
   138.3    69.3  41.7  49.1    19   140.4    65.4  52.4  68.4    23  17.39 120.0  2.0   21 57 14.19232 -13 31 27.6473 08 24 54.6741 22 05 2009 2454973.8506328021 2009.389050329  21.9539423100 -13.5243464836 19.9  25.9  24.3   403 Leda                  0.2800 ESO                  Varios               Altair               PRAIA V.0.1.1        1rd degree           UCAC4                jup300+de421         22 Nov 2014                                                  
   160.3    38.2  16.7  97.1    23   145.0    47.6  56.8 110.8    32  28.13 120.0  2.0   21 57 46.38404 -13 30 13.4978 08 29 58.4318 24 05 2009 2454975.8541485164 2009.394535656  21.9628844561 -13.5037493767 19.8  30.4  32.1   244 Leda                  0.2800 ESO                  Varios               Altair               PRAIA V.0.1.1        1rd degree           UCAC4                jup300+de421         22 Nov 2014                                                  
   244.0   -78.2  97.0  78.6     5   303.8   -70.7 170.3  72.7     6  16.67 120.0  2.0   01 56 54.59539 +10 37 46.7044 01 17 01.0338 11 10 1999 2451462.5534841879 1999.775642667   1.9484987186  10.6296401158 19.3  66.2  57.0    11 Leda                  0.6900 OHP                  Varios               Altair               PRAIA V.0.1.1        1rd degree           UCAC4                SAT359               10 Dec 2013                                                  
   -47.1   -81.8  89.8  83.7     8   -47.1   -81.8  89.8  83.7     8   0.00 120.0  2.0   01 39 40.29418 +09 19 21.1548 22 21 24.3626 10 11 1999 2451493.4315319750 1999.860182154   1.6611928280   9.3225430077 19.3  50.2  56.0    12 Leda                  0.6900 OHP                  Varios               Altair               PRAIA V.0.1.1        1rd degree           UCAC4                SAT359               10 Dec 2013                                                  
   -75.6   -43.1  59.3  94.7    10   -75.6   -43.1  59.3  94.7    10   0.00 120.0  2.0   01 32 56.86542 +08 46 13.7474 20 55 32.6990 29 11 1999 2451512.3719062391 1999.912038073   1.5491292832   8.7704853784 20.0  40.8  62.6    14 Leda                  0.6900 OHP                  Varios               Altair               PRAIA V.0.1.1        1rd degree           UCAC4                SAT359               10 Dec 2013                                                  
    21.1   -41.1  34.2  59.8    11    21.1   -41.1  34.2  59.8    11   0.00 120.0  2.0   01 32 43.61986 +08 45  6.3869 20 15 41.2438 30 11 1999 2451513.3442273582 1999.914700143   1.5454499617   8.7517741303 19.7  50.0  62.9    15 Leda                  0.6900 OHP                  Varios               Altair               PRAIA V.0.1.1        1rd degree           UCAC4                SAT359               10 Dec 2013                                                  
  -113.0    15.5  75.8  73.4     4  -113.0    15.5  75.8  73.4     4   0.00 120.0  2.0   01 32 30.86663 +08 44  1.5479 20 05 57.4000 01 12 1999 2451514.3374699075 1999.917419493   1.5419073960   8.7337633142 19.8  51.5  52.0    19 Leda                  0.6900 OHP                  Varios               Altair               PRAIA V.0.1.1        1rd degree           UCAC4                SAT359               10 Dec 2013                                                  
   -65.4   -22.8  44.0  54.5     5   -65.4   -22.8  44.0  54.5     5   0.00 120.0  2.0   01 32 18.65937 +08 42 59.1838 20 30 45.5260 02 12 1999 2451515.3546935879 1999.920204499   1.5385164906   8.7164399310 19.9  55.0  50.6    17 Leda                  0.6900 OHP                  Varios               Altair               PRAIA V.0.1.1        1rd degree           UCAC4                SAT359               10 Dec 2013                                                  
    -2.4   -47.8  89.0  50.3     5    -2.4   -47.8  89.0  50.3     5   0.00 120.0  2.0   01 31 31.10340 +08 38 53.3265 21 38 49.0280 07 12 1999 2451520.4019563422 1999.934023152   1.5253065000   8.6481462590 19.7  68.6  50.8    12 Leda                  0.6900 OHP                  Varios               Altair               PRAIA V.0.1.1        1rd degree           UCAC4                SAT359               10 Dec 2013                                                  
