2450256.62115741 -324 -054
2450256.62865741 -276 -034
2450256.63158565 -241 -031
2450290.65199167 -147 -236
2450290.65288437 -091 -092
2450290.65349780 -123 -106
2450290.65409977 -127 -021
2450290.65470116 -183 -152
2450290.65590521 -124 -057
2450290.65710856 -156 -081
2450290.65771065 -099 -035
2450358.42901620 -019 -033
2450358.46319444 -153 +046
2450358.46401620 -105 +063
2453463.58189456 -045 -074
2453463.58660845 -060 -049
2453463.59073854 -045 -056
2453464.63098611 -112 -044
2453464.63319433 -114 -050
2453464.63477836 -084 -056
2453464.63637315 -124 -046
2453464.63795718 -081 -040
2453464.63954201 -096 -040
2453464.64271273 -097 -063
2453464.64429676 -094 -050
2453464.64588264 -085 -033
2454331.52455891 +036 -066
2454331.52481644 -018 -160
2454331.52558704 +014 -113
2454331.52637905 -006 -124
2454331.52663646 +018 -079
2454331.52768403 +000 -067
2454331.52820995 +035 -109
2454331.52899236 -008 -109
2454331.52925972 +007 -094
2454331.52977442 +017 -116
2454331.53003183 -031 -139
2454331.53134873 +018 -149
2454331.53186007 +007 -115
2454331.53211481 -010 -090
2454331.53238206 -008 -144
2454331.53344109 +056 -076
2454331.53422789 +019 -091
2454331.53553403 -024 -130
2454331.53686539 -013 -123
2454331.53978241 +000 -119
2454331.54161829 -011 -138
2454331.54215324 +057 -127
2454331.54373623 +031 -147
2454331.54506748 +061 -083
2454331.54612708 +054 -103
2454331.54718611 +018 -114
2454658.77027141 -137 +089
2454658.77393472 -173 +080
2454658.77572500 -163 +063
2454658.77931308 -129 +094
2454658.78110116 -126 +121
2454658.78473762 -158 +100
2454658.78658854 -122 +113
2454658.78876620 -119 +127
2454658.79055926 -130 +116
2454658.79235266 -126 +139
2454658.79414387 -109 +075
2454658.79593715 -147 +122
2454690.53993079 -022 +147
2454690.54278414 +048 +134
2454690.54421609 -012 +202
2454690.54849109 -004 +100
2454690.55721007 +011 +129
2454690.55863229 +006 +130
2454729.47467292 -029 +115
2454729.47586447 -053 +111
2454729.47705544 -039 +140
2454729.47824699 -035 +137
2454729.47944815 -076 +113
2454729.48065845 -001 +120
2454729.48185984 +011 +130
2454729.48306053 -040 +147
2454729.48426076 -064 +116
2454729.48545093 -082 +092
2455032.82666968 +083 -107
2455032.82844641 -026 -095
2455032.83021296 +100 -130
2455032.83199028 +058 -150
2456606.74360280 -022 -062
2456606.75843477 -034 -054
2456606.76057490 -022 -062
2456606.76271503 -028 -067
2456606.76485527 -029 -071
2456606.76699539 -038 -070
2451039.60880266 -078 +075
2451039.61998912 -048 +073
2451039.62746678 -030 +082
2451039.63319664 -006 +078
2451039.63762685 +021 +064
2451039.64206123 +021 +072
2451044.41546817 -102 -053
2451044.42175775 -169 +047
2451044.42653576 -100 +045
2451044.43130324 -028 +042
2451044.43608484 -118 +002
2451044.44086632 -112 +075
2451044.44563322 -019 +102
2451044.45040833 -045 -075
2451044.45714387 -024 +024
2451460.60077188 +203 -191
2451460.60660938 +220 -167
2451460.61402222 +102 -189
2451460.62562419 +138 -208
2451460.62889641 +169 -176
2451460.63215856 +188 -177
2451460.63542338 +102 -169
2451460.63868738 +207 -187
2451460.64195301 +144 -182
2451460.64849977 +256 -155
2451463.56840567 -027 -247
2451463.57174977 +028 -184
2451463.57796123 -074 -232
2451463.58476586 +074 -219
2451463.58818727 +108 -183
2451493.46463102 +157 -137
2451493.47037824 +122 -078
2451493.47481574 +159 -107
2451493.47924850 +152 -170
2451493.48369259 +157 -151
2451493.48813102 +189 -121
2451493.49256181 +156 -107
2451513.38859398 +082 -169
2451513.39130926 +080 -200
2451513.39654884 +098 -157
2451513.40039630 +106 -130
2451513.40424016 +080 -145
2451513.40808171 +052 -179
2451513.41192616 +067 -165
2451515.29315359 +068 -140
2451515.29600602 +091 -150
2451515.30205810 +112 -143
2451515.30649537 +118 -143
2451515.31535995 +131 -146
2451515.31980046 +134 -139
2451518.28283981 +161 -119
2451518.28582535 +079 -205
2451518.29072419 +164 -208
2451518.29457014 +107 -194
2451518.29840880 +048 -178
2451518.30225833 +141 -155
2451518.30610139 +109 -192
2451521.26939190 +120 -151
2451521.27624144 +125 -177
2451521.28381736 +120 -147
2451521.33505938 +131 -137
2451876.59493264 +281 +217
2451876.59923924 +290 +077
2451876.60367141 +449 +136
2451876.60810579 +286 +068
2452233.63736157 +006 -150
2452233.64011563 +010 -131
2452233.64338924 +013 -164
2452233.64667338 -017 -146
2452233.64995475 -014 -153
2452233.65323843 -004 -150
2452233.65824896 +021 -155
2452233.66152639 +006 -152
2452233.66480069 -010 -137
2452233.66808380 -017 -156
2452236.53414433 -021 -217
2452236.54303854 -001 -192
2452236.56084456 -011 -192
2452236.56529387 -174 -173
2452236.56974468 +053 -269
2452263.43714062 -007 -224
2452263.44088576 -097 -229
2452263.44463380 -039 -236
2452263.44838252 -036 -223
2452263.45213160 -022 -236
2452263.45587998 -010 -223
2452263.45962870 +006 -220
2452263.46338252 -064 -229
2452263.46712940 +022 -239
2452265.41567627 +099 -269
2452265.41941887 +164 -235
2452265.42316250 -017 -246
2452265.42690521 -035 -231
2452283.52496516 +019 -187
2452283.53269051 -008 -170
2452283.53644421 +000 -174
2452283.54019213 +008 -168
2452283.54394433 +008 -193
2452283.54768993 +049 -195
2452283.55143900 +044 -187
2452283.55518981 +019 -172
2452283.55894664 -004 -181
2452283.56269896 -006 -178
2452313.41060440 +050 -094
2452313.41589282 +042 -160
2452313.41964329 +080 -154
2452313.42339826 +055 -140
2452313.42714780 +017 -154
2452314.51343229 +019 -164
2452314.51893704 +046 -203
2452314.52291863 +091 -153
2452314.52688553 +044 -174
2452314.53085937 +042 -122
2452314.53483715 +028 -166
2452637.55366933 +096 +091
2452637.55752176 +113 +024
2452637.56137187 +077 +086
2452637.56522685 +119 +041
2452637.56908472 +085 +088
2452637.57303495 +123 +061
2452637.57688796 +097 +064
2452669.49192014 +001 +002
2452669.49540567 +117 +082
2452669.50587454 +033 +064
2452669.50972720 -009 +028
2452669.51358252 +060 -073
2453089.33985903 -051 -038
2453089.34736285 -009 -019
2453089.35320509 -055 +011
2453089.35905532 -062 -008
2453089.36490486 -091 +005
2453089.37074572 -070 -034
2453089.37657836 -095 -057
2453089.38240208 -065 -073
2453089.38824595 +001 -059
2453089.39408796 -143 -001
2453119.38709896 +153 -092
2453119.39439479 +013 -056
2453119.39884653 -016 -071
2453119.40329086 +163 -085
2453119.40774421 +033 -071
2453119.41219097 +055 +003
2453119.41663657 +111 -035
2453119.42108738 -003 -062
2453119.42553854 -079 -006
2453437.63321933 -072 -059
2453437.63685336 -161 +015
2453437.64048565 -119 -041
2453437.64411088 -087 -123
2453437.64774398 -179 -098
2453437.65137778 -145 -051
2453437.65501181 -294 -063
2453437.65864294 -233 -064
2453439.52603171 -131 -095
2453439.52954549 -176 -069
2453439.53305521 -197 +003
2453439.53657268 -163 -029
2453439.54008021 -185 -047
2453439.54359340 -139 -007
2453439.54711065 -194 +015
2453439.55062731 -191 +037
2453439.55413877 -169 -003
2453439.55765023 -173 -048
2453439.56116215 -167 -021
2453474.48598750 -124 -115
2453474.49051169 -105 -118
2453474.49611412 -064 -117
2453474.50171181 -006 -109
2453474.50731192 -148 -103
2453474.51291308 -138 -152
2453474.51851343 +018 -146
2453474.52410891 -218 -092
2453495.36744861 -133 -132
2453495.37230567 -126 -150
2453495.37731979 -036 -101
2453495.38233287 -304 -009
2453495.38734977 -278 +008
2453495.39738935 -207 -142
2453495.40240451 -307 -088
2453497.44189444 +001 -232
2453497.44691215 -048 -211
2453497.45695486 +015 -152
2453497.46700058 +003 -197
2453499.43653113 -054 -123
2453499.44154780 -097 -158
2453499.44657060 -106 -160
2453499.45158472 -090 -113
2453499.45659942 -054 -136
2453499.46162049 -093 -123
2453505.39095764 -075 -130
2453505.40353738 -174 -168
2453505.40855428 -177 -122
2453505.41357778 -115 -150
2453505.41859456 -078 -106
2453505.42360891 -046 -143
2453505.42863113 -081 -101
2453505.43365266 -063 -097
2453881.37534294 -042 -091
2453881.38423750 +055 -045
2453881.38867697 +185 -018
2453881.39311991 +105 +007
2453881.39757153 +216 -123
2453881.40201238 +208 -030
2453881.40646169 +137 +085
2454353.55469836 +025 -158
2454353.55650366 +061 -170
2454353.55832273 +039 -156
2454353.56032289 +046 -169
2454353.56207134 +044 -148
2454353.56390072 +060 -172
2454353.56567638 +053 -166
2454353.56749974 +033 -169
2454353.56923915 +021 -166
2454621.80637684 -079 +056
2454621.81045124 -090 +060
2454972.89199661 +266 +011
2454972.89315912 +253 +013
2454972.89429327 +271 +003
2454972.89545092 +239 +047
2454972.89657419 +247 +011
2454972.89774214 +246 +038
2454974.82385310 +035 -119
2454974.82497799 +003 -109
2454974.82615267 +001 -110
2454974.82729873 -003 -111
2454974.82842419 +033 -126
2454974.82955846 +003 -110
2454974.83070511 +012 -119
2454974.83182560 +025 -118
2454974.83297063 +047 -106
2454974.83413268 +054 -123
2454974.83644508 +063 -145
2454974.83762368 +048 -168
2454974.83878353 +061 -141
2454974.83994140 +051 -156
2454974.84107266 +049 -134
2454974.84219477 +060 -151
2454974.84334177 +026 -153
2454974.84450023 +054 -157
2454974.84565429 +060 -164
2454974.84681472 +048 -169
2450256.62115741 -324 -054
2450256.62865741 -276 -034
2450256.63158565 -241 -031
2450290.65199167 -147 -236
2450290.65288437 -091 -092
2450290.65349780 -123 -106
2450290.65409977 -127 -021
2450290.65470116 -183 -152
2450290.65590521 -124 -057
2450290.65710856 -156 -081
2450290.65771065 -099 -035
2450358.42901620 -019 -033
2450358.46319444 -153 +046
2450358.46401620 -105 +063
2453463.58189456 -045 -074
2453463.58660845 -060 -049
2453463.59073854 -045 -056
2453464.63098611 -112 -044
2453464.63319433 -114 -050
2453464.63477836 -084 -056
2453464.63637315 -124 -046
2453464.63795718 -081 -040
2453464.63954201 -096 -040
2453464.64271273 -097 -063
2453464.64429676 -094 -050
2453464.64588264 -085 -033
2454331.52455891 +036 -066
2454331.52481644 -018 -160
2454331.52558704 +014 -113
2454331.52637905 -006 -124
2454331.52663646 +018 -079
2454331.52768403 +000 -067
2454331.52820995 +035 -109
2454331.52899236 -008 -109
2454331.52925972 +007 -094
2454331.52977442 +017 -116
2454331.53003183 -031 -139
2454331.53134873 +018 -149
2454331.53186007 +007 -115
2454331.53211481 -010 -090
2454331.53238206 -008 -144
2454331.53344109 +056 -076
2454331.53422789 +019 -091
2454331.53553403 -024 -130
2454331.53686539 -013 -123
2454331.53978241 +000 -119
2454331.54161829 -011 -138
2454331.54215324 +057 -127
2454331.54373623 +031 -147
2454331.54506748 +061 -083
2454331.54612708 +054 -103
2454331.54718611 +018 -114
2454658.77027141 -137 +089
2454658.77393472 -173 +080
2454658.77572500 -163 +063
2454658.77931308 -129 +094
2454658.78110116 -126 +121
2454658.78473762 -158 +100
2454658.78658854 -122 +113
2454658.78876620 -119 +127
2454658.79055926 -130 +116
2454658.79235266 -126 +139
2454658.79414387 -109 +075
2454658.79593715 -147 +122
2454690.53993079 -022 +147
2454690.54278414 +048 +134
2454690.54421609 -012 +202
2454690.54849109 -004 +100
2454690.55721007 +011 +129
2454690.55863229 +006 +130
2454729.47467292 -029 +115
2454729.47586447 -053 +111
2454729.47705544 -039 +140
2454729.47824699 -035 +137
2454729.47944815 -076 +113
2454729.48065845 -001 +120
2454729.48185984 +011 +130
2454729.48306053 -040 +147
2454729.48426076 -064 +116
2454729.48545093 -082 +092
2455032.82666968 +083 -107
2455032.82844641 -026 -095
2455032.83021296 +100 -130
2455032.83199028 +058 -150
2456606.74360280 -022 -062
2456606.75843477 -034 -054
2456606.76057490 -022 -062
2456606.76271503 -028 -067
2456606.76485527 -029 -071
2456606.76699539 -038 -070
2451039.60880266 -078 +075
2451039.61998912 -048 +073
2451039.62746678 -030 +082
2451039.63319664 -006 +078
2451039.63762685 +021 +064
2451039.64206123 +021 +072
2451044.41546817 -102 -053
2451044.42175775 -169 +047
2451044.42653576 -100 +045
2451044.43130324 -028 +042
2451044.43608484 -118 +002
2451044.44086632 -112 +075
2451044.44563322 -019 +102
2451044.45040833 -045 -075
2451044.45714387 -024 +024
2451460.60077188 +203 -191
2451460.60660938 +220 -167
2451460.61402222 +102 -189
2451460.62562419 +138 -208
2451460.62889641 +169 -176
2451460.63215856 +188 -177
2451460.63542338 +102 -169
2451460.63868738 +207 -187
2451460.64195301 +144 -182
2451460.64849977 +256 -155
2451463.56840567 -027 -247
2451463.57174977 +028 -184
2451463.57796123 -074 -232
2451463.58476586 +074 -219
2451463.58818727 +108 -183
2451493.46463102 +157 -137
2451493.47037824 +122 -078
2451493.47481574 +159 -107
2451493.47924850 +152 -170
2451493.48369259 +157 -151
2451493.48813102 +189 -121
2451493.49256181 +156 -107
2451513.38859398 +082 -169
2451513.39130926 +080 -200
2451513.39654884 +098 -157
2451513.40039630 +106 -130
2451513.40424016 +080 -145
2451513.40808171 +052 -179
2451513.41192616 +067 -165
2451515.29315359 +068 -140
2451515.29600602 +091 -150
2451515.30205810 +112 -143
2451515.30649537 +118 -143
2451515.31535995 +131 -146
2451515.31980046 +134 -139
2451518.28283981 +161 -119
2451518.28582535 +079 -205
2451518.29072419 +164 -208
2451518.29457014 +107 -194
2451518.29840880 +048 -178
2451518.30225833 +141 -155
2451518.30610139 +109 -192
2451521.26939190 +120 -151
2451521.27624144 +125 -177
2451521.28381736 +120 -147
2451521.33505938 +131 -137
2451876.59493264 +281 +217
2451876.59923924 +290 +077
2451876.60367141 +449 +136
2451876.60810579 +286 +068
2452233.63736157 +006 -150
2452233.64011563 +010 -131
2452233.64338924 +013 -164
2452233.64667338 -017 -146
2452233.64995475 -014 -153
2452233.65323843 -004 -150
2452233.65824896 +021 -155
2452233.66152639 +006 -152
2452233.66480069 -010 -137
2452233.66808380 -017 -156
2452236.53414433 -021 -217
2452236.54303854 -001 -192
2452236.56084456 -011 -192
2452236.56529387 -174 -173
2452236.56974468 +053 -269
2452263.43714062 -007 -224
2452263.44088576 -097 -229
2452263.44463380 -039 -236
2452263.44838252 -036 -223
2452263.45213160 -022 -236
2452263.45587998 -010 -223
2452263.45962870 +006 -220
2452263.46338252 -064 -229
2452263.46712940 +022 -239
2452265.41567627 +099 -269
2452265.41941887 +164 -235
2452265.42316250 -017 -246
2452265.42690521 -035 -231
2452283.52496516 +019 -187
2452283.53269051 -008 -170
2452283.53644421 +000 -174
2452283.54019213 +008 -168
2452283.54394433 +008 -193
2452283.54768993 +049 -195
2452283.55143900 +044 -187
2452283.55518981 +019 -172
2452283.55894664 -004 -181
2452283.56269896 -006 -178
2452313.41060440 +050 -094
2452313.41589282 +042 -160
2452313.41964329 +080 -154
2452313.42339826 +055 -140
2452313.42714780 +017 -154
2452314.51343229 +019 -164
2452314.51893704 +046 -203
2452314.52291863 +091 -153
2452314.52688553 +044 -174
2452314.53085937 +042 -122
2452314.53483715 +028 -166
2452637.55366933 +096 +091
2452637.55752176 +113 +024
2452637.56137187 +077 +086
2452637.56522685 +119 +041
2452637.56908472 +085 +088
2452637.57303495 +123 +061
2452637.57688796 +097 +064
2452669.49192014 +001 +002
2452669.49540567 +117 +082
2452669.50587454 +033 +064
2452669.50972720 -009 +028
2452669.51358252 +060 -073
2453089.33985903 -051 -038
2453089.34736285 -009 -019
2453089.35320509 -055 +011
2453089.35905532 -062 -008
2453089.36490486 -091 +005
2453089.37074572 -070 -034
2453089.37657836 -095 -057
2453089.38240208 -065 -073
2453089.38824595 +001 -059
2453089.39408796 -143 -001
2453119.38709896 +153 -092
2453119.39439479 +013 -056
2453119.39884653 -016 -071
2453119.40329086 +163 -085
2453119.40774421 +033 -071
2453119.41219097 +055 +003
2453119.41663657 +111 -035
2453119.42108738 -003 -062
2453119.42553854 -079 -006
2453437.63321933 -072 -059
2453437.63685336 -161 +015
2453437.64048565 -119 -041
2453437.64411088 -087 -123
2453437.64774398 -179 -098
2453437.65137778 -145 -051
2453437.65501181 -294 -063
2453437.65864294 -233 -064
2453439.52603171 -131 -095
2453439.52954549 -176 -069
2453439.53305521 -197 +003
2453439.53657268 -163 -029
2453439.54008021 -185 -047
2453439.54359340 -139 -007
2453439.54711065 -194 +015
2453439.55062731 -191 +037
2453439.55413877 -169 -003
2453439.55765023 -173 -048
2453439.56116215 -167 -021
2453474.48598750 -124 -115
2453474.49051169 -105 -118
2453474.49611412 -064 -117
2453474.50171181 -006 -109
2453474.50731192 -148 -103
2453474.51291308 -138 -152
2453474.51851343 +018 -146
2453474.52410891 -218 -092
2453495.36744861 -133 -132
2453495.37230567 -126 -150
2453495.37731979 -036 -101
2453495.38233287 -304 -009
2453495.38734977 -278 +008
2453495.39738935 -207 -142
2453495.40240451 -307 -088
2453497.44189444 +001 -232
2453497.44691215 -048 -211
2453497.45695486 +015 -152
2453497.46700058 +003 -197
2453499.43653113 -054 -123
2453499.44154780 -097 -158
2453499.44657060 -106 -160
2453499.45158472 -090 -113
2453499.45659942 -054 -136
2453499.46162049 -093 -123
2453505.39095764 -075 -130
2453505.40353738 -174 -168
2453505.40855428 -177 -122
2453505.41357778 -115 -150
2453505.41859456 -078 -106
2453505.42360891 -046 -143
2453505.42863113 -081 -101
2453505.43365266 -063 -097
2453881.37534294 -042 -091
2453881.38423750 +055 -045
2453881.38867697 +185 -018
2453881.39311991 +105 +007
2453881.39757153 +216 -123
2453881.40201238 +208 -030
2453881.40646169 +137 +085
2454353.55469836 +025 -158
2454353.55650366 +061 -170
2454353.55832273 +039 -156
2454353.56032289 +046 -169
2454353.56207134 +044 -148
2454353.56390072 +060 -172
2454353.56567638 +053 -166
2454353.56749974 +033 -169
2454353.56923915 +021 -166
2454621.80637684 -079 +056
2454621.81045124 -090 +060
2454972.89199661 +266 +011
2454972.89315912 +253 +013
2454972.89429327 +271 +003
2454972.89545092 +239 +047
2454972.89657419 +247 +011
2454972.89774214 +246 +038
2454974.82385310 +035 -119
2454974.82497799 +003 -109
2454974.82615267 +001 -110
2454974.82729873 -003 -111
2454974.82842419 +033 -126
2454974.82955846 +003 -110
2454974.83070511 +012 -119
2454974.83182560 +025 -118
2454974.83297063 +047 -106
2454974.83413268 +054 -123
2454974.83644508 +063 -145
2454974.83762368 +048 -168
2454974.83878353 +061 -141
2454974.83994140 +051 -156
2454974.84107266 +049 -134
2454974.84219477 +060 -151
2454974.84334177 +026 -153
2454974.84450023 +054 -157
2454974.84565429 +060 -164
2454974.84681472 +048 -169
2450256.62115741 -324 -054
2450256.62865741 -276 -034
2450256.63158565 -241 -031
2450290.65199167 -147 -236
2450290.65288437 -091 -092
2450290.65349780 -123 -106
2450290.65409977 -127 -021
2450290.65470116 -183 -152
2450290.65590521 -124 -057
2450290.65710856 -156 -081
2450290.65771065 -099 -035
2450358.42901620 -019 -033
2450358.46319444 -153 +046
2450358.46401620 -105 +063
2453463.58189456 -045 -074
2453463.58660845 -060 -049
2453463.59073854 -045 -056
2453464.63098611 -112 -044
2453464.63319433 -114 -050
2453464.63477836 -084 -056
2453464.63637315 -124 -046
2453464.63795718 -081 -040
2453464.63954201 -096 -040
2453464.64271273 -097 -063
2453464.64429676 -094 -050
2453464.64588264 -085 -033
2454331.52455891 +036 -066
2454331.52481644 -018 -160
2454331.52558704 +014 -113
2454331.52637905 -006 -124
2454331.52663646 +018 -079
2454331.52768403 +000 -067
2454331.52820995 +035 -109
2454331.52899236 -008 -109
2454331.52925972 +007 -094
2454331.52977442 +017 -116
2454331.53003183 -031 -139
2454331.53134873 +018 -149
2454331.53186007 +007 -115
2454331.53211481 -010 -090
2454331.53238206 -008 -144
2454331.53344109 +056 -076
2454331.53422789 +019 -091
2454331.53553403 -024 -130
2454331.53686539 -013 -123
2454331.53978241 +000 -119
2454331.54161829 -011 -138
2454331.54215324 +057 -127
2454331.54373623 +031 -147
2454331.54506748 +061 -083
2454331.54612708 +054 -103
2454331.54718611 +018 -114
2454658.77027141 -137 +089
2454658.77393472 -173 +080
2454658.77572500 -163 +063
2454658.77931308 -129 +094
2454658.78110116 -126 +121
2454658.78473762 -158 +100
2454658.78658854 -122 +113
2454658.78876620 -119 +127
2454658.79055926 -130 +116
2454658.79235266 -126 +139
2454658.79414387 -109 +075
2454658.79593715 -147 +122
2454690.53993079 -022 +147
2454690.54278414 +048 +134
2454690.54421609 -012 +202
2454690.54849109 -004 +100
2454690.55721007 +011 +129
2454690.55863229 +006 +130
2454729.47467292 -029 +115
2454729.47586447 -053 +111
2454729.47705544 -039 +140
2454729.47824699 -035 +137
2454729.47944815 -076 +113
2454729.48065845 -001 +120
2454729.48185984 +011 +130
2454729.48306053 -040 +147
2454729.48426076 -064 +116
2454729.48545093 -082 +092
2455032.82666968 +083 -107
2455032.82844641 -026 -095
2455032.83021296 +100 -130
2455032.83199028 +058 -150
2456606.74360280 -022 -062
2456606.75843477 -034 -054
2456606.76057490 -022 -062
2456606.76271503 -028 -067
2456606.76485527 -029 -071
2456606.76699539 -038 -070
2451039.60880266 -078 +075
2451039.61998912 -048 +073
2451039.62746678 -030 +082
2451039.63319664 -006 +078
2451039.63762685 +021 +064
2451039.64206123 +021 +072
2451044.41546817 -102 -053
2451044.42175775 -169 +047
2451044.42653576 -100 +045
2451044.43130324 -028 +042
2451044.43608484 -118 +002
2451044.44086632 -112 +075
2451044.44563322 -019 +102
2451044.45040833 -045 -075
2451044.45714387 -024 +024
2451460.60077188 +203 -191
2451460.60660938 +220 -167
2451460.61402222 +102 -189
2451460.62562419 +138 -208
2451460.62889641 +169 -176
2451460.63215856 +188 -177
2451460.63542338 +102 -169
2451460.63868738 +207 -187
2451460.64195301 +144 -182
2451460.64849977 +256 -155
2451463.56840567 -027 -247
2451463.57174977 +028 -184
2451463.57796123 -074 -232
2451463.58476586 +074 -219
2451463.58818727 +108 -183
2451493.46463102 +157 -137
2451493.47037824 +122 -078
2451493.47481574 +159 -107
2451493.47924850 +152 -170
2451493.48369259 +157 -151
2451493.48813102 +189 -121
2451493.49256181 +156 -107
2451513.38859398 +082 -169
2451513.39130926 +080 -200
2451513.39654884 +098 -157
2451513.40039630 +106 -130
2451513.40424016 +080 -145
2451513.40808171 +052 -179
2451513.41192616 +067 -165
2451515.29315359 +068 -140
2451515.29600602 +091 -150
2451515.30205810 +112 -143
2451515.30649537 +118 -143
2451515.31535995 +131 -146
2451515.31980046 +134 -139
2451518.28283981 +161 -119
2451518.28582535 +079 -205
2451518.29072419 +164 -208
2451518.29457014 +107 -194
2451518.29840880 +048 -178
2451518.30225833 +141 -155
2451518.30610139 +109 -192
2451521.26939190 +120 -151
2451521.27624144 +125 -177
2451521.28381736 +120 -147
2451521.33505938 +131 -137
2451876.59493264 +281 +217
2451876.59923924 +290 +077
2451876.60367141 +449 +136
2451876.60810579 +286 +068
2452233.63736157 +006 -150
2452233.64011563 +010 -131
2452233.64338924 +013 -164
2452233.64667338 -017 -146
2452233.64995475 -014 -153
2452233.65323843 -004 -150
2452233.65824896 +021 -155
2452233.66152639 +006 -152
2452233.66480069 -010 -137
2452233.66808380 -017 -156
2452236.53414433 -021 -217
2452236.54303854 -001 -192
2452236.56084456 -011 -192
2452236.56529387 -174 -173
2452236.56974468 +053 -269
2452263.43714062 -007 -224
2452263.44088576 -097 -229
2452263.44463380 -039 -236
2452263.44838252 -036 -223
2452263.45213160 -022 -236
2452263.45587998 -010 -223
2452263.45962870 +006 -220
2452263.46338252 -064 -229
2452263.46712940 +022 -239
2452265.41567627 +099 -269
2452265.41941887 +164 -235
2452265.42316250 -017 -246
2452265.42690521 -035 -231
2452283.52496516 +019 -187
2452283.53269051 -008 -170
2452283.53644421 +000 -174
2452283.54019213 +008 -168
2452283.54394433 +008 -193
2452283.54768993 +049 -195
2452283.55143900 +044 -187
2452283.55518981 +019 -172
2452283.55894664 -004 -181
2452283.56269896 -006 -178
2452313.41060440 +050 -094
2452313.41589282 +042 -160
2452313.41964329 +080 -154
2452313.42339826 +055 -140
2452313.42714780 +017 -154
2452314.51343229 +019 -164
2452314.51893704 +046 -203
2452314.52291863 +091 -153
2452314.52688553 +044 -174
2452314.53085937 +042 -122
2452314.53483715 +028 -166
2452637.55366933 +096 +091
2452637.55752176 +113 +024
2452637.56137187 +077 +086
2452637.56522685 +119 +041
2452637.56908472 +085 +088
2452637.57303495 +123 +061
2452637.57688796 +097 +064
2452669.49192014 +001 +002
2452669.49540567 +117 +082
2452669.50587454 +033 +064
2452669.50972720 -009 +028
2452669.51358252 +060 -073
2453089.33985903 -051 -038
2453089.34736285 -009 -019
2453089.35320509 -055 +011
2453089.35905532 -062 -008
2453089.36490486 -091 +005
2453089.37074572 -070 -034
2453089.37657836 -095 -057
2453089.38240208 -065 -073
2453089.38824595 +001 -059
2453089.39408796 -143 -001
2453119.38709896 +153 -092
2453119.39439479 +013 -056
2453119.39884653 -016 -071
2453119.40329086 +163 -085
2453119.40774421 +033 -071
2453119.41219097 +055 +003
2453119.41663657 +111 -035
2453119.42108738 -003 -062
2453119.42553854 -079 -006
2453437.63321933 -072 -059
2453437.63685336 -161 +015
2453437.64048565 -119 -041
2453437.64411088 -087 -123
2453437.64774398 -179 -098
2453437.65137778 -145 -051
2453437.65501181 -294 -063
2453437.65864294 -233 -064
2453439.52603171 -131 -095
2453439.52954549 -176 -069
2453439.53305521 -197 +003
2453439.53657268 -163 -029
2453439.54008021 -185 -047
2453439.54359340 -139 -007
2453439.54711065 -194 +015
2453439.55062731 -191 +037
2453439.55413877 -169 -003
2453439.55765023 -173 -048
2453439.56116215 -167 -021
2453474.48598750 -124 -115
2453474.49051169 -105 -118
2453474.49611412 -064 -117
2453474.50171181 -006 -109
2453474.50731192 -148 -103
2453474.51291308 -138 -152
2453474.51851343 +018 -146
2453474.52410891 -218 -092
2453495.36744861 -133 -132
2453495.37230567 -126 -150
2453495.37731979 -036 -101
2453495.38233287 -304 -009
2453495.38734977 -278 +008
2453495.39738935 -207 -142
2453495.40240451 -307 -088
2453497.44189444 +001 -232
2453497.44691215 -048 -211
2453497.45695486 +015 -152
2453497.46700058 +003 -197
2453499.43653113 -054 -123
2453499.44154780 -097 -158
2453499.44657060 -106 -160
2453499.45158472 -090 -113
2453499.45659942 -054 -136
2453499.46162049 -093 -123
2453505.39095764 -075 -130
2453505.40353738 -174 -168
2453505.40855428 -177 -122
2453505.41357778 -115 -150
2453505.41859456 -078 -106
2453505.42360891 -046 -143
2453505.42863113 -081 -101
2453505.43365266 -063 -097
2453881.37534294 -042 -091
2453881.38423750 +055 -045
2453881.38867697 +185 -018
2453881.39311991 +105 +007
2453881.39757153 +216 -123
2453881.40201238 +208 -030
2453881.40646169 +137 +085
2454353.55469836 +025 -158
2454353.55650366 +061 -170
2454353.55832273 +039 -156
2454353.56032289 +046 -169
2454353.56207134 +044 -148
2454353.56390072 +060 -172
2454353.56567638 +053 -166
2454353.56749974 +033 -169
2454353.56923915 +021 -166
2454621.80637684 -079 +056
2454621.81045124 -090 +060
2454972.89199661 +266 +011
2454972.89315912 +253 +013
2454972.89429327 +271 +003
2454972.89545092 +239 +047
2454972.89657419 +247 +011
2454972.89774214 +246 +038
2454974.82385310 +035 -119
2454974.82497799 +003 -109
2454974.82615267 +001 -110
2454974.82729873 -003 -111
2454974.82842419 +033 -126
2454974.82955846 +003 -110
2454974.83070511 +012 -119
2454974.83182560 +025 -118
2454974.83297063 +047 -106
2454974.83413268 +054 -123
2454974.83644508 +063 -145
2454974.83762368 +048 -168
2454974.83878353 +061 -141
2454974.83994140 +051 -156
2454974.84107266 +049 -134
2454974.84219477 +060 -151
2454974.84334177 +026 -153
2454974.84450023 +054 -157
2454974.84565429 +060 -164
2454974.84681472 +048 -169
2450256.62115741 -324 -054
2450256.62865741 -276 -034
2450256.63158565 -241 -031
2450290.65199167 -147 -236
2450290.65288437 -091 -092
2450290.65349780 -123 -106
2450290.65409977 -127 -021
2450290.65470116 -183 -152
2450290.65590521 -124 -057
2450290.65710856 -156 -081
2450290.65771065 -099 -035
2450358.42901620 -019 -033
2450358.46319444 -153 +046
2450358.46401620 -105 +063
2453463.58189456 -045 -074
2453463.58660845 -060 -049
2453463.59073854 -045 -056
2453464.63098611 -112 -044
2453464.63319433 -114 -050
2453464.63477836 -084 -056
2453464.63637315 -124 -046
2453464.63795718 -081 -040
2453464.63954201 -096 -040
2453464.64271273 -097 -063
2453464.64429676 -094 -050
2453464.64588264 -085 -033
2454331.52455891 +036 -066
2454331.52481644 -018 -160
2454331.52558704 +014 -113
2454331.52637905 -006 -124
2454331.52663646 +018 -079
2454331.52768403 +000 -067
2454331.52820995 +035 -109
2454331.52899236 -008 -109
2454331.52925972 +007 -094
2454331.52977442 +017 -116
2454331.53003183 -031 -139
2454331.53134873 +018 -149
2454331.53186007 +007 -115
2454331.53211481 -010 -090
2454331.53238206 -008 -144
2454331.53344109 +056 -076
2454331.53422789 +019 -091
2454331.53553403 -024 -130
2454331.53686539 -013 -123
2454331.53978241 +000 -119
2454331.54161829 -011 -138
2454331.54215324 +057 -127
2454331.54373623 +031 -147
2454331.54506748 +061 -083
2454331.54612708 +054 -103
2454331.54718611 +018 -114
2454658.77027141 -137 +089
2454658.77393472 -173 +080
2454658.77572500 -163 +063
2454658.77931308 -129 +094
2454658.78110116 -126 +121
2454658.78473762 -158 +100
2454658.78658854 -122 +113
2454658.78876620 -119 +127
2454658.79055926 -130 +116
2454658.79235266 -126 +139
2454658.79414387 -109 +075
2454658.79593715 -147 +122
2454690.53993079 -022 +147
2454690.54278414 +048 +134
2454690.54421609 -012 +202
2454690.54849109 -004 +100
2454690.55721007 +011 +129
2454690.55863229 +006 +130
2454729.47467292 -029 +115
2454729.47586447 -053 +111
2454729.47705544 -039 +140
2454729.47824699 -035 +137
2454729.47944815 -076 +113
2454729.48065845 -001 +120
2454729.48185984 +011 +130
2454729.48306053 -040 +147
2454729.48426076 -064 +116
2454729.48545093 -082 +092
2455032.82666968 +083 -107
2455032.82844641 -026 -095
2455032.83021296 +100 -130
2455032.83199028 +058 -150
2456606.74360280 -022 -062
2456606.75843477 -034 -054
2456606.76057490 -022 -062
2456606.76271503 -028 -067
2456606.76485527 -029 -071
2456606.76699539 -038 -070
2451039.60880266 -078 +075
2451039.61998912 -048 +073
2451039.62746678 -030 +082
2451039.63319664 -006 +078
2451039.63762685 +021 +064
2451039.64206123 +021 +072
2451044.41546817 -102 -053
2451044.42175775 -169 +047
2451044.42653576 -100 +045
2451044.43130324 -028 +042
2451044.43608484 -118 +002
2451044.44086632 -112 +075
2451044.44563322 -019 +102
2451044.45040833 -045 -075
2451044.45714387 -024 +024
2451460.60077188 +203 -191
2451460.60660938 +220 -167
2451460.61402222 +102 -189
2451460.62562419 +138 -208
2451460.62889641 +169 -176
2451460.63215856 +188 -177
2451460.63542338 +102 -169
2451460.63868738 +207 -187
2451460.64195301 +144 -182
2451460.64849977 +256 -155
2451463.56840567 -027 -247
2451463.57174977 +028 -184
2451463.57796123 -074 -232
2451463.58476586 +074 -219
2451463.58818727 +108 -183
2451493.46463102 +157 -137
2451493.47037824 +122 -078
2451493.47481574 +159 -107
2451493.47924850 +152 -170
2451493.48369259 +157 -151
2451493.48813102 +189 -121
2451493.49256181 +156 -107
2451513.38859398 +082 -169
2451513.39130926 +080 -200
2451513.39654884 +098 -157
2451513.40039630 +106 -130
2451513.40424016 +080 -145
2451513.40808171 +052 -179
2451513.41192616 +067 -165
2451515.29315359 +068 -140
2451515.29600602 +091 -150
2451515.30205810 +112 -143
2451515.30649537 +118 -143
2451515.31535995 +131 -146
2451515.31980046 +134 -139
2451518.28283981 +161 -119
2451518.28582535 +079 -205
2451518.29072419 +164 -208
2451518.29457014 +107 -194
2451518.29840880 +048 -178
2451518.30225833 +141 -155
2451518.30610139 +109 -192
2451521.26939190 +120 -151
2451521.27624144 +125 -177
2451521.28381736 +120 -147
2451521.33505938 +131 -137
2451876.59493264 +281 +217
2451876.59923924 +290 +077
2451876.60367141 +449 +136
2451876.60810579 +286 +068
2452233.63736157 +006 -150
2452233.64011563 +010 -131
2452233.64338924 +013 -164
2452233.64667338 -017 -146
2452233.64995475 -014 -153
2452233.65323843 -004 -150
2452233.65824896 +021 -155
2452233.66152639 +006 -152
2452233.66480069 -010 -137
2452233.66808380 -017 -156
2452236.53414433 -021 -217
2452236.54303854 -001 -192
2452236.56084456 -011 -192
2452236.56529387 -174 -173
2452236.56974468 +053 -269
2452263.43714062 -007 -224
2452263.44088576 -097 -229
2452263.44463380 -039 -236
2452263.44838252 -036 -223
2452263.45213160 -022 -236
2452263.45587998 -010 -223
2452263.45962870 +006 -220
2452263.46338252 -064 -229
2452263.46712940 +022 -239
2452265.41567627 +099 -269
2452265.41941887 +164 -235
2452265.42316250 -017 -246
2452265.42690521 -035 -231
2452283.52496516 +019 -187
2452283.53269051 -008 -170
2452283.53644421 +000 -174
2452283.54019213 +008 -168
2452283.54394433 +008 -193
2452283.54768993 +049 -195
2452283.55143900 +044 -187
2452283.55518981 +019 -172
2452283.55894664 -004 -181
2452283.56269896 -006 -178
2452313.41060440 +050 -094
2452313.41589282 +042 -160
2452313.41964329 +080 -154
2452313.42339826 +055 -140
2452313.42714780 +017 -154
2452314.51343229 +019 -164
2452314.51893704 +046 -203
2452314.52291863 +091 -153
2452314.52688553 +044 -174
2452314.53085937 +042 -122
2452314.53483715 +028 -166
2452637.55366933 +096 +091
2452637.55752176 +113 +024
2452637.56137187 +077 +086
2452637.56522685 +119 +041
2452637.56908472 +085 +088
2452637.57303495 +123 +061
2452637.57688796 +097 +064
2452669.49192014 +001 +002
2452669.49540567 +117 +082
2452669.50587454 +033 +064
2452669.50972720 -009 +028
2452669.51358252 +060 -073
2453089.33985903 -051 -038
2453089.34736285 -009 -019
2453089.35320509 -055 +011
2453089.35905532 -062 -008
2453089.36490486 -091 +005
2453089.37074572 -070 -034
2453089.37657836 -095 -057
2453089.38240208 -065 -073
2453089.38824595 +001 -059
2453089.39408796 -143 -001
2453119.38709896 +153 -092
2453119.39439479 +013 -056
2453119.39884653 -016 -071
2453119.40329086 +163 -085
2453119.40774421 +033 -071
2453119.41219097 +055 +003
2453119.41663657 +111 -035
2453119.42108738 -003 -062
2453119.42553854 -079 -006
2453437.63321933 -072 -059
2453437.63685336 -161 +015
2453437.64048565 -119 -041
2453437.64411088 -087 -123
2453437.64774398 -179 -098
2453437.65137778 -145 -051
2453437.65501181 -294 -063
2453437.65864294 -233 -064
2453439.52603171 -131 -095
2453439.52954549 -176 -069
2453439.53305521 -197 +003
2453439.53657268 -163 -029
2453439.54008021 -185 -047
2453439.54359340 -139 -007
2453439.54711065 -194 +015
2453439.55062731 -191 +037
2453439.55413877 -169 -003
2453439.55765023 -173 -048
2453439.56116215 -167 -021
2453474.48598750 -124 -115
2453474.49051169 -105 -118
2453474.49611412 -064 -117
2453474.50171181 -006 -109
2453474.50731192 -148 -103
2453474.51291308 -138 -152
2453474.51851343 +018 -146
2453474.52410891 -218 -092
2453495.36744861 -133 -132
2453495.37230567 -126 -150
2453495.37731979 -036 -101
2453495.38233287 -304 -009
2453495.38734977 -278 +008
2453495.39738935 -207 -142
2453495.40240451 -307 -088
2453497.44189444 +001 -232
2453497.44691215 -048 -211
2453497.45695486 +015 -152
2453497.46700058 +003 -197
2453499.43653113 -054 -123
2453499.44154780 -097 -158
2453499.44657060 -106 -160
2453499.45158472 -090 -113
2453499.45659942 -054 -136
2453499.46162049 -093 -123
2453505.39095764 -075 -130
2453505.40353738 -174 -168
2453505.40855428 -177 -122
2453505.41357778 -115 -150
2453505.41859456 -078 -106
2453505.42360891 -046 -143
2453505.42863113 -081 -101
2453505.43365266 -063 -097
2453881.37534294 -042 -091
2453881.38423750 +055 -045
2453881.38867697 +185 -018
2453881.39311991 +105 +007
2453881.39757153 +216 -123
2453881.40201238 +208 -030
2453881.40646169 +137 +085
2454353.55469836 +025 -158
2454353.55650366 +061 -170
2454353.55832273 +039 -156
2454353.56032289 +046 -169
2454353.56207134 +044 -148
2454353.56390072 +060 -172
2454353.56567638 +053 -166
2454353.56749974 +033 -169
2454353.56923915 +021 -166
2454621.80637684 -079 +056
2454621.81045124 -090 +060
2454972.89199661 +266 +011
2454972.89315912 +253 +013
2454972.89429327 +271 +003
2454972.89545092 +239 +047
2454972.89657419 +247 +011
2454972.89774214 +246 +038
2454974.82385310 +035 -119
2454974.82497799 +003 -109
2454974.82615267 +001 -110
2454974.82729873 -003 -111
2454974.82842419 +033 -126
2454974.82955846 +003 -110
2454974.83070511 +012 -119
2454974.83182560 +025 -118
2454974.83297063 +047 -106
2454974.83413268 +054 -123
2454974.83644508 +063 -145
2454974.83762368 +048 -168
2454974.83878353 +061 -141
2454974.83994140 +051 -156
2454974.84107266 +049 -134
2454974.84219477 +060 -151
2454974.84334177 +026 -153
2454974.84450023 +054 -157
2454974.84565429 +060 -164
2454974.84681472 +048 -169
2450256.62115741 -324 -054
2450256.62865741 -276 -034
2450256.63158565 -241 -031
2450290.65199167 -147 -236
2450290.65288437 -091 -092
2450290.65349780 -123 -106
2450290.65409977 -127 -021
2450290.65470116 -183 -152
2450290.65590521 -124 -057
2450290.65710856 -156 -081
2450290.65771065 -099 -035
2450358.42901620 -019 -033
2450358.46319444 -153 +046
2450358.46401620 -105 +063
2453463.58189456 -045 -074
2453463.58660845 -060 -049
2453463.59073854 -045 -056
2453464.63098611 -112 -044
2453464.63319433 -114 -050
2453464.63477836 -084 -056
2453464.63637315 -124 -046
2453464.63795718 -081 -040
2453464.63954201 -096 -040
2453464.64271273 -097 -063
2453464.64429676 -094 -050
2453464.64588264 -085 -033
2454331.52455891 +036 -066
2454331.52481644 -018 -160
2454331.52558704 +014 -113
2454331.52637905 -006 -124
2454331.52663646 +018 -079
2454331.52768403 +000 -067
2454331.52820995 +035 -109
2454331.52899236 -008 -109
2454331.52925972 +007 -094
2454331.52977442 +017 -116
2454331.53003183 -031 -139
2454331.53134873 +018 -149
2454331.53186007 +007 -115
2454331.53211481 -010 -090
2454331.53238206 -008 -144
2454331.53344109 +056 -076
2454331.53422789 +019 -091
2454331.53553403 -024 -130
2454331.53686539 -013 -123
2454331.53978241 +000 -119
2454331.54161829 -011 -138
2454331.54215324 +057 -127
2454331.54373623 +031 -147
2454331.54506748 +061 -083
2454331.54612708 +054 -103
2454331.54718611 +018 -114
2454658.77027141 -137 +089
2454658.77393472 -173 +080
2454658.77572500 -163 +063
2454658.77931308 -129 +094
2454658.78110116 -126 +121
2454658.78473762 -158 +100
2454658.78658854 -122 +113
2454658.78876620 -119 +127
2454658.79055926 -130 +116
2454658.79235266 -126 +139
2454658.79414387 -109 +075
2454658.79593715 -147 +122
2454690.53993079 -022 +147
2454690.54278414 +048 +134
2454690.54421609 -012 +202
2454690.54849109 -004 +100
2454690.55721007 +011 +129
2454690.55863229 +006 +130
2454729.47467292 -029 +115
2454729.47586447 -053 +111
2454729.47705544 -039 +140
2454729.47824699 -035 +137
2454729.47944815 -076 +113
2454729.48065845 -001 +120
2454729.48185984 +011 +130
2454729.48306053 -040 +147
2454729.48426076 -064 +116
2454729.48545093 -082 +092
2455032.82666968 +083 -107
2455032.82844641 -026 -095
2455032.83021296 +100 -130
2455032.83199028 +058 -150
2456606.74360280 -022 -062
2456606.75843477 -034 -054
2456606.76057490 -022 -062
2456606.76271503 -028 -067
2456606.76485527 -029 -071
2456606.76699539 -038 -070
2451039.60880266 -078 +075
2451039.61998912 -048 +073
2451039.62746678 -030 +082
2451039.63319664 -006 +078
2451039.63762685 +021 +064
2451039.64206123 +021 +072
2451044.41546817 -102 -053
2451044.42175775 -169 +047
2451044.42653576 -100 +045
2451044.43130324 -028 +042
2451044.43608484 -118 +002
2451044.44086632 -112 +075
2451044.44563322 -019 +102
2451044.45040833 -045 -075
2451044.45714387 -024 +024
2451460.60077188 +203 -191
2451460.60660938 +220 -167
2451460.61402222 +102 -189
2451460.62562419 +138 -208
2451460.62889641 +169 -176
2451460.63215856 +188 -177
2451460.63542338 +102 -169
2451460.63868738 +207 -187
2451460.64195301 +144 -182
2451460.64849977 +256 -155
2451463.56840567 -027 -247
2451463.57174977 +028 -184
2451463.57796123 -074 -232
2451463.58476586 +074 -219
2451463.58818727 +108 -183
2451493.46463102 +157 -137
2451493.47037824 +122 -078
2451493.47481574 +159 -107
2451493.47924850 +152 -170
2451493.48369259 +157 -151
2451493.48813102 +189 -121
2451493.49256181 +156 -107
2451513.38859398 +082 -169
2451513.39130926 +080 -200
2451513.39654884 +098 -157
2451513.40039630 +106 -130
2451513.40424016 +080 -145
2451513.40808171 +052 -179
2451513.41192616 +067 -165
2451515.29315359 +068 -140
2451515.29600602 +091 -150
2451515.30205810 +112 -143
2451515.30649537 +118 -143
2451515.31535995 +131 -146
2451515.31980046 +134 -139
2451518.28283981 +161 -119
2451518.28582535 +079 -205
2451518.29072419 +164 -208
2451518.29457014 +107 -194
2451518.29840880 +048 -178
2451518.30225833 +141 -155
2451518.30610139 +109 -192
2451521.26939190 +120 -151
2451521.27624144 +125 -177
2451521.28381736 +120 -147
2451521.33505938 +131 -137
2451876.59493264 +281 +217
2451876.59923924 +290 +077
2451876.60367141 +449 +136
2451876.60810579 +286 +068
2452233.63736157 +006 -150
2452233.64011563 +010 -131
2452233.64338924 +013 -164
2452233.64667338 -017 -146
2452233.64995475 -014 -153
2452233.65323843 -004 -150
2452233.65824896 +021 -155
2452233.66152639 +006 -152
2452233.66480069 -010 -137
2452233.66808380 -017 -156
2452236.53414433 -021 -217
2452236.54303854 -001 -192
2452236.56084456 -011 -192
2452236.56529387 -174 -173
2452236.56974468 +053 -269
2452263.43714062 -007 -224
2452263.44088576 -097 -229
2452263.44463380 -039 -236
2452263.44838252 -036 -223
2452263.45213160 -022 -236
2452263.45587998 -010 -223
2452263.45962870 +006 -220
2452263.46338252 -064 -229
2452263.46712940 +022 -239
2452265.41567627 +099 -269
2452265.41941887 +164 -235
2452265.42316250 -017 -246
2452265.42690521 -035 -231
2452283.52496516 +019 -187
2452283.53269051 -008 -170
2452283.53644421 +000 -174
2452283.54019213 +008 -168
2452283.54394433 +008 -193
2452283.54768993 +049 -195
2452283.55143900 +044 -187
2452283.55518981 +019 -172
2452283.55894664 -004 -181
2452283.56269896 -006 -178
2452313.41060440 +050 -094
2452313.41589282 +042 -160
2452313.41964329 +080 -154
2452313.42339826 +055 -140
2452313.42714780 +017 -154
2452314.51343229 +019 -164
2452314.51893704 +046 -203
2452314.52291863 +091 -153
2452314.52688553 +044 -174
2452314.53085937 +042 -122
2452314.53483715 +028 -166
2452637.55366933 +096 +091
2452637.55752176 +113 +024
2452637.56137187 +077 +086
2452637.56522685 +119 +041
2452637.56908472 +085 +088
2452637.57303495 +123 +061
2452637.57688796 +097 +064
2452669.49192014 +001 +002
2452669.49540567 +117 +082
2452669.50587454 +033 +064
2452669.50972720 -009 +028
2452669.51358252 +060 -073
2453089.33985903 -051 -038
2453089.34736285 -009 -019
2453089.35320509 -055 +011
2453089.35905532 -062 -008
2453089.36490486 -091 +005
2453089.37074572 -070 -034
2453089.37657836 -095 -057
2453089.38240208 -065 -073
2453089.38824595 +001 -059
2453089.39408796 -143 -001
2453119.38709896 +153 -092
2453119.39439479 +013 -056
2453119.39884653 -016 -071
2453119.40329086 +163 -085
2453119.40774421 +033 -071
2453119.41219097 +055 +003
2453119.41663657 +111 -035
2453119.42108738 -003 -062
2453119.42553854 -079 -006
2453437.63321933 -072 -059
2453437.63685336 -161 +015
2453437.64048565 -119 -041
2453437.64411088 -087 -123
2453437.64774398 -179 -098
2453437.65137778 -145 -051
2453437.65501181 -294 -063
2453437.65864294 -233 -064
2453439.52603171 -131 -095
2453439.52954549 -176 -069
2453439.53305521 -197 +003
2453439.53657268 -163 -029
2453439.54008021 -185 -047
2453439.54359340 -139 -007
2453439.54711065 -194 +015
2453439.55062731 -191 +037
2453439.55413877 -169 -003
2453439.55765023 -173 -048
2453439.56116215 -167 -021
2453474.48598750 -124 -115
2453474.49051169 -105 -118
2453474.49611412 -064 -117
2453474.50171181 -006 -109
2453474.50731192 -148 -103
2453474.51291308 -138 -152
2453474.51851343 +018 -146
2453474.52410891 -218 -092
2453495.36744861 -133 -132
2453495.37230567 -126 -150
2453495.37731979 -036 -101
2453495.38233287 -304 -009
2453495.38734977 -278 +008
2453495.39738935 -207 -142
2453495.40240451 -307 -088
2453497.44189444 +001 -232
2453497.44691215 -048 -211
2453497.45695486 +015 -152
2453497.46700058 +003 -197
2453499.43653113 -054 -123
2453499.44154780 -097 -158
2453499.44657060 -106 -160
2453499.45158472 -090 -113
2453499.45659942 -054 -136
2453499.46162049 -093 -123
2453505.39095764 -075 -130
2453505.40353738 -174 -168
2453505.40855428 -177 -122
2453505.41357778 -115 -150
2453505.41859456 -078 -106
2453505.42360891 -046 -143
2453505.42863113 -081 -101
2453505.43365266 -063 -097
2453881.37534294 -042 -091
2453881.38423750 +055 -045
2453881.38867697 +185 -018
2453881.39311991 +105 +007
2453881.39757153 +216 -123
2453881.40201238 +208 -030
2453881.40646169 +137 +085
2454353.55469836 +025 -158
2454353.55650366 +061 -170
2454353.55832273 +039 -156
2454353.56032289 +046 -169
2454353.56207134 +044 -148
2454353.56390072 +060 -172
2454353.56567638 +053 -166
2454353.56749974 +033 -169
2454353.56923915 +021 -166
2454621.80637684 -079 +056
2454621.81045124 -090 +060
2454972.89199661 +266 +011
2454972.89315912 +253 +013
2454972.89429327 +271 +003
2454972.89545092 +239 +047
2454972.89657419 +247 +011
2454972.89774214 +246 +038
2454974.82385310 +035 -119
2454974.82497799 +003 -109
2454974.82615267 +001 -110
2454974.82729873 -003 -111
2454974.82842419 +033 -126
2454974.82955846 +003 -110
2454974.83070511 +012 -119
2454974.83182560 +025 -118
2454974.83297063 +047 -106
2454974.83413268 +054 -123
2454974.83644508 +063 -145
2454974.83762368 +048 -168
2454974.83878353 +061 -141
2454974.83994140 +051 -156
2454974.84107266 +049 -134
2454974.84219477 +060 -151
2454974.84334177 +026 -153
2454974.84450023 +054 -157
2454974.84565429 +060 -164
2454974.84681472 +048 -169
