2450256.62115741 -190 -019
2450256.62865741 -142 +002
2450256.63158565 -109 +004
2450290.65199167 +037 -241
2450290.65288437 +094 -097
2450290.65349780 +062 -112
2450290.65409977 +058 -027
2450290.65470116 +001 -158
2450290.65590521 +061 -063
2450290.65710856 +029 -087
2450290.65771065 +085 -041
2450358.42901620 +160 -087
2450358.46319444 +025 -008
2450358.46401620 +074 +010
2453463.58189456 +063 -012
2453463.58660845 +048 +013
2453463.59073854 +063 +006
2453464.63098611 -004 +019
2453464.63319433 -006 +013
2453464.63477836 +024 +007
2453464.63637315 -016 +016
2453464.63795718 +027 +023
2453464.63954201 +012 +023
2453464.64271273 +009 +000
2453464.64429676 +013 +013
2453464.64588264 +021 +030
2454331.52455891 +078 +092
2454331.52481644 +024 -002
2454331.52558704 +057 +045
2454331.52637905 +036 +034
2454331.52663646 +060 +079
2454331.52768403 +042 +091
2454331.52820995 +076 +049
2454331.52899236 +035 +049
2454331.52925972 +049 +064
2454331.52977442 +058 +042
2454331.53003183 +011 +019
2454331.53134873 +060 +009
2454331.53186007 +049 +043
2454331.53211481 +032 +068
2454331.53238206 +035 +014
2454331.53344109 +097 +082
2454331.53422789 +061 +067
2454331.53553403 +018 +028
2454331.53686539 +029 +035
2454331.53978241 +042 +039
2454331.54161829 +031 +020
2454331.54215324 +099 +031
2454331.54373623 +072 +011
2454331.54506748 +103 +075
2454331.54612708 +096 +055
2454331.54718611 +060 +044
2454658.77027141 -050 -004
2454658.77393472 -086 -013
2454658.77572500 -075 -031
2454658.77931308 -042 +000
2454658.78110116 -037 +027
2454658.78473762 -071 +006
2454658.78658854 -035 +019
2454658.78876620 -032 +033
2454658.79055926 -043 +022
2454658.79235266 -037 +045
2454658.79414387 -022 -019
2454658.79593715 -060 +028
2454690.53993079 +077 +036
2454690.54278414 +148 +023
2454690.54421609 +087 +091
2454690.54849109 +094 -011
2454690.55721007 +109 +019
2454690.55863229 +105 +019
2454729.47467292 +070 +014
2454729.47586447 +047 +011
2454729.47705544 +061 +039
2454729.47824699 +065 +036
2454729.47944815 +023 +013
2454729.48065845 +098 +020
2454729.48185984 +111 +030
2454729.48306053 +059 +046
2454729.48426076 +036 +015
2454729.48545093 +018 -009
2455032.82666968 -039 +052
2455032.82844641 -148 +064
2455032.83021296 -020 +029
2455032.83199028 -064 +008
2456606.74360280 +029 +032
2456606.75843477 +018 +040
2456606.76057490 +029 +032
2456606.76271503 +025 +027
2456606.76485527 +024 +023
2456606.76699539 +014 +024
2451039.60880266 -048 +045
2451039.61998912 -018 +043
2451039.62746678 +000 +052
2451039.63319664 +024 +049
2451039.63762685 +051 +034
2451039.64206123 +052 +042
2451044.41546817 -072 -089
2451044.42175775 -139 +011
2451044.42653576 -070 +010
2451044.43130324 +000 +006
2451044.43608484 -088 -033
2451044.44086632 -082 +039
2451044.44563322 +010 +066
2451044.45040833 -015 -111
2451044.45714387 +006 -012
2451460.60077188 +081 -006
2451460.60660938 +099 +019
2451460.61402222 -019 -004
2451460.62562419 +016 -022
2451460.62889641 +047 +009
2451460.63215856 +067 +009
2451460.63542338 -019 +016
2451460.63868738 +086 -002
2451460.64195301 +024 +004
2451460.64849977 +136 +030
2451463.56840567 -149 -060
2451463.57174977 -093 +002
2451463.57796123 -195 -046
2451463.58476586 -047 -032
2451463.58818727 -013 +003
2451493.46463102 +031 +047
2451493.47037824 -004 +106
2451493.47481574 +034 +077
2451493.47924850 +025 +014
2451493.48369259 +031 +033
2451493.48813102 +064 +063
2451493.49256181 +031 +077
2451513.38859398 -037 +003
2451513.39130926 -039 -028
2451513.39654884 -022 +016
2451513.40039630 -013 +043
2451513.40424016 -040 +028
2451513.40808171 -067 -007
2451513.41192616 -052 +007
2451515.29315359 -051 +031
2451515.29600602 -028 +021
2451515.30205810 -007 +028
2451515.30649537 +000 +028
2451515.31535995 +012 +025
2451515.31980046 +015 +033
2451518.28283981 +043 +050
2451518.28582535 -039 -037
2451518.29072419 +046 -039
2451518.29457014 -010 -025
2451518.29840880 -070 -009
2451518.30225833 +024 +014
2451518.30610139 -009 -023
2451521.26939190 +004 +015
2451521.27624144 +009 -010
2451521.28381736 +004 +019
2451521.33505938 +015 +030
2451876.59493264 +095 +089
2451876.59923924 +104 -051
2451876.60367141 +262 +008
2451876.60810579 +100 -059
2452233.63736157 +045 +025
2452233.64011563 +049 +044
2452233.64338924 +052 +011
2452233.64667338 +022 +029
2452233.64995475 +025 +023
2452233.65323843 +035 +026
2452233.65824896 +060 +020
2452233.66152639 +045 +023
2452233.66480069 +029 +038
2452233.66808380 +022 +019
2452236.53414433 +018 -042
2452236.54303854 +038 -017
2452236.56084456 +026 -016
2452236.56529387 -136 +002
2452236.56974468 +092 -094
2452263.43714062 +024 -055
2452263.44088576 -067 -060
2452263.44463380 -008 -067
2452263.44838252 -004 -054
2452263.45213160 +008 -067
2452263.45587998 +022 -055
2452263.45962870 +036 -052
2452263.46338252 -033 -061
2452263.46712940 +053 -071
2452265.41567627 +128 -101
2452265.41941887 +193 -067
2452265.42316250 +014 -078
2452265.42690521 -004 -063
2452283.52496516 +043 -034
2452283.53269051 +014 -016
2452283.53644421 +022 -020
2452283.54019213 +031 -014
2452283.54394433 +031 -040
2452283.54768993 +071 -041
2452283.55143900 +067 -033
2452283.55518981 +042 -018
2452283.55894664 +018 -027
2452283.56269896 +017 -024
2452313.41060440 +061 +026
2452313.41589282 +051 -040
2452313.41964329 +090 -035
2452313.42339826 +065 -020
2452313.42714780 +028 -035
2452314.51343229 +030 -046
2452314.51893704 +057 -085
2452314.52291863 +102 -035
2452314.52688553 +055 -056
2452314.53085937 +053 -004
2452314.53483715 +037 -048
2452637.55366933 +064 +063
2452637.55752176 +082 -005
2452637.56137187 +046 +057
2452637.56522685 +087 +013
2452637.56908472 +053 +059
2452637.57303495 +090 +032
2452637.57688796 +066 +035
2452669.49192014 -011 +016
2452669.49540567 +105 +096
2452669.50587454 +020 +078
2452669.50972720 -021 +042
2452669.51358252 +047 -059
2453089.33985903 -028 +028
2453089.34736285 +015 +046
2453089.35320509 -031 +077
2453089.35905532 -040 +058
2453089.36490486 -068 +070
2453089.37074572 -048 +032
2453089.37657836 -073 +008
2453089.38240208 -042 -008
2453089.38824595 +025 +006
2453089.39408796 -120 +064
2453119.38709896 +148 -052
2453119.39439479 +010 -017
2453119.39884653 -019 -032
2453119.40329086 +159 -046
2453119.40774421 +030 -032
2453119.41219097 +050 +043
2453119.41663657 +108 +004
2453119.42108738 -006 -023
2453119.42553854 -083 +033
2453437.63321933 +030 -027
2453437.63685336 -060 +047
2453437.64048565 -019 -009
2453437.64411088 +013 -091
2453437.64774398 -078 -066
2453437.65137778 -045 -019
2453437.65501181 -194 -031
2453437.65864294 -133 -032
2453439.52603171 -030 -060
2453439.52954549 -075 -034
2453439.53305521 -096 +038
2453439.53657268 -061 +006
2453439.54008021 -084 -012
2453439.54359340 -037 +027
2453439.54711065 -093 +049
2453439.55062731 -090 +071
2453439.55413877 -067 +032
2453439.55765023 -072 -014
2453439.56116215 -066 +013
2453474.48598750 -015 -042
2453474.49051169 +004 -046
2453474.49611412 +043 -044
2453474.50171181 +102 -037
2453474.50731192 -040 -030
2453474.51291308 -028 -079
2453474.51851343 +127 -073
2453474.52410891 -109 -019
2453495.36744861 -024 -043
2453495.37230567 -016 -061
2453495.37731979 +072 -012
2453495.38233287 -195 +080
2453495.38734977 -169 +097
2453495.39738935 -097 -053
2453495.40240451 -199 +001
2453497.44189444 +111 -142
2453497.44691215 +060 -120
2453497.45695486 +124 -062
2453497.46700058 +112 -107
2453499.43653113 +055 -031
2453499.44154780 +012 -066
2453499.44657060 +001 -068
2453499.45158472 +019 -021
2453499.45659942 +054 -044
2453499.46162049 +016 -031
2453505.39095764 +033 -035
2453505.40353738 -066 -073
2453505.40855428 -069 -027
2453505.41357778 -006 -055
2453505.41859456 +031 -011
2453505.42360891 +063 -048
2453505.42863113 +027 -006
2453505.43365266 +045 -002
2453881.37534294 -051 -116
2453881.38423750 +047 -070
2453881.38867697 +176 -042
2453881.39311991 +096 -018
2453881.39757153 +207 -148
2453881.40201238 +200 -054
2453881.40646169 +128 +060
2454353.55469836 +062 -012
2454353.55650366 +100 -024
2454353.55832273 +076 -010
2454353.56032289 +083 -022
2454353.56207134 +082 -002
2454353.56390072 +097 -026
2454353.56567638 +090 -020
2454353.56749974 +072 -023
2454353.56923915 +058 -020
2454621.80637684 -017 +001
2454621.81045124 -026 +004
2454972.89199661 +163 +129
2454972.89315912 +151 +131
2454972.89429327 +169 +121
2454972.89545092 +135 +165
2454972.89657419 +146 +129
2454972.89774214 +144 +156
2454974.82385310 -068 +000
2454974.82497799 -100 +010
2454974.82615267 -102 +010
2454974.82729873 -106 +008
2454974.82842419 -070 -006
2454974.82955846 -100 +010
2454974.83070511 -090 +000
2454974.83182560 -079 +002
2454974.83297063 -057 +013
2454974.83413268 -049 -004
2454974.83644508 -041 -025
2454974.83762368 -055 -049
2454974.83878353 -042 -022
2454974.83994140 -051 -037
2454974.84107266 -054 -014
2454974.84219477 -044 -032
2454974.84334177 -077 -034
2454974.84450023 -049 -038
2454974.84565429 -044 -044
2454974.84681472 -055 -049
2450256.62115741 -190 -019
2450256.62865741 -142 +002
2450256.63158565 -109 +004
2450290.65199167 +037 -241
2450290.65288437 +094 -097
2450290.65349780 +062 -112
2450290.65409977 +058 -027
2450290.65470116 +001 -158
2450290.65590521 +061 -063
2450290.65710856 +029 -087
2450290.65771065 +085 -041
2450358.42901620 +160 -087
2450358.46319444 +025 -008
2450358.46401620 +074 +010
2453463.58189456 +063 -012
2453463.58660845 +048 +013
2453463.59073854 +063 +006
2453464.63098611 -004 +019
2453464.63319433 -006 +013
2453464.63477836 +024 +007
2453464.63637315 -016 +016
2453464.63795718 +027 +023
2453464.63954201 +012 +023
2453464.64271273 +009 +000
2453464.64429676 +013 +013
2453464.64588264 +021 +030
2454331.52455891 +078 +092
2454331.52481644 +024 -002
2454331.52558704 +057 +045
2454331.52637905 +036 +034
2454331.52663646 +060 +079
2454331.52768403 +042 +091
2454331.52820995 +076 +049
2454331.52899236 +035 +049
2454331.52925972 +049 +064
2454331.52977442 +058 +042
2454331.53003183 +011 +019
2454331.53134873 +060 +009
2454331.53186007 +049 +043
2454331.53211481 +032 +068
2454331.53238206 +035 +014
2454331.53344109 +097 +082
2454331.53422789 +061 +067
2454331.53553403 +018 +028
2454331.53686539 +029 +035
2454331.53978241 +042 +039
2454331.54161829 +031 +020
2454331.54215324 +099 +031
2454331.54373623 +072 +011
2454331.54506748 +103 +075
2454331.54612708 +096 +055
2454331.54718611 +060 +044
2454658.77027141 -050 -004
2454658.77393472 -086 -013
2454658.77572500 -075 -031
2454658.77931308 -042 +000
2454658.78110116 -037 +027
2454658.78473762 -071 +006
2454658.78658854 -035 +019
2454658.78876620 -032 +033
2454658.79055926 -043 +022
2454658.79235266 -037 +045
2454658.79414387 -022 -019
2454658.79593715 -060 +028
2454690.53993079 +077 +036
2454690.54278414 +148 +023
2454690.54421609 +087 +091
2454690.54849109 +094 -011
2454690.55721007 +109 +019
2454690.55863229 +105 +019
2454729.47467292 +070 +014
2454729.47586447 +047 +011
2454729.47705544 +061 +039
2454729.47824699 +065 +036
2454729.47944815 +023 +013
2454729.48065845 +098 +020
2454729.48185984 +111 +030
2454729.48306053 +059 +046
2454729.48426076 +036 +015
2454729.48545093 +018 -009
2455032.82666968 -039 +052
2455032.82844641 -148 +064
2455032.83021296 -020 +029
2455032.83199028 -064 +008
2456606.74360280 +029 +032
2456606.75843477 +018 +040
2456606.76057490 +029 +032
2456606.76271503 +025 +027
2456606.76485527 +024 +023
2456606.76699539 +014 +024
2451039.60880266 -048 +045
2451039.61998912 -018 +043
2451039.62746678 +000 +052
2451039.63319664 +024 +049
2451039.63762685 +051 +034
2451039.64206123 +052 +042
2451044.41546817 -072 -089
2451044.42175775 -139 +011
2451044.42653576 -070 +010
2451044.43130324 +000 +006
2451044.43608484 -088 -033
2451044.44086632 -082 +039
2451044.44563322 +010 +066
2451044.45040833 -015 -111
2451044.45714387 +006 -012
2451460.60077188 +081 -006
2451460.60660938 +099 +019
2451460.61402222 -019 -004
2451460.62562419 +016 -022
2451460.62889641 +047 +009
2451460.63215856 +067 +009
2451460.63542338 -019 +016
2451460.63868738 +086 -002
2451460.64195301 +024 +004
2451460.64849977 +136 +030
2451463.56840567 -149 -060
2451463.57174977 -093 +002
2451463.57796123 -195 -046
2451463.58476586 -047 -032
2451463.58818727 -013 +003
2451493.46463102 +031 +047
2451493.47037824 -004 +106
2451493.47481574 +034 +077
2451493.47924850 +025 +014
2451493.48369259 +031 +033
2451493.48813102 +064 +063
2451493.49256181 +031 +077
2451513.38859398 -037 +003
2451513.39130926 -039 -028
2451513.39654884 -022 +016
2451513.40039630 -013 +043
2451513.40424016 -040 +028
2451513.40808171 -067 -007
2451513.41192616 -052 +007
2451515.29315359 -051 +031
2451515.29600602 -028 +021
2451515.30205810 -007 +028
2451515.30649537 +000 +028
2451515.31535995 +012 +025
2451515.31980046 +015 +033
2451518.28283981 +043 +050
2451518.28582535 -039 -037
2451518.29072419 +046 -039
2451518.29457014 -010 -025
2451518.29840880 -070 -009
2451518.30225833 +024 +014
2451518.30610139 -009 -023
2451521.26939190 +004 +015
2451521.27624144 +009 -010
2451521.28381736 +004 +019
2451521.33505938 +015 +030
2451876.59493264 +095 +089
2451876.59923924 +104 -051
2451876.60367141 +262 +008
2451876.60810579 +100 -059
2452233.63736157 +045 +025
2452233.64011563 +049 +044
2452233.64338924 +052 +011
2452233.64667338 +022 +029
2452233.64995475 +025 +023
2452233.65323843 +035 +026
2452233.65824896 +060 +020
2452233.66152639 +045 +023
2452233.66480069 +029 +038
2452233.66808380 +022 +019
2452236.53414433 +018 -042
2452236.54303854 +038 -017
2452236.56084456 +026 -016
2452236.56529387 -136 +002
2452236.56974468 +092 -094
2452263.43714062 +024 -055
2452263.44088576 -067 -060
2452263.44463380 -008 -067
2452263.44838252 -004 -054
2452263.45213160 +008 -067
2452263.45587998 +022 -055
2452263.45962870 +036 -052
2452263.46338252 -033 -061
2452263.46712940 +053 -071
2452265.41567627 +128 -101
2452265.41941887 +193 -067
2452265.42316250 +014 -078
2452265.42690521 -004 -063
2452283.52496516 +043 -034
2452283.53269051 +014 -016
2452283.53644421 +022 -020
2452283.54019213 +031 -014
2452283.54394433 +031 -040
2452283.54768993 +071 -041
2452283.55143900 +067 -033
2452283.55518981 +042 -018
2452283.55894664 +018 -027
2452283.56269896 +017 -024
2452313.41060440 +061 +026
2452313.41589282 +051 -040
2452313.41964329 +090 -035
2452313.42339826 +065 -020
2452313.42714780 +028 -035
2452314.51343229 +030 -046
2452314.51893704 +057 -085
2452314.52291863 +102 -035
2452314.52688553 +055 -056
2452314.53085937 +053 -004
2452314.53483715 +037 -048
2452637.55366933 +064 +063
2452637.55752176 +082 -005
2452637.56137187 +046 +057
2452637.56522685 +087 +013
2452637.56908472 +053 +059
2452637.57303495 +090 +032
2452637.57688796 +066 +035
2452669.49192014 -011 +016
2452669.49540567 +105 +096
2452669.50587454 +020 +078
2452669.50972720 -021 +042
2452669.51358252 +047 -059
2453089.33985903 -028 +028
2453089.34736285 +015 +046
2453089.35320509 -031 +077
2453089.35905532 -040 +058
2453089.36490486 -068 +070
2453089.37074572 -048 +032
2453089.37657836 -073 +008
2453089.38240208 -042 -008
2453089.38824595 +025 +006
2453089.39408796 -120 +064
2453119.38709896 +148 -052
2453119.39439479 +010 -017
2453119.39884653 -019 -032
2453119.40329086 +159 -046
2453119.40774421 +030 -032
2453119.41219097 +050 +043
2453119.41663657 +108 +004
2453119.42108738 -006 -023
2453119.42553854 -083 +033
2453437.63321933 +030 -027
2453437.63685336 -060 +047
2453437.64048565 -019 -009
2453437.64411088 +013 -091
2453437.64774398 -078 -066
2453437.65137778 -045 -019
2453437.65501181 -194 -031
2453437.65864294 -133 -032
2453439.52603171 -030 -060
2453439.52954549 -075 -034
2453439.53305521 -096 +038
2453439.53657268 -061 +006
2453439.54008021 -084 -012
2453439.54359340 -037 +027
2453439.54711065 -093 +049
2453439.55062731 -090 +071
2453439.55413877 -067 +032
2453439.55765023 -072 -014
2453439.56116215 -066 +013
2453474.48598750 -015 -042
2453474.49051169 +004 -046
2453474.49611412 +043 -044
2453474.50171181 +102 -037
2453474.50731192 -040 -030
2453474.51291308 -028 -079
2453474.51851343 +127 -073
2453474.52410891 -109 -019
2453495.36744861 -024 -043
2453495.37230567 -016 -061
2453495.37731979 +072 -012
2453495.38233287 -195 +080
2453495.38734977 -169 +097
2453495.39738935 -097 -053
2453495.40240451 -199 +001
2453497.44189444 +111 -142
2453497.44691215 +060 -120
2453497.45695486 +124 -062
2453497.46700058 +112 -107
2453499.43653113 +055 -031
2453499.44154780 +012 -066
2453499.44657060 +001 -068
2453499.45158472 +019 -021
2453499.45659942 +054 -044
2453499.46162049 +016 -031
2453505.39095764 +033 -035
2453505.40353738 -066 -073
2453505.40855428 -069 -027
2453505.41357778 -006 -055
2453505.41859456 +031 -011
2453505.42360891 +063 -048
2453505.42863113 +027 -006
2453505.43365266 +045 -002
2453881.37534294 -051 -116
2453881.38423750 +047 -070
2453881.38867697 +176 -042
2453881.39311991 +096 -018
2453881.39757153 +207 -148
2453881.40201238 +200 -054
2453881.40646169 +128 +060
2454353.55469836 +062 -012
2454353.55650366 +100 -024
2454353.55832273 +076 -010
2454353.56032289 +083 -022
2454353.56207134 +082 -002
2454353.56390072 +097 -026
2454353.56567638 +090 -020
2454353.56749974 +072 -023
2454353.56923915 +058 -020
2454621.80637684 -017 +001
2454621.81045124 -026 +004
2454972.89199661 +163 +129
2454972.89315912 +151 +131
2454972.89429327 +169 +121
2454972.89545092 +135 +165
2454972.89657419 +146 +129
2454972.89774214 +144 +156
2454974.82385310 -068 +000
2454974.82497799 -100 +010
2454974.82615267 -102 +010
2454974.82729873 -106 +008
2454974.82842419 -070 -006
2454974.82955846 -100 +010
2454974.83070511 -090 +000
2454974.83182560 -079 +002
2454974.83297063 -057 +013
2454974.83413268 -049 -004
2454974.83644508 -041 -025
2454974.83762368 -055 -049
2454974.83878353 -042 -022
2454974.83994140 -051 -037
2454974.84107266 -054 -014
2454974.84219477 -044 -032
2454974.84334177 -077 -034
2454974.84450023 -049 -038
2454974.84565429 -044 -044
2454974.84681472 -055 -049
2450256.62115741 -190 -019
2450256.62865741 -142 +002
2450256.63158565 -109 +004
2450290.65199167 +037 -241
2450290.65288437 +094 -097
2450290.65349780 +062 -112
2450290.65409977 +058 -027
2450290.65470116 +001 -158
2450290.65590521 +061 -063
2450290.65710856 +029 -087
2450290.65771065 +085 -041
2450358.42901620 +160 -087
2450358.46319444 +025 -008
2450358.46401620 +074 +010
2453463.58189456 +063 -012
2453463.58660845 +048 +013
2453463.59073854 +063 +006
2453464.63098611 -004 +019
2453464.63319433 -006 +013
2453464.63477836 +024 +007
2453464.63637315 -016 +016
2453464.63795718 +027 +023
2453464.63954201 +012 +023
2453464.64271273 +009 +000
2453464.64429676 +013 +013
2453464.64588264 +021 +030
2454331.52455891 +078 +092
2454331.52481644 +024 -002
2454331.52558704 +057 +045
2454331.52637905 +036 +034
2454331.52663646 +060 +079
2454331.52768403 +042 +091
2454331.52820995 +076 +049
2454331.52899236 +035 +049
2454331.52925972 +049 +064
2454331.52977442 +058 +042
2454331.53003183 +011 +019
2454331.53134873 +060 +009
2454331.53186007 +049 +043
2454331.53211481 +032 +068
2454331.53238206 +035 +014
2454331.53344109 +097 +082
2454331.53422789 +061 +067
2454331.53553403 +018 +028
2454331.53686539 +029 +035
2454331.53978241 +042 +039
2454331.54161829 +031 +020
2454331.54215324 +099 +031
2454331.54373623 +072 +011
2454331.54506748 +103 +075
2454331.54612708 +096 +055
2454331.54718611 +060 +044
2454658.77027141 -050 -004
2454658.77393472 -086 -013
2454658.77572500 -075 -031
2454658.77931308 -042 +000
2454658.78110116 -037 +027
2454658.78473762 -071 +006
2454658.78658854 -035 +019
2454658.78876620 -032 +033
2454658.79055926 -043 +022
2454658.79235266 -037 +045
2454658.79414387 -022 -019
2454658.79593715 -060 +028
2454690.53993079 +077 +036
2454690.54278414 +148 +023
2454690.54421609 +087 +091
2454690.54849109 +094 -011
2454690.55721007 +109 +019
2454690.55863229 +105 +019
2454729.47467292 +070 +014
2454729.47586447 +047 +011
2454729.47705544 +061 +039
2454729.47824699 +065 +036
2454729.47944815 +023 +013
2454729.48065845 +098 +020
2454729.48185984 +111 +030
2454729.48306053 +059 +046
2454729.48426076 +036 +015
2454729.48545093 +018 -009
2455032.82666968 -039 +052
2455032.82844641 -148 +064
2455032.83021296 -020 +029
2455032.83199028 -064 +008
2456606.74360280 +029 +032
2456606.75843477 +018 +040
2456606.76057490 +029 +032
2456606.76271503 +025 +027
2456606.76485527 +024 +023
2456606.76699539 +014 +024
2451039.60880266 -048 +045
2451039.61998912 -018 +043
2451039.62746678 +000 +052
2451039.63319664 +024 +049
2451039.63762685 +051 +034
2451039.64206123 +052 +042
2451044.41546817 -072 -089
2451044.42175775 -139 +011
2451044.42653576 -070 +010
2451044.43130324 +000 +006
2451044.43608484 -088 -033
2451044.44086632 -082 +039
2451044.44563322 +010 +066
2451044.45040833 -015 -111
2451044.45714387 +006 -012
2451460.60077188 +081 -006
2451460.60660938 +099 +019
2451460.61402222 -019 -004
2451460.62562419 +016 -022
2451460.62889641 +047 +009
2451460.63215856 +067 +009
2451460.63542338 -019 +016
2451460.63868738 +086 -002
2451460.64195301 +024 +004
2451460.64849977 +136 +030
2451463.56840567 -149 -060
2451463.57174977 -093 +002
2451463.57796123 -195 -046
2451463.58476586 -047 -032
2451463.58818727 -013 +003
2451493.46463102 +031 +047
2451493.47037824 -004 +106
2451493.47481574 +034 +077
2451493.47924850 +025 +014
2451493.48369259 +031 +033
2451493.48813102 +064 +063
2451493.49256181 +031 +077
2451513.38859398 -037 +003
2451513.39130926 -039 -028
2451513.39654884 -022 +016
2451513.40039630 -013 +043
2451513.40424016 -040 +028
2451513.40808171 -067 -007
2451513.41192616 -052 +007
2451515.29315359 -051 +031
2451515.29600602 -028 +021
2451515.30205810 -007 +028
2451515.30649537 +000 +028
2451515.31535995 +012 +025
2451515.31980046 +015 +033
2451518.28283981 +043 +050
2451518.28582535 -039 -037
2451518.29072419 +046 -039
2451518.29457014 -010 -025
2451518.29840880 -070 -009
2451518.30225833 +024 +014
2451518.30610139 -009 -023
2451521.26939190 +004 +015
2451521.27624144 +009 -010
2451521.28381736 +004 +019
2451521.33505938 +015 +030
2451876.59493264 +095 +089
2451876.59923924 +104 -051
2451876.60367141 +262 +008
2451876.60810579 +100 -059
2452233.63736157 +045 +025
2452233.64011563 +049 +044
2452233.64338924 +052 +011
2452233.64667338 +022 +029
2452233.64995475 +025 +023
2452233.65323843 +035 +026
2452233.65824896 +060 +020
2452233.66152639 +045 +023
2452233.66480069 +029 +038
2452233.66808380 +022 +019
2452236.53414433 +018 -042
2452236.54303854 +038 -017
2452236.56084456 +026 -016
2452236.56529387 -136 +002
2452236.56974468 +092 -094
2452263.43714062 +024 -055
2452263.44088576 -067 -060
2452263.44463380 -008 -067
2452263.44838252 -004 -054
2452263.45213160 +008 -067
2452263.45587998 +022 -055
2452263.45962870 +036 -052
2452263.46338252 -033 -061
2452263.46712940 +053 -071
2452265.41567627 +128 -101
2452265.41941887 +193 -067
2452265.42316250 +014 -078
2452265.42690521 -004 -063
2452283.52496516 +043 -034
2452283.53269051 +014 -016
2452283.53644421 +022 -020
2452283.54019213 +031 -014
2452283.54394433 +031 -040
2452283.54768993 +071 -041
2452283.55143900 +067 -033
2452283.55518981 +042 -018
2452283.55894664 +018 -027
2452283.56269896 +017 -024
2452313.41060440 +061 +026
2452313.41589282 +051 -040
2452313.41964329 +090 -035
2452313.42339826 +065 -020
2452313.42714780 +028 -035
2452314.51343229 +030 -046
2452314.51893704 +057 -085
2452314.52291863 +102 -035
2452314.52688553 +055 -056
2452314.53085937 +053 -004
2452314.53483715 +037 -048
2452637.55366933 +064 +063
2452637.55752176 +082 -005
2452637.56137187 +046 +057
2452637.56522685 +087 +013
2452637.56908472 +053 +059
2452637.57303495 +090 +032
2452637.57688796 +066 +035
2452669.49192014 -011 +016
2452669.49540567 +105 +096
2452669.50587454 +020 +078
2452669.50972720 -021 +042
2452669.51358252 +047 -059
2453089.33985903 -028 +028
2453089.34736285 +015 +046
2453089.35320509 -031 +077
2453089.35905532 -040 +058
2453089.36490486 -068 +070
2453089.37074572 -048 +032
2453089.37657836 -073 +008
2453089.38240208 -042 -008
2453089.38824595 +025 +006
2453089.39408796 -120 +064
2453119.38709896 +148 -052
2453119.39439479 +010 -017
2453119.39884653 -019 -032
2453119.40329086 +159 -046
2453119.40774421 +030 -032
2453119.41219097 +050 +043
2453119.41663657 +108 +004
2453119.42108738 -006 -023
2453119.42553854 -083 +033
2453437.63321933 +030 -027
2453437.63685336 -060 +047
2453437.64048565 -019 -009
2453437.64411088 +013 -091
2453437.64774398 -078 -066
2453437.65137778 -045 -019
2453437.65501181 -194 -031
2453437.65864294 -133 -032
2453439.52603171 -030 -060
2453439.52954549 -075 -034
2453439.53305521 -096 +038
2453439.53657268 -061 +006
2453439.54008021 -084 -012
2453439.54359340 -037 +027
2453439.54711065 -093 +049
2453439.55062731 -090 +071
2453439.55413877 -067 +032
2453439.55765023 -072 -014
2453439.56116215 -066 +013
2453474.48598750 -015 -042
2453474.49051169 +004 -046
2453474.49611412 +043 -044
2453474.50171181 +102 -037
2453474.50731192 -040 -030
2453474.51291308 -028 -079
2453474.51851343 +127 -073
2453474.52410891 -109 -019
2453495.36744861 -024 -043
2453495.37230567 -016 -061
2453495.37731979 +072 -012
2453495.38233287 -195 +080
2453495.38734977 -169 +097
2453495.39738935 -097 -053
2453495.40240451 -199 +001
2453497.44189444 +111 -142
2453497.44691215 +060 -120
2453497.45695486 +124 -062
2453497.46700058 +112 -107
2453499.43653113 +055 -031
2453499.44154780 +012 -066
2453499.44657060 +001 -068
2453499.45158472 +019 -021
2453499.45659942 +054 -044
2453499.46162049 +016 -031
2453505.39095764 +033 -035
2453505.40353738 -066 -073
2453505.40855428 -069 -027
2453505.41357778 -006 -055
2453505.41859456 +031 -011
2453505.42360891 +063 -048
2453505.42863113 +027 -006
2453505.43365266 +045 -002
2453881.37534294 -051 -116
2453881.38423750 +047 -070
2453881.38867697 +176 -042
2453881.39311991 +096 -018
2453881.39757153 +207 -148
2453881.40201238 +200 -054
2453881.40646169 +128 +060
2454353.55469836 +062 -012
2454353.55650366 +100 -024
2454353.55832273 +076 -010
2454353.56032289 +083 -022
2454353.56207134 +082 -002
2454353.56390072 +097 -026
2454353.56567638 +090 -020
2454353.56749974 +072 -023
2454353.56923915 +058 -020
2454621.80637684 -017 +001
2454621.81045124 -026 +004
2454972.89199661 +163 +129
2454972.89315912 +151 +131
2454972.89429327 +169 +121
2454972.89545092 +135 +165
2454972.89657419 +146 +129
2454972.89774214 +144 +156
2454974.82385310 -068 +000
2454974.82497799 -100 +010
2454974.82615267 -102 +010
2454974.82729873 -106 +008
2454974.82842419 -070 -006
2454974.82955846 -100 +010
2454974.83070511 -090 +000
2454974.83182560 -079 +002
2454974.83297063 -057 +013
2454974.83413268 -049 -004
2454974.83644508 -041 -025
2454974.83762368 -055 -049
2454974.83878353 -042 -022
2454974.83994140 -051 -037
2454974.84107266 -054 -014
2454974.84219477 -044 -032
2454974.84334177 -077 -034
2454974.84450023 -049 -038
2454974.84565429 -044 -044
2454974.84681472 -055 -049
2450256.62115741 -190 -019
2450256.62865741 -142 +002
2450256.63158565 -109 +004
2450290.65199167 +037 -241
2450290.65288437 +094 -097
2450290.65349780 +062 -112
2450290.65409977 +058 -027
2450290.65470116 +001 -158
2450290.65590521 +061 -063
2450290.65710856 +029 -087
2450290.65771065 +085 -041
2450358.42901620 +160 -087
2450358.46319444 +025 -008
2450358.46401620 +074 +010
2453463.58189456 +063 -012
2453463.58660845 +048 +013
2453463.59073854 +063 +006
2453464.63098611 -004 +019
2453464.63319433 -006 +013
2453464.63477836 +024 +007
2453464.63637315 -016 +016
2453464.63795718 +027 +023
2453464.63954201 +012 +023
2453464.64271273 +009 +000
2453464.64429676 +013 +013
2453464.64588264 +021 +030
2454331.52455891 +078 +092
2454331.52481644 +024 -002
2454331.52558704 +057 +045
2454331.52637905 +036 +034
2454331.52663646 +060 +079
2454331.52768403 +042 +091
2454331.52820995 +076 +049
2454331.52899236 +035 +049
2454331.52925972 +049 +064
2454331.52977442 +058 +042
2454331.53003183 +011 +019
2454331.53134873 +060 +009
2454331.53186007 +049 +043
2454331.53211481 +032 +068
2454331.53238206 +035 +014
2454331.53344109 +097 +082
2454331.53422789 +061 +067
2454331.53553403 +018 +028
2454331.53686539 +029 +035
2454331.53978241 +042 +039
2454331.54161829 +031 +020
2454331.54215324 +099 +031
2454331.54373623 +072 +011
2454331.54506748 +103 +075
2454331.54612708 +096 +055
2454331.54718611 +060 +044
2454658.77027141 -050 -004
2454658.77393472 -086 -013
2454658.77572500 -075 -031
2454658.77931308 -042 +000
2454658.78110116 -037 +027
2454658.78473762 -071 +006
2454658.78658854 -035 +019
2454658.78876620 -032 +033
2454658.79055926 -043 +022
2454658.79235266 -037 +045
2454658.79414387 -022 -019
2454658.79593715 -060 +028
2454690.53993079 +077 +036
2454690.54278414 +148 +023
2454690.54421609 +087 +091
2454690.54849109 +094 -011
2454690.55721007 +109 +019
2454690.55863229 +105 +019
2454729.47467292 +070 +014
2454729.47586447 +047 +011
2454729.47705544 +061 +039
2454729.47824699 +065 +036
2454729.47944815 +023 +013
2454729.48065845 +098 +020
2454729.48185984 +111 +030
2454729.48306053 +059 +046
2454729.48426076 +036 +015
2454729.48545093 +018 -009
2455032.82666968 -039 +052
2455032.82844641 -148 +064
2455032.83021296 -020 +029
2455032.83199028 -064 +008
2456606.74360280 +029 +032
2456606.75843477 +018 +040
2456606.76057490 +029 +032
2456606.76271503 +025 +027
2456606.76485527 +024 +023
2456606.76699539 +014 +024
2451039.60880266 -048 +045
2451039.61998912 -018 +043
2451039.62746678 +000 +052
2451039.63319664 +024 +049
2451039.63762685 +051 +034
2451039.64206123 +052 +042
2451044.41546817 -072 -089
2451044.42175775 -139 +011
2451044.42653576 -070 +010
2451044.43130324 +000 +006
2451044.43608484 -088 -033
2451044.44086632 -082 +039
2451044.44563322 +010 +066
2451044.45040833 -015 -111
2451044.45714387 +006 -012
2451460.60077188 +081 -006
2451460.60660938 +099 +019
2451460.61402222 -019 -004
2451460.62562419 +016 -022
2451460.62889641 +047 +009
2451460.63215856 +067 +009
2451460.63542338 -019 +016
2451460.63868738 +086 -002
2451460.64195301 +024 +004
2451460.64849977 +136 +030
2451463.56840567 -149 -060
2451463.57174977 -093 +002
2451463.57796123 -195 -046
2451463.58476586 -047 -032
2451463.58818727 -013 +003
2451493.46463102 +031 +047
2451493.47037824 -004 +106
2451493.47481574 +034 +077
2451493.47924850 +025 +014
2451493.48369259 +031 +033
2451493.48813102 +064 +063
2451493.49256181 +031 +077
2451513.38859398 -037 +003
2451513.39130926 -039 -028
2451513.39654884 -022 +016
2451513.40039630 -013 +043
2451513.40424016 -040 +028
2451513.40808171 -067 -007
2451513.41192616 -052 +007
2451515.29315359 -051 +031
2451515.29600602 -028 +021
2451515.30205810 -007 +028
2451515.30649537 +000 +028
2451515.31535995 +012 +025
2451515.31980046 +015 +033
2451518.28283981 +043 +050
2451518.28582535 -039 -037
2451518.29072419 +046 -039
2451518.29457014 -010 -025
2451518.29840880 -070 -009
2451518.30225833 +024 +014
2451518.30610139 -009 -023
2451521.26939190 +004 +015
2451521.27624144 +009 -010
2451521.28381736 +004 +019
2451521.33505938 +015 +030
2451876.59493264 +095 +089
2451876.59923924 +104 -051
2451876.60367141 +262 +008
2451876.60810579 +100 -059
2452233.63736157 +045 +025
2452233.64011563 +049 +044
2452233.64338924 +052 +011
2452233.64667338 +022 +029
2452233.64995475 +025 +023
2452233.65323843 +035 +026
2452233.65824896 +060 +020
2452233.66152639 +045 +023
2452233.66480069 +029 +038
2452233.66808380 +022 +019
2452236.53414433 +018 -042
2452236.54303854 +038 -017
2452236.56084456 +026 -016
2452236.56529387 -136 +002
2452236.56974468 +092 -094
2452263.43714062 +024 -055
2452263.44088576 -067 -060
2452263.44463380 -008 -067
2452263.44838252 -004 -054
2452263.45213160 +008 -067
2452263.45587998 +022 -055
2452263.45962870 +036 -052
2452263.46338252 -033 -061
2452263.46712940 +053 -071
2452265.41567627 +128 -101
2452265.41941887 +193 -067
2452265.42316250 +014 -078
2452265.42690521 -004 -063
2452283.52496516 +043 -034
2452283.53269051 +014 -016
2452283.53644421 +022 -020
2452283.54019213 +031 -014
2452283.54394433 +031 -040
2452283.54768993 +071 -041
2452283.55143900 +067 -033
2452283.55518981 +042 -018
2452283.55894664 +018 -027
2452283.56269896 +017 -024
2452313.41060440 +061 +026
2452313.41589282 +051 -040
2452313.41964329 +090 -035
2452313.42339826 +065 -020
2452313.42714780 +028 -035
2452314.51343229 +030 -046
2452314.51893704 +057 -085
2452314.52291863 +102 -035
2452314.52688553 +055 -056
2452314.53085937 +053 -004
2452314.53483715 +037 -048
2452637.55366933 +064 +063
2452637.55752176 +082 -005
2452637.56137187 +046 +057
2452637.56522685 +087 +013
2452637.56908472 +053 +059
2452637.57303495 +090 +032
2452637.57688796 +066 +035
2452669.49192014 -011 +016
2452669.49540567 +105 +096
2452669.50587454 +020 +078
2452669.50972720 -021 +042
2452669.51358252 +047 -059
2453089.33985903 -028 +028
2453089.34736285 +015 +046
2453089.35320509 -031 +077
2453089.35905532 -040 +058
2453089.36490486 -068 +070
2453089.37074572 -048 +032
2453089.37657836 -073 +008
2453089.38240208 -042 -008
2453089.38824595 +025 +006
2453089.39408796 -120 +064
2453119.38709896 +148 -052
2453119.39439479 +010 -017
2453119.39884653 -019 -032
2453119.40329086 +159 -046
2453119.40774421 +030 -032
2453119.41219097 +050 +043
2453119.41663657 +108 +004
2453119.42108738 -006 -023
2453119.42553854 -083 +033
2453437.63321933 +030 -027
2453437.63685336 -060 +047
2453437.64048565 -019 -009
2453437.64411088 +013 -091
2453437.64774398 -078 -066
2453437.65137778 -045 -019
2453437.65501181 -194 -031
2453437.65864294 -133 -032
2453439.52603171 -030 -060
2453439.52954549 -075 -034
2453439.53305521 -096 +038
2453439.53657268 -061 +006
2453439.54008021 -084 -012
2453439.54359340 -037 +027
2453439.54711065 -093 +049
2453439.55062731 -090 +071
2453439.55413877 -067 +032
2453439.55765023 -072 -014
2453439.56116215 -066 +013
2453474.48598750 -015 -042
2453474.49051169 +004 -046
2453474.49611412 +043 -044
2453474.50171181 +102 -037
2453474.50731192 -040 -030
2453474.51291308 -028 -079
2453474.51851343 +127 -073
2453474.52410891 -109 -019
2453495.36744861 -024 -043
2453495.37230567 -016 -061
2453495.37731979 +072 -012
2453495.38233287 -195 +080
2453495.38734977 -169 +097
2453495.39738935 -097 -053
2453495.40240451 -199 +001
2453497.44189444 +111 -142
2453497.44691215 +060 -120
2453497.45695486 +124 -062
2453497.46700058 +112 -107
2453499.43653113 +055 -031
2453499.44154780 +012 -066
2453499.44657060 +001 -068
2453499.45158472 +019 -021
2453499.45659942 +054 -044
2453499.46162049 +016 -031
2453505.39095764 +033 -035
2453505.40353738 -066 -073
2453505.40855428 -069 -027
2453505.41357778 -006 -055
2453505.41859456 +031 -011
2453505.42360891 +063 -048
2453505.42863113 +027 -006
2453505.43365266 +045 -002
2453881.37534294 -051 -116
2453881.38423750 +047 -070
2453881.38867697 +176 -042
2453881.39311991 +096 -018
2453881.39757153 +207 -148
2453881.40201238 +200 -054
2453881.40646169 +128 +060
2454353.55469836 +062 -012
2454353.55650366 +100 -024
2454353.55832273 +076 -010
2454353.56032289 +083 -022
2454353.56207134 +082 -002
2454353.56390072 +097 -026
2454353.56567638 +090 -020
2454353.56749974 +072 -023
2454353.56923915 +058 -020
2454621.80637684 -017 +001
2454621.81045124 -026 +004
2454972.89199661 +163 +129
2454972.89315912 +151 +131
2454972.89429327 +169 +121
2454972.89545092 +135 +165
2454972.89657419 +146 +129
2454972.89774214 +144 +156
2454974.82385310 -068 +000
2454974.82497799 -100 +010
2454974.82615267 -102 +010
2454974.82729873 -106 +008
2454974.82842419 -070 -006
2454974.82955846 -100 +010
2454974.83070511 -090 +000
2454974.83182560 -079 +002
2454974.83297063 -057 +013
2454974.83413268 -049 -004
2454974.83644508 -041 -025
2454974.83762368 -055 -049
2454974.83878353 -042 -022
2454974.83994140 -051 -037
2454974.84107266 -054 -014
2454974.84219477 -044 -032
2454974.84334177 -077 -034
2454974.84450023 -049 -038
2454974.84565429 -044 -044
2454974.84681472 -055 -049
2450256.62115741 -190 -019
2450256.62865741 -142 +002
2450256.63158565 -109 +004
2450290.65199167 +037 -241
2450290.65288437 +094 -097
2450290.65349780 +062 -112
2450290.65409977 +058 -027
2450290.65470116 +001 -158
2450290.65590521 +061 -063
2450290.65710856 +029 -087
2450290.65771065 +085 -041
2450358.42901620 +160 -087
2450358.46319444 +025 -008
2450358.46401620 +074 +010
2453463.58189456 +063 -012
2453463.58660845 +048 +013
2453463.59073854 +063 +006
2453464.63098611 -004 +019
2453464.63319433 -006 +013
2453464.63477836 +024 +007
2453464.63637315 -016 +016
2453464.63795718 +027 +023
2453464.63954201 +012 +023
2453464.64271273 +009 +000
2453464.64429676 +013 +013
2453464.64588264 +021 +030
2454331.52455891 +078 +092
2454331.52481644 +024 -002
2454331.52558704 +057 +045
2454331.52637905 +036 +034
2454331.52663646 +060 +079
2454331.52768403 +042 +091
2454331.52820995 +076 +049
2454331.52899236 +035 +049
2454331.52925972 +049 +064
2454331.52977442 +058 +042
2454331.53003183 +011 +019
2454331.53134873 +060 +009
2454331.53186007 +049 +043
2454331.53211481 +032 +068
2454331.53238206 +035 +014
2454331.53344109 +097 +082
2454331.53422789 +061 +067
2454331.53553403 +018 +028
2454331.53686539 +029 +035
2454331.53978241 +042 +039
2454331.54161829 +031 +020
2454331.54215324 +099 +031
2454331.54373623 +072 +011
2454331.54506748 +103 +075
2454331.54612708 +096 +055
2454331.54718611 +060 +044
2454658.77027141 -050 -004
2454658.77393472 -086 -013
2454658.77572500 -075 -031
2454658.77931308 -042 +000
2454658.78110116 -037 +027
2454658.78473762 -071 +006
2454658.78658854 -035 +019
2454658.78876620 -032 +033
2454658.79055926 -043 +022
2454658.79235266 -037 +045
2454658.79414387 -022 -019
2454658.79593715 -060 +028
2454690.53993079 +077 +036
2454690.54278414 +148 +023
2454690.54421609 +087 +091
2454690.54849109 +094 -011
2454690.55721007 +109 +019
2454690.55863229 +105 +019
2454729.47467292 +070 +014
2454729.47586447 +047 +011
2454729.47705544 +061 +039
2454729.47824699 +065 +036
2454729.47944815 +023 +013
2454729.48065845 +098 +020
2454729.48185984 +111 +030
2454729.48306053 +059 +046
2454729.48426076 +036 +015
2454729.48545093 +018 -009
2455032.82666968 -039 +052
2455032.82844641 -148 +064
2455032.83021296 -020 +029
2455032.83199028 -064 +008
2456606.74360280 +029 +032
2456606.75843477 +018 +040
2456606.76057490 +029 +032
2456606.76271503 +025 +027
2456606.76485527 +024 +023
2456606.76699539 +014 +024
2451039.60880266 -048 +045
2451039.61998912 -018 +043
2451039.62746678 +000 +052
2451039.63319664 +024 +049
2451039.63762685 +051 +034
2451039.64206123 +052 +042
2451044.41546817 -072 -089
2451044.42175775 -139 +011
2451044.42653576 -070 +010
2451044.43130324 +000 +006
2451044.43608484 -088 -033
2451044.44086632 -082 +039
2451044.44563322 +010 +066
2451044.45040833 -015 -111
2451044.45714387 +006 -012
2451460.60077188 +081 -006
2451460.60660938 +099 +019
2451460.61402222 -019 -004
2451460.62562419 +016 -022
2451460.62889641 +047 +009
2451460.63215856 +067 +009
2451460.63542338 -019 +016
2451460.63868738 +086 -002
2451460.64195301 +024 +004
2451460.64849977 +136 +030
2451463.56840567 -149 -060
2451463.57174977 -093 +002
2451463.57796123 -195 -046
2451463.58476586 -047 -032
2451463.58818727 -013 +003
2451493.46463102 +031 +047
2451493.47037824 -004 +106
2451493.47481574 +034 +077
2451493.47924850 +025 +014
2451493.48369259 +031 +033
2451493.48813102 +064 +063
2451493.49256181 +031 +077
2451513.38859398 -037 +003
2451513.39130926 -039 -028
2451513.39654884 -022 +016
2451513.40039630 -013 +043
2451513.40424016 -040 +028
2451513.40808171 -067 -007
2451513.41192616 -052 +007
2451515.29315359 -051 +031
2451515.29600602 -028 +021
2451515.30205810 -007 +028
2451515.30649537 +000 +028
2451515.31535995 +012 +025
2451515.31980046 +015 +033
2451518.28283981 +043 +050
2451518.28582535 -039 -037
2451518.29072419 +046 -039
2451518.29457014 -010 -025
2451518.29840880 -070 -009
2451518.30225833 +024 +014
2451518.30610139 -009 -023
2451521.26939190 +004 +015
2451521.27624144 +009 -010
2451521.28381736 +004 +019
2451521.33505938 +015 +030
2451876.59493264 +095 +089
2451876.59923924 +104 -051
2451876.60367141 +262 +008
2451876.60810579 +100 -059
2452233.63736157 +045 +025
2452233.64011563 +049 +044
2452233.64338924 +052 +011
2452233.64667338 +022 +029
2452233.64995475 +025 +023
2452233.65323843 +035 +026
2452233.65824896 +060 +020
2452233.66152639 +045 +023
2452233.66480069 +029 +038
2452233.66808380 +022 +019
2452236.53414433 +018 -042
2452236.54303854 +038 -017
2452236.56084456 +026 -016
2452236.56529387 -136 +002
2452236.56974468 +092 -094
2452263.43714062 +024 -055
2452263.44088576 -067 -060
2452263.44463380 -008 -067
2452263.44838252 -004 -054
2452263.45213160 +008 -067
2452263.45587998 +022 -055
2452263.45962870 +036 -052
2452263.46338252 -033 -061
2452263.46712940 +053 -071
2452265.41567627 +128 -101
2452265.41941887 +193 -067
2452265.42316250 +014 -078
2452265.42690521 -004 -063
2452283.52496516 +043 -034
2452283.53269051 +014 -016
2452283.53644421 +022 -020
2452283.54019213 +031 -014
2452283.54394433 +031 -040
2452283.54768993 +071 -041
2452283.55143900 +067 -033
2452283.55518981 +042 -018
2452283.55894664 +018 -027
2452283.56269896 +017 -024
2452313.41060440 +061 +026
2452313.41589282 +051 -040
2452313.41964329 +090 -035
2452313.42339826 +065 -020
2452313.42714780 +028 -035
2452314.51343229 +030 -046
2452314.51893704 +057 -085
2452314.52291863 +102 -035
2452314.52688553 +055 -056
2452314.53085937 +053 -004
2452314.53483715 +037 -048
2452637.55366933 +064 +063
2452637.55752176 +082 -005
2452637.56137187 +046 +057
2452637.56522685 +087 +013
2452637.56908472 +053 +059
2452637.57303495 +090 +032
2452637.57688796 +066 +035
2452669.49192014 -011 +016
2452669.49540567 +105 +096
2452669.50587454 +020 +078
2452669.50972720 -021 +042
2452669.51358252 +047 -059
2453089.33985903 -028 +028
2453089.34736285 +015 +046
2453089.35320509 -031 +077
2453089.35905532 -040 +058
2453089.36490486 -068 +070
2453089.37074572 -048 +032
2453089.37657836 -073 +008
2453089.38240208 -042 -008
2453089.38824595 +025 +006
2453089.39408796 -120 +064
2453119.38709896 +148 -052
2453119.39439479 +010 -017
2453119.39884653 -019 -032
2453119.40329086 +159 -046
2453119.40774421 +030 -032
2453119.41219097 +050 +043
2453119.41663657 +108 +004
2453119.42108738 -006 -023
2453119.42553854 -083 +033
2453437.63321933 +030 -027
2453437.63685336 -060 +047
2453437.64048565 -019 -009
2453437.64411088 +013 -091
2453437.64774398 -078 -066
2453437.65137778 -045 -019
2453437.65501181 -194 -031
2453437.65864294 -133 -032
2453439.52603171 -030 -060
2453439.52954549 -075 -034
2453439.53305521 -096 +038
2453439.53657268 -061 +006
2453439.54008021 -084 -012
2453439.54359340 -037 +027
2453439.54711065 -093 +049
2453439.55062731 -090 +071
2453439.55413877 -067 +032
2453439.55765023 -072 -014
2453439.56116215 -066 +013
2453474.48598750 -015 -042
2453474.49051169 +004 -046
2453474.49611412 +043 -044
2453474.50171181 +102 -037
2453474.50731192 -040 -030
2453474.51291308 -028 -079
2453474.51851343 +127 -073
2453474.52410891 -109 -019
2453495.36744861 -024 -043
2453495.37230567 -016 -061
2453495.37731979 +072 -012
2453495.38233287 -195 +080
2453495.38734977 -169 +097
2453495.39738935 -097 -053
2453495.40240451 -199 +001
2453497.44189444 +111 -142
2453497.44691215 +060 -120
2453497.45695486 +124 -062
2453497.46700058 +112 -107
2453499.43653113 +055 -031
2453499.44154780 +012 -066
2453499.44657060 +001 -068
2453499.45158472 +019 -021
2453499.45659942 +054 -044
2453499.46162049 +016 -031
2453505.39095764 +033 -035
2453505.40353738 -066 -073
2453505.40855428 -069 -027
2453505.41357778 -006 -055
2453505.41859456 +031 -011
2453505.42360891 +063 -048
2453505.42863113 +027 -006
2453505.43365266 +045 -002
2453881.37534294 -051 -116
2453881.38423750 +047 -070
2453881.38867697 +176 -042
2453881.39311991 +096 -018
2453881.39757153 +207 -148
2453881.40201238 +200 -054
2453881.40646169 +128 +060
2454353.55469836 +062 -012
2454353.55650366 +100 -024
2454353.55832273 +076 -010
2454353.56032289 +083 -022
2454353.56207134 +082 -002
2454353.56390072 +097 -026
2454353.56567638 +090 -020
2454353.56749974 +072 -023
2454353.56923915 +058 -020
2454621.80637684 -017 +001
2454621.81045124 -026 +004
2454972.89199661 +163 +129
2454972.89315912 +151 +131
2454972.89429327 +169 +121
2454972.89545092 +135 +165
2454972.89657419 +146 +129
2454972.89774214 +144 +156
2454974.82385310 -068 +000
2454974.82497799 -100 +010
2454974.82615267 -102 +010
2454974.82729873 -106 +008
2454974.82842419 -070 -006
2454974.82955846 -100 +010
2454974.83070511 -090 +000
2454974.83182560 -079 +002
2454974.83297063 -057 +013
2454974.83413268 -049 -004
2454974.83644508 -041 -025
2454974.83762368 -055 -049
2454974.83878353 -042 -022
2454974.83994140 -051 -037
2454974.84107266 -054 -014
2454974.84219477 -044 -032
2454974.84334177 -077 -034
2454974.84450023 -049 -038
2454974.84565429 -044 -044
2454974.84681472 -055 -049
