2450256.62115741 -275 +016
2450256.62865741 -226 +036
2450256.63158565 -193 +038
2450290.65199167 -071 -184
2450290.65288437 -016 -040
2450290.65349780 -047 -055
2450290.65409977 -052 +030
2450290.65470116 -107 -101
2450290.65590521 -049 -006
2450290.65710856 -080 -030
2450290.65771065 -023 +016
2450358.42901620 +060 -033
2450358.46319444 -074 +046
2450358.46401620 -026 +063
2453463.58189456 -049 -079
2453463.58660845 -064 -054
2453463.59073854 -049 -061
2453464.63098611 -116 -048
2453464.63319433 -118 -054
2453464.63477836 -087 -060
2453464.63637315 -128 -051
2453464.63795718 -085 -044
2453464.63954201 -100 -044
2453464.64271273 -102 -068
2453464.64429676 -098 -054
2453464.64588264 -090 -037
2454331.52455891 +105 -013
2454331.52481644 +050 -107
2454331.52558704 +083 -061
2454331.52637905 +063 -071
2454331.52663646 +085 -026
2454331.52768403 +068 -014
2454331.52820995 +103 -056
2454331.52899236 +060 -056
2454331.52925972 +075 -041
2454331.52977442 +084 -063
2454331.53003183 +037 -086
2454331.53134873 +086 -096
2454331.53186007 +075 -062
2454331.53211481 +058 -038
2454331.53238206 +060 -091
2454331.53344109 +123 -023
2454331.53422789 +088 -038
2454331.53553403 +044 -077
2454331.53686539 +056 -071
2454331.53978241 +068 -066
2454331.54161829 +057 -085
2454331.54215324 +126 -074
2454331.54373623 +099 -095
2454331.54506748 +129 -031
2454331.54612708 +122 -050
2454331.54718611 +086 -061
2454658.77027141 -135 +090
2454658.77393472 -170 +081
2454658.77572500 -160 +064
2454658.77931308 -126 +094
2454658.78110116 -123 +122
2454658.78473762 -155 +100
2454658.78658854 -119 +113
2454658.78876620 -117 +127
2454658.79055926 -128 +116
2454658.79235266 -122 +139
2454658.79414387 -106 +075
2454658.79593715 -144 +122
2454690.53993079 -015 +128
2454690.54278414 +055 +115
2454690.54421609 -005 +183
2454690.54849109 +002 +081
2454690.55721007 +018 +110
2454690.55863229 +013 +110
2454729.47467292 -018 +080
2454729.47586447 -041 +076
2454729.47705544 -027 +105
2454729.47824699 -023 +102
2454729.47944815 -065 +078
2454729.48065845 +011 +085
2454729.48185984 +023 +095
2454729.48306053 -028 +111
2454729.48426076 -052 +080
2454729.48545093 -070 +057
2455032.82666968 +100 -021
2455032.82844641 -009 -010
2455032.83021296 +118 -044
2455032.83199028 +075 -065
2456606.74360280 -059 +023
2456606.75843477 -070 +032
2456606.76057490 -059 +024
2456606.76271503 -063 +019
2456606.76485527 -065 +015
2456606.76699539 -075 +016
2451039.60880266 -090 +096
2451039.61998912 -061 +094
2451039.62746678 -043 +103
2451039.63319664 -019 +099
2451039.63762685 +008 +084
2451039.64206123 +009 +093
2451044.41546817 -114 -036
2451044.42175775 -181 +064
2451044.42653576 -112 +062
2451044.43130324 -041 +059
2451044.43608484 -130 +019
2451044.44086632 -124 +092
2451044.44563322 -031 +119
2451044.45040833 -056 -058
2451044.45714387 -036 +041
2451460.60077188 +123 -148
2451460.60660938 +140 -124
2451460.61402222 +022 -146
2451460.62562419 +057 -164
2451460.62889641 +088 -133
2451460.63215856 +107 -133
2451460.63542338 +021 -126
2451460.63868738 +127 -144
2451460.64195301 +064 -138
2451460.64849977 +176 -112
2451463.56840567 -109 -202
2451463.57174977 -053 -140
2451463.57796123 -156 -188
2451463.58476586 -008 -174
2451463.58818727 +027 -138
2451493.46463102 +067 -084
2451493.47037824 +031 -024
2451493.47481574 +070 -053
2451493.47924850 +061 -117
2451493.48369259 +067 -097
2451493.48813102 +099 -068
2451493.49256181 +066 -054
2451513.38859398 -009 -114
2451513.39130926 -010 -145
2451513.39654884 +007 -101
2451513.40039630 +015 -075
2451513.40424016 -011 -089
2451513.40808171 -038 -124
2451513.41192616 -024 -110
2451515.29315359 -022 -084
2451515.29600602 +000 -095
2451515.30205810 +020 -088
2451515.30649537 +027 -087
2451515.31535995 +040 -091
2451515.31980046 +043 -083
2451518.28283981 +070 -063
2451518.28582535 -012 -150
2451518.29072419 +073 -153
2451518.29457014 +016 -138
2451518.29840880 -044 -122
2451518.30225833 +051 -100
2451518.30610139 +018 -136
2451521.26939190 +030 -096
2451521.27624144 +034 -121
2451521.28381736 +029 -092
2451521.33505938 +041 -081
2451876.59493264 +220 +142
2451876.59923924 +229 +002
2451876.60367141 +387 +061
2451876.60810579 +225 -006
2452233.63736157 -029 -063
2452233.64011563 -025 -044
2452233.64338924 -021 -076
2452233.64667338 -050 -059
2452233.64995475 -048 -065
2452233.65323843 -037 -062
2452233.65824896 -013 -068
2452233.66152639 -028 -064
2452233.66480069 -044 -049
2452233.66808380 -050 -068
2452236.53414433 -054 -128
2452236.54303854 -035 -103
2452236.56084456 -045 -103
2452236.56529387 -208 -084
2452236.56974468 +020 -181
2452263.43714062 -037 -129
2452263.44088576 -127 -134
2452263.44463380 -069 -141
2452263.44838252 -065 -128
2452263.45213160 -053 -141
2452263.45587998 -039 -128
2452263.45962870 -024 -126
2452263.46338252 -095 -135
2452263.46712940 -008 -144
2452265.41567627 +069 -174
2452265.41941887 +134 -140
2452265.42316250 -046 -151
2452265.42690521 -064 -136
2452283.52496516 -007 -093
2452283.53269051 -036 -076
2452283.53644421 -027 -080
2452283.54019213 -019 -073
2452283.54394433 -020 -099
2452283.54768993 +021 -100
2452283.55143900 +016 -092
2452283.55518981 -008 -078
2452283.55894664 -032 -086
2452283.56269896 -034 -083
2452313.41060440 +028 -007
2452313.41589282 +019 -073
2452313.41964329 +058 -067
2452313.42339826 +032 -053
2452313.42714780 -005 -067
2452314.51343229 -002 -078
2452314.51893704 +024 -117
2452314.52291863 +070 -067
2452314.52688553 +023 -087
2452314.53085937 +020 -035
2452314.53483715 +005 -080
2452637.55366933 +055 +054
2452637.55752176 +071 -013
2452637.56137187 +036 +049
2452637.56522685 +077 +004
2452637.56908472 +043 +051
2452637.57303495 +081 +024
2452637.57688796 +056 +027
2452669.49192014 -044 -029
2452669.49540567 +072 +050
2452669.50587454 -013 +033
2452669.50972720 -055 -003
2452669.51358252 +014 -104
2453089.33985903 +009 +018
2453089.34736285 +052 +036
2453089.35320509 +006 +067
2453089.35905532 -003 +048
2453089.36490486 -031 +060
2453089.37074572 -010 +021
2453089.37657836 -035 -002
2453089.38240208 -005 -018
2453089.38824595 +062 -004
2453089.39408796 -082 +054
2453119.38709896 +202 -047
2453119.39439479 +064 -011
2453119.39884653 +034 -026
2453119.40329086 +213 -040
2453119.40774421 +083 -026
2453119.41219097 +104 +048
2453119.41663657 +162 +010
2453119.42108738 +047 -017
2453119.42553854 -029 +039
2453437.63321933 -081 -077
2453437.63685336 -170 -003
2453437.64048565 -129 -058
2453437.64411088 -096 -141
2453437.64774398 -188 -116
2453437.65137778 -155 -069
2453437.65501181 -303 -081
2453437.65864294 -242 -082
2453439.52603171 -141 -112
2453439.52954549 -185 -086
2453439.53305521 -206 -013
2453439.53657268 -171 -046
2453439.54008021 -194 -064
2453439.54359340 -147 -024
2453439.54711065 -203 -002
2453439.55062731 -200 +020
2453439.55413877 -178 -020
2453439.55765023 -182 -065
2453439.56116215 -176 -038
2453474.48598750 -126 -114
2453474.49051169 -106 -117
2453474.49611412 -067 -116
2453474.50171181 -008 -108
2453474.50731192 -150 -102
2453474.51291308 -139 -151
2453474.51851343 +017 -145
2453474.52410891 -220 -091
2453495.36744861 -128 -121
2453495.37230567 -121 -139
2453495.37731979 -032 -090
2453495.38233287 -300 +002
2453495.38734977 -275 +019
2453495.39738935 -203 -131
2453495.40240451 -303 -077
2453497.44189444 +007 -220
2453497.44691215 -043 -199
2453497.45695486 +020 -140
2453497.46700058 +008 -185
2453499.43653113 -048 -110
2453499.44154780 -092 -145
2453499.44657060 -101 -147
2453499.45158472 -084 -100
2453499.45659942 -049 -123
2453499.46162049 -087 -110
2453505.39095764 -067 -115
2453505.40353738 -166 -152
2453505.40855428 -169 -107
2453505.41357778 -108 -135
2453505.41859456 -070 -091
2453505.42360891 -038 -128
2453505.42863113 -073 -086
2453505.43365266 -055 -082
2453881.37534294 +002 -071
2453881.38423750 +100 -026
2453881.38867697 +229 +002
2453881.39311991 +149 +027
2453881.39757153 +260 -103
2453881.40201238 +252 -010
2453881.40646169 +180 +105
2454353.55469836 +091 -104
2454353.55650366 +128 -116
2454353.55832273 +105 -102
2454353.56032289 +112 -114
2454353.56207134 +110 -093
2454353.56390072 +126 -118
2454353.56567638 +119 -111
2454353.56749974 +101 -115
2454353.56923915 +087 -112
2454621.80637684 -082 +079
2454621.81045124 -092 +082
2454972.89199661 +298 +067
2454972.89315912 +285 +069
2454972.89429327 +303 +059
2454972.89545092 +270 +103
2454972.89657419 +280 +067
2454972.89774214 +278 +094
2454974.82385310 +066 -062
2454974.82497799 +035 -053
2454974.82615267 +032 -053
2454974.82729873 +028 -055
2454974.82842419 +065 -069
2454974.82955846 +035 -053
2454974.83070511 +044 -063
2454974.83182560 +055 -061
2454974.83297063 +078 -049
2454974.83413268 +086 -066
2454974.83644508 +094 -088
2454974.83762368 +079 -111
2454974.83878353 +093 -084
2454974.83994140 +083 -099
2454974.84107266 +080 -077
2454974.84219477 +091 -095
2454974.84334177 +057 -096
2454974.84450023 +086 -100
2454974.84565429 +091 -107
2454974.84681472 +079 -112
2450256.62115741 -275 +016
2450256.62865741 -226 +036
2450256.63158565 -193 +038
2450290.65199167 -071 -184
2450290.65288437 -016 -040
2450290.65349780 -047 -055
2450290.65409977 -052 +030
2450290.65470116 -107 -101
2450290.65590521 -049 -006
2450290.65710856 -080 -030
2450290.65771065 -023 +016
2450358.42901620 +060 -033
2450358.46319444 -074 +046
2450358.46401620 -026 +063
2453463.58189456 -049 -079
2453463.58660845 -064 -054
2453463.59073854 -049 -061
2453464.63098611 -116 -048
2453464.63319433 -118 -054
2453464.63477836 -087 -060
2453464.63637315 -128 -051
2453464.63795718 -085 -044
2453464.63954201 -100 -044
2453464.64271273 -102 -068
2453464.64429676 -098 -054
2453464.64588264 -090 -037
2454331.52455891 +105 -013
2454331.52481644 +050 -107
2454331.52558704 +083 -061
2454331.52637905 +063 -071
2454331.52663646 +085 -026
2454331.52768403 +068 -014
2454331.52820995 +103 -056
2454331.52899236 +060 -056
2454331.52925972 +075 -041
2454331.52977442 +084 -063
2454331.53003183 +037 -086
2454331.53134873 +086 -096
2454331.53186007 +075 -062
2454331.53211481 +058 -038
2454331.53238206 +060 -091
2454331.53344109 +123 -023
2454331.53422789 +088 -038
2454331.53553403 +044 -077
2454331.53686539 +056 -071
2454331.53978241 +068 -066
2454331.54161829 +057 -085
2454331.54215324 +126 -074
2454331.54373623 +099 -095
2454331.54506748 +129 -031
2454331.54612708 +122 -050
2454331.54718611 +086 -061
2454658.77027141 -135 +090
2454658.77393472 -170 +081
2454658.77572500 -160 +064
2454658.77931308 -126 +094
2454658.78110116 -123 +122
2454658.78473762 -155 +100
2454658.78658854 -119 +113
2454658.78876620 -117 +127
2454658.79055926 -128 +116
2454658.79235266 -122 +139
2454658.79414387 -106 +075
2454658.79593715 -144 +122
2454690.53993079 -015 +128
2454690.54278414 +055 +115
2454690.54421609 -005 +183
2454690.54849109 +002 +081
2454690.55721007 +018 +110
2454690.55863229 +013 +110
2454729.47467292 -018 +080
2454729.47586447 -041 +076
2454729.47705544 -027 +105
2454729.47824699 -023 +102
2454729.47944815 -065 +078
2454729.48065845 +011 +085
2454729.48185984 +023 +095
2454729.48306053 -028 +111
2454729.48426076 -052 +080
2454729.48545093 -070 +057
2455032.82666968 +100 -021
2455032.82844641 -009 -010
2455032.83021296 +118 -044
2455032.83199028 +075 -065
2456606.74360280 -059 +023
2456606.75843477 -070 +032
2456606.76057490 -059 +024
2456606.76271503 -063 +019
2456606.76485527 -065 +015
2456606.76699539 -075 +016
2451039.60880266 -090 +096
2451039.61998912 -061 +094
2451039.62746678 -043 +103
2451039.63319664 -019 +099
2451039.63762685 +008 +084
2451039.64206123 +009 +093
2451044.41546817 -114 -036
2451044.42175775 -181 +064
2451044.42653576 -112 +062
2451044.43130324 -041 +059
2451044.43608484 -130 +019
2451044.44086632 -124 +092
2451044.44563322 -031 +119
2451044.45040833 -056 -058
2451044.45714387 -036 +041
2451460.60077188 +123 -148
2451460.60660938 +140 -124
2451460.61402222 +022 -146
2451460.62562419 +057 -164
2451460.62889641 +088 -133
2451460.63215856 +107 -133
2451460.63542338 +021 -126
2451460.63868738 +127 -144
2451460.64195301 +064 -138
2451460.64849977 +176 -112
2451463.56840567 -109 -202
2451463.57174977 -053 -140
2451463.57796123 -156 -188
2451463.58476586 -008 -174
2451463.58818727 +027 -138
2451493.46463102 +067 -084
2451493.47037824 +031 -024
2451493.47481574 +070 -053
2451493.47924850 +061 -117
2451493.48369259 +067 -097
2451493.48813102 +099 -068
2451493.49256181 +066 -054
2451513.38859398 -009 -114
2451513.39130926 -010 -145
2451513.39654884 +007 -101
2451513.40039630 +015 -075
2451513.40424016 -011 -089
2451513.40808171 -038 -124
2451513.41192616 -024 -110
2451515.29315359 -022 -084
2451515.29600602 +000 -095
2451515.30205810 +020 -088
2451515.30649537 +027 -087
2451515.31535995 +040 -091
2451515.31980046 +043 -083
2451518.28283981 +070 -063
2451518.28582535 -012 -150
2451518.29072419 +073 -153
2451518.29457014 +016 -138
2451518.29840880 -044 -122
2451518.30225833 +051 -100
2451518.30610139 +018 -136
2451521.26939190 +030 -096
2451521.27624144 +034 -121
2451521.28381736 +029 -092
2451521.33505938 +041 -081
2451876.59493264 +220 +142
2451876.59923924 +229 +002
2451876.60367141 +387 +061
2451876.60810579 +225 -006
2452233.63736157 -029 -063
2452233.64011563 -025 -044
2452233.64338924 -021 -076
2452233.64667338 -050 -059
2452233.64995475 -048 -065
2452233.65323843 -037 -062
2452233.65824896 -013 -068
2452233.66152639 -028 -064
2452233.66480069 -044 -049
2452233.66808380 -050 -068
2452236.53414433 -054 -128
2452236.54303854 -035 -103
2452236.56084456 -045 -103
2452236.56529387 -208 -084
2452236.56974468 +020 -181
2452263.43714062 -037 -129
2452263.44088576 -127 -134
2452263.44463380 -069 -141
2452263.44838252 -065 -128
2452263.45213160 -053 -141
2452263.45587998 -039 -128
2452263.45962870 -024 -126
2452263.46338252 -095 -135
2452263.46712940 -008 -144
2452265.41567627 +069 -174
2452265.41941887 +134 -140
2452265.42316250 -046 -151
2452265.42690521 -064 -136
2452283.52496516 -007 -093
2452283.53269051 -036 -076
2452283.53644421 -027 -080
2452283.54019213 -019 -073
2452283.54394433 -020 -099
2452283.54768993 +021 -100
2452283.55143900 +016 -092
2452283.55518981 -008 -078
2452283.55894664 -032 -086
2452283.56269896 -034 -083
2452313.41060440 +028 -007
2452313.41589282 +019 -073
2452313.41964329 +058 -067
2452313.42339826 +032 -053
2452313.42714780 -005 -067
2452314.51343229 -002 -078
2452314.51893704 +024 -117
2452314.52291863 +070 -067
2452314.52688553 +023 -087
2452314.53085937 +020 -035
2452314.53483715 +005 -080
2452637.55366933 +055 +054
2452637.55752176 +071 -013
2452637.56137187 +036 +049
2452637.56522685 +077 +004
2452637.56908472 +043 +051
2452637.57303495 +081 +024
2452637.57688796 +056 +027
2452669.49192014 -044 -029
2452669.49540567 +072 +050
2452669.50587454 -013 +033
2452669.50972720 -055 -003
2452669.51358252 +014 -104
2453089.33985903 +009 +018
2453089.34736285 +052 +036
2453089.35320509 +006 +067
2453089.35905532 -003 +048
2453089.36490486 -031 +060
2453089.37074572 -010 +021
2453089.37657836 -035 -002
2453089.38240208 -005 -018
2453089.38824595 +062 -004
2453089.39408796 -082 +054
2453119.38709896 +202 -047
2453119.39439479 +064 -011
2453119.39884653 +034 -026
2453119.40329086 +213 -040
2453119.40774421 +083 -026
2453119.41219097 +104 +048
2453119.41663657 +162 +010
2453119.42108738 +047 -017
2453119.42553854 -029 +039
2453437.63321933 -081 -077
2453437.63685336 -170 -003
2453437.64048565 -129 -058
2453437.64411088 -096 -141
2453437.64774398 -188 -116
2453437.65137778 -155 -069
2453437.65501181 -303 -081
2453437.65864294 -242 -082
2453439.52603171 -141 -112
2453439.52954549 -185 -086
2453439.53305521 -206 -013
2453439.53657268 -171 -046
2453439.54008021 -194 -064
2453439.54359340 -147 -024
2453439.54711065 -203 -002
2453439.55062731 -200 +020
2453439.55413877 -178 -020
2453439.55765023 -182 -065
2453439.56116215 -176 -038
2453474.48598750 -126 -114
2453474.49051169 -106 -117
2453474.49611412 -067 -116
2453474.50171181 -008 -108
2453474.50731192 -150 -102
2453474.51291308 -139 -151
2453474.51851343 +017 -145
2453474.52410891 -220 -091
2453495.36744861 -128 -121
2453495.37230567 -121 -139
2453495.37731979 -032 -090
2453495.38233287 -300 +002
2453495.38734977 -275 +019
2453495.39738935 -203 -131
2453495.40240451 -303 -077
2453497.44189444 +007 -220
2453497.44691215 -043 -199
2453497.45695486 +020 -140
2453497.46700058 +008 -185
2453499.43653113 -048 -110
2453499.44154780 -092 -145
2453499.44657060 -101 -147
2453499.45158472 -084 -100
2453499.45659942 -049 -123
2453499.46162049 -087 -110
2453505.39095764 -067 -115
2453505.40353738 -166 -152
2453505.40855428 -169 -107
2453505.41357778 -108 -135
2453505.41859456 -070 -091
2453505.42360891 -038 -128
2453505.42863113 -073 -086
2453505.43365266 -055 -082
2453881.37534294 +002 -071
2453881.38423750 +100 -026
2453881.38867697 +229 +002
2453881.39311991 +149 +027
2453881.39757153 +260 -103
2453881.40201238 +252 -010
2453881.40646169 +180 +105
2454353.55469836 +091 -104
2454353.55650366 +128 -116
2454353.55832273 +105 -102
2454353.56032289 +112 -114
2454353.56207134 +110 -093
2454353.56390072 +126 -118
2454353.56567638 +119 -111
2454353.56749974 +101 -115
2454353.56923915 +087 -112
2454621.80637684 -082 +079
2454621.81045124 -092 +082
2454972.89199661 +298 +067
2454972.89315912 +285 +069
2454972.89429327 +303 +059
2454972.89545092 +270 +103
2454972.89657419 +280 +067
2454972.89774214 +278 +094
2454974.82385310 +066 -062
2454974.82497799 +035 -053
2454974.82615267 +032 -053
2454974.82729873 +028 -055
2454974.82842419 +065 -069
2454974.82955846 +035 -053
2454974.83070511 +044 -063
2454974.83182560 +055 -061
2454974.83297063 +078 -049
2454974.83413268 +086 -066
2454974.83644508 +094 -088
2454974.83762368 +079 -111
2454974.83878353 +093 -084
2454974.83994140 +083 -099
2454974.84107266 +080 -077
2454974.84219477 +091 -095
2454974.84334177 +057 -096
2454974.84450023 +086 -100
2454974.84565429 +091 -107
2454974.84681472 +079 -112
2450256.62115741 -275 +016
2450256.62865741 -226 +036
2450256.63158565 -193 +038
2450290.65199167 -071 -184
2450290.65288437 -016 -040
2450290.65349780 -047 -055
2450290.65409977 -052 +030
2450290.65470116 -107 -101
2450290.65590521 -049 -006
2450290.65710856 -080 -030
2450290.65771065 -023 +016
2450358.42901620 +060 -033
2450358.46319444 -074 +046
2450358.46401620 -026 +063
2453463.58189456 -049 -079
2453463.58660845 -064 -054
2453463.59073854 -049 -061
2453464.63098611 -116 -048
2453464.63319433 -118 -054
2453464.63477836 -087 -060
2453464.63637315 -128 -051
2453464.63795718 -085 -044
2453464.63954201 -100 -044
2453464.64271273 -102 -068
2453464.64429676 -098 -054
2453464.64588264 -090 -037
2454331.52455891 +105 -013
2454331.52481644 +050 -107
2454331.52558704 +083 -061
2454331.52637905 +063 -071
2454331.52663646 +085 -026
2454331.52768403 +068 -014
2454331.52820995 +103 -056
2454331.52899236 +060 -056
2454331.52925972 +075 -041
2454331.52977442 +084 -063
2454331.53003183 +037 -086
2454331.53134873 +086 -096
2454331.53186007 +075 -062
2454331.53211481 +058 -038
2454331.53238206 +060 -091
2454331.53344109 +123 -023
2454331.53422789 +088 -038
2454331.53553403 +044 -077
2454331.53686539 +056 -071
2454331.53978241 +068 -066
2454331.54161829 +057 -085
2454331.54215324 +126 -074
2454331.54373623 +099 -095
2454331.54506748 +129 -031
2454331.54612708 +122 -050
2454331.54718611 +086 -061
2454658.77027141 -135 +090
2454658.77393472 -170 +081
2454658.77572500 -160 +064
2454658.77931308 -126 +094
2454658.78110116 -123 +122
2454658.78473762 -155 +100
2454658.78658854 -119 +113
2454658.78876620 -117 +127
2454658.79055926 -128 +116
2454658.79235266 -122 +139
2454658.79414387 -106 +075
2454658.79593715 -144 +122
2454690.53993079 -015 +128
2454690.54278414 +055 +115
2454690.54421609 -005 +183
2454690.54849109 +002 +081
2454690.55721007 +018 +110
2454690.55863229 +013 +110
2454729.47467292 -018 +080
2454729.47586447 -041 +076
2454729.47705544 -027 +105
2454729.47824699 -023 +102
2454729.47944815 -065 +078
2454729.48065845 +011 +085
2454729.48185984 +023 +095
2454729.48306053 -028 +111
2454729.48426076 -052 +080
2454729.48545093 -070 +057
2455032.82666968 +100 -021
2455032.82844641 -009 -010
2455032.83021296 +118 -044
2455032.83199028 +075 -065
2456606.74360280 -059 +023
2456606.75843477 -070 +032
2456606.76057490 -059 +024
2456606.76271503 -063 +019
2456606.76485527 -065 +015
2456606.76699539 -075 +016
2451039.60880266 -090 +096
2451039.61998912 -061 +094
2451039.62746678 -043 +103
2451039.63319664 -019 +099
2451039.63762685 +008 +084
2451039.64206123 +009 +093
2451044.41546817 -114 -036
2451044.42175775 -181 +064
2451044.42653576 -112 +062
2451044.43130324 -041 +059
2451044.43608484 -130 +019
2451044.44086632 -124 +092
2451044.44563322 -031 +119
2451044.45040833 -056 -058
2451044.45714387 -036 +041
2451460.60077188 +123 -148
2451460.60660938 +140 -124
2451460.61402222 +022 -146
2451460.62562419 +057 -164
2451460.62889641 +088 -133
2451460.63215856 +107 -133
2451460.63542338 +021 -126
2451460.63868738 +127 -144
2451460.64195301 +064 -138
2451460.64849977 +176 -112
2451463.56840567 -109 -202
2451463.57174977 -053 -140
2451463.57796123 -156 -188
2451463.58476586 -008 -174
2451463.58818727 +027 -138
2451493.46463102 +067 -084
2451493.47037824 +031 -024
2451493.47481574 +070 -053
2451493.47924850 +061 -117
2451493.48369259 +067 -097
2451493.48813102 +099 -068
2451493.49256181 +066 -054
2451513.38859398 -009 -114
2451513.39130926 -010 -145
2451513.39654884 +007 -101
2451513.40039630 +015 -075
2451513.40424016 -011 -089
2451513.40808171 -038 -124
2451513.41192616 -024 -110
2451515.29315359 -022 -084
2451515.29600602 +000 -095
2451515.30205810 +020 -088
2451515.30649537 +027 -087
2451515.31535995 +040 -091
2451515.31980046 +043 -083
2451518.28283981 +070 -063
2451518.28582535 -012 -150
2451518.29072419 +073 -153
2451518.29457014 +016 -138
2451518.29840880 -044 -122
2451518.30225833 +051 -100
2451518.30610139 +018 -136
2451521.26939190 +030 -096
2451521.27624144 +034 -121
2451521.28381736 +029 -092
2451521.33505938 +041 -081
2451876.59493264 +220 +142
2451876.59923924 +229 +002
2451876.60367141 +387 +061
2451876.60810579 +225 -006
2452233.63736157 -029 -063
2452233.64011563 -025 -044
2452233.64338924 -021 -076
2452233.64667338 -050 -059
2452233.64995475 -048 -065
2452233.65323843 -037 -062
2452233.65824896 -013 -068
2452233.66152639 -028 -064
2452233.66480069 -044 -049
2452233.66808380 -050 -068
2452236.53414433 -054 -128
2452236.54303854 -035 -103
2452236.56084456 -045 -103
2452236.56529387 -208 -084
2452236.56974468 +020 -181
2452263.43714062 -037 -129
2452263.44088576 -127 -134
2452263.44463380 -069 -141
2452263.44838252 -065 -128
2452263.45213160 -053 -141
2452263.45587998 -039 -128
2452263.45962870 -024 -126
2452263.46338252 -095 -135
2452263.46712940 -008 -144
2452265.41567627 +069 -174
2452265.41941887 +134 -140
2452265.42316250 -046 -151
2452265.42690521 -064 -136
2452283.52496516 -007 -093
2452283.53269051 -036 -076
2452283.53644421 -027 -080
2452283.54019213 -019 -073
2452283.54394433 -020 -099
2452283.54768993 +021 -100
2452283.55143900 +016 -092
2452283.55518981 -008 -078
2452283.55894664 -032 -086
2452283.56269896 -034 -083
2452313.41060440 +028 -007
2452313.41589282 +019 -073
2452313.41964329 +058 -067
2452313.42339826 +032 -053
2452313.42714780 -005 -067
2452314.51343229 -002 -078
2452314.51893704 +024 -117
2452314.52291863 +070 -067
2452314.52688553 +023 -087
2452314.53085937 +020 -035
2452314.53483715 +005 -080
2452637.55366933 +055 +054
2452637.55752176 +071 -013
2452637.56137187 +036 +049
2452637.56522685 +077 +004
2452637.56908472 +043 +051
2452637.57303495 +081 +024
2452637.57688796 +056 +027
2452669.49192014 -044 -029
2452669.49540567 +072 +050
2452669.50587454 -013 +033
2452669.50972720 -055 -003
2452669.51358252 +014 -104
2453089.33985903 +009 +018
2453089.34736285 +052 +036
2453089.35320509 +006 +067
2453089.35905532 -003 +048
2453089.36490486 -031 +060
2453089.37074572 -010 +021
2453089.37657836 -035 -002
2453089.38240208 -005 -018
2453089.38824595 +062 -004
2453089.39408796 -082 +054
2453119.38709896 +202 -047
2453119.39439479 +064 -011
2453119.39884653 +034 -026
2453119.40329086 +213 -040
2453119.40774421 +083 -026
2453119.41219097 +104 +048
2453119.41663657 +162 +010
2453119.42108738 +047 -017
2453119.42553854 -029 +039
2453437.63321933 -081 -077
2453437.63685336 -170 -003
2453437.64048565 -129 -058
2453437.64411088 -096 -141
2453437.64774398 -188 -116
2453437.65137778 -155 -069
2453437.65501181 -303 -081
2453437.65864294 -242 -082
2453439.52603171 -141 -112
2453439.52954549 -185 -086
2453439.53305521 -206 -013
2453439.53657268 -171 -046
2453439.54008021 -194 -064
2453439.54359340 -147 -024
2453439.54711065 -203 -002
2453439.55062731 -200 +020
2453439.55413877 -178 -020
2453439.55765023 -182 -065
2453439.56116215 -176 -038
2453474.48598750 -126 -114
2453474.49051169 -106 -117
2453474.49611412 -067 -116
2453474.50171181 -008 -108
2453474.50731192 -150 -102
2453474.51291308 -139 -151
2453474.51851343 +017 -145
2453474.52410891 -220 -091
2453495.36744861 -128 -121
2453495.37230567 -121 -139
2453495.37731979 -032 -090
2453495.38233287 -300 +002
2453495.38734977 -275 +019
2453495.39738935 -203 -131
2453495.40240451 -303 -077
2453497.44189444 +007 -220
2453497.44691215 -043 -199
2453497.45695486 +020 -140
2453497.46700058 +008 -185
2453499.43653113 -048 -110
2453499.44154780 -092 -145
2453499.44657060 -101 -147
2453499.45158472 -084 -100
2453499.45659942 -049 -123
2453499.46162049 -087 -110
2453505.39095764 -067 -115
2453505.40353738 -166 -152
2453505.40855428 -169 -107
2453505.41357778 -108 -135
2453505.41859456 -070 -091
2453505.42360891 -038 -128
2453505.42863113 -073 -086
2453505.43365266 -055 -082
2453881.37534294 +002 -071
2453881.38423750 +100 -026
2453881.38867697 +229 +002
2453881.39311991 +149 +027
2453881.39757153 +260 -103
2453881.40201238 +252 -010
2453881.40646169 +180 +105
2454353.55469836 +091 -104
2454353.55650366 +128 -116
2454353.55832273 +105 -102
2454353.56032289 +112 -114
2454353.56207134 +110 -093
2454353.56390072 +126 -118
2454353.56567638 +119 -111
2454353.56749974 +101 -115
2454353.56923915 +087 -112
2454621.80637684 -082 +079
2454621.81045124 -092 +082
2454972.89199661 +298 +067
2454972.89315912 +285 +069
2454972.89429327 +303 +059
2454972.89545092 +270 +103
2454972.89657419 +280 +067
2454972.89774214 +278 +094
2454974.82385310 +066 -062
2454974.82497799 +035 -053
2454974.82615267 +032 -053
2454974.82729873 +028 -055
2454974.82842419 +065 -069
2454974.82955846 +035 -053
2454974.83070511 +044 -063
2454974.83182560 +055 -061
2454974.83297063 +078 -049
2454974.83413268 +086 -066
2454974.83644508 +094 -088
2454974.83762368 +079 -111
2454974.83878353 +093 -084
2454974.83994140 +083 -099
2454974.84107266 +080 -077
2454974.84219477 +091 -095
2454974.84334177 +057 -096
2454974.84450023 +086 -100
2454974.84565429 +091 -107
2454974.84681472 +079 -112
2450256.62115741 -275 +016
2450256.62865741 -226 +036
2450256.63158565 -193 +038
2450290.65199167 -071 -184
2450290.65288437 -016 -040
2450290.65349780 -047 -055
2450290.65409977 -052 +030
2450290.65470116 -107 -101
2450290.65590521 -049 -006
2450290.65710856 -080 -030
2450290.65771065 -023 +016
2450358.42901620 +060 -033
2450358.46319444 -074 +046
2450358.46401620 -026 +063
2453463.58189456 -049 -079
2453463.58660845 -064 -054
2453463.59073854 -049 -061
2453464.63098611 -116 -048
2453464.63319433 -118 -054
2453464.63477836 -087 -060
2453464.63637315 -128 -051
2453464.63795718 -085 -044
2453464.63954201 -100 -044
2453464.64271273 -102 -068
2453464.64429676 -098 -054
2453464.64588264 -090 -037
2454331.52455891 +105 -013
2454331.52481644 +050 -107
2454331.52558704 +083 -061
2454331.52637905 +063 -071
2454331.52663646 +085 -026
2454331.52768403 +068 -014
2454331.52820995 +103 -056
2454331.52899236 +060 -056
2454331.52925972 +075 -041
2454331.52977442 +084 -063
2454331.53003183 +037 -086
2454331.53134873 +086 -096
2454331.53186007 +075 -062
2454331.53211481 +058 -038
2454331.53238206 +060 -091
2454331.53344109 +123 -023
2454331.53422789 +088 -038
2454331.53553403 +044 -077
2454331.53686539 +056 -071
2454331.53978241 +068 -066
2454331.54161829 +057 -085
2454331.54215324 +126 -074
2454331.54373623 +099 -095
2454331.54506748 +129 -031
2454331.54612708 +122 -050
2454331.54718611 +086 -061
2454658.77027141 -135 +090
2454658.77393472 -170 +081
2454658.77572500 -160 +064
2454658.77931308 -126 +094
2454658.78110116 -123 +122
2454658.78473762 -155 +100
2454658.78658854 -119 +113
2454658.78876620 -117 +127
2454658.79055926 -128 +116
2454658.79235266 -122 +139
2454658.79414387 -106 +075
2454658.79593715 -144 +122
2454690.53993079 -015 +128
2454690.54278414 +055 +115
2454690.54421609 -005 +183
2454690.54849109 +002 +081
2454690.55721007 +018 +110
2454690.55863229 +013 +110
2454729.47467292 -018 +080
2454729.47586447 -041 +076
2454729.47705544 -027 +105
2454729.47824699 -023 +102
2454729.47944815 -065 +078
2454729.48065845 +011 +085
2454729.48185984 +023 +095
2454729.48306053 -028 +111
2454729.48426076 -052 +080
2454729.48545093 -070 +057
2455032.82666968 +100 -021
2455032.82844641 -009 -010
2455032.83021296 +118 -044
2455032.83199028 +075 -065
2456606.74360280 -059 +023
2456606.75843477 -070 +032
2456606.76057490 -059 +024
2456606.76271503 -063 +019
2456606.76485527 -065 +015
2456606.76699539 -075 +016
2451039.60880266 -090 +096
2451039.61998912 -061 +094
2451039.62746678 -043 +103
2451039.63319664 -019 +099
2451039.63762685 +008 +084
2451039.64206123 +009 +093
2451044.41546817 -114 -036
2451044.42175775 -181 +064
2451044.42653576 -112 +062
2451044.43130324 -041 +059
2451044.43608484 -130 +019
2451044.44086632 -124 +092
2451044.44563322 -031 +119
2451044.45040833 -056 -058
2451044.45714387 -036 +041
2451460.60077188 +123 -148
2451460.60660938 +140 -124
2451460.61402222 +022 -146
2451460.62562419 +057 -164
2451460.62889641 +088 -133
2451460.63215856 +107 -133
2451460.63542338 +021 -126
2451460.63868738 +127 -144
2451460.64195301 +064 -138
2451460.64849977 +176 -112
2451463.56840567 -109 -202
2451463.57174977 -053 -140
2451463.57796123 -156 -188
2451463.58476586 -008 -174
2451463.58818727 +027 -138
2451493.46463102 +067 -084
2451493.47037824 +031 -024
2451493.47481574 +070 -053
2451493.47924850 +061 -117
2451493.48369259 +067 -097
2451493.48813102 +099 -068
2451493.49256181 +066 -054
2451513.38859398 -009 -114
2451513.39130926 -010 -145
2451513.39654884 +007 -101
2451513.40039630 +015 -075
2451513.40424016 -011 -089
2451513.40808171 -038 -124
2451513.41192616 -024 -110
2451515.29315359 -022 -084
2451515.29600602 +000 -095
2451515.30205810 +020 -088
2451515.30649537 +027 -087
2451515.31535995 +040 -091
2451515.31980046 +043 -083
2451518.28283981 +070 -063
2451518.28582535 -012 -150
2451518.29072419 +073 -153
2451518.29457014 +016 -138
2451518.29840880 -044 -122
2451518.30225833 +051 -100
2451518.30610139 +018 -136
2451521.26939190 +030 -096
2451521.27624144 +034 -121
2451521.28381736 +029 -092
2451521.33505938 +041 -081
2451876.59493264 +220 +142
2451876.59923924 +229 +002
2451876.60367141 +387 +061
2451876.60810579 +225 -006
2452233.63736157 -029 -063
2452233.64011563 -025 -044
2452233.64338924 -021 -076
2452233.64667338 -050 -059
2452233.64995475 -048 -065
2452233.65323843 -037 -062
2452233.65824896 -013 -068
2452233.66152639 -028 -064
2452233.66480069 -044 -049
2452233.66808380 -050 -068
2452236.53414433 -054 -128
2452236.54303854 -035 -103
2452236.56084456 -045 -103
2452236.56529387 -208 -084
2452236.56974468 +020 -181
2452263.43714062 -037 -129
2452263.44088576 -127 -134
2452263.44463380 -069 -141
2452263.44838252 -065 -128
2452263.45213160 -053 -141
2452263.45587998 -039 -128
2452263.45962870 -024 -126
2452263.46338252 -095 -135
2452263.46712940 -008 -144
2452265.41567627 +069 -174
2452265.41941887 +134 -140
2452265.42316250 -046 -151
2452265.42690521 -064 -136
2452283.52496516 -007 -093
2452283.53269051 -036 -076
2452283.53644421 -027 -080
2452283.54019213 -019 -073
2452283.54394433 -020 -099
2452283.54768993 +021 -100
2452283.55143900 +016 -092
2452283.55518981 -008 -078
2452283.55894664 -032 -086
2452283.56269896 -034 -083
2452313.41060440 +028 -007
2452313.41589282 +019 -073
2452313.41964329 +058 -067
2452313.42339826 +032 -053
2452313.42714780 -005 -067
2452314.51343229 -002 -078
2452314.51893704 +024 -117
2452314.52291863 +070 -067
2452314.52688553 +023 -087
2452314.53085937 +020 -035
2452314.53483715 +005 -080
2452637.55366933 +055 +054
2452637.55752176 +071 -013
2452637.56137187 +036 +049
2452637.56522685 +077 +004
2452637.56908472 +043 +051
2452637.57303495 +081 +024
2452637.57688796 +056 +027
2452669.49192014 -044 -029
2452669.49540567 +072 +050
2452669.50587454 -013 +033
2452669.50972720 -055 -003
2452669.51358252 +014 -104
2453089.33985903 +009 +018
2453089.34736285 +052 +036
2453089.35320509 +006 +067
2453089.35905532 -003 +048
2453089.36490486 -031 +060
2453089.37074572 -010 +021
2453089.37657836 -035 -002
2453089.38240208 -005 -018
2453089.38824595 +062 -004
2453089.39408796 -082 +054
2453119.38709896 +202 -047
2453119.39439479 +064 -011
2453119.39884653 +034 -026
2453119.40329086 +213 -040
2453119.40774421 +083 -026
2453119.41219097 +104 +048
2453119.41663657 +162 +010
2453119.42108738 +047 -017
2453119.42553854 -029 +039
2453437.63321933 -081 -077
2453437.63685336 -170 -003
2453437.64048565 -129 -058
2453437.64411088 -096 -141
2453437.64774398 -188 -116
2453437.65137778 -155 -069
2453437.65501181 -303 -081
2453437.65864294 -242 -082
2453439.52603171 -141 -112
2453439.52954549 -185 -086
2453439.53305521 -206 -013
2453439.53657268 -171 -046
2453439.54008021 -194 -064
2453439.54359340 -147 -024
2453439.54711065 -203 -002
2453439.55062731 -200 +020
2453439.55413877 -178 -020
2453439.55765023 -182 -065
2453439.56116215 -176 -038
2453474.48598750 -126 -114
2453474.49051169 -106 -117
2453474.49611412 -067 -116
2453474.50171181 -008 -108
2453474.50731192 -150 -102
2453474.51291308 -139 -151
2453474.51851343 +017 -145
2453474.52410891 -220 -091
2453495.36744861 -128 -121
2453495.37230567 -121 -139
2453495.37731979 -032 -090
2453495.38233287 -300 +002
2453495.38734977 -275 +019
2453495.39738935 -203 -131
2453495.40240451 -303 -077
2453497.44189444 +007 -220
2453497.44691215 -043 -199
2453497.45695486 +020 -140
2453497.46700058 +008 -185
2453499.43653113 -048 -110
2453499.44154780 -092 -145
2453499.44657060 -101 -147
2453499.45158472 -084 -100
2453499.45659942 -049 -123
2453499.46162049 -087 -110
2453505.39095764 -067 -115
2453505.40353738 -166 -152
2453505.40855428 -169 -107
2453505.41357778 -108 -135
2453505.41859456 -070 -091
2453505.42360891 -038 -128
2453505.42863113 -073 -086
2453505.43365266 -055 -082
2453881.37534294 +002 -071
2453881.38423750 +100 -026
2453881.38867697 +229 +002
2453881.39311991 +149 +027
2453881.39757153 +260 -103
2453881.40201238 +252 -010
2453881.40646169 +180 +105
2454353.55469836 +091 -104
2454353.55650366 +128 -116
2454353.55832273 +105 -102
2454353.56032289 +112 -114
2454353.56207134 +110 -093
2454353.56390072 +126 -118
2454353.56567638 +119 -111
2454353.56749974 +101 -115
2454353.56923915 +087 -112
2454621.80637684 -082 +079
2454621.81045124 -092 +082
2454972.89199661 +298 +067
2454972.89315912 +285 +069
2454972.89429327 +303 +059
2454972.89545092 +270 +103
2454972.89657419 +280 +067
2454972.89774214 +278 +094
2454974.82385310 +066 -062
2454974.82497799 +035 -053
2454974.82615267 +032 -053
2454974.82729873 +028 -055
2454974.82842419 +065 -069
2454974.82955846 +035 -053
2454974.83070511 +044 -063
2454974.83182560 +055 -061
2454974.83297063 +078 -049
2454974.83413268 +086 -066
2454974.83644508 +094 -088
2454974.83762368 +079 -111
2454974.83878353 +093 -084
2454974.83994140 +083 -099
2454974.84107266 +080 -077
2454974.84219477 +091 -095
2454974.84334177 +057 -096
2454974.84450023 +086 -100
2454974.84565429 +091 -107
2454974.84681472 +079 -112
2450256.62115741 -275 +016
2450256.62865741 -226 +036
2450256.63158565 -193 +038
2450290.65199167 -071 -184
2450290.65288437 -016 -040
2450290.65349780 -047 -055
2450290.65409977 -052 +030
2450290.65470116 -107 -101
2450290.65590521 -049 -006
2450290.65710856 -080 -030
2450290.65771065 -023 +016
2450358.42901620 +060 -033
2450358.46319444 -074 +046
2450358.46401620 -026 +063
2453463.58189456 -049 -079
2453463.58660845 -064 -054
2453463.59073854 -049 -061
2453464.63098611 -116 -048
2453464.63319433 -118 -054
2453464.63477836 -087 -060
2453464.63637315 -128 -051
2453464.63795718 -085 -044
2453464.63954201 -100 -044
2453464.64271273 -102 -068
2453464.64429676 -098 -054
2453464.64588264 -090 -037
2454331.52455891 +105 -013
2454331.52481644 +050 -107
2454331.52558704 +083 -061
2454331.52637905 +063 -071
2454331.52663646 +085 -026
2454331.52768403 +068 -014
2454331.52820995 +103 -056
2454331.52899236 +060 -056
2454331.52925972 +075 -041
2454331.52977442 +084 -063
2454331.53003183 +037 -086
2454331.53134873 +086 -096
2454331.53186007 +075 -062
2454331.53211481 +058 -038
2454331.53238206 +060 -091
2454331.53344109 +123 -023
2454331.53422789 +088 -038
2454331.53553403 +044 -077
2454331.53686539 +056 -071
2454331.53978241 +068 -066
2454331.54161829 +057 -085
2454331.54215324 +126 -074
2454331.54373623 +099 -095
2454331.54506748 +129 -031
2454331.54612708 +122 -050
2454331.54718611 +086 -061
2454658.77027141 -135 +090
2454658.77393472 -170 +081
2454658.77572500 -160 +064
2454658.77931308 -126 +094
2454658.78110116 -123 +122
2454658.78473762 -155 +100
2454658.78658854 -119 +113
2454658.78876620 -117 +127
2454658.79055926 -128 +116
2454658.79235266 -122 +139
2454658.79414387 -106 +075
2454658.79593715 -144 +122
2454690.53993079 -015 +128
2454690.54278414 +055 +115
2454690.54421609 -005 +183
2454690.54849109 +002 +081
2454690.55721007 +018 +110
2454690.55863229 +013 +110
2454729.47467292 -018 +080
2454729.47586447 -041 +076
2454729.47705544 -027 +105
2454729.47824699 -023 +102
2454729.47944815 -065 +078
2454729.48065845 +011 +085
2454729.48185984 +023 +095
2454729.48306053 -028 +111
2454729.48426076 -052 +080
2454729.48545093 -070 +057
2455032.82666968 +100 -021
2455032.82844641 -009 -010
2455032.83021296 +118 -044
2455032.83199028 +075 -065
2456606.74360280 -059 +023
2456606.75843477 -070 +032
2456606.76057490 -059 +024
2456606.76271503 -063 +019
2456606.76485527 -065 +015
2456606.76699539 -075 +016
2451039.60880266 -090 +096
2451039.61998912 -061 +094
2451039.62746678 -043 +103
2451039.63319664 -019 +099
2451039.63762685 +008 +084
2451039.64206123 +009 +093
2451044.41546817 -114 -036
2451044.42175775 -181 +064
2451044.42653576 -112 +062
2451044.43130324 -041 +059
2451044.43608484 -130 +019
2451044.44086632 -124 +092
2451044.44563322 -031 +119
2451044.45040833 -056 -058
2451044.45714387 -036 +041
2451460.60077188 +123 -148
2451460.60660938 +140 -124
2451460.61402222 +022 -146
2451460.62562419 +057 -164
2451460.62889641 +088 -133
2451460.63215856 +107 -133
2451460.63542338 +021 -126
2451460.63868738 +127 -144
2451460.64195301 +064 -138
2451460.64849977 +176 -112
2451463.56840567 -109 -202
2451463.57174977 -053 -140
2451463.57796123 -156 -188
2451463.58476586 -008 -174
2451463.58818727 +027 -138
2451493.46463102 +067 -084
2451493.47037824 +031 -024
2451493.47481574 +070 -053
2451493.47924850 +061 -117
2451493.48369259 +067 -097
2451493.48813102 +099 -068
2451493.49256181 +066 -054
2451513.38859398 -009 -114
2451513.39130926 -010 -145
2451513.39654884 +007 -101
2451513.40039630 +015 -075
2451513.40424016 -011 -089
2451513.40808171 -038 -124
2451513.41192616 -024 -110
2451515.29315359 -022 -084
2451515.29600602 +000 -095
2451515.30205810 +020 -088
2451515.30649537 +027 -087
2451515.31535995 +040 -091
2451515.31980046 +043 -083
2451518.28283981 +070 -063
2451518.28582535 -012 -150
2451518.29072419 +073 -153
2451518.29457014 +016 -138
2451518.29840880 -044 -122
2451518.30225833 +051 -100
2451518.30610139 +018 -136
2451521.26939190 +030 -096
2451521.27624144 +034 -121
2451521.28381736 +029 -092
2451521.33505938 +041 -081
2451876.59493264 +220 +142
2451876.59923924 +229 +002
2451876.60367141 +387 +061
2451876.60810579 +225 -006
2452233.63736157 -029 -063
2452233.64011563 -025 -044
2452233.64338924 -021 -076
2452233.64667338 -050 -059
2452233.64995475 -048 -065
2452233.65323843 -037 -062
2452233.65824896 -013 -068
2452233.66152639 -028 -064
2452233.66480069 -044 -049
2452233.66808380 -050 -068
2452236.53414433 -054 -128
2452236.54303854 -035 -103
2452236.56084456 -045 -103
2452236.56529387 -208 -084
2452236.56974468 +020 -181
2452263.43714062 -037 -129
2452263.44088576 -127 -134
2452263.44463380 -069 -141
2452263.44838252 -065 -128
2452263.45213160 -053 -141
2452263.45587998 -039 -128
2452263.45962870 -024 -126
2452263.46338252 -095 -135
2452263.46712940 -008 -144
2452265.41567627 +069 -174
2452265.41941887 +134 -140
2452265.42316250 -046 -151
2452265.42690521 -064 -136
2452283.52496516 -007 -093
2452283.53269051 -036 -076
2452283.53644421 -027 -080
2452283.54019213 -019 -073
2452283.54394433 -020 -099
2452283.54768993 +021 -100
2452283.55143900 +016 -092
2452283.55518981 -008 -078
2452283.55894664 -032 -086
2452283.56269896 -034 -083
2452313.41060440 +028 -007
2452313.41589282 +019 -073
2452313.41964329 +058 -067
2452313.42339826 +032 -053
2452313.42714780 -005 -067
2452314.51343229 -002 -078
2452314.51893704 +024 -117
2452314.52291863 +070 -067
2452314.52688553 +023 -087
2452314.53085937 +020 -035
2452314.53483715 +005 -080
2452637.55366933 +055 +054
2452637.55752176 +071 -013
2452637.56137187 +036 +049
2452637.56522685 +077 +004
2452637.56908472 +043 +051
2452637.57303495 +081 +024
2452637.57688796 +056 +027
2452669.49192014 -044 -029
2452669.49540567 +072 +050
2452669.50587454 -013 +033
2452669.50972720 -055 -003
2452669.51358252 +014 -104
2453089.33985903 +009 +018
2453089.34736285 +052 +036
2453089.35320509 +006 +067
2453089.35905532 -003 +048
2453089.36490486 -031 +060
2453089.37074572 -010 +021
2453089.37657836 -035 -002
2453089.38240208 -005 -018
2453089.38824595 +062 -004
2453089.39408796 -082 +054
2453119.38709896 +202 -047
2453119.39439479 +064 -011
2453119.39884653 +034 -026
2453119.40329086 +213 -040
2453119.40774421 +083 -026
2453119.41219097 +104 +048
2453119.41663657 +162 +010
2453119.42108738 +047 -017
2453119.42553854 -029 +039
2453437.63321933 -081 -077
2453437.63685336 -170 -003
2453437.64048565 -129 -058
2453437.64411088 -096 -141
2453437.64774398 -188 -116
2453437.65137778 -155 -069
2453437.65501181 -303 -081
2453437.65864294 -242 -082
2453439.52603171 -141 -112
2453439.52954549 -185 -086
2453439.53305521 -206 -013
2453439.53657268 -171 -046
2453439.54008021 -194 -064
2453439.54359340 -147 -024
2453439.54711065 -203 -002
2453439.55062731 -200 +020
2453439.55413877 -178 -020
2453439.55765023 -182 -065
2453439.56116215 -176 -038
2453474.48598750 -126 -114
2453474.49051169 -106 -117
2453474.49611412 -067 -116
2453474.50171181 -008 -108
2453474.50731192 -150 -102
2453474.51291308 -139 -151
2453474.51851343 +017 -145
2453474.52410891 -220 -091
2453495.36744861 -128 -121
2453495.37230567 -121 -139
2453495.37731979 -032 -090
2453495.38233287 -300 +002
2453495.38734977 -275 +019
2453495.39738935 -203 -131
2453495.40240451 -303 -077
2453497.44189444 +007 -220
2453497.44691215 -043 -199
2453497.45695486 +020 -140
2453497.46700058 +008 -185
2453499.43653113 -048 -110
2453499.44154780 -092 -145
2453499.44657060 -101 -147
2453499.45158472 -084 -100
2453499.45659942 -049 -123
2453499.46162049 -087 -110
2453505.39095764 -067 -115
2453505.40353738 -166 -152
2453505.40855428 -169 -107
2453505.41357778 -108 -135
2453505.41859456 -070 -091
2453505.42360891 -038 -128
2453505.42863113 -073 -086
2453505.43365266 -055 -082
2453881.37534294 +002 -071
2453881.38423750 +100 -026
2453881.38867697 +229 +002
2453881.39311991 +149 +027
2453881.39757153 +260 -103
2453881.40201238 +252 -010
2453881.40646169 +180 +105
2454353.55469836 +091 -104
2454353.55650366 +128 -116
2454353.55832273 +105 -102
2454353.56032289 +112 -114
2454353.56207134 +110 -093
2454353.56390072 +126 -118
2454353.56567638 +119 -111
2454353.56749974 +101 -115
2454353.56923915 +087 -112
2454621.80637684 -082 +079
2454621.81045124 -092 +082
2454972.89199661 +298 +067
2454972.89315912 +285 +069
2454972.89429327 +303 +059
2454972.89545092 +270 +103
2454972.89657419 +280 +067
2454972.89774214 +278 +094
2454974.82385310 +066 -062
2454974.82497799 +035 -053
2454974.82615267 +032 -053
2454974.82729873 +028 -055
2454974.82842419 +065 -069
2454974.82955846 +035 -053
2454974.83070511 +044 -063
2454974.83182560 +055 -061
2454974.83297063 +078 -049
2454974.83413268 +086 -066
2454974.83644508 +094 -088
2454974.83762368 +079 -111
2454974.83878353 +093 -084
2454974.83994140 +083 -099
2454974.84107266 +080 -077
2454974.84219477 +091 -095
2454974.84334177 +057 -096
2454974.84450023 +086 -100
2454974.84565429 +091 -107
2454974.84681472 +079 -112
