   0.125  -0.062  511.19  558.67 0.918  10813.29   1129.34 99.999 99.999 99.999 13.173 13.250 99.999 99.999 99.999  0.111 99.999 99.999 99.999 99.999  99.999  99.999  99.999  99.999  0.004  0.004  0.093  0.003  0.062  0.005    6    5 99.999 99.999   99  20.877749819 -17.554548228 23 55 37.76 2003  9 15 2452898.49696481    20  Clear                 150903net0009.fits                                 Triton                1016  1020
   0.118  -0.073  509.86  557.96 1.032   9139.97    842.72 99.999 99.999 99.999 13.215 13.169 99.999 99.999 99.999  0.081 99.999 99.999 99.999 99.999  99.999  99.999  99.999  99.999  0.004  0.004  0.094  0.005  0.063  0.007    6    5 99.999 99.999   99  20.877748422 -17.554560591 23 57  8.04 2003  9 15 2452898.49800972    20  Clear                 150903net0010.fits                                 Triton                1016  1020
   0.127  -0.065  508.92  559.59 1.099   8852.10    630.49 99.999 99.999 99.999 13.188 13.069 99.999 99.999 99.999  0.093 99.999 99.999 99.999 99.999  99.999  99.999  99.999  99.999  0.007  0.007  0.092  0.010  0.062  0.014    6    5 99.999 99.999   99  20.877739500 -17.554625583  0  8  8.62 2003  9 16 2452898.50565532    20  Clear                 150903net0016.fits                                 Triton                1016  1020
   0.088  -0.057  507.24  560.75 1.114   7775.69    658.80 99.999 99.999 99.999 13.183 13.102 99.999 99.999 99.999  0.108 99.999 99.999 99.999 99.999  99.999  99.999  99.999  99.999  0.006  0.006  0.096  0.010  0.065  0.014    6    5 99.999 99.999   99  20.877734930 -17.554651568  0 12 43.84 2003  9 16 2452898.50884074    20  Clear                 150903net0018.fits                                 Triton                1016  1020
   0.122  -0.060  510.20  559.19 1.330   5724.88    480.96 99.999 99.999 99.999 13.198 13.120 99.999 99.999 99.999  0.085 99.999 99.999 99.999 99.999  99.999  99.999  99.999  99.999  0.007  0.007  0.088  0.001  0.060  0.002    6    5 99.999 99.999   99  20.877730389 -17.554690820  0 19  0.34 2003  9 16 2452898.51319838    20  Clear                 150903net0022.fits                                 Triton                1016  1020
   0.103  -0.064  512.39  559.13 1.212  10184.39    829.22 99.999 99.999 99.999 13.227 13.003 99.999 99.999 99.999  0.091 99.999 99.999 99.999 99.999  99.999  99.999  99.999  99.999  0.003  0.003  0.064  0.008  0.044  0.012    6    5 99.999 99.999   99  20.877727191 -17.554712862  0 22 24.10 2003  9 16 2452898.51555671    30  Clear                 150903net0024.fits                                 Triton                1016  1020
   0.117  -0.066  510.78  559.70 1.073  12719.66   1072.30 99.999 99.999 99.999 13.195 12.889 99.999 99.999 99.999  0.091 99.999 99.999 99.999 99.999  99.999  99.999  99.999  99.999  0.002  0.002  0.093  0.008  0.063  0.011    6    5 99.999 99.999   99  20.877725903 -17.554724996  0 24 17.20 2003  9 16 2452898.51686574    30  Clear                 150903net0025.fits                                 Triton                1016  1020
   0.122  -0.065  507.38  558.48 1.149  20541.83   1283.79 99.999 99.999 99.999 13.212 12.980 99.999 99.999 99.999  0.080 99.999 99.999 99.999 99.999  99.999  99.999  99.999  99.999  0.003  0.003  0.098  0.003  0.067  0.005    6    5 99.999 99.999   99  20.877723896 -17.554740362  0 26 50.30 2003  9 16 2452898.51863773    50  Clear                 150903net0026.fits                                 Triton                1016  1020
   0.091  -0.059  503.97  561.77 1.227  17628.44   1270.14 99.999 99.999 99.999 13.221 12.894 99.999 99.999 99.999  0.076 99.999 99.999 99.999 99.999  99.999  99.999  99.999  99.999  0.009  0.009  0.108  0.008  0.074  0.011    6    5 99.999 99.999   99  20.877716539 -17.554788201  0 34 56.35 2003  9 16 2452898.52426331    50  Clear                 150903net0028.fits                                 Triton                1016  1020
   0.108  -0.078  511.30  560.32 1.215  10110.43    844.83 99.999 99.999 99.999 13.220 12.992 99.999 99.999 99.999  0.091 99.999 99.999 99.999 99.999  99.999  99.999  99.999  99.999  0.004  0.004  0.093  0.008  0.064  0.011    6    5 99.999 99.999   99  20.877714869 -17.554807936  0 37 18.97 2003  9 16 2452898.52591400    30  Clear                 150903net0029.fits                                 Triton                1016  1020
   0.106  -0.069  512.15  559.23 1.345  16712.10   1363.17 99.999 99.999 99.999 13.239 12.904 99.999 99.999 99.999  0.072 99.999 99.999 99.999 99.999  99.999  99.999  99.999  99.999  0.002  0.002  0.079  0.009  0.054  0.012    6    5 99.999 99.999   99  20.877708086 -17.554855387  0 45 25.00 2003  9 16 2452898.53153935    60  Clear                 150903net0032.fits                                 Triton                1016  1020
   0.098  -0.072  511.75  559.34 1.354  16143.98   1359.47 99.999 99.999 99.999 13.241 12.908 99.999 99.999 99.999  0.074 99.999 99.999 99.999 99.999  99.999  99.999  99.999  99.999  0.003  0.003  0.088  0.009  0.061  0.013    6    5 99.999 99.999   99  20.877705871 -17.554871326  0 47 53.13 2003  9 16 2452898.53325382    60  Clear                 150903net0033.fits                                 Triton                1016  1020
