   0.049  -0.067  460.00  611.40 1.725    288.20     33.08 99.999 99.999 99.999 13.660 13.601 99.999 99.999 99.999  0.250 99.999 99.999 99.999 99.999  99.999  99.999  99.999  99.999  0.002  0.002  0.015  0.018  0.051  0.060   13   13 99.999 99.999   99  19.643365363 -20.965911274 24 11 54.00 1995  9 16 2449977.50826389    90  clear                 16099501.net.fits                                  Triton                 770  1152
   0.037  -0.080  459.91  614.20 1.958    271.31     27.63 99.999 99.999 99.999 13.660 13.606 99.999 99.999 99.999  0.258 99.999 99.999 99.999 99.999  99.999  99.999  99.999  99.999  0.008  0.008  0.012  0.015  0.044  0.054   15   15 99.999 99.999   99  19.643363713 -20.965928782 24 15 46.00 1995  9 16 2449977.51094907    90  clear                 16099502.net.fits                                  Triton                 770  1152
   0.053  -0.054  460.59  616.23 1.870    305.92     29.57 99.999 99.999 99.999 13.653 13.612 99.999 99.999 99.999  0.255 99.999 99.999 99.999 99.999  99.999  99.999  99.999  99.999  0.008  0.008  0.013  0.012  0.045  0.041   14   14 99.999 99.999   99  19.643363188 -20.965930230 24 18  6.00 1995  9 16 2449977.51256944    90  clear                 16099503.net.fits                                  Triton                 770  1152
   0.043  -0.070  461.59  616.33 1.978    245.26     29.91 99.999 99.999 99.999 13.673 13.614 99.999 99.999 99.999  0.257 99.999 99.999 99.999 99.999  99.999  99.999  99.999  99.999  0.008  0.008  0.009  0.018  0.028  0.057   13   11 99.999 99.999   99  19.643361994 -20.965944778 24 20 53.00 1995  9 16 2449977.51450231    90  clear                 16099504.net.fits                                  Triton                 770  1152
   0.044  -0.056  461.00  618.06 1.980    252.34     31.00 99.999 99.999 99.999 13.678 13.618 99.999 99.999 99.999  0.270 99.999 99.999 99.999 99.999  99.999  99.999  99.999  99.999  0.008  0.008  0.015  0.015  0.049  0.052   13   13 99.999 99.999   99  19.643361180 -20.965948793 24 23  9.00 1995  9 16 2449977.51607639    90  clear                 16099505.net.fits                                  Triton                 770  1152
   0.039  -0.068  461.83  619.91 2.035    262.71     29.74 99.999 99.999 99.999 13.658 13.627 99.999 99.999 99.999  0.283 99.999 99.999 99.999 99.999  99.999  99.999  99.999  99.999  0.012  0.012  0.013  0.016  0.045  0.054   14   14 99.999 99.999   99  19.643360252 -20.965960417 24 25 25.00 1995  9 16 2449977.51765046    90  clear                 16099506.net.fits                                  Triton                 770  1152
   0.056  -0.066  461.53  622.61 1.902    291.54     33.69 99.999 99.999 99.999 13.704 13.631 99.999 99.999 99.999  0.247 99.999 99.999 99.999 99.999  99.999  99.999  99.999  99.999  0.009  0.009  0.014  0.015  0.049  0.052   14   14 99.999 99.999   99  19.643359771 -20.965967948 24 27 41.00 1995  9 16 2449977.51922454    90  clear                 16099507.net.fits                                  Triton                 770  1152
   0.032  -0.084  462.75  624.09 1.879    306.43     31.39 99.999 99.999 99.999 13.666 13.638 99.999 99.999 99.999  0.241 99.999 99.999 99.999 99.999  99.999  99.999  99.999  99.999  0.008  0.008  0.015  0.012  0.058  0.048   17   17 99.999 99.999   99  19.643358472 -20.965981339 24 29 57.00 1995  9 16 2449977.52079861    90  clear                 16099508.net.fits                                  Triton                 770  1152
   0.042  -0.049  462.64  625.73 2.223    240.93     24.16 99.999 99.999 99.999 13.706 13.639 99.999 99.999 99.999  0.247 99.999 99.999 99.999 99.999  99.999  99.999  99.999  99.999  0.009  0.009  0.014  0.015  0.052  0.057   15   15 99.999 99.999   99  19.643357851 -20.965979761 24 32 13.00 1995  9 16 2449977.52237269    90  clear                 16099509.net.fits                                  Triton                 770  1152
   0.047  -0.061  462.89  627.24 1.980    236.23     36.34 99.999 99.999 99.999 13.670 13.611 99.999 99.999 99.999  0.266 99.999 99.999 99.999 99.999  99.999  99.999  99.999  99.999  0.012  0.012  0.016  0.013  0.054  0.043   13   13 99.999 99.999   99  19.643357132 -20.965991134 24 34 29.00 1995  9 16 2449977.52394676    90  clear                 16099510.net.fits                                  Triton                 770  1152
   0.045  -0.047  464.61  630.87 2.083    242.62     28.82 99.999 99.999 99.999 13.673 13.632 99.999 99.999 99.999  0.263 99.999 99.999 99.999 99.999  99.999  99.999  99.999  99.999  0.010  0.010  0.017  0.015  0.059  0.052   14   14 99.999 99.999   99  19.643356255 -20.965995667 24 36 45.00 1995  9 16 2449977.52552083    90  clear                 16099511.net.fits                                  Triton                 770  1152
   0.045  -0.039  464.42  636.02 2.177    262.33     22.78 99.999 99.999 99.999 13.712 13.647 99.999 99.999 99.999  0.252 99.999 99.999 99.999 99.999  99.999  99.999  99.999  99.999  0.011  0.011  0.013  0.015  0.047  0.052   15   15 99.999 99.999   99  19.643354624 -20.966009643 24 41 17.00 1995  9 16 2449977.52866898    90  clear                 16099513.net.fits                                  Triton                 770  1152
   0.046  -0.071  464.49  638.65 2.185    246.54     24.55 99.999 99.999 99.999 13.690 13.642 99.999 99.999 99.999  0.254 99.999 99.999 99.999 99.999  99.999  99.999  99.999  99.999  0.008  0.008  0.013  0.015  0.046  0.055   15   15 99.999 99.999   99  19.643353802 -20.966026615 24 43 33.00 1995  9 16 2449977.53024306    90  clear                 16099514.net.fits                                  Triton                 770  1152
   0.035  -0.054  464.93  640.38 1.937    265.88     32.98 99.999 99.999 99.999 13.671 13.635 99.999 99.999 99.999  0.259 99.999 99.999 99.999 99.999  99.999  99.999  99.999  99.999  0.011  0.011  0.012  0.016  0.042  0.054   15   15 99.999 99.999   99  19.643352746 -20.966030356 24 45 49.00 1995  9 16 2449977.53181713    90  clear                 16099515.net.fits                                  Triton                 770  1152
   0.038  -0.048  465.71  642.82 1.935    283.16     27.88 99.999 99.999 99.999 13.650 13.582 99.999 99.999 99.999  0.268 99.999 99.999 99.999 99.999  99.999  99.999  99.999  99.999  0.010  0.010  0.010  0.015  0.036  0.055   14   14 99.999 99.999   99  19.643352005 -20.966036657 24 48  5.00 1995  9 16 2449977.53339120    90  clear                 16099516.net.fits                                  Triton                 770  1152
   0.040  -0.033  465.86  643.81 2.499    168.98     24.54 99.999 99.999 99.999 13.670 13.612 99.999 99.999 99.999  0.280 99.999 99.999 99.999 99.999  99.999  99.999  99.999  99.999  0.010  0.010  0.016  0.015  0.051  0.047   12   12 99.999 99.999   99  19.643351210 -20.966040937 24 50 21.00 1995  9 16 2449977.53496528    90  clear                 16099517.net.fits                                  Triton                 770  1152
   0.047  -0.041  466.32  645.52 2.214    203.12     28.84 99.999 99.999 99.999 13.666 13.623 99.999 99.999 99.999  0.273 99.999 99.999 99.999 99.999  99.999  99.999  99.999  99.999  0.010  0.010  0.015  0.014  0.049  0.049   14   13 99.999 99.999   99  19.643350518 -20.966050982 24 52 37.00 1995  9 16 2449977.53653935    90  clear                 16099518.net.fits                                  Triton                 770  1152
   0.052  -0.038  466.88  648.67 2.148    231.57     29.02 99.999 99.999 99.999 13.660 13.617 99.999 99.999 99.999  0.248 99.999 99.999 99.999 99.999  99.999  99.999  99.999  99.999  0.008  0.008  0.013  0.012  0.047  0.043   14   14 99.999 99.999   99  19.643349781 -20.966058590 24 54 53.00 1995  9 16 2449977.53811343    90  clear                 16099519.net.fits                                  Triton                 770  1152
