   0.047  -0.035  400.36  596.13 1.031   2239.12  20183.95 99.999 99.999 99.999 13.621 13.229 99.999 99.999 99.999  0.437 99.999 99.999 99.999 99.999  99.999  99.999  99.999  99.999  0.019  0.019  0.032  0.011  0.067  0.023    6    6 99.999 99.999   99  19.691737382 -20.839039438  4 31  8.12 1995  8  9 2449938.68828843     4  Clear                 08089501.net.fits                                  Triton                 770  1152
   0.164  -0.156  401.55  603.39 1.049   2069.97   8498.41 99.999 99.999 99.999 13.764 13.137 99.999 99.999 99.999  0.506 99.999 99.999 99.999 99.999  99.999  99.999  99.999  99.999  0.014  0.014  0.066  0.091  0.043  0.059    4    4 99.999 99.999   99  19.691731108 -20.839085257  4 37  6.95 1995  8  9 2449938.69244155     4  Clear                 08089502.net.fits                                  Triton                 770  1152
   0.187  -0.045  401.22  607.02 1.008   2020.03  16160.36 99.999 99.999 99.999 13.724 13.097 99.999 99.999 99.999  0.505 99.999 99.999 99.999 99.999  99.999  99.999  99.999  99.999  0.015  0.015  0.117  0.048  0.076  0.031    4    4 99.999 99.999   99  19.691730351 -20.839056092  4 37 57.76 1995  8  9 2449938.69302963     4  Clear                 08089503.net.fits                                  Triton                 770  1152
   0.082  -0.028  401.31  603.76 1.046   2073.76  15521.14 99.999 99.999 99.999 13.674 13.272 99.999 99.999 99.999  0.478 99.999 99.999 99.999 99.999  99.999  99.999  99.999  99.999  0.009  0.009  0.077  0.045  0.090  0.053    5    5 99.999 99.999   99  19.691727088 -20.839053177  4 38 46.20 1995  8  9 2449938.69359028     4  Clear                 08089504.net.fits                                  Triton                 770  1152
   0.091  -0.058  401.44  608.16 1.117   1808.74  14340.20 99.999 99.999 99.999 13.640 13.238 99.999 99.999 99.999  0.501 99.999 99.999 99.999 99.999  99.999  99.999  99.999  99.999  0.010  0.010  0.061  0.032  0.071  0.037    5    5 99.999 99.999   99  19.691726089 -20.839063161  4 39 35.75 1995  8  9 2449938.69416377     4  Clear                 08089505.net.fits                                  Triton                 770  1152
   0.144  -0.142  402.47  607.94 1.076   1939.73  13183.65 99.999 99.999 99.999 13.790 13.163 99.999 99.999 99.999  0.502 99.999 99.999 99.999 99.999  99.999  99.999  99.999  99.999  0.012  0.012  0.090  0.093  0.059  0.060    4    4 99.999 99.999   99  19.691722873 -20.839092466  4 42 34.17 1995  8  9 2449938.69622882     4  Clear                 08089506.net.fits                                  Triton                 770  1152
   0.177  -0.137  403.66  611.07 1.083   1846.94  16109.80 99.999 99.999 99.999 13.735 13.108 99.999 99.999 99.999  0.517 99.999 99.999 99.999 99.999  99.999  99.999  99.999  99.999  0.014  0.014  0.128  0.055  0.083  0.036    4    4 99.999 99.999   99  19.691722281 -20.839092824  4 43 25.87 1995  8  9 2449938.69682720     4  Clear                 08089507.net.fits                                  Triton                 770  1152
   0.074  -0.057  403.13  611.41 1.042   1802.27   7987.20 99.999 99.999 99.999 13.733 13.331 99.999 99.999 99.999  0.490 99.999 99.999 99.999 99.999  99.999  99.999  99.999  99.999  0.011  0.011  0.040  0.030  0.047  0.035    5    5 99.999 99.999   99  19.691719107 -20.839072133  4 44 14.02 1995  8  9 2449938.69738449     4  Clear                 08089508.net.fits                                  Triton                 770  1152
   0.058  -0.029  403.34  610.45 1.051   1845.19  20221.00 99.999 99.999 99.999 13.637 13.235 99.999 99.999 99.999  0.496 99.999 99.999 99.999 99.999  99.999  99.999  99.999  99.999  0.013  0.013  0.070  0.036  0.081  0.042    5    5 99.999 99.999   99  19.691717587 -20.839066170  4 45  3.80 1995  8  9 2449938.69796065     4  Clear                 08089509.net.fits                                  Triton                 770  1152
   0.082  -0.003  403.30  614.89 1.296   1375.67  15903.47 99.999 99.999 99.999 13.685 13.283 99.999 99.999 99.999  0.496 99.999 99.999 99.999 99.999  99.999  99.999  99.999  99.999  0.011  0.011  0.066  0.014  0.077  0.017    5    5 99.999 99.999   99  19.691716845 -20.839060632  4 45 54.10 1995  8  9 2449938.69854282     4  Clear                 08089510.net.fits                                  Triton                 770  1152
