   0.118  -0.063  507.46  560.82 0.952   5366.12    475.35 99.999 99.999 99.999 13.134 13.212 99.999 99.999 99.999  0.117 99.999 99.999 99.999 99.999  99.999  99.999  99.999  99.999  0.003  0.003  0.116  0.002  0.078  0.003    6    5 99.999 99.999   99  20.877760757 -17.554466337 23 42 13.57 2003  9 15 2452898.48765706    10  Clear                 150903net0001.fits                                 Triton                1016  1020
   0.127  -0.052  505.52  561.72 0.976   5174.74    460.01 99.999 99.999 99.999 13.191 13.252 99.999 99.999 99.999  0.132 99.999 99.999 99.999 99.999  99.999  99.999  99.999  99.999  0.005  0.005  0.104  0.002  0.070  0.003    6    5 99.999 99.999   99  20.877759687 -17.554472554 23 43 44.29 2003  9 15 2452898.48870706    10  Clear                 150903net0002.fits                                 Triton                1016  1020
   0.117  -0.076  506.09  561.16 1.073   4602.51    332.34 99.999 99.999 99.999 13.160 13.205 99.999 99.999 99.999  0.079 99.999 99.999 99.999 99.999  99.999  99.999  99.999  99.999  0.003  0.003  0.142  0.006  0.095  0.009    6    5 99.999 99.999   99  20.877758101 -17.554489365 23 45 24.91 2003  9 15 2452898.48987164    10  Clear                 150903net0003.fits                                 Triton                1016  1020
   0.115  -0.058  507.77  559.38 0.860   6218.19    631.44 99.999 99.999 99.999 13.129 13.191 99.999 99.999 99.999  0.109 99.999 99.999 99.999 99.999  99.999  99.999  99.999  99.999  0.002  0.002  0.121  0.000  0.081  0.001    6    5 99.999 99.999   99  20.877756844 -17.554493636 23 46 54.00 2003  9 15 2452898.49090278    10  Clear                 150903net0004.fits                                 Triton                1016  1020
   0.128  -0.075  508.73  559.60 0.948   5326.83    510.62 99.999 99.999 99.999 13.190 13.263 99.999 99.999 99.999  0.073 99.999 99.999 99.999 99.999  99.999  99.999  99.999  99.999  0.003  0.003  0.118  0.005  0.079  0.007    6    5 99.999 99.999   99  20.877755764 -17.554508452 23 48 30.96 2003  9 15 2452898.49202500    10  Clear                 150903net0005.fits                                 Triton                1016  1020
   0.114  -0.065  508.15  560.16 1.049   4198.90    420.75 99.999 99.999 99.999 13.180 13.243 99.999 99.999 99.999  0.106 99.999 99.999 99.999 99.999  99.999  99.999  99.999  99.999  0.004  0.004  0.121  0.001  0.081  0.002    6    5 99.999 99.999   99  20.877754160 -17.554515181 23 50  6.68 2003  9 15 2452898.49313287    10  Clear                 150903net0006.fits                                 Triton                1016  1020
   0.089  -0.050  511.13  559.46 1.384   1722.99    172.61 99.999 99.999 99.999 13.191 13.369 99.999 99.999 99.999  0.137 99.999 99.999 99.999 99.999  99.999  99.999  99.999  99.999  0.006  0.006  0.099  0.016  0.068  0.023    6    5 99.999 99.999   99  20.877700929 -17.554900508  0 53 37.46 2003  9 16 2452898.53723912     7  Clear                 li0038.fits                                        Triton                1016  1020
   0.057  -0.056  513.18  559.45 1.531   1246.82    139.26 99.999 99.999 99.999 13.303 13.416 99.999 99.999 99.999  0.108 99.999 99.999 99.999 99.999  99.999  99.999  99.999  99.999  0.005  0.005  0.057  0.000  0.039  0.000    6    5 99.999 99.999   99  20.877698169 -17.554917401  0 56  9.37 2003  9 16 2452898.53899734     7  Clear                 li0040.fits                                        Triton                1016  1020
   0.101  -0.087  514.75  559.99 1.645   1169.07     80.61 99.999 99.999 99.999 13.536 13.617 99.999 99.999 99.999  0.067 99.999 99.999 99.999 99.999  99.999  99.999  99.999  99.999  0.005  0.005  0.088  0.016  0.061  0.023    6    5 99.999 99.999   99  20.877697762 -17.554935443  0 57 39.24 2003  9 16 2452898.54003750     7  Clear                 li0041.fits                                        Triton                1016  1020
   0.076  -0.093  512.97  560.75 1.904    510.80     85.73 99.999 99.999 99.999 13.841 13.913 99.999 99.999 99.999  0.186 99.999 99.999 99.999 99.999  99.999  99.999  99.999  99.999  0.004  0.004  0.028  0.027  0.019  0.037    6    5 99.999 99.999   99  20.877693896 -17.554961892  1  1 42.73 2003  9 16 2452898.54285567     7  Clear                 li0044.fits                                        Triton                1016  1020
   0.068  -0.078  508.46  562.00 1.401    708.87     98.78 99.999 99.999 99.999 13.981 14.067 99.999 99.999 99.999  0.422 99.999 99.999 99.999 99.999  99.999  99.999  99.999  99.999  0.004  0.004  0.051  0.006  0.036  0.008    6    5 99.999 99.999   99  20.877690635 -17.554980776  1  5 26.05 2003  9 16 2452898.54544039     7  Clear                 li0046.fits                                        Triton                1016  1020
