  -0.039   0.012  535.28  520.73 1.104   7935.58    672.28 99.999 99.999 99.999 13.104 13.174 99.999 99.999 99.999  0.125 99.999 99.999 99.999 99.999  99.999  99.999  99.999  99.999  0.012  0.012  0.030  0.073  0.032  0.071    7    7 99.999 99.999   99  21.066240159 -16.837486159 23 31 35.04 2004  8 21 2453239.48026667    10  5magn                 net2108040003.fits                                 Triton                1050  1050
  -0.034  -0.008  535.20  519.89 1.055   8663.86    711.27 99.999 99.999 99.999 13.074 13.285 99.999 99.999 99.999  0.112 99.999 99.999 99.999 99.999  99.999  99.999  99.999  99.999  0.009  0.009  0.030  0.085  0.032  0.083    7    7 99.999 99.999   99  21.066227669 -16.837575551 23 42  2.95 2004  8 21 2453239.48753414    10  5magn                 net2108040010.fits                                 Triton                1050  1050
  -0.023  -0.093  535.24  519.51 1.042   9183.17    663.16 99.999 99.999 99.999 13.105 13.270 99.999 99.999 99.999  0.132 99.999 99.999 99.999 99.999  99.999  99.999  99.999  99.999  0.014  0.014  0.070  0.111  0.057  0.078    6    6 99.999 99.999   99  21.066225551 -16.837614850 23 43 58.91 2004  8 21 2453239.48887627    10  5magn                 net2108040012.fits                                 Triton                1050  1050
  -0.042  -0.011  535.52  519.81 1.002   8943.36    855.60 99.999 99.999 99.999 13.060 13.163 99.999 99.999 99.999  0.138 99.999 99.999 99.999 99.999  99.999  99.999  99.999  99.999  0.005  0.005  0.033  0.097  0.035  0.094    7    7 99.999 99.999   99  21.066204444 -16.837730050  0  1 10.37 2004  8 22 2453239.50081447    10  5magn                 net2108040027.fits                                 Triton                1050  1050
   0.002  -0.028  535.37  519.65 1.104   7149.07    810.50 99.999 99.999 99.999 13.085 13.172 99.999 99.999 99.999  0.118 99.999 99.999 99.999 99.999  99.999  99.999  99.999  99.999  0.010  0.010  0.018  0.094  0.018  0.091    7    7 99.999 99.999   99  21.066203819 -16.837744403  0  2 23.77 2004  8 22 2453239.50166400    10  5magn                 net2108040028.fits                                 Triton                1050  1050
  -0.014  -0.043  535.52  519.43 1.024   8534.89    867.78 99.999 99.999 99.999 13.120 13.305 99.999 99.999 99.999  0.130 99.999 99.999 99.999 99.999  99.999  99.999  99.999  99.999  0.005  0.005  0.031  0.112  0.032  0.088    6    6 99.999 99.999   99  21.066202088 -16.837758155  0  3 33.74 2004  8 22 2453239.50247384    10  5magn                 net2108040029.fits                                 Triton                1050  1050
  -0.031  -0.045  535.57  519.65 0.950  10210.23    870.15 99.999 99.999 99.999 13.054 13.050 99.999 99.999 99.999  0.164 99.999 99.999 99.999 99.999  99.999  99.999  99.999  99.999  0.007  0.007  0.027  0.140  0.028  0.109    6    6 99.999 99.999   99  21.066200430 -16.837767585  0  4 39.52 2004  8 22 2453239.50323519    10  5magn                 net2108040030.fits                                 Triton                1050  1050
  -0.016  -0.007  535.05  520.25 1.036   6398.73    504.69 99.999 99.999 99.999 13.146 13.171 99.999 99.999 99.999  0.143 99.999 99.999 99.999 99.999  99.999  99.999  99.999  99.999  0.009  0.009  0.028  0.135  0.029  0.105    6    6 99.999 99.999   99  21.066195698 -16.837790380  0  8 49.77 2004  8 22 2453239.50613160     7  5magn                 net2108040033.fits                                 Triton                1050  1050
  -0.039  -0.024  533.70  519.87 1.017   8843.07    866.14 99.999 99.999 99.999 13.130 13.144 99.999 99.999 99.999  0.120 99.999 99.999 99.999 99.999  99.999  99.999  99.999  99.999  0.005  0.005  0.022  0.118  0.023  0.092    6    6 99.999 99.999   99  21.066193768 -16.837804595  0 10  2.58 2004  8 22 2453239.50697431    10  5magn                 net2108040034.fits                                 Triton                1050  1050
  -0.011  -0.012  534.87  519.42 1.063   8817.17    637.41 99.999 99.999 99.999 13.083 13.180 99.999 99.999 99.999  0.211 99.999 99.999 99.999 99.999  99.999  99.999  99.999  99.999  0.007  0.006  0.040  0.118  0.039  0.092    6    5 99.999 99.999   99  21.066191264 -16.837821571  0 12 33.51 2004  8 22 2453239.50872118    10  5magn                 net2108040036.fits                                 Triton                1050  1050
  -0.020  -0.017  534.54  519.67 1.044   9085.05    675.88 99.999 99.999 99.999 13.123 13.210 99.999 99.999 99.999  0.173 99.999 99.999 99.999 99.999  99.999  99.999  99.999  99.999  0.006  0.006  0.034  0.086  0.036  0.083    7    7 99.999 99.999   99  21.066187367 -16.837847737  0 15 38.68 2004  8 22 2453239.51086435    10  5magn                 net2108040039.fits                                 Triton                1050  1050
  -0.021  -0.035  534.34  519.84 1.043   8907.98    753.09 99.999 99.999 99.999 13.152 13.165 99.999 99.999 99.999  0.191 99.999 99.999 99.999 99.999  99.999  99.999  99.999  99.999  0.006  0.006  0.000  0.000  0.000  0.000    4    4 99.999 99.999   99  21.066185868 -16.837862458  0 16 51.24 2004  8 22 2453239.51170417    10  5magn                 net2108040040.fits                                 Triton                1050  1050
  -0.015  -0.023  532.80  519.08 0.912  10768.76   1038.70 99.999 99.999 99.999 13.080 13.094 99.999 99.999 99.999  0.165 99.999 99.999 99.999 99.999  99.999  99.999  99.999  99.999  0.010  0.010  0.031  0.134  0.032  0.104    6    6 99.999 99.999   99  21.066184574 -16.837868700  0 18  1.21 2004  8 22 2453239.51251400    10  5magn                 net2108040041.fits                                 Triton                1050  1050
   0.014  -0.045  533.43  518.77 0.995   9442.06    850.57 99.999 99.999 99.999 13.054 13.125 99.999 99.999 99.999  0.202 99.999 99.999 99.999 99.999  99.999  99.999  99.999  99.999  0.008  0.008  0.045  0.149  0.047  0.116    6    6 99.999 99.999   99  21.066183798 -16.837883713  0 19  6.89 2004  8 22 2453239.51327419    10  5magn                 net2108040042.fits                                 Triton                1050  1050
   0.037  -0.072  534.25  518.73 1.108   7351.06    765.46 99.999 99.999 99.999 13.145 13.199 99.999 99.999 99.999  0.169 99.999 99.999 99.999 99.999  99.999  99.999  99.999  99.999  0.006  0.006  0.038  0.105  0.039  0.102    7    7 99.999 99.999   99  21.066181519 -16.837909138  0 21 21.44 2004  8 22 2453239.51483148    10  5magn                 net2108040044.fits                                 Triton                1050  1050
  -0.011  -0.016  533.59  518.58 1.052   8420.29    765.73 99.999 99.999 99.999 13.121 13.220 99.999 99.999 99.999  0.177 99.999 99.999 99.999 99.999  99.999  99.999  99.999  99.999  0.010  0.010  0.035  0.095  0.034  0.074    6    5 99.999 99.999   99  21.066179335 -16.837901547  0 22 22.86 2004  8 22 2453239.51554236    10  5magn                 net2108040045.fits                                 Triton                1050  1050
  -0.042  -0.030  535.30  518.20 1.149   7404.69    611.00 99.999 99.999 99.999 13.091 13.186 99.999 99.999 99.999  0.166 99.999 99.999 99.999 99.999  99.999  99.999  99.999  99.999  0.007  0.007  0.034  0.090  0.035  0.087    7    7 99.999 99.999   99  21.066176019 -16.837923648  0 24 37.42 2004  8 22 2453239.51709977    10  5magn                 net2108040047.fits                                 Triton                1050  1050
   0.064  -0.041  533.25  517.66 1.070   8564.89    706.42 99.999 99.999 99.999 13.125 13.226 99.999 99.999 99.999  0.166 99.999 99.999 99.999 99.999  99.999  99.999  99.999  99.999  0.004  0.004  0.029  0.019  0.069  0.044    7    6 99.999 99.999   99  21.066175296 -16.837944994  0 26 54.80 2004  8 22 2453239.51868981    10  5magn                 net2108040049.fits                                 Triton                1050  1050
   0.082  -0.038  532.80  517.50 1.089   8134.92    681.60 99.999 99.999 99.999 13.103 13.155 99.999 99.999 99.999  0.166 99.999 99.999 99.999 99.999  99.999  99.999  99.999  99.999  0.008  0.008  0.024  0.033  0.057  0.078    7    7 99.999 99.999   99  21.066174221 -16.837953482  0 28  4.75 2004  8 22 2453239.51949942    10  5magn                 net2108040050.fits                                 Triton                1050  1050
   0.078  -0.063  533.01  517.94 0.918  10449.91   1091.05 99.999 99.999 99.999 13.108 13.197 99.999 99.999 99.999  0.160 99.999 99.999 99.999 99.999  99.999  99.999  99.999  99.999  0.010  0.010  0.019  0.033  0.046  0.080    7    7 99.999 99.999   99  21.066172861 -16.837969158  0 29  8.72 2004  8 22 2453239.52023981    10  5magn                 net2108040051.fits                                 Triton                1050  1050
   0.043  -0.026  532.82  519.50 0.960   9810.58    939.85 99.999 99.999 99.999 13.098 13.206 99.999 99.999 99.999  0.144 99.999 99.999 99.999 99.999  99.999  99.999  99.999  99.999  0.008  0.008  0.024  0.030  0.058  0.071    7    7 99.999 99.999   99  21.066167693 -16.837988663  0 32 50.19 2004  8 22 2453239.52280312    10  5magn                 net2108040052.fits                                 Triton                1050  1050
   0.081  -0.050  534.13  517.85 1.073   8055.30    722.49 99.999 99.999 99.999 13.144 13.042 99.999 99.999 99.999  0.179 99.999 99.999 99.999 99.999  99.999  99.999  99.999  99.999  0.013  0.013  0.032  0.022  0.076  0.053    6    6 99.999 99.999   99  21.066162089 -16.838036879  0 38  2.66 2004  8 22 2453239.52641968    10  5magn                 net2108040055.fits                                 Triton                1050  1050
   0.088  -0.075  534.22  517.75 1.057   8377.61    674.04 99.999 99.999 99.999 13.141 13.189 99.999 99.999 99.999  0.166 99.999 99.999 99.999 99.999  99.999  99.999  99.999  99.999  0.007  0.007  0.016  0.033  0.036  0.076    6    6 99.999 99.999   99  21.066161042 -16.838052002  0 39  2.40 2004  8 22 2453239.52711111    10  5magn                 net2108040056.fits                                 Triton                1050  1050
   0.098  -0.072  533.95  517.60 1.011   8144.58    766.55 99.999 99.999 99.999 13.120 13.036 99.999 99.999 99.999  0.158 99.999 99.999 99.999 99.999  99.999  99.999  99.999  99.999  0.008  0.008  0.029  0.037  0.069  0.090    7    7 99.999 99.999   99  21.066159977 -16.838059129  0 40  2.94 2004  8 22 2453239.52781181    10  5magn                 net2108040057.fits                                 Triton                1050  1050
   0.091  -0.097  534.07  517.71 1.046   7205.83    702.96 99.999 99.999 99.999 13.147 13.059 99.999 99.999 99.999  0.205 99.999 99.999 99.999 99.999  99.999  99.999  99.999  99.999  0.007  0.007  0.013  0.041  0.028  0.089    6    5 99.999 99.999   99  21.066158544 -16.838074700  0 41  7.99 2004  8 22 2453239.52856470    10  5magn                 net2108040058.fits                                 Triton                1050  1050
   0.095  -0.050  534.05  517.49 0.965   7918.40    693.41 99.999 99.999 99.999 13.069 13.183 99.999 99.999 99.999  0.197 99.999 99.999 99.999 99.999  99.999  99.999  99.999  99.999  0.007  0.007  0.032  0.025  0.075  0.059    7    6 99.999 99.999   99  21.066157220 -16.838071218  0 42 17.09 2004  8 22 2453239.52936447    10  5magn                 net2108040059.fits                                 Triton                1050  1050
   0.087  -0.049  534.39  517.38 1.143   7136.17    650.17 99.999 99.999 99.999 13.130 13.080 99.999 99.999 99.999  0.177 99.999 99.999 99.999 99.999  99.999  99.999  99.999  99.999  0.002  0.002  0.033  0.023  0.079  0.053    7    6 99.999 99.999   99  21.066155760 -16.838079247  0 43 20.19 2004  8 22 2453239.53009479    10  5magn                 net2108040060.fits                                 Triton                1050  1050
   0.119  -0.065  534.11  517.48 1.192   6060.22    522.42 99.999 99.999 99.999 13.099 13.147 99.999 99.999 99.999  0.186 99.999 99.999 99.999 99.999  99.999  99.999  99.999  99.999  0.003  0.003  0.028  0.029  0.067  0.069    7    6 99.999 99.999   99  21.066154635 -16.838095409  0 44 46.52 2004  8 22 2453239.53109398    10  5magn                 net2108040061.fits                                 Triton                1050  1050
   0.207  -0.151  537.65  514.85 1.281   5209.87    233.44 99.999 99.999 99.999 13.228 13.032 99.999 99.999 99.999  0.246 99.999 99.999 99.999 99.999  99.999  99.999  99.999  99.999  0.014  0.014  0.042  0.019  0.081  0.037    5    4 99.999 99.999   99  21.065926866 -16.839611197  3 50 40.81 2004  8 22 2453239.66019456    10  5magn                 net2108040067.fits                                 Triton                1050  1050
   0.159  -0.127  531.52  513.13 1.139   6594.53    433.05 99.999 99.999 99.999 13.186 13.183 99.999 99.999 99.999  0.208 99.999 99.999 99.999 99.999  99.999  99.999  99.999  99.999  0.018  0.018  0.025  0.027  0.051  0.053    6    5 99.999 99.999   99  21.065900500 -16.839767726  4 11  3.28 2004  8 22 2453239.67434352    10  5magn                 net2108040071.fits                                 Triton                1050  1050
   0.105  -0.267  536.22  512.78 1.185   6322.09    294.86 99.999 99.999 99.999 13.140 13.254 99.999 99.999 99.999  0.179 99.999 99.999 99.999 99.999  99.999  99.999  99.999  99.999  0.012  0.012  0.076  0.081  0.088  0.093    5    4 99.999 99.999   99  21.065897286 -16.839820520  4 12 47.62 2004  8 22 2453239.67555116    10  5magn                 net2108040073.fits                                 Triton                1050  1050
   0.232  -0.170  537.49  512.20 1.095   6718.76    482.45 99.999 99.999 99.999 13.174 13.126 99.999 99.999 99.999  0.191 99.999 99.999 99.999 99.999  99.999  99.999  99.999  99.999  0.012  0.012  0.045  0.026  0.090  0.052    7    5 99.999 99.999   99  21.065898322 -16.839802403  4 13 55.01 2004  8 22 2453239.67633113    10  5magn                 net2108040074.fits                                 Triton                1050  1050
   0.091  -0.205  536.32  512.45 1.057   7228.47    491.04 99.999 99.999 99.999 13.118 13.053 99.999 99.999 99.999  0.201 99.999 99.999 99.999 99.999  99.999  99.999  99.999  99.999  0.010  0.010  0.082  0.076  0.095  0.089    5    4 99.999 99.999   99  21.065890572 -16.839844556  4 17 56.42 2004  8 22 2453239.67912523    10  5magn                 net2108040077.fits                                 Triton                1050  1050
   0.183  -0.113  534.41  512.44 1.088   7057.81    392.10 99.999 99.999 99.999 13.157 13.303 99.999 99.999 99.999  0.177 99.999 99.999 99.999 99.999  99.999  99.999  99.999  99.999  0.010  0.010  0.041  0.038  0.082  0.075    7    5 99.999 99.999   99  21.065891078 -16.839827270  4 18 57.84 2004  8 22 2453239.67983611    10  5magn                 net2108040078.fits                                 Triton                1050  1050
   0.105  -0.224  536.21  512.02 1.049   7417.24    458.89 99.999 99.999 99.999 13.133 13.092 99.999 99.999 99.999  0.258 99.999 99.999 99.999 99.999  99.999  99.999  99.999  99.999  0.022  0.022  0.079  0.068  0.092  0.079    4    4 99.999 99.999   99  21.065888287 -16.839866157  4 19 59.31 2004  8 22 2453239.68054757    10  5magn                 net2108040079.fits                                 Triton                1050  1050
   0.036  -0.162  534.55  512.07 1.020   6047.86    543.88 99.999 99.999 99.999 13.091 13.065 99.999 99.999 99.999  0.142 99.999 99.999 99.999 99.999  99.999  99.999  99.999  99.999  0.013  0.013  0.036  0.034  0.065  0.062    6    5 99.999 99.999   99  21.065885336 -16.839859034  4 21 16.99 2004  8 22 2453239.68144664    10  5magn                 net2108040080.fits                                 Triton                1050  1050
   0.106  -0.202  534.97  512.26 0.979   8422.07    663.80 99.999 99.999 99.999 13.111 13.186 99.999 99.999 99.999  0.192 99.999 99.999 99.999 99.999  99.999  99.999  99.999  99.999  0.013  0.013  0.083  0.071  0.097  0.083    5    4 99.999 99.999   99  21.065885192 -16.839880018  4 22 28.64 2004  8 22 2453239.68227593    10  5magn                 net2108040081.fits                                 Triton                1050  1050
   0.085  -0.185  534.07  511.88 1.145   7442.99    373.49 99.999 99.999 99.999 13.166 13.081 99.999 99.999 99.999  0.208 99.999 99.999 99.999 99.999  99.999  99.999  99.999  99.999  0.016  0.016  0.091  0.075  0.106  0.088    5    4 99.999 99.999   99  21.065881997 -16.839892906  4 24 40.91 2004  8 22 2453239.68380683    10  5magn                 net2108040083.fits                                 Triton                1050  1050
   0.110  -0.245  534.67  511.79 1.096   7327.19    446.48 99.999 99.999 99.999 13.140 13.090 99.999 99.999 99.999  0.199 99.999 99.999 99.999 99.999  99.999  99.999  99.999  99.999  0.018  0.018  0.079  0.085  0.093  0.100    4    4 99.999 99.999   99  21.065881298 -16.839917328  4 25 38.94 2004  8 22 2453239.68447847    10  5magn                 net2108040084.fits                                 Triton                1050  1050
   0.085  -0.193  534.29  511.59 1.180   5153.59    444.14 99.999 99.999 99.999 13.104 13.292 99.999 99.999 99.999  0.188 99.999 99.999 99.999 99.999  99.999  99.999  99.999  99.999  0.011  0.010  0.088  0.055  0.103  0.064    5    4 99.999 99.999   99  21.065877652 -16.839923010  4 28 10.95 2004  8 22 2453239.68623785    10  5magn                 net2108040086.fits                                 Triton                1050  1050
   0.072  -0.194  532.66  511.65 1.244   5348.16    421.46 99.999 99.999 99.999 13.103 13.226 99.999 99.999 99.999  0.147 99.999 99.999 99.999 99.999  99.999  99.999  99.999  99.999  0.011  0.011  0.082  0.076  0.096  0.090    5    4 99.999 99.999   99  21.065876053 -16.839931878  4 29 14.11 2004  8 22 2453239.68696887    10  5magn                 net2108040087.fits                                 Triton                1050  1050
   0.178  -0.119  533.88  511.68 1.292   5251.45    375.42 99.999 99.999 99.999 13.175 13.139 99.999 99.999 99.999  0.172 99.999 99.999 99.999 99.999  99.999  99.999  99.999  99.999  0.007  0.007  0.045  0.027  0.086  0.053    5    4 99.999 99.999   99  21.065876801 -16.839919108  4 30 16.37 2004  8 22 2453239.68768947    10  5magn                 net2108040088.fits                                 Triton                1050  1050
   0.121  -0.192  537.63  511.63 1.035   9256.63    526.12 99.999 99.999 99.999 13.127 13.258 99.999 99.999 99.999  0.209 99.999 99.999 99.999 99.999  99.999  99.999  99.999  99.999  0.013  0.013  0.085  0.071  0.100  0.084    4    4 99.999 99.999   99  21.065871086 -16.839968854  4 33 57.18 2004  8 22 2453239.69024514    10  5magn                 net2108040091.fits                                 Triton                1050  1050
   0.213  -0.132  535.12  511.69 0.974  10293.81    791.60 99.999 99.999 99.999 13.051 13.263 99.999 99.999 99.999  0.209 99.999 99.999 99.999 99.999  99.999  99.999  99.999  99.999  0.011  0.011  0.066  0.047  0.128  0.091    5    4 99.999 99.999   99  21.065871587 -16.839960661  4 34 59.46 2004  8 22 2453239.69096597    10  5magn                 net2108040092.fits                                 Triton                1050  1050
   0.099  -0.272  537.43  511.31 0.965   9739.42    844.45 99.999 99.999 99.999 13.118 13.348 99.999 99.999 99.999  0.150 99.999 99.999 99.999 99.999  99.999  99.999  99.999  99.999  0.017  0.017  0.053  0.096  0.065  0.118    5    5 99.999 99.999   99  21.065868133 -16.840007526  4 35 58.34 2004  8 22 2453239.69164745    10  5magn                 net2108040093.fits                                 Triton                1050  1050
   0.117  -0.197  535.94  511.70 1.184   7518.10    421.01 99.999 99.999 99.999 13.112 13.288 99.999 99.999 99.999  0.219 99.999 99.999 99.999 99.999  99.999  99.999  99.999  99.999  0.029  0.029  0.077  0.068  0.091  0.081    4    4 99.999 99.999   99  21.065865633 -16.840005042  4 38 15.85 2004  8 22 2453239.69323900    10  5magn                 net2108040095.fits                                 Triton                1050  1050
   0.085  -0.187  534.69  511.44 0.999  10617.40    541.38 99.999 99.999 99.999 13.136 13.269 99.999 99.999 99.999  0.222 99.999 99.999 99.999 99.999  99.999  99.999  99.999  99.999  0.013  0.013  0.088  0.057  0.104  0.068    4    4 99.999 99.999   99  21.065863669 -16.840010451  4 39 19.00 2004  8 22 2453239.69396991    10  5magn                 net2108040096.fits                                 Triton                1050  1050
   0.106  -0.232  535.21  511.27 1.068   9068.92    539.94 99.999 99.999 99.999 13.096 13.006 99.999 99.999 99.999  0.224 99.999 99.999 99.999 99.999  99.999  99.999  99.999  99.999  0.025  0.025  0.086  0.068  0.102  0.081    4    4 99.999 99.999   99  21.065862797 -16.840031140  4 40 20.40 2004  8 22 2453239.69468056    10  5magn                 net2108040097.fits                                 Triton                1050  1050
   0.107  -0.235  534.52  511.37 1.097   9220.60    366.19 99.999 99.999 99.999 13.143 13.264 99.999 99.999 99.999  0.250 99.999 99.999 99.999 99.999  99.999  99.999  99.999  99.999  0.021  0.021  0.087  0.074  0.103  0.088    4    4 99.999 99.999   99  21.065861533 -16.840040295  4 41 22.34 2004  8 22 2453239.69539745    10  5magn                 net2108040098.fits                                 Triton                1050  1050
   0.101  -0.184  535.11  511.18 1.199   7739.05    428.04 99.999 99.999 99.999 13.164 13.269 99.999 99.999 99.999  0.181 99.999 99.999 99.999 99.999  99.999  99.999  99.999  99.999  0.026  0.025  0.097  0.072  0.116  0.086    4    4 99.999 99.999   99  21.065860172 -16.840033870  4 42 21.26 2004  8 22 2453239.69607940    10  5magn                 net2108040099.fits                                 Triton                1050  1050
   0.118  -0.238  534.15  511.14 1.040   9700.50    562.90 99.999 99.999 99.999 13.131 13.107 99.999 99.999 99.999  0.154 99.999 99.999 99.999 99.999  99.999  99.999  99.999  99.999  0.015  0.015  0.082  0.070  0.097  0.084    4    4 99.999 99.999   99  21.065859276 -16.840056914  4 43 20.95 2004  8 22 2453239.69677025    10  5magn                 net2108040100.fits                                 Triton                1050  1050
   0.050  -0.150  533.56  510.92 1.014   9814.58    667.64 99.999 99.999 99.999 13.080 13.034 99.999 99.999 99.999  0.078 99.999 99.999 99.999 99.999  99.999  99.999  99.999  99.999  0.017  0.017  0.057  0.015  0.092  0.025    5    4 99.999 99.999   99  21.065856166 -16.840043781  4 44 46.36 2004  8 22 2453239.69775880    10  5magn                 net2108040101.fits                                 Triton                1050  1050
   0.113  -0.198  535.21  511.36 1.001   9777.37    632.80 99.999 99.999 99.999 12.979 13.246 99.999 99.999 99.999  0.186 99.999 99.999 99.999 99.999  99.999  99.999  99.999  99.999  0.012  0.012  0.091  0.060  0.108  0.071    5    4 99.999 99.999   99  21.065856056 -16.840065752  4 45 50.33 2004  8 22 2453239.69849919    10  5magn                 net2108040102.fits                                 Triton                1050  1050
   0.191  -0.142  533.06  510.92 0.907  10509.50   1006.08 99.999 99.999 99.999 13.119 13.100 99.999 99.999 99.999  0.151 99.999 99.999 99.999 99.999  99.999  99.999  99.999  99.999  0.012  0.012  0.039  0.014  0.075  0.027    5    4 99.999 99.999   99  21.065856164 -16.840059296  4 46 56.86 2004  8 22 2453239.69926921    10  5magn                 net2108040103.fits                                 Triton                1050  1050
   0.114  -0.240  535.12  511.29 1.025   9086.47    592.62 99.999 99.999 99.999 13.110 13.257 99.999 99.999 99.999  0.190 99.999 99.999 99.999 99.999  99.999  99.999  99.999  99.999  0.016  0.016  0.074  0.077  0.089  0.092    4    4 99.999 99.999   99  21.065851733 -16.840104863  4 49 17.65 2004  8 22 2453239.70089873    10  5magn                 net2108040105.fits                                 Triton                1050  1050
   0.095  -0.185  535.51  511.22 1.017   8774.72    668.43 99.999 99.999 99.999 13.089 13.058 99.999 99.999 99.999  0.157 99.999 99.999 99.999 99.999  99.999  99.999  99.999  99.999  0.012  0.012  0.101  0.068  0.121  0.082    5    4 99.999 99.999   99  21.065849861 -16.840099341  4 50 30.18 2004  8 22 2453239.70173819    10  5magn                 net2108040106.fits                                 Triton                1050  1050
   0.125  -0.253  535.99  510.81 0.989   8275.66    691.46 99.999 99.999 99.999 13.099 13.122 99.999 99.999 99.999  0.155 99.999 99.999 99.999 99.999  99.999  99.999  99.999  99.999  0.014  0.014  0.095  0.064  0.114  0.077    5    4 99.999 99.999   99  21.065848945 -16.840127641  4 51 41.86 2004  8 22 2453239.70256782    10  5magn                 net2108040107.fits                                 Triton                1050  1050
   0.083  -0.184  534.77  511.50 1.105   7509.33    521.02 99.999 99.999 99.999 13.124 13.242 99.999 99.999 99.999  0.161 99.999 99.999 99.999 99.999  99.999  99.999  99.999  99.999  0.015  0.015  0.082  0.064  0.098  0.077    5    4 99.999 99.999   99  21.065846686 -16.840117801  4 52 50.16 2004  8 22 2453239.70335833    10  5magn                 net2108040108.fits                                 Triton                1050  1050
   0.099  -0.194  535.96  511.20 1.162   6642.95    484.24 99.999 99.999 99.999 13.098 13.213 99.999 99.999 99.999  0.110 99.999 99.999 99.999 99.999  99.999  99.999  99.999  99.999  0.013  0.013  0.079  0.069  0.094  0.083    5    4 99.999 99.999   99  21.065845722 -16.840128783  4 53 51.57 2004  8 22 2453239.70406910    10  5magn                 net2108040109.fits                                 Triton                1050  1050
   0.103  -0.260  533.52  511.05 1.043   8535.09    702.22 99.999 99.999 99.999 13.101 13.288 99.999 99.999 99.999  0.142 99.999 99.999 99.999 99.999  99.999  99.999  99.999  99.999  0.010  0.011  0.050  0.095  0.062  0.119    5    5 99.999 99.999   99  21.065844519 -16.840155364  4 54 53.03 2004  8 22 2453239.70478044    10  5magn                 net2108040110.fits                                 Triton                1050  1050
   0.238  -0.097  535.83  511.39 1.168   7600.56    499.21 99.999 99.999 99.999 13.097 13.275 99.999 99.999 99.999  0.202 99.999 99.999 99.999 99.999  99.999  99.999  99.999  99.999  0.028  0.028  0.068  0.054  0.132  0.104    5    4 99.999 99.999   99  21.065845874 -16.840118025  4 55 52.71 2004  8 22 2453239.70547118    10  5magn                 net2108040111.fits                                 Triton                1050  1050
   0.067  -0.170  533.51  510.91 1.203   7378.46    427.50 99.999 99.999 99.999 13.162 13.300 99.999 99.999 99.999  0.164 99.999 99.999 99.999 99.999  99.999  99.999  99.999  99.999  0.010  0.010  0.089  0.066  0.107  0.079    5    4 99.999 99.999   99  21.065841318 -16.840146128  4 56 51.56 2004  8 22 2453239.70615231    10  5magn                 net2108040112.fits                                 Triton                1050  1050
   0.109  -0.203  535.53  511.09 1.040   8685.75    748.00 99.999 99.999 99.999 13.076 13.296 99.999 99.999 99.999  0.222 99.999 99.999 99.999 99.999  99.999  99.999  99.999  99.999  0.018  0.018  0.082  0.051  0.099  0.061    4    4 99.999 99.999   99  21.065840935 -16.840162974  4 57 49.53 2004  8 22 2453239.70682326    10  5magn                 net2108040113.fits                                 Triton                1050  1050
   0.097  -0.196  533.07  510.98 0.945   9808.27    959.20 99.999 99.999 99.999 13.081 13.285 99.999 99.999 99.999  0.166 99.999 99.999 99.999 99.999  99.999  99.999  99.999  99.999  0.019  0.019  0.081  0.056  0.097  0.068    5    4 99.999 99.999   99  21.065839372 -16.840169385  4 58 52.66 2004  8 22 2453239.70755394    10  5magn                 net2108040114.fits                                 Triton                1050  1050
   0.137  -0.264  535.14  510.43 1.067   9446.02    433.98 99.999 99.999 99.999 13.117 13.285 99.999 99.999 99.999  0.180 99.999 99.999 99.999 99.999  99.999  99.999  99.999  99.999  0.015  0.015  0.088  0.068  0.107  0.082    4    4 99.999 99.999   99  21.065838925 -16.840196048  4 59 51.49 2004  8 22 2453239.70823484    10  5magn                 net2108040115.fits                                 Triton                1050  1050
   0.245  -0.138  537.66  511.24 1.162   8210.18    370.65 99.999 99.999 99.999 13.083 13.260 99.999 99.999 99.999  0.209 99.999 99.999 99.999 99.999  99.999  99.999  99.999  99.999  0.018  0.018  0.068  0.061  0.132  0.118    5    4 99.999 99.999   99  21.065838409 -16.840177812  5  1 56.02 2004  8 22 2453239.70967616    10  5magn                 net2108040117.fits                                 Triton                1050  1050
   0.227  -0.114  534.90  511.10 1.021   8864.19    851.80 99.999 99.999 99.999 13.064 13.259 99.999 99.999 99.999  0.203 99.999 99.999 99.999 99.999  99.999  99.999  99.999  99.999  0.015  0.015  0.062  0.054  0.119  0.104    5    4 99.999 99.999   99  21.065836692 -16.840180087  5  3  1.71 2004  8 22 2453239.71043646    10  5magn                 net2108040118.fits                                 Triton                1050  1050
   0.245  -0.196  535.56  510.69 1.078   8362.84    644.40 99.999 99.999 99.999 13.055 13.323 99.999 99.999 99.999  0.169 99.999 99.999 99.999 99.999  99.999  99.999  99.999  99.999  0.016  0.016  0.062  0.022  0.116  0.042    6    4 99.999 99.999   99  21.065835496 -16.840212512  5  4 16.00 2004  8 22 2453239.71129630    10  5magn                 net2108040119.fits                                 Triton                1050  1050
   0.127  -0.231  535.43  510.56 1.057   8810.26    674.34 99.999 99.999 99.999 13.117 13.241 99.999 99.999 99.999  0.176 99.999 99.999 99.999 99.999  99.999  99.999  99.999  99.999  0.012  0.012  0.078  0.079  0.095  0.096    4    4 99.999 99.999   99  21.065831922 -16.840230413  5  5 16.56 2004  8 22 2453239.71199722    10  5magn                 net2108040120.fits                                 Triton                1050  1050
   0.127  -0.137  535.29  510.90 1.029   8325.81    739.94 99.999 99.999 99.999 13.091 13.278 99.999 99.999 99.999  0.135 99.999 99.999 99.999 99.999  99.999  99.999  99.999  99.999  0.017  0.017  0.047  0.040  0.084  0.072    6    5 99.999 99.999   99  21.065830348 -16.840214275  5  6 31.70 2004  8 22 2453239.71286690    10  5magn                 net2108040121.fits                                 Triton                1050  1050
   0.247  -0.189  537.58  511.53 1.100   8358.07    561.84 99.999 99.999 99.999 13.068 13.329 99.999 99.999 99.999  0.165 99.999 99.999 99.999 99.999  99.999  99.999  99.999  99.999  0.013  0.013  0.059  0.016  0.111  0.031    6    4 99.999 99.999   99  21.065828944 -16.840252422  5  9 30.04 2004  8 22 2453239.71493102    10  5magn                 net2108040124.fits                                 Triton                1050  1050
   0.143  -0.132  536.86  512.24 0.910  11247.17    866.04 99.999 99.999 99.999 13.031 13.193 99.999 99.999 99.999  0.124 99.999 99.999 99.999 99.999  99.999  99.999  99.999  99.999  0.014  0.014  0.007  0.051  0.013  0.090    5    4 99.999 99.999   99  21.065825411 -16.840246303  5 10 43.45 2004  8 22 2453239.71578067    10  5magn                 net2108040125.fits                                 Triton                1050  1050
   0.133  -0.222  538.00  513.19 1.075   9180.42    463.00 99.999 99.999 99.999 13.082 13.232 99.999 99.999 99.999  0.139 99.999 99.999 99.999 99.999  99.999  99.999  99.999  99.999  0.014  0.014  0.082  0.074  0.101  0.090    5    4 99.999 99.999   99  21.065823958 -16.840279237  5 11 42.29 2004  8 22 2453239.71646169    10  5magn                 net2108040126.fits                                 Triton                1050  1050
   0.118  -0.210  537.58  510.76 0.953  10802.86    647.35 99.999 99.999 99.999 13.053 13.012 99.999 99.999 99.999  0.132 99.999 99.999 99.999 99.999  99.999  99.999  99.999  99.999  0.019  0.019  0.078  0.062  0.095  0.076    5    4 99.999 99.999   99  21.065821181 -16.840291641  5 13 41.72 2004  8 22 2453239.71784398    10  5magn                 net2108040128.fits                                 Triton                1050  1050
   0.234  -0.116  536.38  511.12 0.958  10149.79    797.88 99.999 99.999 99.999 13.006 13.244 99.999 99.999 99.999  0.138 99.999 99.999 99.999 99.999  99.999  99.999  99.999  99.999  0.018  0.018  0.065  0.063  0.125  0.122    5    4 99.999 99.999   99  21.065822103 -16.840273886  5 14 43.97 2004  8 22 2453239.71856447    10  5magn                 net2108040129.fits                                 Triton                1050  1050
   0.127  -0.107  537.37  511.11 0.998   9314.51    812.78 99.999 99.999 99.999 13.049 13.138 99.999 99.999 99.999  0.126 99.999 99.999 99.999 99.999  99.999  99.999  99.999  99.999  0.018  0.018  0.047  0.035  0.085  0.063    6    5 99.999 99.999   99  21.065818841 -16.840279086  5 15 42.06 2004  8 22 2453239.71923681    10  5magn                 net2108040130.fits                                 Triton                1050  1050
   0.243  -0.208  541.11  512.56 1.108   7864.35    605.36 99.999 99.999 99.999 13.090 13.130 99.999 99.999 99.999  0.154 99.999 99.999 99.999 99.999  99.999  99.999  99.999  99.999  0.015  0.015  0.066  0.001  0.123  0.002    5    4 99.999 99.999   99  21.065815897 -16.840339994  5 19 48.77 2004  8 22 2453239.72209225    10  5magn                 net2108040134.fits                                 Triton                1050  1050
   0.094  -0.213  539.75  512.46 1.084   8145.42    612.16 99.999 99.999 99.999 13.065 13.241 99.999 99.999 99.999  0.132 99.999 99.999 99.999 99.999  99.999  99.999  99.999  99.999  0.013  0.013  0.083  0.045  0.103  0.056    5    4 99.999 99.999   99  21.065811783 -16.840349475  5 20 47.60 2004  8 22 2453239.72277315    10  5magn                 net2108040135.fits                                 Triton                1050  1050
   0.111  -0.214  540.77  512.58 1.185   6828.69    401.71 99.999 99.999 99.999 13.049 13.224 99.999 99.999 99.999  0.145 99.999 99.999 99.999 99.999  99.999  99.999  99.999  99.999  0.020  0.019  0.100  0.074  0.124  0.091    5    4 99.999 99.999   99  21.065808335 -16.840373623  5 23 47.58 2004  8 22 2453239.72485625    10  5magn                 net2108040138.fits                                 Triton                1050  1050
   0.124  -0.213  538.98  512.76 1.116   7205.38    490.56 99.999 99.999 99.999 13.079 13.255 99.999 99.999 99.999  0.136 99.999 99.999 99.999 99.999  99.999  99.999  99.999  99.999  0.018  0.018  0.082  0.059  0.102  0.073    5    4 99.999 99.999   99  21.065807402 -16.840380907  5 24 44.90 2004  8 22 2453239.72551968    10  5magn                 net2108040139.fits                                 Triton                1050  1050
   0.133  -0.199  540.32  512.22 1.025   6803.38    730.90 99.999 99.999 99.999 13.065 13.067 99.999 99.999 99.999  0.151 99.999 99.999 99.999 99.999  99.999  99.999  99.999  99.999  0.014  0.014  0.000  0.000  0.000  0.000    4    3 99.999 99.999   99  21.065806150 -16.840386000  5 25 53.14 2004  8 22 2453239.72630949    10  5magn                 net2108040140.fits                                 Triton                1050  1050
   0.112  -0.213  538.00  512.11 1.137   6447.89    409.76 99.999 99.999 99.999 13.083 13.098 99.999 99.999 99.999  0.137 99.999 99.999 99.999 99.999  99.999  99.999  99.999  99.999  0.014  0.014  0.082  0.055  0.102  0.068    4    4 99.999 99.999   99  21.065804473 -16.840398074  5 26 53.75 2004  8 22 2453239.72701100    10  5magn                 net2108040141.fits                                 Triton                1050  1050
   0.145  -0.248  538.59  512.19 1.013   6529.94    715.05 99.999 99.999 99.999 13.126 13.337 99.999 99.999 99.999  0.153 99.999 99.999 99.999 99.999  99.999  99.999  99.999  99.999  0.016  0.016  0.081  0.075  0.101  0.093    4    4 99.999 99.999   99  21.065803176 -16.840420395  5 28 26.83 2004  8 22 2453239.72808831    10  5magn                 net2108040142.fits                                 Triton                1050  1050
   0.114  -0.219  539.68  512.17 1.097   6032.22    473.91 99.999 99.999 99.999 13.051 13.185 99.999 99.999 99.999  0.164 99.999 99.999 99.999 99.999  99.999  99.999  99.999  99.999  0.016  0.016  0.104  0.070  0.130  0.088    4    4 99.999 99.999   99  21.065801214 -16.840420818  5 29 31.65 2004  8 22 2453239.72883854    10  5magn                 net2108040143.fits                                 Triton                1050  1050
   0.245  -0.178  543.98  512.68 1.003   6964.99    635.13 99.999 99.999 99.999 13.031 13.100 99.999 99.999 99.999  0.126 99.999 99.999 99.999 99.999  99.999  99.999  99.999  99.999  0.017  0.017  0.071  0.010  0.134  0.019    5    4 99.999 99.999   99  21.065800872 -16.840427456  5 31 47.40 2004  8 22 2453239.73040972    10  5magn                 net2108040145.fits                                 Triton                1050  1050
   0.107  -0.152  542.92  513.31 1.111   7289.66    453.31 99.999 99.999 99.999 12.983 13.067 99.999 99.999 99.999  0.267 99.999 99.999 99.999 99.999  99.999  99.999  99.999  99.999  0.002  0.002  0.000  0.000  0.000  0.000    3    3 99.999 99.999   99  21.065790283 -16.840470680  5 38  4.74 2004  8 22 2453239.73477708    10  5magn                 net2108040151.fits                                 Triton                1050  1050
   0.114  -0.195  542.29  513.28 1.122   6498.28    678.18 99.999 99.999 99.999 13.087 13.236 99.999 99.999 99.999  0.151 99.999 99.999 99.999 99.999  99.999  99.999  99.999  99.999  0.017  0.017  0.000  0.000  0.000  0.000    4    3 99.999 99.999   99  21.065789263 -16.840489897  5 39  1.00 2004  8 22 2453239.73542824    10  5magn                 net2108040152.fits                                 Triton                1050  1050
   0.250  -0.116  541.81  513.33 1.147   6782.23    515.45 99.999 99.999 99.999 13.099 13.236 99.999 99.999 99.999  0.128 99.999 99.999 99.999 99.999  99.999  99.999  99.999  99.999  0.016  0.016  0.028  0.036  0.067  0.086    7    6 99.999 99.999   99  21.065789274 -16.840484512  5 41  4.67 2004  8 22 2453239.73685961    10  5magn                 net2108040154.fits                                 Triton                1050  1050
   0.226  -0.153  542.78  513.17 1.418   5037.57    335.09 99.999 99.999 99.999 13.119 13.298 99.999 99.999 99.999  0.167 99.999 99.999 99.999 99.999  99.999  99.999  99.999  99.999  0.040  0.040  0.057  0.010  0.107  0.018    5    4 99.999 99.999   99  21.065787565 -16.840502676  5 42  5.22 2004  8 22 2453239.73756042    10  5magn                 net2108040155.fits                                 Triton                1050  1050
   0.239  -0.188  542.98  513.27 1.179   7346.61    321.55 99.999 99.999 99.999 13.027 13.263 99.999 99.999 99.999  0.181 99.999 99.999 99.999 99.999  99.999  99.999  99.999  99.999  0.015  0.014  0.074  0.019  0.138  0.035    5    4 99.999 99.999   99  21.065785349 -16.840528069  5 44  2.93 2004  8 22 2453239.73892280    10  5magn                 net2108040157.fits                                 Triton                1050  1050
