  -0.280   0.106 1167.31 1127.78 1.436   1248.95    128.48 99.999 99.999 99.999 13.136 13.250 99.999 99.999 99.999  0.851 99.999 99.999 99.999 99.999  99.999  99.999  99.999  99.999  0.010  0.010  0.076  0.058  0.098  0.075    5    5 99.999 99.999   99  22.065682852 -12.464457686  2 10 48.00 2011  9 19 2455823.59083333    10    I                   Netuno_0001.fits                                   Triton                2048  2048
  -0.210   0.155 1170.56 1122.92 1.576   1170.24     80.31 99.999 99.999 99.999 13.178 13.343 99.999 99.999 99.999  0.777 99.999 99.999 99.999 99.999  99.999  99.999  99.999  99.999  0.010  0.010  0.074  0.079  0.096  0.102    5    5 99.999 99.999   99  22.065683797 -12.464446231  2 11 16.00 2011  9 19 2455823.59115741    10    I                   Netuno_0003.fits                                   Triton                2048  2048
  -0.279   0.176 1184.87 1126.94 1.451   1173.23    129.73 99.999 99.999 99.999 13.127 13.284 99.999 99.999 99.999  0.832 99.999 99.999 99.999 99.999  99.999  99.999  99.999  99.999  0.011  0.011  0.130  0.078  0.137  0.082    5    4 99.999 99.999   99  22.065680434 -12.464449882  2 13 37.00 2011  9 19 2455823.59278935    10    I                   Netuno_0013.fits                                   Triton                2048  2048
  -0.260   0.135 1184.36 1131.39 1.489   1315.37     94.26 99.999 99.999 99.999 13.179 13.337 99.999 99.999 99.999  0.811 99.999 99.999 99.999 99.999  99.999  99.999  99.999  99.999  0.012  0.012  0.091  0.083  0.117  0.108    5    5 99.999 99.999   99  22.065680400 -12.464463353  2 14  5.00 2011  9 19 2455823.59311343    10    I                   Netuno_0015.fits                                   Triton                2048  2048
  -0.224   0.129 1182.08 1133.93 1.643   1076.35     87.82 99.999 99.999 99.999 13.087 13.265 99.999 99.999 99.999  0.848 99.999 99.999 99.999 99.999  99.999  99.999  99.999  99.999  0.009  0.009  0.073  0.074  0.094  0.096    5    5 99.999 99.999   99  22.065680891 -12.464465879  2 14 19.00 2011  9 19 2455823.59327546    10    I                   Netuno_0016.fits                                   Triton                2048  2048
  -0.204   0.163 1182.57 1134.71 1.557   1174.77    101.01 99.999 99.999 99.999 13.140 13.359 99.999 99.999 99.999  0.775 99.999 99.999 99.999 99.999  99.999  99.999  99.999  99.999  0.013  0.013  0.053  0.078  0.069  0.101    5    5 99.999 99.999   99  22.065681056 -12.464457540  2 14 33.00 2011  9 19 2455823.59343750    10    I                   Netuno_0017.fits                                   Triton                2048  2048
  -0.119  -0.017 1183.40 1129.77 1.495   1246.79     93.24 99.999 99.999 99.999 13.504 13.365 99.999 99.999 99.999  0.170 99.999 99.999 99.999 99.999  99.999  99.999  99.999  99.999  0.010  0.010  0.100  0.045  0.077  0.035    4    4 99.999 99.999   99  22.065682467 -12.464508307  2 14 47.00 2011  9 19 2455823.59359954    10    I                   Netuno_0018.fits                                   Triton                2048  2048
  -0.129   0.024 1182.76 1124.69 1.612   1073.53     95.54 99.999 99.999 99.999 13.510 13.327 99.999 99.999 99.999  0.168 99.999 99.999 99.999 99.999  99.999  99.999  99.999  99.999  0.012  0.012  0.074  0.050  0.057  0.038    4    4 99.999 99.999   99  22.065682089 -12.464498072  2 15  1.00 2011  9 19 2455823.59376157    10    I                   Netuno_0019.fits                                   Triton                2048  2048
  -0.259   0.170 1182.98 1123.51 1.852    928.31     63.26 99.999 99.999 99.999 13.127 13.304 99.999 99.999 99.999  0.761 99.999 99.999 99.999 99.999  99.999  99.999  99.999  99.999  0.013  0.013  0.073  0.080  0.094  0.103    5    5 99.999 99.999   99  22.065679394 -12.464458245  2 15 15.00 2011  9 19 2455823.59392361    10    I                   Netuno_0020.fits                                   Triton                2048  2048
  -0.094  -0.027 1180.52 1133.08 1.635   1151.08     67.03 99.999 99.999 99.999 13.464 13.262 99.999 99.999 99.999  0.226 99.999 99.999 99.999 99.999  99.999  99.999  99.999  99.999  0.009  0.009  0.082  0.050  0.063  0.038    5    4 99.999 99.999   99  22.065681523 -12.464518042  2 16 25.00 2011  9 19 2455823.59473380    10    I                   Netuno_0025.fits                                   Triton                2048  2048
  -0.241   0.175 1180.61 1133.30 1.740    986.44     75.63 99.999 99.999 99.999 13.174 13.336 99.999 99.999 99.999  0.770 99.999 99.999 99.999 99.999  99.999  99.999  99.999  99.999  0.011  0.011  0.064  0.087  0.083  0.113    5    5 99.999 99.999   99  22.065678534 -12.464462766  2 16 39.00 2011  9 19 2455823.59489583    10    I                   Netuno_0026.fits                                   Triton                2048  2048
  -0.271   0.113 1179.21 1127.48 1.666   1150.45     58.54 99.999 99.999 99.999 13.113 13.282 99.999 99.999 99.999  0.836 99.999 99.999 99.999 99.999  99.999  99.999  99.999  99.999  0.010  0.010  0.064  0.061  0.083  0.078    5    5 99.999 99.999   99  22.065677777 -12.464481029  2 16 53.00 2011  9 19 2455823.59505787    10    I                   Netuno_0027.fits                                   Triton                2048  2048
  -0.237   0.125 1179.23 1124.08 1.391   1371.58    109.50 99.999 99.999 99.999 13.187 13.383 99.999 99.999 99.999  0.755 99.999 99.999 99.999 99.999  99.999  99.999  99.999  99.999  0.010  0.010  0.073  0.088  0.095  0.114    5    5 99.999 99.999   99  22.065678014 -12.464479815  2 17 21.00 2011  9 19 2455823.59538194    10    I                   Netuno_0029.fits                                   Triton                2048  2048
  -0.118   0.014 1179.39 1126.48 1.503   1231.46    102.60 99.999 99.999 99.999 13.488 13.267 99.999 99.999 99.999  0.164 99.999 99.999 99.999 99.999  99.999  99.999  99.999  99.999  0.016  0.016  0.036  0.050  0.028  0.038    4    4 99.999 99.999   99  22.065679848 -12.464512446  2 17 49.00 2011  9 19 2455823.59570602    10    I                   Netuno_0031.fits                                   Triton                2048  2048
  -0.083  -0.010 1176.77 1132.21 1.788   1044.40     59.63 99.999 99.999 99.999 13.518 13.276 99.999 99.999 99.999  0.165 99.999 99.999 99.999 99.999  99.999  99.999  99.999  99.999  0.011  0.011  0.041  0.038  0.032  0.029    4    4 99.999 99.999   99  22.065680317 -12.464519890  2 18  3.00 2011  9 19 2455823.59586806    10    I                   Netuno_0032.fits                                   Triton                2048  2048
  -0.069  -0.008 1176.56 1126.92 1.685   1160.47     50.93 99.999 99.999 99.999 13.501 13.254 99.999 99.999 99.999  0.156 99.999 99.999 99.999 99.999  99.999  99.999  99.999  99.999  0.010  0.010  0.062  0.056  0.048  0.043    4    4 99.999 99.999   99  22.065679779 -12.464523563  2 18 59.00 2011  9 19 2455823.59651620    10    I                   Netuno_0036.fits                                   Triton                2048  2048
  -0.073   0.006 1177.72 1123.34 1.566   1247.25     74.96 99.999 99.999 99.999 13.483 13.226 99.999 99.999 99.999  0.165 99.999 99.999 99.999 99.999  99.999  99.999  99.999  99.999  0.012  0.012  0.078  0.053  0.061  0.041    4    4 99.999 99.999   99  22.065679311 -12.464521366  2 19 26.00 2011  9 19 2455823.59682870    10    I                   Netuno_0038.fits                                   Triton                2048  2048
  -0.261   0.114 1177.86 1132.02 0.718   1482.05    484.70 99.999 99.999 99.999 13.121 13.239 99.999 99.999 99.999  0.647 99.999 99.999 99.999 99.999  99.999  99.999  99.999  99.999  0.009  0.009  0.087  0.055  0.113  0.071    6    5 99.999 99.999   99  22.065674736 -12.464496265  2 20 35.00 2011  9 19 2455823.59762731    10    I                   Netuno_0043.fits                                   Triton                2048  2048
  -0.203   0.127 1177.13 1123.47 1.232   1341.93    185.98 99.999 99.999 99.999 13.146 13.293 99.999 99.999 99.999  0.760 99.999 99.999 99.999 99.999  99.999  99.999  99.999  99.999  0.014  0.014  0.036  0.074  0.047  0.096    5    5 99.999 99.999   99  22.065675060 -12.464496489  2 21 30.00 2011  9 19 2455823.59826389    10    I                   Netuno_0047.fits                                   Triton                2048  2048
  -0.231   0.111 1178.90 1136.77 1.697    960.04     84.69 99.999 99.999 99.999 13.152 13.221 99.999 99.999 99.999  0.781 99.999 99.999 99.999 99.999  99.999  99.999  99.999  99.999  0.008  0.008  0.087  0.079  0.113  0.102    5    5 99.999 99.999   99  22.065673919 -12.464503921  2 22 12.00 2011  9 19 2455823.59875000    10    I                   Netuno_0050.fits                                   Triton                2048  2048
  -0.235   0.133 1175.79 1129.13 1.554   1046.04    106.09 99.999 99.999 99.999 13.172 13.278 99.999 99.999 99.999  0.755 99.999 99.999 99.999 99.999  99.999  99.999  99.999  99.999  0.004  0.004  0.083  0.071  0.108  0.092    5    5 99.999 99.999   99  22.065673460 -12.464499654  2 22 39.00 2011  9 19 2455823.59906250    10    I                   Netuno_0052.fits                                   Triton                2048  2048
  -0.087  -0.005 1175.78 1125.05 1.551   1122.06    105.12 99.999 99.999 99.999 13.474 13.243 99.999 99.999 99.999  0.158 99.999 99.999 99.999 99.999  99.999  99.999  99.999  99.999  0.010  0.010  0.058  0.042  0.045  0.032    4    4 99.999 99.999   99  22.065676072 -12.464538880  2 22 53.00 2011  9 19 2455823.59922454    10    I                   Netuno_0053.fits                                   Triton                2048  2048
  -0.231   0.094 1177.28 1115.82 1.414   1439.24     84.24 99.999 99.999 99.999 13.189 13.299 99.999 99.999 99.999  0.814 99.999 99.999 99.999 99.999  99.999  99.999  99.999  99.999  0.012  0.012  0.083  0.073  0.108  0.094    5    5 99.999 99.999   99  22.065672929 -12.464513339  2 23 21.00 2011  9 19 2455823.59954861    10    I                   Netuno_0055.fits                                   Triton                2048  2048
  -0.076  -0.013 1177.52 1116.35 1.754   1131.97     33.81 99.999 99.999 99.999 13.537 13.329 99.999 99.999 99.999  0.152 99.999 99.999 99.999 99.999  99.999  99.999  99.999  99.999  0.018  0.018  0.078  0.070  0.060  0.054    4    4 99.999 99.999   99  22.065675661 -12.464544223  2 23 35.00 2011  9 19 2455823.59971065    10    I                   Netuno_0056.fits                                   Triton                2048  2048
  -0.088  -0.005 1177.45 1123.30 0.820   1437.30    407.86 99.999 99.999 99.999 13.348 13.221 99.999 99.999 99.999  0.278 99.999 99.999 99.999 99.999  99.999  99.999  99.999  99.999  0.013  0.014  0.046  0.015  0.035  0.012    5    4 99.999 99.999   99  22.065675046 -12.464543967  2 24  2.00 2011  9 19 2455823.60002315    10    I                   Netuno_0058.fits                                   Triton                2048  2048
  -0.219   0.132 1178.76 1125.60 1.171   1349.65    236.68 99.999 99.999 99.999 13.196 13.265 99.999 99.999 99.999  0.792 99.999 99.999 99.999 99.999  99.999  99.999  99.999  99.999  0.001  0.001  0.071  0.077  0.093  0.100    5    5 99.999 99.999   99  22.065671967 -12.464508719  2 24 44.00 2011  9 19 2455823.60050926    10    I                   Netuno_0061.fits                                   Triton                2048  2048
  -0.239   0.119 1180.89 1121.88 1.473   1159.52    138.95 99.999 99.999 99.999 13.149 13.303 99.999 99.999 99.999  0.745 99.999 99.999 99.999 99.999  99.999  99.999  99.999  99.999  0.013  0.013  0.066  0.061  0.086  0.079    5    5 99.999 99.999   99  22.065671379 -12.464513073  2 24 57.00 2011  9 19 2455823.60065972    10    I                   Netuno_0062.fits                                   Triton                2048  2048
  -0.279   0.155 1181.34 1122.41 1.131   1196.28    292.22 99.999 99.999 99.999 13.156 13.370 99.999 99.999 99.999  0.741 99.999 99.999 99.999 99.999  99.999  99.999  99.999  99.999  0.005  0.005  0.073  0.072  0.095  0.093    5    5 99.999 99.999   99  22.065670017 -12.464506000  2 25 39.00 2011  9 19 2455823.60114583    10    I                   Netuno_0065.fits                                   Triton                2048  2048
  -0.221   0.115 1177.72 1130.24 1.630   1142.81     74.18 99.999 99.999 99.999 13.127 13.208 99.999 99.999 99.999  0.801 99.999 99.999 99.999 99.999  99.999  99.999  99.999  99.999  0.011  0.011  0.096  0.084  0.125  0.109    5    5 99.999 99.999   99  22.065670729 -12.464519291  2 26  6.00 2011  9 19 2455823.60145833    10    I                   Netuno_0067.fits                                   Triton                2048  2048
  -0.211   0.132 1180.40 1130.91 1.799   1016.88     64.53 99.999 99.999 99.999 13.186 13.347 99.999 99.999 99.999  0.787 99.999 99.999 99.999 99.999  99.999  99.999  99.999  99.999  0.015  0.015  0.069  0.074  0.089  0.097    5    5 99.999 99.999   99  22.065670103 -12.464518420  2 27  2.00 2011  9 19 2455823.60210648    10    I                   Netuno_0071.fits                                   Triton                2048  2048
  -0.221   0.101 1180.75 1128.36 1.975    988.27     15.99 99.999 99.999 99.999 13.189 13.279 99.999 99.999 99.999  0.775 99.999 99.999 99.999 99.999  99.999  99.999  99.999  99.999  0.011  0.011  0.081  0.070  0.106  0.091    5    5 99.999 99.999   99  22.065669717 -12.464527816  2 27 15.00 2011  9 19 2455823.60225694    10    I                   Netuno_0072.fits                                   Triton                2048  2048
  -0.079   0.006 1196.64 1144.98 2.388   3292.92     32.38 99.999 99.999 99.999 13.525 13.512 99.999 99.999 99.999  0.156 99.999 99.999 99.999 99.999  99.999  99.999  99.999  99.999  0.009  0.009  0.073  0.065  0.057  0.051    4    4 99.999 99.999   99  22.065653670 -12.464645595  2 48 58.00 2011  9 19 2455823.61733796    50    I                   Netuno_saturado_0001.fits                          Triton                2048  2048
  -0.088  -0.015 1196.20 1147.69 2.817   2621.84     -4.64 99.999 99.999 99.999 13.498 13.389 99.999 99.999 99.999  0.170 99.999 99.999 99.999 99.999  99.999  99.999  99.999  99.999  0.009  0.009  0.068  0.052  0.053  0.041    4    4 99.999 99.999   99  22.065652729 -12.464655290  2 49 51.00 2011  9 19 2455823.61795139    50    I                   Netuno_saturado_0002.fits                          Triton                2048  2048
  -0.091  -0.028 1195.43 1143.58 2.529   3039.90     12.86 99.999 99.999 99.999 13.486 13.505 99.999 99.999 99.999  0.160 99.999 99.999 99.999 99.999  99.999  99.999  99.999  99.999  0.017  0.017  0.065  0.052  0.051  0.040    4    4 99.999 99.999   99  22.065651880 -12.464662547  2 50 45.00 2011  9 19 2455823.61857639    50    I                   Netuno_saturado_0003.fits                          Triton                2048  2048
  -0.080  -0.004 1196.09 1143.67 2.472   2920.35     76.67 99.999 99.999 99.999 13.497 13.388 99.999 99.999 99.999  0.164 99.999 99.999 99.999 99.999  99.999  99.999  99.999  99.999  0.014  0.014  0.083  0.058  0.065  0.045    4    4 99.999 99.999   99  22.065651318 -12.464659693  2 51 39.00 2011  9 19 2455823.61920139    50    I                   Netuno_saturado_0004.fits                          Triton                2048  2048
  -0.059  -0.008 1194.87 1146.08 2.535   2972.71     30.25 99.999 99.999 99.999 13.494 13.388 99.999 99.999 99.999  0.157 99.999 99.999 99.999 99.999  99.999  99.999  99.999  99.999  0.014  0.014  0.071  0.054  0.056  0.042    4    4 99.999 99.999   99  22.065650934 -12.464664757  2 52 33.00 2011  9 19 2455823.61982639    50    I                   Netuno_saturado_0005.fits                          Triton                2048  2048
  -0.080   0.001 1194.52 1143.83 2.599   3005.06    -13.18 99.999 99.999 99.999 13.495 13.517 99.999 99.999 99.999  0.158 99.999 99.999 99.999 99.999  99.999  99.999  99.999  99.999  0.018  0.018  0.080  0.050  0.063  0.040    4    4 99.999 99.999   99  22.065649768 -12.464666110  2 53 27.00 2011  9 19 2455823.62045139    50    I                   Netuno_saturado_0006.fits                          Triton                2048  2048
  -0.077   0.001 1196.47 1144.47 2.349   2830.32    167.17 99.999 99.999 99.999 13.501 13.524 99.999 99.999 99.999  0.154 99.999 99.999 99.999 99.999  99.999  99.999  99.999  99.999  0.016  0.016  0.069  0.059  0.054  0.046    4    4 99.999 99.999   99  22.065649058 -12.464669631  2 54 20.00 2011  9 19 2455823.62106481    50    I                   Netuno_saturado_0007.fits                          Triton                2048  2048
  -0.060  -0.032 1196.84 1142.26 2.434   2997.39     77.39 99.999 99.999 99.999 13.500 13.387 99.999 99.999 99.999  0.162 99.999 99.999 99.999 99.999  99.999  99.999  99.999  99.999  0.019  0.019  0.071  0.055  0.055  0.043    4    4 99.999 99.999   99  22.065648612 -12.464682783  2 55 14.00 2011  9 19 2455823.62168981    50    I                   Netuno_saturado_0008.fits                          Triton                2048  2048
  -0.108   0.024 1194.75 1146.21 2.472   2768.97    108.92 99.999 99.999 99.999 13.503 13.430 99.999 99.999 99.999  0.165 99.999 99.999 99.999 99.999  99.999  99.999  99.999  99.999  0.012  0.012  0.081  0.071  0.063  0.056    4    4 99.999 99.999   99  22.065646924 -12.464670959  2 56  8.00 2011  9 19 2455823.62231481    50    I                   Netuno_saturado_0009.fits                          Triton                2048  2048
  -0.120  -0.004 1194.16 1137.12 2.318   2848.49    179.51 99.999 99.999 99.999 13.499 13.486 99.999 99.999 99.999  0.156 99.999 99.999 99.999 99.999  99.999  99.999  99.999  99.999  0.018  0.018  0.069  0.049  0.055  0.039    4    4 99.999 99.999   99  22.065645914 -12.464682381  2 57  2.00 2011  9 19 2455823.62293981    50    I                   Netuno_saturado_0010.fits                          Triton                2048  2048
  -0.094  -0.008 1192.10 1141.74 2.130   3073.23    256.30 99.999 99.999 99.999 13.494 13.456 99.999 99.999 99.999  0.167 99.999 99.999 99.999 99.999  99.999  99.999  99.999  99.999  0.004  0.004  0.060  0.052  0.047  0.041    4    4 99.999 99.999   99  22.065645631 -12.464687477  2 57 56.00 2011  9 19 2455823.62356481    50    I                   Netuno_saturado_0011.fits                          Triton                2048  2048
  -0.088  -0.010 1193.61 1139.01 2.519   2841.35     80.60 99.999 99.999 99.999 13.503 13.381 99.999 99.999 99.999  0.158 99.999 99.999 99.999 99.999  99.999  99.999  99.999  99.999  0.013  0.013  0.051  0.051  0.040  0.040    4    4 99.999 99.999   99  22.065644971 -12.464692021  2 58 50.00 2011  9 19 2455823.62418982    50    I                   Netuno_saturado_0012.fits                          Triton                2048  2048
  -0.085  -0.023 1194.62 1140.77 2.586   2450.71    136.66 99.999 99.999 99.999 13.482 13.425 99.999 99.999 99.999  0.148 99.999 99.999 99.999 99.999  99.999  99.999  99.999  99.999  0.013  0.013  0.058  0.056  0.046  0.044    4    4 99.999 99.999   99  22.065644258 -12.464699293  2 59 43.00 2011  9 19 2455823.62480324    50    I                   Netuno_saturado_0013.fits                          Triton                2048  2048
  -0.067  -0.018 1193.91 1140.01 2.584   2861.57     23.39 99.999 99.999 99.999 13.491 13.427 99.999 99.999 99.999  0.159 99.999 99.999 99.999 99.999  99.999  99.999  99.999  99.999  0.011  0.011  0.061  0.056  0.048  0.044    4    4 99.999 99.999   99  22.065643804 -12.464701542  3  0 37.00 2011  9 19 2455823.62542824    50    I                   Netuno_saturado_0014.fits                          Triton                2048  2048
  -0.093   0.002 1193.82 1138.09 2.616   2875.39      9.82 99.999 99.999 99.999 13.503 13.416 99.999 99.999 99.999  0.160 99.999 99.999 99.999 99.999  99.999  99.999  99.999  99.999  0.012  0.012  0.067  0.075  0.053  0.059    4    4 99.999 99.999   99  22.065642573 -12.464700103  3  1 31.00 2011  9 19 2455823.62605324    50    I                   Netuno_saturado_0015.fits                          Triton                2048  2048
  -0.080   0.004 1194.43 1136.36 2.455   2892.16     74.66 99.999 99.999 99.999 13.490 13.366 99.999 99.999 99.999  0.164 99.999 99.999 99.999 99.999  99.999  99.999  99.999  99.999  0.011  0.011  0.049  0.048  0.039  0.038    4    4 99.999 99.999   99  22.065641258 -12.464706981  3  3 19.00 2011  9 19 2455823.62730324    50    I                   Netuno_saturado_0017.fits                          Triton                2048  2048
  -0.075  -0.017 1191.25 1139.80 2.679   2563.71     53.56 99.999 99.999 99.999 13.489 13.479 99.999 99.999 99.999  0.168 99.999 99.999 99.999 99.999  99.999  99.999  99.999  99.999  0.013  0.013  0.074  0.055  0.058  0.043    4    4 99.999 99.999   99  22.065640571 -12.464716647  3  4 12.00 2011  9 19 2455823.62791667    50    I                   Netuno_saturado_0018.fits                          Triton                2048  2048
  -0.081  -0.006 1192.74 1134.86 2.691   2777.69      0.13 99.999 99.999 99.999 13.499 13.524 99.999 99.999 99.999  0.163 99.999 99.999 99.999 99.999  99.999  99.999  99.999  99.999  0.016  0.016  0.073  0.054  0.058  0.042    4    4 99.999 99.999   99  22.065639681 -12.464717174  3  5  6.00 2011  9 19 2455823.62854167    50    I                   Netuno_saturado_0019.fits                          Triton                2048  2048
  -0.061  -0.011 1193.01 1141.33 2.786   2648.42     -1.06 99.999 99.999 99.999 13.508 13.467 99.999 99.999 99.999  0.155 99.999 99.999 99.999 99.999  99.999  99.999  99.999  99.999  0.013  0.013  0.081  0.060  0.064  0.047    4    4 99.999 99.999   99  22.065639283 -12.464722537  3  6  0.00 2011  9 19 2455823.62916667    50    I                   Netuno_saturado_0020.fits                          Triton                2048  2048
  -0.079  -0.003 1194.47 1135.02 2.518   2721.65    110.33 99.999 99.999 99.999 13.508 13.525 99.999 99.999 99.999  0.155 99.999 99.999 99.999 99.999  99.999  99.999  99.999  99.999  0.016  0.016  0.053  0.045  0.042  0.036    4    4 99.999 99.999   99  22.065638174 -12.464724138  3  6 54.00 2011  9 19 2455823.62979167    50    I                   Netuno_saturado_0021.fits                          Triton                2048  2048
