   0.605   0.988  532.30  477.96 0.788    378.02    426.05 99.999 99.999 99.999 12.392 12.263 99.999 99.999 99.999  0.693 99.999 99.999 99.999 99.999  99.999  99.999  99.999  99.999  0.006  0.006  0.000  0.000  0.000  0.000    4    3 99.999 99.999   99  20.786907271 -17.840432052 23 37 19.64 2002  8  7 2452494.48425509     1  B                     net0004.fits                                       Triton                1016  1020
   0.537   0.685  525.07  478.78 0.765    456.64    409.48 99.999 99.999 99.999 12.345 12.219 99.999 99.999 99.999  0.830 99.999 99.999 99.999 99.999  99.999  99.999  99.999  99.999  0.014  0.014  0.000  0.000  0.000  0.000    3    3 99.999 99.999   99  20.786897715 -17.840549397 23 42 44.38 2002  8  7 2452494.48801366     1  B                     net0008.fits                                       Triton                1016  1020
   0.469   0.956  553.30  478.81 0.712    425.57    433.27 99.999 99.999 99.999 12.390 12.261 99.999 99.999 99.999  0.722 99.999 99.999 99.999 99.999  99.999  99.999  99.999  99.999  0.016  0.016  0.000  0.000  0.000  0.000    4    3 99.999 99.999   99  20.786895516 -17.840477960 23 43 19.63 2002  8  7 2452494.48842164     1  B                     net0009.fits                                       Triton                1016  1020
   0.099  -0.347  543.18  479.13 0.757    412.04    360.94 99.999 99.999 99.999 12.383 12.311 99.999 99.999 99.999  0.573 99.999 99.999 99.999 99.999  99.999  99.999  99.999  99.999  0.019  0.019  0.087  0.008  0.097  0.009    5    4 99.999 99.999   99  20.786887339 -17.840844018 23 43 58.28 2002  8  7 2452494.48886898     1  B                     net0010.fits                                       Triton                1016  1020
   0.049  -0.684  534.64  479.34 0.679    467.83    410.12 99.999 99.999 99.999 12.345 12.455 99.999 99.999 99.999  0.054 99.999 99.999 99.999 99.999  99.999  99.999  99.999  99.999  0.013  0.013  0.000  0.000  0.000  0.000    3    3 99.999 99.999   99  20.786885537 -17.840940695 23 44 31.40 2002  8  7 2452494.48925231     1  B                     net0011.fits                                       Triton                1016  1020
   0.566   0.970  526.67  478.69 0.945    290.48    431.21 99.999 99.999 99.999 12.477 12.349 99.999 99.999 99.999  0.716 99.999 99.999 99.999 99.999  99.999  99.999  99.999  99.999  0.013  0.013  0.000  0.000  0.000  0.000    4    3 99.999 99.999   99  20.786894821 -17.840484720 23 45  2.74 2002  8  7 2452494.48961505     1  B                     net0012.fits                                       Triton                1016  1020
  -0.082  -0.667  530.66  478.79 0.671    427.98    549.28 99.999 99.999 99.999 12.022 12.214 99.999 99.999 99.999  0.353 99.999 99.999 99.999 99.999  99.999  99.999  99.999  99.999  0.020  0.020  0.000  0.000  0.000  0.000    3    3 99.999 99.999   99  20.786881407 -17.840942694 23 45 34.18 2002  8  7 2452494.48997894     1  B                     net0013.fits                                       Triton                1016  1020
  -0.292  -1.043  530.49  479.65 0.768   7811.42    990.02 99.999 99.999 99.999 12.363 12.522 99.999 99.999 99.999  0.495 99.999 99.999 99.999 99.999  99.999  99.999  99.999  99.999  0.011  0.011  0.055  0.079  0.063  0.091    6    4 99.999 99.999   99  20.786873964 -17.841060735 23 47 47.27 2002  8  7 2452494.49151933    20  B                     net0015.fits                                       Triton                1016  1020
   0.422   0.722  528.14  479.50 0.815    403.43    933.18 99.999 99.999 99.999 12.470 12.343 99.999 99.999 99.999  0.888 99.999 99.999 99.999 99.999  99.999  99.999  99.999  99.999  0.014  0.014  0.000  0.000  0.000  0.000    3    3 99.999 99.999   99  20.786885463 -17.840580145 23 49 21.89 2002  8  7 2452494.49261447     1  B                     net0016.fits                                       Triton                1016  1020
   0.602  -0.485  526.89  479.59 0.634    498.96    415.61 99.999 99.999 99.999 11.831 11.905 99.999 99.999 99.999  0.162 99.999 99.999 99.999 99.999  99.999  99.999  99.999  99.999  0.020  0.020  0.000  0.000  0.000  0.000    3    3 99.999 99.999   99  20.786887218 -17.840922673 23 50 30.71 2002  8  7 2452494.49341100     1  B                     net0018.fits                                       Triton                1016  1020
   0.029  -0.777  531.00  477.36 0.671    474.13    483.84 99.999 99.999 99.999 12.195 12.336 99.999 99.999 99.999  0.068 99.999 99.999 99.999 99.999  99.999  99.999  99.999  99.999  0.004  0.004  0.000  0.000  0.000  0.000    3    3 99.999 99.999   99  20.786873985 -17.841012094 23 51 53.57 2002  8  7 2452494.49437002     1  B                     net0020.fits                                       Triton                1016  1020
  -0.779  -0.327  526.95  478.08 0.814   8116.30    740.54 99.999 99.999 99.999 12.339 12.472 99.999 99.999 99.999  0.598 99.999 99.999 99.999 99.999  99.999  99.999  99.999  99.999  0.000  0.000  0.000  0.000  0.000  0.000    5    3 99.999 99.999   99  20.786857114 -17.840891880 23 52 37.97 2002  8  7 2452494.49488391    20  B                     net0021.fits                                       Triton                1016  1020
  -0.742  -0.253  528.49  478.49 0.774   4128.92    653.24 99.999 99.999 99.999 12.242 12.433 99.999 99.999 99.999  0.572 99.999 99.999 99.999 99.999  99.999  99.999  99.999  99.999  0.013  0.013  0.000  0.000  0.000  0.000    6    3 99.999 99.999   99  20.786855754 -17.840879633 23 54  0.86 2002  8  7 2452494.49584329    10  B                     net0022.fits                                       Triton                1016  1020
   0.546   1.053  529.25  478.25 0.833    369.82    361.22 99.999 99.999 99.999 12.509 12.263 99.999 99.999 99.999  0.688 99.999 99.999 99.999 99.999  99.999  99.999  99.999  99.999  0.017  0.017  0.000  0.000  0.000  0.000    3    3 99.999 99.999   99  20.786876175 -17.840535817 23 57  4.60 2002  8  7 2452494.49796991     1  B                     net0024.fits                                       Triton                1016  1020
  -0.713  -0.248  529.78  478.62 0.899   6788.70    630.61 99.999 99.999 99.999 12.309 12.447 99.999 99.999 99.999  0.546 99.999 99.999 99.999 99.999  99.999  99.999  99.999  99.999  0.010  0.010  0.000  0.000  0.000  0.000    6    3 99.999 99.999   99  20.786850324 -17.840902792 23 57 57.53 2002  8  7 2452494.49858252    20  B                     net0025.fits                                       Triton                1016  1020
  -0.783  -0.314  528.15  478.55 0.887   6738.04    636.79 99.999 99.999 99.999 12.316 12.487 99.999 99.999 99.999  0.547 99.999 99.999 99.999 99.999  99.999  99.999  99.999  99.999  0.009  0.009  0.000  0.000  0.000  0.000    6    3 99.999 99.999   99  20.786847203 -17.840928417 23 59  7.36 2002  8  7 2452494.49939074    20  B                     net0026.fits                                       Triton                1016  1020
  -0.854  -0.354  526.30  477.99 0.823   7680.19    724.43 99.999 99.999 99.999 12.366 12.533 99.999 99.999 99.999  0.541 99.999 99.999 99.999 99.999  99.999  99.999  99.999  99.999  0.010  0.010  0.000  0.000  0.000  0.000    6    3 99.999 99.999   99  20.786843560 -17.840948565  0  0 37.75 2002  8  8 2452494.50043692    20  B                     net0027.fits                                       Triton                1016  1020
   0.470   1.004  525.54  477.42 0.683    473.81    523.97 99.999 99.999 99.999 12.591 12.345 99.999 99.999 99.999  0.706 99.999 99.999 99.999 99.999  99.999  99.999  99.999  99.999  0.010  0.010  0.000  0.000  0.000  0.000    3    3 99.999 99.999   99  20.786866123 -17.840584572  0  2 43.71 2002  8  8 2452494.50189479     1  B                     net0029.fits                                       Triton                1016  1020
   0.039  -0.722  529.65  476.55 0.811    409.27    444.00 99.999 99.999 99.999 12.264 12.455 99.999 99.999 99.999  0.430 99.999 99.999 99.999 99.999  99.999  99.999  99.999  99.999  0.010  0.010  0.016  0.043  0.018  0.048    4    4 99.999 99.999   99  20.786856867 -17.841067096  0  3 18.11 2002  8  8 2452494.50229294     1  B                     net0030.fits                                       Triton                1016  1020
  -0.780  -0.331  529.17  477.22 0.798   8151.30    696.70 99.999 99.999 99.999 12.429 12.460 99.999 99.999 99.999  0.617 99.999 99.999 99.999 99.999  99.999  99.999  99.999  99.999  0.012  0.012  0.102  0.009  0.138  0.012    8    4 99.999 99.999   99  20.786839751 -17.840963517  0  4  4.65 2002  8  8 2452494.50283160    20  B                     net0031.fits                                       Triton                1016  1020
  -0.316  -0.683  529.84  476.74 0.866   7361.83    667.51 99.999 99.999 99.999 12.504 12.507 99.999 99.999 99.999  0.587 99.999 99.999 99.999 99.999  99.999  99.999  99.999  99.999  0.000  0.000  0.087  0.013  0.140  0.022    8    4 99.999 99.999   99  20.786846873 -17.841068840  0  5 19.87 2002  8  8 2452494.50370220    20  B                     net0032.fits                                       Triton                1016  1020
  -0.723  -0.269  526.33  476.88 0.821   8155.58    733.28 99.999 99.999 99.999 12.481 12.456 99.999 99.999 99.999  0.607 99.999 99.999 99.999 99.999  99.999  99.999  99.999  99.999  0.008  0.008  0.000  0.000  0.000  0.000    8    3 99.999 99.999   99  20.786836938 -17.840962122  0  6 40.13 2002  8  8 2452494.50463113    20  B                     net0033.fits                                       Triton                1016  1020
   0.443   0.682  531.00  477.10 0.613    513.63    465.11 99.999 99.999 99.999 12.322 12.196 99.999 99.999 99.999  0.912 99.999 99.999 99.999 99.999  99.999  99.999  99.999  99.999  0.010  0.010  0.000  0.000  0.000  0.000    3    3 99.999 99.999   99  20.786852561 -17.840726757  0 11 18.87 2002  8  8 2452494.50785729     1  B                     net0037.fits                                       Triton                1016  1020
  -0.242  -0.691  530.18  477.31 0.836   7992.20    670.21 99.999 99.999 99.999 12.375 12.458 99.999 99.999 99.999  0.501 99.999 99.999 99.999 99.999  99.999  99.999  99.999  99.999  0.010  0.010  0.000  0.000  0.000  0.000    7    3 99.999 99.999   99  20.786838124 -17.841112436  0 12  2.81 2002  8  8 2452494.50836586    20  B                     net0038.fits                                       Triton                1016  1020
  -0.735  -0.269  527.60  477.66 0.841   7608.23    769.38 99.999 99.999 99.999 12.541 12.516 99.999 99.999 99.999  0.586 99.999 99.999 99.999 99.999  99.999  99.999  99.999  99.999  0.010  0.010  0.000  0.000  0.000  0.000    8    3 99.999 99.999   99  20.786822738 -17.841018557  0 15 51.74 2002  8  8 2452494.51101551    20  B                     net0041.fits                                       Triton                1016  1020
  -0.732  -0.253  524.95  478.24 0.801   8489.78    783.21 99.999 99.999 99.999 12.309 12.467 99.999 99.999 99.999  0.538 99.999 99.999 99.999 99.999  99.999  99.999  99.999  99.999  0.009  0.009  0.000  0.000  0.000  0.000    7    3 99.999 99.999   99  20.786820869 -17.841021913  0 17  7.93 2002  8  8 2452494.51189734    20  B                     net0042.fits                                       Triton                1016  1020
