   0.374   0.285  474.11  492.97 2.932    239.76     34.23 99.999 99.999 99.999 12.958 12.941 99.999 99.999 99.999  0.307 99.999 99.999 99.999 99.999  99.999  99.999  99.999  99.999  0.022  0.022  0.000  0.000  0.000  0.000    5    3 99.999 99.999   99  20.630269582 -18.367208810  5 49 13.46 2001  8  9 2452130.74251690     5  B                     net0004.fits                                       Triton                1016  1020
   0.381   0.256  481.79  495.56 1.768    494.25     74.03 99.999 99.999 99.999 12.868 12.865 99.999 99.999 99.999  0.463 99.999 99.999 99.999 99.999  99.999  99.999  99.999  99.999  0.006  0.006  0.000  0.000  0.000  0.000    4    3 99.999 99.999   99  20.630264344 -18.367231183  5 52 49.28 2001  8  9 2452130.74501481     5  B                     net0006.fits                                       Triton                1016  1020
   0.605   0.988  532.30  477.96 0.788    378.02    426.05 99.999 99.999 99.999 12.392 12.263 99.999 99.999 99.999  0.693 99.999 99.999 99.999 99.999  99.999  99.999  99.999  99.999  0.006  0.006  0.000  0.000  0.000  0.000    4    3 99.999 99.999   99  20.786907271 -17.840432052 23 37 19.64 2002  8  7 2452494.48425509     1  B                     net0004.fits                                       Triton                1016  1020
   0.469   0.956  553.30  478.81 0.712    425.57    433.27 99.999 99.999 99.999 12.390 12.261 99.999 99.999 99.999  0.722 99.999 99.999 99.999 99.999  99.999  99.999  99.999  99.999  0.016  0.016  0.000  0.000  0.000  0.000    4    3 99.999 99.999   99  20.786895516 -17.840477960 23 43 19.63 2002  8  7 2452494.48842164     1  B                     net0009.fits                                       Triton                1016  1020
   0.566   0.970  526.67  478.69 0.945    290.48    431.21 99.999 99.999 99.999 12.477 12.349 99.999 99.999 99.999  0.716 99.999 99.999 99.999 99.999  99.999  99.999  99.999  99.999  0.013  0.013  0.000  0.000  0.000  0.000    4    3 99.999 99.999   99  20.786894821 -17.840484720 23 45  2.74 2002  8  7 2452494.48961505     1  B                     net0012.fits                                       Triton                1016  1020
   0.546   1.053  529.25  478.25 0.833    369.82    361.22 99.999 99.999 99.999 12.509 12.263 99.999 99.999 99.999  0.688 99.999 99.999 99.999 99.999  99.999  99.999  99.999  99.999  0.017  0.017  0.000  0.000  0.000  0.000    3    3 99.999 99.999   99  20.786876175 -17.840535817 23 57  4.60 2002  8  7 2452494.49796991     1  B                     net0024.fits                                       Triton                1016  1020
   0.470   1.004  525.54  477.42 0.683    473.81    523.97 99.999 99.999 99.999 12.591 12.345 99.999 99.999 99.999  0.706 99.999 99.999 99.999 99.999  99.999  99.999  99.999  99.999  0.010  0.010  0.000  0.000  0.000  0.000    3    3 99.999 99.999   99  20.786866123 -17.840584572  0  2 43.71 2002  8  8 2452494.50189479     1  B                     net0029.fits                                       Triton                1016  1020
  -0.357  -0.467  477.73  493.59 0.969   2488.32    692.58 99.999 99.999 99.999 12.435 12.971 99.999 99.999 99.999  0.823 99.999 99.999 99.999 99.999  99.999  99.999  99.999  99.999  0.007  0.007  0.016  0.028  0.027  0.047    8    4 99.999 99.999   99  20.784766160 -17.847586875 23 30 45.98 2002  8  8 2452495.47969884    10  B                     net0001.fits                                       Triton                1016  1020
  -0.352  -0.524  477.16  490.67 0.842   2921.66    831.36 99.999 99.999 99.999 12.433 13.077 99.999 99.999 99.999  0.967 99.999 99.999 99.999 99.999  99.999  99.999  99.999  99.999  0.011  0.011  0.059  0.051  0.113  0.098    6    4 99.999 99.999   99  20.784764149 -17.847607792 23 32 13.92 2002  8  8 2452495.48071667    10  B                     net0002.fits                                       Triton                1016  1020
  -0.357  -0.472  471.77  491.20 1.028   2375.33    681.62 99.999 99.999 99.999 12.575 12.949 99.999 99.999 99.999  0.791 99.999 99.999 99.999 99.999  99.999  99.999  99.999  99.999  0.008  0.008  0.014  0.031  0.023  0.052    9    4 99.999 99.999   99  20.784762995 -17.847595885 23 32 58.15 2002  8  8 2452495.48122859    10  B                     net0003.fits                                       Triton                1016  1020
  -0.322  -0.476  471.98  491.32 0.828   3181.12    583.29 99.999 99.999 99.999 12.499 12.753 99.999 99.999 99.999  0.737 99.999 99.999 99.999 99.999  99.999  99.999  99.999  99.999  0.014  0.014  0.047  0.008  0.081  0.013    6    4 99.999 99.999   99  20.784731908 -17.847672586 23 55  5.94 2002  8  8 2452495.49659653    10  B                     net0009.fits                                       Triton                1016  1020
  -0.367  -0.493  469.83  491.05 0.908   3236.45    419.85 99.999 99.999 99.999 12.527 12.959 99.999 99.999 99.999  0.997 99.999 99.999 99.999 99.999  99.999  99.999  99.999  99.999  0.010  0.010  0.043  0.070  0.081  0.132    6    4 99.999 99.999   99  20.784697881 -17.847755408  0 18 11.44 2002  8  9 2452495.51263241    10  B                     net0024.fits                                       Triton                1016  1020
   0.023  -0.043  533.51  513.63 1.355     66.98     58.71 99.999 99.999 99.999 13.234 13.208 99.999 99.999 99.999  0.532 99.999 99.999 99.999 99.999  99.999  99.999  99.999  99.999  0.011  0.011  0.021  0.014  0.044  0.030    7    6 99.999 99.999   99  21.527391046 -14.945752787  6 38 45.67 2007  8 17 2454329.77691748     2  B                     netuno0006.fits                                    Triton                1020  1020
   0.138  -0.090  533.57  512.54 1.369     70.56     57.89 99.999 99.999 99.999 13.075 13.162 99.999 99.999 99.999  0.586 99.999 99.999 99.999 99.999  99.999  99.999  99.999  99.999  0.014  0.014  0.027  0.034  0.055  0.070    9    6 99.999 99.999   99  21.527392344 -14.945767919  6 39 30.52 2007  8 17 2454329.77743657     2  B                     netuno0007.fits                                    Triton                1020  1020
  -0.040  -0.075  535.95  512.57 1.645     49.11     57.83 99.999 99.999 99.999 13.349 13.205 99.999 99.999 99.999  0.614 99.999 99.999 99.999 99.999  99.999  99.999  99.999  99.999  0.019  0.019  0.017  0.020  0.037  0.043    5    5 99.999 99.999   99  21.527388014 -14.945766457  6 40 15.67 2007  8 17 2454329.77795914     2  B                     netuno0008.fits                                    Triton                1020  1020
  -0.044   0.098  537.99  513.90 1.218     79.15     60.63 99.999 99.999 99.999 13.198 13.177 99.999 99.999 99.999  0.579 99.999 99.999 99.999 99.999  99.999  99.999  99.999  99.999  0.015  0.015  0.038  0.023  0.077  0.047    7    6 99.999 99.999   99  21.527387013 -14.945720630  6 41  0.67 2007  8 17 2454329.77847998     2  B                     netuno0009.fits                                    Triton                1020  1020
   0.068  -0.018  541.11  513.90 1.166     80.20     62.95 99.999 99.999 99.999 13.178 13.216 99.999 99.999 99.999  0.548 99.999 99.999 99.999 99.999  99.999  99.999  99.999  99.999  0.019  0.019  0.029  0.023  0.069  0.055    8    7 99.999 99.999   99  21.527388254 -14.945755238  6 41 45.67 2007  8 17 2454329.77900081     2  B                     netuno0010.fits                                    Triton                1020  1020
  -0.041   0.007 1114.85  881.81 1.102    312.96     27.70 99.999 99.999 99.999 13.326 13.441 99.999 99.999 99.999  0.285 99.999 99.999 99.999 99.999  99.999  99.999  99.999  99.999  0.001  0.001  0.000  0.000  0.000  0.000    3    3 99.999 99.999   99  22.483307035 -10.218082171  8 21 19.85 2013  6  8 2456451.84814639     5    B                   Netuno_08.21.28_0003.fits                          Triton                2048  2048
   0.044   0.026 1112.54  881.55 0.910    410.74     43.51 99.999 99.999 99.999 13.371 13.475 99.999 99.999 99.999  0.270 99.999 99.999 99.999 99.999  99.999  99.999  99.999  99.999  0.008  0.008  0.000  0.000  0.000  0.000    3    3 99.999 99.999   99  22.483308639 -10.218076277  8 21 30.57 2013  6  8 2456451.84827045     5    B                   Netuno_08.21.39_0004.fits                          Triton                2048  2048
   0.024   0.025 1110.29  881.21 0.995    361.30     34.01 99.999 99.999 99.999 13.443 13.546 99.999 99.999 99.999  0.295 99.999 99.999 99.999 99.999  99.999  99.999  99.999  99.999  0.009  0.009  0.000  0.000  0.000  0.000    3    3 99.999 99.999   99  22.483308280 -10.218075796  8 21 52.04 2013  6  8 2456451.84851895     5    B                   Netuno_08.22.00_0006.fits                          Triton                2048  2048
   0.045   0.017 1111.53  882.54 0.949    361.80     42.93 99.999 99.999 99.999 13.437 13.540 99.999 99.999 99.999  0.286 99.999 99.999 99.999 99.999  99.999  99.999  99.999  99.999  0.010  0.010  0.000  0.000  0.000  0.000    3    3 99.999 99.999   99  22.483308708 -10.218077895  8 22  2.77 2013  6  8 2456451.84864319     5    B                   Netuno_08.22.11_0007.fits                          Triton                2048  2048
   0.068   0.036 1111.10  882.04 0.876    449.12     40.94 99.999 99.999 99.999 13.342 13.446 99.999 99.999 99.999  0.252 99.999 99.999 99.999 99.999  99.999  99.999  99.999  99.999  0.009  0.009  0.000  0.000  0.000  0.000    3    3 99.999 99.999   99  22.483309175 -10.218072317  8 22 13.49 2013  6  8 2456451.84876726     5    B                   Netuno_08.22.21_0008.fits                          Triton                2048  2048
   0.029  -0.003 1110.66  881.61 0.811    481.33     51.93 99.999 99.999 99.999 13.349 13.452 99.999 99.999 99.999  0.273 99.999 99.999 99.999 99.999  99.999  99.999  99.999  99.999  0.009  0.009  0.000  0.000  0.000  0.000    3    3 99.999 99.999   99  22.483308438 -10.218082392  8 22 24.21 2013  6  8 2456451.84889132     5    B                   Netuno_08.22.32_0009.fits                          Triton                2048  2048
   0.046   0.006 1113.54  881.94 1.044    379.97     22.24 99.999 99.999 99.999 13.397 13.501 99.999 99.999 99.999  0.285 99.999 99.999 99.999 99.999  99.999  99.999  99.999  99.999  0.010  0.010  0.000  0.000  0.000  0.000    3    3 99.999 99.999   99  22.483308778 -10.218079746  8 22 34.93 2013  6  8 2456451.84901538     5    B                   Netuno_08.22.43_0010.fits                          Triton                2048  2048
   0.024  -0.010 1116.17  882.70 0.950    401.70     33.64 99.999 99.999 99.999 13.442 13.546 99.999 99.999 99.999  0.317 99.999 99.999 99.999 99.999  99.999  99.999  99.999  99.999  0.007  0.007  0.000  0.000  0.000  0.000    3    3 99.999 99.999   99  22.483308371 -10.218083617  8 22 45.63 2013  6  8 2456451.84913926     5    B                   Netuno_08.22.54_0011.fits                          Triton                2048  2048
   0.049   0.034 1118.78  882.04 0.934    379.09     43.49 99.999 99.999 99.999 13.414 13.518 99.999 99.999 99.999  0.253 99.999 99.999 99.999 99.999  99.999  99.999  99.999  99.999  0.008  0.008  0.000  0.000  0.000  0.000    3    3 99.999 99.999   99  22.483308858 -10.218071239  8 22 56.37 2013  6  8 2456451.84926351     5    B                   Netuno_08.23.04_0012.fits                          Triton                2048  2048
   0.035   0.029 1118.14  881.83 0.914    410.55     40.51 99.999 99.999 99.999 13.435 13.538 99.999 99.999 99.999  0.312 99.999 99.999 99.999 99.999  99.999  99.999  99.999  99.999  0.010  0.010  0.000  0.000  0.000  0.000    3    3 99.999 99.999   99  22.483308631 -10.218071954  8 23  7.09 2013  6  8 2456451.84938757     5    B                   Netuno_08.23.15_0013.fits                          Triton                2048  2048
   0.038   0.045 1114.55  881.80 0.920    414.11     37.02 99.999 99.999 99.999 13.429 13.533 99.999 99.999 99.999  0.319 99.999 99.999 99.999 99.999  99.999  99.999  99.999  99.999  0.009  0.009  0.000  0.000  0.000  0.000    3    3 99.999 99.999   99  22.483308680 -10.218067137  8 23 17.84 2013  6  8 2456451.84951200     5    B                   Netuno_08.23.26_0014.fits                          Triton                2048  2048
   0.045   0.039 1112.25  881.32 1.087    367.68     17.05 99.999 99.999 99.999 13.430 13.534 99.999 99.999 99.999  0.324 99.999 99.999 99.999 99.999  99.999  99.999  99.999  99.999  0.011  0.011  0.000  0.000  0.000  0.000    3    3 99.999 99.999   99  22.483308856 -10.218068697  8 23 28.59 2013  6  8 2456451.84963642     5    B                   Netuno_08.23.37_0015.fits                          Triton                2048  2048
  -0.012  -0.008 1110.28  882.37 0.900    440.85     41.40 99.999 99.999 99.999 13.433 13.530 99.999 99.999 99.999  0.305 99.999 99.999 99.999 99.999  99.999  99.999  99.999  99.999  0.015  0.015  0.000  0.000  0.000  0.000    3    3 99.999 99.999   99  22.483307835 -10.218079972  8 24 11.56 2013  6  8 2456451.85013376     5    B                   Netuno_08.24.20_0019.fits                          Triton                2048  2048
   0.054   0.032 1110.67  882.89 0.805    543.83     45.00 99.999 99.999 99.999 13.419 13.523 99.999 99.999 99.999  0.281 99.999 99.999 99.999 99.999  99.999  99.999  99.999  99.999  0.014  0.014  0.000  0.000  0.000  0.000    3    3 99.999 99.999   99  22.483309107 -10.218068485  8 24 22.31 2013  6  8 2456451.85025819     5    B                   Netuno_08.24.30_0020.fits                          Triton                2048  2048
   0.031   0.008 1112.45  882.12 0.947    483.96     18.87 99.999 99.999 99.999 13.455 13.559 99.999 99.999 99.999  0.254 99.999 99.999 99.999 99.999  99.999  99.999  99.999  99.999  0.008  0.008  0.000  0.000  0.000  0.000    3    3 99.999 99.999   99  22.483308661 -10.218074616  8 24 33.04 2013  6  8 2456451.85038243     5    B                   Netuno_08.24.41_0021.fits                          Triton                2048  2048
  -0.036  -0.008 1115.45  882.27 0.790    546.01     49.43 99.999 99.999 99.999 13.353 13.443 99.999 99.999 99.999  0.274 99.999 99.999 99.999 99.999  99.999  99.999  99.999  99.999  0.013  0.013  0.000  0.000  0.000  0.000    3    3 99.999 99.999   99  22.483307427 -10.218078770  8 24 43.79 2013  6  8 2456451.85050686     5    B                   Netuno_08.24.52_0022.fits                          Triton                2048  2048
  -0.048   0.025 1117.80  882.45 0.839    428.73     58.06 99.999 99.999 99.999 13.496 13.587 99.999 99.999 99.999  0.352 99.999 99.999 99.999 99.999  99.999  99.999  99.999  99.999  0.014  0.014  0.000  0.000  0.000  0.000    3    3 99.999 99.999   99  22.483307243 -10.218069225  8 24 54.59 2013  6  8 2456451.85063183     5    B                   Netuno_08.25.03_0023.fits                          Triton                2048  2048
   0.074  -0.006 1115.95  882.72 0.870    527.57     28.78 99.999 99.999 99.999 13.455 13.559 99.999 99.999 99.999  0.323 99.999 99.999 99.999 99.999  99.999  99.999  99.999  99.999  0.012  0.012  0.000  0.000  0.000  0.000    3    3 99.999 99.999   99  22.483309526 -10.218077601  8 25  5.34 2013  6  8 2456451.85075625     5    B                   Netuno_08.25.13_0024.fits                          Triton                2048  2048
  -0.033   0.008 1113.51  882.56 0.914    474.36     28.69 99.999 99.999 99.999 13.417 13.509 99.999 99.999 99.999  0.306 99.999 99.999 99.999 99.999  99.999  99.999  99.999  99.999  0.013  0.012  0.000  0.000  0.000  0.000    3    3 99.999 99.999   99  22.483307552 -10.218073409  8 25 16.09 2013  6  8 2456451.85088068     5    B                   Netuno_08.25.24_0025.fits                          Triton                2048  2048
  -0.044   0.015 1112.19  881.64 0.837    484.27     49.63 99.999 99.999 99.999 13.468 13.557 99.999 99.999 99.999  0.338 99.999 99.999 99.999 99.999  99.999  99.999  99.999  99.999  0.012  0.012  0.000  0.000  0.000  0.000    3    3 99.999 99.999   99  22.483307347 -10.218070726  8 25 26.84 2013  6  8 2456451.85100510     5    B                   Netuno_08.25.35_0026.fits                          Triton                2048  2048
  -0.050   0.024 1110.03  881.87 0.950    441.50     26.07 99.999 99.999 99.999 13.439 13.539 99.999 99.999 99.999  0.319 99.999 99.999 99.999 99.999  99.999  99.999  99.999  99.999  0.008  0.008  0.000  0.000  0.000  0.000    3    3 99.999 99.999   99  22.483307259 -10.218068073  8 25 37.58 2013  6  8 2456451.85112935     5    B                   Netuno_08.25.46_0027.fits                          Triton                2048  2048
  -0.020  -0.010 1107.89  881.52 1.200    323.10     11.59 99.999 99.999 99.999 13.473 13.550 99.999 99.999 99.999  0.382 99.999 99.999 99.999 99.999  99.999  99.999  99.999  99.999  0.012  0.012  0.000  0.000  0.000  0.000    3    3 99.999 99.999   99  22.483307848 -10.218076922  8 25 48.33 2013  6  8 2456451.85125377     5    B                   Netuno_08.25.56_0028.fits                          Triton                2048  2048
  -0.016   0.020 1111.30  881.73 1.079    370.45     19.19 99.999 99.999 99.999 13.426 13.515 99.999 99.999 99.999  0.363 99.999 99.999 99.999 99.999  99.999  99.999  99.999  99.999  0.011  0.011  0.000  0.000  0.000  0.000    3    3 99.999 99.999   99  22.483307923 -10.218068286  8 25 59.06 2013  6  8 2456451.85137802     5    B                   Netuno_08.26.07_0029.fits                          Triton                2048  2048
  -0.026   0.012 1111.76  881.75 0.657    442.28    103.05 99.999 99.999 99.999 13.356 13.470 99.999 99.999 99.999  0.258 99.999 99.999 99.999 99.999  99.999  99.999  99.999  99.999  0.013  0.013  0.000  0.000  0.000  0.000    3    3 99.999 99.999   99  22.483307763 -10.218070176  8 26  9.76 2013  6  8 2456451.85150190     5    B                   Netuno_08.26.18_0030.fits                          Triton                2048  2048
  -0.026   0.006 1110.84  881.85 0.769    395.19     82.94 99.999 99.999 99.999 13.449 13.539 99.999 99.999 99.999  0.320 99.999 99.999 99.999 99.999  99.999  99.999  99.999  99.999  0.010  0.010  0.000  0.000  0.000  0.000    3    3 99.999 99.999   99  22.483307760 -10.218071259  8 26 20.64 2013  6  8 2456451.85162778     5    B                   Netuno_08.26.29_0031.fits                          Triton                2048  2048
  -0.036   0.028 1111.53  881.16 1.084    358.57     22.02 99.999 99.999 99.999 13.403 13.487 99.999 99.999 99.999  0.314 99.999 99.999 99.999 99.999  99.999  99.999  99.999  99.999  0.013  0.013  0.000  0.000  0.000  0.000    3    3 99.999 99.999   99  22.483307594 -10.218064985  8 26 31.36 2013  6  8 2456451.85175184     5    B                   Netuno_08.26.39_0032.fits                          Triton                2048  2048
  -0.041   0.003 1113.90  881.34 0.902    421.27     46.82 99.999 99.999 99.999 13.452 13.535 99.999 99.999 99.999  0.324 99.999 99.999 99.999 99.999  99.999  99.999  99.999  99.999  0.004  0.004  0.000  0.000  0.000  0.000    3    3 99.999 99.999   99  22.483307536 -10.218071385  8 26 42.09 2013  6  8 2456451.85187609     5    B                   Netuno_08.26.50_0033.fits                          Triton                2048  2048
  -0.025   0.024 1117.43  882.33 0.881    399.91     51.70 99.999 99.999 99.999 13.422 13.514 99.999 99.999 99.999  0.345 99.999 99.999 99.999 99.999  99.999  99.999  99.999  99.999  0.011  0.011  0.000  0.000  0.000  0.000    3    3 99.999 99.999   99  22.483307841 -10.218065232  8 26 52.83 2013  6  8 2456451.85200032     5    B                   Netuno_08.27.01_0034.fits                          Triton                2048  2048
  -0.043   0.002 1115.39  881.91 0.907    433.50     40.59 99.999 99.999 99.999 13.411 13.500 99.999 99.999 99.999  0.320 99.999 99.999 99.999 99.999  99.999  99.999  99.999  99.999  0.011  0.011  0.000  0.000  0.000  0.000    3    3 99.999 99.999   99  22.483307530 -10.218070981  8 27  3.55 2013  6  8 2456451.85212440     5    B                   Netuno_08.27.12_0035.fits                          Triton                2048  2048
   0.055   0.033 1113.13  882.09 0.929    450.23     30.67 99.999 99.999 99.999 13.491 13.594 99.999 99.999 99.999  0.344 99.999 99.999 99.999 99.999  99.999  99.999  99.999  99.999  0.011  0.011  0.000  0.000  0.000  0.000    3    3 99.999 99.999   99  22.483309392 -10.218061980  8 27 14.28 2013  6  8 2456451.85224863     5    B                   Netuno_08.27.22_0036.fits                          Triton                2048  2048
  -0.019   0.005 1112.75  881.56 1.012    429.72     16.76 99.999 99.999 99.999 13.417 13.518 99.999 99.999 99.999  0.316 99.999 99.999 99.999 99.999  99.999  99.999  99.999  99.999  0.009  0.009  0.000  0.000  0.000  0.000    3    3 99.999 99.999   99  22.483308000 -10.218069538  8 27 25.02 2013  6  8 2456451.85237288     5    B                   Netuno_08.27.33_0037.fits                          Triton                2048  2048
   0.054   0.034 1110.26  881.76 0.859    458.74     45.73 99.999 99.999 99.999 13.540 13.643 99.999 99.999 99.999  0.324 99.999 99.999 99.999 99.999  99.999  99.999  99.999  99.999  0.014  0.014  0.000  0.000  0.000  0.000    3    3 99.999 99.999   99  22.483309411 -10.218060935  8 27 35.75 2013  6  8 2456451.85249713     5    B                   Netuno_08.27.44_0038.fits                          Triton                2048  2048
  -0.046  -0.013 1109.59  881.14 0.897    447.06     37.03 99.999 99.999 99.999 13.458 13.547 99.999 99.999 99.999  0.337 99.999 99.999 99.999 99.999  99.999  99.999  99.999  99.999  0.004  0.004  0.000  0.000  0.000  0.000    3    3 99.999 99.999   99  22.483307517 -10.218073510  8 27 46.61 2013  6  8 2456451.85262282     5    B                   Netuno_08.27.55_0039.fits                          Triton                2048  2048
  -0.040   0.022 1110.33  881.74 0.795    514.89     52.72 99.999 99.999 99.999 13.407 13.503 99.999 99.999 99.999  0.312 99.999 99.999 99.999 99.999  99.999  99.999  99.999  99.999  0.011  0.011  0.000  0.000  0.000  0.000    3    3 99.999 99.999   99  22.483307659 -10.218063383  8 27 57.33 2013  6  8 2456451.85274689     5    B                   Netuno_08.28.05_0040.fits                          Triton                2048  2048
   0.043   0.010 1112.04  883.57 1.035    411.54     17.37 99.999 99.999 99.999 13.477 13.581 99.999 99.999 99.999  0.348 99.999 99.999 99.999 99.999  99.999  99.999  99.999  99.999  0.014  0.014  0.000  0.000  0.000  0.000    3    3 99.999 99.999   99  22.483309261 -10.218066416  8 28  8.06 2013  6  8 2456451.85287112     5    B                   Netuno_08.28.16_0041.fits                          Triton                2048  2048
  -0.039   0.005 1111.52  882.43 1.056    380.46     18.71 99.999 99.999 99.999 13.405 13.502 99.999 99.999 99.999  0.313 99.999 99.999 99.999 99.999  99.999  99.999  99.999  99.999  0.011  0.011  0.000  0.000  0.000  0.000    3    3 99.999 99.999   99  22.483307706 -10.218067413  8 28 18.80 2013  6  8 2456451.85299537     5    B                   Netuno_08.28.27_0042.fits                          Triton                2048  2048
  -0.056   0.008 1112.43  882.28 1.140    386.05      5.71 99.999 99.999 99.999 13.466 13.557 99.999 99.999 99.999  0.367 99.999 99.999 99.999 99.999  99.999  99.999  99.999  99.999  0.010  0.010  0.000  0.000  0.000  0.000    3    3 99.999 99.999   99  22.483307427 -10.218066010  8 28 29.54 2013  6  8 2456451.85311962     5    B                   Netuno_08.28.38_0043.fits                          Triton                2048  2048
  -0.014   0.017 1114.36  882.46 0.960    433.77     27.04 99.999 99.999 99.999 13.415 13.509 99.999 99.999 99.999  0.321 99.999 99.999 99.999 99.999  99.999  99.999  99.999  99.999  0.012  0.012  0.000  0.000  0.000  0.000    3    3 99.999 99.999   99  22.483308204 -10.218063448  8 28 40.29 2013  6  8 2456451.85324404     5    B                   Netuno_08.28.48_0044.fits                          Triton                2048  2048
  -0.051  -0.009 1116.60  881.92 0.980    436.43     21.04 99.999 99.999 99.999 13.478 13.560 99.999 99.999 99.999  0.366 99.999 99.999 99.999 99.999  99.999  99.999  99.999  99.999  0.012  0.012  0.000  0.000  0.000  0.000    3    3 99.999 99.999   99  22.483307534 -10.218069910  8 28 51.02 2013  6  8 2456451.85336829     5    B                   Netuno_08.28.59_0045.fits                          Triton                2048  2048
  -0.041   0.008 1115.55  881.85 1.040    345.43     28.95 99.999 99.999 99.999 13.376 13.484 99.999 99.999 99.999  0.295 99.999 99.999 99.999 99.999  99.999  99.999  99.999  99.999  0.008  0.008  0.000  0.000  0.000  0.000    3    3 99.999 99.999   99  22.483307749 -10.218064981  8 29  1.75 2013  6  8 2456451.85349253     5    B                   Netuno_08.29.10_0046.fits                          Triton                2048  2048
  -0.052  -0.013 1113.07  881.47 0.926    406.12     41.54 99.999 99.999 99.999 13.388 13.485 99.999 99.999 99.999  0.306 99.999 99.999 99.999 99.999  99.999  99.999  99.999  99.999  0.008  0.008  0.000  0.000  0.000  0.000    3    3 99.999 99.999   99  22.483307558 -10.218070590  8 29 12.65 2013  6  8 2456451.85361859     5    B                   Netuno_08.29.21_0047.fits                          Triton                2048  2048
   0.031   0.023 1112.74  881.31 0.992    427.61     19.24 99.999 99.999 99.999 13.465 13.569 99.999 99.999 99.999  0.337 99.999 99.999 99.999 99.999  99.999  99.999  99.999  99.999  0.007  0.007  0.000  0.000  0.000  0.000    3    3 99.999 99.999   99  22.483309132 -10.218060017  8 29 23.40 2013  6  8 2456451.85374301     5    B                   Netuno_08.29.31_0048.fits                          Triton                2048  2048
  -0.046  -0.011 1110.05  881.56 1.040    383.12     20.55 99.999 99.999 99.999 13.393 13.492 99.999 99.999 99.999  0.261 99.999 99.999 99.999 99.999  99.999  99.999  99.999  99.999  0.012  0.012  0.000  0.000  0.000  0.000    3    3 99.999 99.999   99  22.483307681 -10.218069283  8 29 34.13 2013  6  8 2456451.85386726     5    B                   Netuno_08.29.42_0049.fits                          Triton                2048  2048
   0.035   0.043 1108.82  880.67 0.888    452.47     38.39 99.999 99.999 99.999 13.375 13.478 99.999 99.999 99.999  0.304 99.999 99.999 99.999 99.999  99.999  99.999  99.999  99.999  0.012  0.012  0.000  0.000  0.000  0.000    3    3 99.999 99.999   99  22.483309234 -10.218053689  8 29 44.83 2013  6  8 2456451.85399113     5    B                   Netuno_08.29.53_0050.fits                          Triton                2048  2048
  -0.041   0.032 1109.73  882.41 1.104    314.63     28.25 99.999 99.999 99.999 13.414 13.513 99.999 99.999 99.999  0.307 99.999 99.999 99.999 99.999  99.999  99.999  99.999  99.999  0.011  0.011  0.000  0.000  0.000  0.000    3    3 99.999 99.999   99  22.483307843 -10.218056513  8 29 55.58 2013  6  8 2456451.85411557     5    B                   Netuno_08.30.04_0051.fits                          Triton                2048  2048
  -0.041   0.002 1109.78  881.81 1.118    327.98     21.99 99.999 99.999 99.999 13.476 13.548 99.999 99.999 99.999  0.364 99.999 99.999 99.999 99.999  99.999  99.999  99.999  99.999  0.009  0.009  0.000  0.000  0.000  0.000    3    3 99.999 99.999   99  22.483307838 -10.218064429  8 30  6.35 2013  6  8 2456451.85424017     5    B                   Netuno_08.30.14_0052.fits                          Triton                2048  2048
  -0.030   0.008 1111.40  882.57 0.827    410.12     60.36 99.999 99.999 99.999 13.369 13.475 99.999 99.999 99.999  0.326 99.999 99.999 99.999 99.999  99.999  99.999  99.999  99.999  0.011  0.011  0.000  0.000  0.000  0.000    3    3 99.999 99.999   99  22.483308071 -10.218062292  8 30 17.09 2013  6  8 2456451.85436442     5    B                   Netuno_08.30.25_0053.fits                          Triton                2048  2048
  -0.034   0.004 1112.18  882.05 0.950    435.46     28.19 99.999 99.999 99.999 13.430 13.528 99.999 99.999 99.999  0.318 99.999 99.999 99.999 99.999  99.999  99.999  99.999  99.999  0.010  0.010  0.000  0.000  0.000  0.000    3    3 99.999 99.999   99  22.483307993 -10.218063125  8 30 27.82 2013  6  8 2456451.85448866     5    B                   Netuno_08.30.36_0054.fits                          Triton                2048  2048
  -0.025   0.013 1115.13  882.49 0.995    409.44     24.08 99.999 99.999 99.999 13.380 13.475 99.999 99.999 99.999  0.326 99.999 99.999 99.999 99.999  99.999  99.999  99.999  99.999  0.008  0.008  0.000  0.000  0.000  0.000    3    3 99.999 99.999   99  22.483308197 -10.218059953  8 30 38.56 2013  6  8 2456451.85461291     5    B                   Netuno_08.30.47_0055.fits                          Triton                2048  2048
  -0.024   0.023 1117.84  882.77 0.755    461.71     71.08 99.999 99.999 99.999 13.379 13.479 99.999 99.999 99.999  0.296 99.999 99.999 99.999 99.999  99.999  99.999  99.999  99.999  0.012  0.012  0.000  0.000  0.000  0.000    3    3 99.999 99.999   99  22.483308249 -10.218057073  8 30 49.37 2013  6  8 2456451.85473806     5    B                   Netuno_08.30.57_0056.fits                          Triton                2048  2048
  -0.034   0.009 1117.47  882.88 1.025    343.23     31.81 99.999 99.999 99.999 13.360 13.464 99.999 99.999 99.999  0.310 99.999 99.999 99.999 99.999  99.999  99.999  99.999  99.999  0.014  0.014  0.000  0.000  0.000  0.000    3    3 99.999 99.999   99  22.483308058 -10.218060582  8 31  0.09 2013  6  8 2456451.85486212     5    B                   Netuno_08.31.08_0057.fits                          Triton                2048  2048
  -0.053   0.021 1115.22  882.30 1.065    370.62     20.81 99.999 99.999 99.999 13.376 13.489 99.999 99.999 99.999  0.294 99.999 99.999 99.999 99.999  99.999  99.999  99.999  99.999  0.008  0.008  0.000  0.000  0.000  0.000    3    3 99.999 99.999   99  22.483307731 -10.218056548  8 31 10.84 2013  6  8 2456451.85498654     5    B                   Netuno_08.31.19_0058.fits                          Triton                2048  2048
  -0.034  -0.002 1111.83  880.67 1.025    329.54     38.05 99.999 99.999 99.999 13.457 13.538 99.999 99.999 99.999  0.347 99.999 99.999 99.999 99.999  99.999  99.999  99.999  99.999  0.014  0.014  0.000  0.000  0.000  0.000    3    3 99.999 99.999   99  22.483308088 -10.218062798  8 31 21.57 2013  6  8 2456451.85511079     5    B                   Netuno_08.31.29_0059.fits                          Triton                2048  2048
  -0.038   0.004 1110.60  881.77 0.877    480.38     33.84 99.999 99.999 99.999 13.329 13.435 99.999 99.999 99.999  0.252 99.999 99.999 99.999 99.999  99.999  99.999  99.999  99.999  0.008  0.008  0.000  0.000  0.000  0.000    3    3 99.999 99.999   99  22.483308031 -10.218060446  8 31 32.28 2013  6  8 2456451.85523468     5    B                   Netuno_08.31.40_0060.fits                          Triton                2048  2048
  -0.029  -0.006 1109.06  881.59 0.844    471.90     47.89 99.999 99.999 99.999 13.438 13.526 99.999 99.999 99.999  0.353 99.999 99.999 99.999 99.999  99.999  99.999  99.999  99.999  0.010  0.010  0.000  0.000  0.000  0.000    3    3 99.999 99.999   99  22.483308226 -10.218062961  8 31 43.01 2013  6  8 2456451.85535891     5    B                   Netuno_08.31.51_0061.fits                          Triton                2048  2048
  -0.026   0.016 1109.44  881.83 1.020    448.92     12.88 99.999 99.999 99.999 13.482 13.565 99.999 99.999 99.999  0.347 99.999 99.999 99.999 99.999  99.999  99.999  99.999  99.999  0.010  0.010  0.000  0.000  0.000  0.000    3    3 99.999 99.999   99  22.483308287 -10.218056744  8 31 53.68 2013  6  8 2456451.85548244     5    B                   Netuno_08.32.02_0062.fits                          Triton                2048  2048
  -0.042   0.043 1109.73  881.27 1.016    401.19     24.68 99.999 99.999 99.999 13.396 13.497 99.999 99.999 99.999  0.323 99.999 99.999 99.999 99.999  99.999  99.999  99.999  99.999  0.012  0.012  0.000  0.000  0.000  0.000    3    3 99.999 99.999   99  22.483308006 -10.218048615  8 32  4.36 2013  6  8 2456451.85560596     5    B                   Netuno_08.32.12_0063.fits                          Triton                2048  2048
  -0.030   0.005 1110.28  881.37 0.828    498.75     45.08 99.999 99.999 99.999 13.412 13.512 99.999 99.999 99.999  0.311 99.999 99.999 99.999 99.999  99.999  99.999  99.999  99.999  0.009  0.009  0.000  0.000  0.000  0.000    3    3 99.999 99.999   99  22.483308241 -10.218058873  8 32 15.04 2013  6  8 2456451.85572966     5    B                   Netuno_08.32.23_0064.fits                          Triton                2048  2048
  -0.064  -0.004 1110.95  881.00 0.898    444.73     37.44 99.999 99.999 99.999 13.473 13.548 99.999 99.999 99.999  0.291 99.999 99.999 99.999 99.999  99.999  99.999  99.999  99.999  0.010  0.010  0.000  0.000  0.000  0.000    3    3 99.999 99.999   99  22.483307627 -10.218060769  8 32 25.71 2013  6  8 2456451.85585318     5    B                   Netuno_08.32.34_0065.fits                          Triton                2048  2048
  -0.029  -0.004 1113.18  881.52 0.991    413.93     24.75 99.999 99.999 99.999 13.462 13.545 99.999 99.999 99.999  0.351 99.999 99.999 99.999 99.999  99.999  99.999  99.999  99.999  0.014  0.014  0.000  0.000  0.000  0.000    3    3 99.999 99.999   99  22.483308312 -10.218060557  8 32 36.39 2013  6  8 2456451.85597670     5    B                   Netuno_08.32.44_0066.fits                          Triton                2048  2048
  -0.025  -0.005 1116.94  881.54 0.901    447.69     37.91 99.999 99.999 99.999 13.463 13.550 99.999 99.999 99.999  0.337 99.999 99.999 99.999 99.999  99.999  99.999  99.999  99.999  0.011  0.011  0.000  0.000  0.000  0.000    3    3 99.999 99.999   99  22.483308389 -10.218060426  8 32 47.06 2013  6  8 2456451.85610023     5    B                   Netuno_08.32.55_0067.fits                          Triton                2048  2048
  -0.066  -0.005 1118.18  882.07 0.793    483.24     64.80 99.999 99.999 99.999 13.468 13.554 99.999 99.999 99.999  0.338 99.999 99.999 99.999 99.999  99.999  99.999  99.999  99.999  0.012  0.012  0.000  0.000  0.000  0.000    3    3 99.999 99.999   99  22.483307654 -10.218059963  8 32 57.73 2013  6  8 2456451.85622375     5    B                   Netuno_08.33.06_0068.fits                          Triton                2048  2048
  -0.024   0.003 1114.68  881.49 1.073    415.93      9.20 99.999 99.999 99.999 13.520 13.602 99.999 99.999 99.999  0.339 99.999 99.999 99.999 99.999  99.999  99.999  99.999  99.999  0.012  0.012  0.000  0.000  0.000  0.000    3    3 99.999 99.999   99  22.483308439 -10.218057542  8 33  8.42 2013  6  8 2456451.85634745     5    B                   Netuno_08.33.16_0069.fits                          Triton                2048  2048
   0.016   0.040 1110.16  881.94 0.991    451.53     15.14 99.999 99.999 99.999 13.500 13.603 99.999 99.999 99.999  0.332 99.999 99.999 99.999 99.999  99.999  99.999  99.999  99.999  0.016  0.016  0.000  0.000  0.000  0.000    3    3 99.999 99.999   99  22.483309241 -10.218046048  8 33 40.55 2013  6  8 2456451.85671928     5    B                   Netuno_08.33.48_0072.fits                          Triton                2048  2048
  -0.016  -0.002 1111.04  881.73 0.995    390.37     30.86 99.999 99.999 99.999 13.473 13.551 99.999 99.999 99.999  0.321 99.999 99.999 99.999 99.999  99.999  99.999  99.999  99.999  0.014  0.014  0.000  0.000  0.000  0.000    3    3 99.999 99.999   99  22.483308676 -10.218057148  8 33 51.34 2013  6  8 2456451.85684425     5    B                   Netuno_08.33.59_0073.fits                          Triton                2048  2048
  -0.055   0.012 1111.20  881.30 1.106    376.97     17.42 99.999 99.999 99.999 13.401 13.501 99.999 99.999 99.999  0.361 99.999 99.999 99.999 99.999  99.999  99.999  99.999  99.999  0.014  0.014  0.000  0.000  0.000  0.000    3    3 99.999 99.999   99  22.483307964 -10.218053188  8 34  2.05 2013  6  8 2456451.85696814     5    B                   Netuno_08.34.10_0074.fits                          Triton                2048  2048
   0.049   0.019 1111.05  881.82 0.959    463.14     27.88 99.999 99.999 99.999 13.461 13.565 99.999 99.999 99.999  0.317 99.999 99.999 99.999 99.999  99.999  99.999  99.999  99.999  0.013  0.013  0.000  0.000  0.000  0.000    3    3 99.999 99.999   99  22.483309919 -10.218050556  8 34 12.72 2013  6  8 2456451.85709166     5    B                   Netuno_08.34.21_0075.fits                          Triton                2048  2048
   0.054   0.015 1110.23  882.06 0.933    489.63     28.09 99.999 99.999 99.999 13.470 13.573 99.999 99.999 99.999  0.369 99.999 99.999 99.999 99.999  99.999  99.999  99.999  99.999  0.014  0.014  0.000  0.000  0.000  0.000    3    3 99.999 99.999   99  22.483310036 -10.218051438  8 34 23.42 2013  6  8 2456451.85721553     5    B                   Netuno_08.34.31_0076.fits                          Triton                2048  2048
   0.071   0.035 1113.04  881.89 1.190    388.45      8.80 99.999 99.999 99.999 13.469 13.573 99.999 99.999 99.999  0.366 99.999 99.999 99.999 99.999  99.999  99.999  99.999  99.999  0.015  0.015  0.000  0.000  0.000  0.000    3    3 99.999 99.999   99  22.483310372 -10.218045476  8 34 34.13 2013  6  8 2456451.85733942     5    B                   Netuno_08.34.42_0077.fits                          Triton                2048  2048
   0.045   0.019 1116.68  882.05 1.106    375.17     25.59 99.999 99.999 99.999 13.485 13.588 99.999 99.999 99.999  0.338 99.999 99.999 99.999 99.999  99.999  99.999  99.999  99.999  0.015  0.015  0.000  0.000  0.000  0.000    3    3 99.999 99.999   99  22.483309907 -10.218049569  8 34 44.81 2013  6  8 2456451.85746313     5    B                   Netuno_08.34.53_0078.fits                          Triton                2048  2048
   0.047   0.037 1116.62  881.28 1.008    420.61     33.66 99.999 99.999 99.999 13.480 13.584 99.999 99.999 99.999  0.314 99.999 99.999 99.999 99.999  99.999  99.999  99.999  99.999  0.014  0.014  0.000  0.000  0.000  0.000    3    3 99.999 99.999   99  22.483309960 -10.218044070  8 34 55.94 2013  6  8 2456451.85759189     5    B                   Netuno_08.35.04_0079.fits                          Triton                2048  2048
   0.076   0.036 1114.68  881.74 0.889    446.15     53.72 99.999 99.999 99.999 13.457 13.561 99.999 99.999 99.999  0.334 99.999 99.999 99.999 99.999  99.999  99.999  99.999  99.999  0.014  0.014  0.000  0.000  0.000  0.000    3    3 99.999 99.999   99  22.483310505 -10.218043771  8 35  6.63 2013  6  8 2456451.85771559     5    B                   Netuno_08.35.15_0080.fits                          Triton                2048  2048
   0.074   0.005 1112.38  881.52 0.713    611.93     75.34 99.999 99.999 99.999 13.361 13.465 99.999 99.999 99.999  0.321 99.999 99.999 99.999 99.999  99.999  99.999  99.999  99.999  0.011  0.011  0.000  0.000  0.000  0.000    3    3 99.999 99.999   99  22.483310508 -10.218052198  8 35 17.32 2013  6  8 2456451.85783929     5    B                   Netuno_08.35.25_0081.fits                          Triton                2048  2048
  -0.042  -0.002 1111.88  881.03 0.851    403.04     69.59 99.999 99.999 99.999 13.430 13.534 99.999 99.999 99.999  0.339 99.999 99.999 99.999 99.999  99.999  99.999  99.999  99.999  0.001  0.001  0.000  0.000  0.000  0.000    3    3 99.999 99.999   99  22.483308322 -10.218053965  8 35 27.99 2013  6  8 2456451.85796281     5    B                   Netuno_08.35.36_0082.fits                          Triton                2048  2048
  -0.056   0.010 1108.75  880.46 0.911    385.85     56.13 99.999 99.999 99.999 13.443 13.524 99.999 99.999 99.999  0.299 99.999 99.999 99.999 99.999  99.999  99.999  99.999  99.999  0.017  0.017  0.000  0.000  0.000  0.000    3    3 99.999 99.999   99  22.483308082 -10.218050016  8 35 38.69 2013  6  8 2456451.85808670     5    B                   Netuno_08.35.47_0083.fits                          Triton                2048  2048
   0.057   0.036 1109.72  881.09 0.763    502.54     67.78 99.999 99.999 99.999 13.352 13.456 99.999 99.999 99.999  0.328 99.999 99.999 99.999 99.999  99.999  99.999  99.999  99.999  0.013  0.013  0.000  0.000  0.000  0.000    3    3 99.999 99.999   99  22.483310248 -10.218042450  8 35 49.39 2013  6  8 2456451.85821058     5    B                   Netuno_08.35.57_0084.fits                          Triton                2048  2048
   0.053   0.041 1111.42  882.19 0.954    434.65     35.04 99.999 99.999 99.999 13.475 13.578 99.999 99.999 99.999  0.335 99.999 99.999 99.999 99.999  99.999  99.999  99.999  99.999  0.009  0.009  0.000  0.000  0.000  0.000    3    3 99.999 99.999   99  22.483310164 -10.218040606  8 36  0.07 2013  6  8 2456451.85833410     5    B                   Netuno_08.36.08_0085.fits                          Triton                2048  2048
  -0.045   0.011 1111.55  882.07 1.156    376.88      9.86 99.999 99.999 99.999 13.435 13.535 99.999 99.999 99.999  0.286 99.999 99.999 99.999 99.999  99.999  99.999  99.999  99.999  0.013  0.013  0.000  0.000  0.000  0.000    3    3 99.999 99.999   99  22.483308351 -10.218048615  8 36 10.75 2013  6  8 2456451.85845780     5    B                   Netuno_08.36.19_0086.fits                          Triton                2048  2048
   0.030   0.034 1111.73  882.12 0.900    494.64     30.11 99.999 99.999 99.999 13.460 13.563 99.999 99.999 99.999  0.328 99.999 99.999 99.999 99.999  99.999  99.999  99.999  99.999  0.010  0.010  0.000  0.000  0.000  0.000    3    3 99.999 99.999   99  22.483309766 -10.218041935  8 36 21.46 2013  6  8 2456451.85858169     5    B                   Netuno_08.36.29_0087.fits                          Triton                2048  2048
  -0.041   0.015 1112.23  882.04 1.045    407.91     18.38 99.999 99.999 99.999 13.491 13.579 99.999 99.999 99.999  0.376 99.999 99.999 99.999 99.999  99.999  99.999  99.999  99.999  0.011  0.011  0.000  0.000  0.000  0.000    3    3 99.999 99.999   99  22.483308450 -10.218046623  8 36 32.43 2013  6  8 2456451.85870865     5    B                   Netuno_08.36.40_0088.fits                          Triton                2048  2048
   0.050   0.026 1115.80  881.24 1.040    425.35     17.22 99.999 99.999 99.999 13.499 13.602 99.999 99.999 99.999  0.371 99.999 99.999 99.999 99.999  99.999  99.999  99.999  99.999  0.016  0.016  0.000  0.000  0.000  0.000    3    3 99.999 99.999   99  22.483310196 -10.218043411  8 36 43.11 2013  6  8 2456451.85883235     5    B                   Netuno_08.36.51_0089.fits                          Triton                2048  2048
  -0.046  -0.017 1117.54  881.38 0.852    514.32     38.82 99.999 99.999 99.999 13.414 13.502 99.999 99.999 99.999  0.340 99.999 99.999 99.999 99.999  99.999  99.999  99.999  99.999  0.012  0.012  0.000  0.000  0.000  0.000    3    3 99.999 99.999   99  22.483308383 -10.218054602  8 36 53.80 2013  6  8 2456451.85895605     5    B                   Netuno_08.37.02_0090.fits                          Triton                2048  2048
  -0.071  -0.003 1115.33  882.02 0.939    400.18     42.67 99.999 99.999 99.999 13.398 13.505 99.999 99.999 99.999  0.306 99.999 99.999 99.999 99.999  99.999  99.999  99.999  99.999  0.014  0.014  0.000  0.000  0.000  0.000    3    3 99.999 99.999   99  22.483307948 -10.218050449  8 37  4.57 2013  6  8 2456451.85908066     5    B                   Netuno_08.37.12_0091.fits                          Triton                2048  2048
   0.062   0.040 1113.55  881.65 0.897    492.47     30.87 99.999 99.999 99.999 13.405 13.508 99.999 99.999 99.999  0.286 99.999 99.999 99.999 99.999  99.999  99.999  99.999  99.999  0.011  0.011  0.000  0.000  0.000  0.000    3    3 99.999 99.999   99  22.483310447 -10.218038217  8 37 15.26 2013  6  8 2456451.85920435     5    B                   Netuno_08.37.23_0092.fits                          Triton                2048  2048
   0.039  -0.001 1110.27  881.02 0.886    507.58     26.82 99.999 99.999 99.999 13.483 13.587 99.999 99.999 99.999  0.408 99.999 99.999 99.999 99.999  99.999  99.999  99.999  99.999  0.010  0.010  0.000  0.000  0.000  0.000    3    3 99.999 99.999   99  22.483310065 -10.218048756  8 37 36.66 2013  6  8 2456451.85945212     5    B                   Netuno_08.37.45_0094.fits                          Triton                2048  2048
  -0.030   0.016 1109.43  881.39 1.115    369.87     15.72 99.999 99.999 99.999 13.459 13.540 99.999 99.999 99.999  0.404 99.999 99.999 99.999 99.999  99.999  99.999  99.999  99.999  0.015  0.015  0.000  0.000  0.000  0.000    3    3 99.999 99.999   99  22.483308764 -10.218043645  8 37 47.37 2013  6  8 2456451.85957601     5    B                   Netuno_08.37.55_0095.fits                          Triton                2048  2048
  -0.041   0.008 1109.94  881.07 1.039    400.77     20.29 99.999 99.999 99.999 13.403 13.502 99.999 99.999 99.999  0.323 99.999 99.999 99.999 99.999  99.999  99.999  99.999  99.999  0.013  0.013  0.000  0.000  0.000  0.000    3    3 99.999 99.999   99  22.483308598 -10.218045452  8 37 58.06 2013  6  8 2456451.85969971     5    B                   Netuno_08.38.06_0096.fits                          Triton                2048  2048
   0.074   0.046 1110.15  881.82 0.939    415.65     34.26 99.999 99.999 99.999 13.444 13.548 99.999 99.999 99.999  0.293 99.999 99.999 99.999 99.999  99.999  99.999  99.999  99.999  0.010  0.010  0.000  0.000  0.000  0.000    3    3 99.999 99.999   99  22.483310773 -10.218034606  8 38  8.73 2013  6  8 2456451.85982323     5    B                   Netuno_08.38.17_0097.fits                          Triton                2048  2048
   0.042   0.045 1109.52  882.12 1.009    414.59     23.47 99.999 99.999 99.999 13.426 13.529 99.999 99.999 99.999  0.347 99.999 99.999 99.999 99.999  99.999  99.999  99.999  99.999  0.015  0.015  0.000  0.000  0.000  0.000    3    3 99.999 99.999   99  22.483310173 -10.218034573  8 38 19.71 2013  6  8 2456451.85995037     5    B                   Netuno_08.38.28_0098.fits                          Triton                2048  2048
  -0.025  -0.017 1112.31  881.17 0.954    421.76     33.61 99.999 99.999 99.999 13.421 13.517 99.999 99.999 99.999  0.356 99.999 99.999 99.999 99.999  99.999  99.999  99.999  99.999  0.013  0.013  0.000  0.000  0.000  0.000    3    3 99.999 99.999   99  22.483308951 -10.218051441  8 38 30.40 2013  6  8 2456451.86007407     5    B                   Netuno_08.38.38_0099.fits                          Triton                2048  2048
  -0.039   0.001 1114.33  881.41 0.849    444.77     49.77 99.999 99.999 99.999 13.429 13.510 99.999 99.999 99.999  0.322 99.999 99.999 99.999 99.999  99.999  99.999  99.999  99.999  0.012  0.012  0.000  0.000  0.000  0.000    3    3 99.999 99.999   99  22.483308681 -10.218045863  8 38 41.07 2013  6  8 2456451.86019759     5    B                   Netuno_08.38.49_0100.fits                          Triton                2048  2048
