  -0.220  -0.000  432.92  557.96 1.178   3618.87    421.38 99.999 99.999 99.999 13.399 13.354 99.999 99.999 99.999  0.118 99.999 99.999 99.999 99.999  99.999  99.999  99.999  99.999  0.011  0.011  0.035  0.048  0.077  0.106    6    5 99.999 99.999   99  20.782785531 -17.851466113  0 58 43.21 2002  8 10 2452496.54077789    20  clear                 net0001.fits                                       Triton                1016  1020
  -0.217  -0.006  431.72  558.63 1.246   3407.09    416.48 99.999 99.999 99.999 13.478 13.421 99.999 99.999 99.999  0.094 99.999 99.999 99.999 99.999  99.999  99.999  99.999  99.999  0.013  0.013  0.035  0.049  0.077  0.108    6    5 99.999 99.999   99  20.782783309 -17.851472507  1  0 37.67 2002  8 10 2452496.54210266    20  clear                 net0002.fits                                       Triton                1016  1020
  -0.223   0.007  427.68  556.95 1.355   3027.88    326.80 99.999 99.999 99.999 13.506 13.588 99.999 99.999 99.999  0.096 99.999 99.999 99.999 99.999  99.999  99.999  99.999  99.999  0.013  0.013  0.037  0.050  0.082  0.112    6    5 99.999 99.999   99  20.782773667 -17.851488571  1  8 40.31 2002  8 10 2452496.54768877    20  clear                 net0006.fits                                       Triton                1016  1020
  -0.240   0.038  431.29  557.70 1.315   2910.29    412.63 99.999 99.999 99.999 13.478 13.428 99.999 99.999 99.999  0.093 99.999 99.999 99.999 99.999  99.999  99.999  99.999  99.999  0.013  0.013  0.035  0.054  0.078  0.120    6    5 99.999 99.999   99  20.782770977 -17.851484948  1 10 38.99 2002  8 10 2452496.54906238    20  clear                 net0007.fits                                       Triton                1016  1020
  -0.212   0.003  431.70  558.10 1.345   2282.05    336.90 99.999 99.999 99.999 13.526 13.573 99.999 99.999 99.999  0.102 99.999 99.999 99.999 99.999  99.999  99.999  99.999  99.999  0.014  0.014  0.033  0.041  0.073  0.090    6    5 99.999 99.999   99  20.782753431 -17.851532350  1 25 54.94 2002  8 10 2452496.55966366    15  clear                 net0015.fits                                       Triton                1016  1020
  -0.210   0.002  429.28  559.19 1.298   3055.38    399.04 99.999 99.999 99.999 13.445 13.507 99.999 99.999 99.999  0.120 99.999 99.999 99.999 99.999  99.999  99.999  99.999  99.999  0.011  0.011  0.030  0.047  0.068  0.104    6    5 99.999 99.999   99  20.782751213 -17.851537215  1 27 49.81 2002  8 10 2452496.56099317    20  clear                 net0016.fits                                       Triton                1016  1020
  -0.220   0.037  430.30  559.54 1.300   3321.30    362.09 99.999 99.999 99.999 13.508 13.453 99.999 99.999 99.999  0.119 99.999 99.999 99.999 99.999  99.999  99.999  99.999  99.999  0.014  0.014  0.033  0.049  0.073  0.110    6    5 99.999 99.999   99  20.782749239 -17.851531485  1 29 19.27 2002  8 10 2452496.56202859    20  clear                 net0017.fits                                       Triton                1016  1020
  -0.194   0.039  432.71  558.63 1.419   3083.64    254.90 99.999 99.999 99.999 13.615 13.659 99.999 99.999 99.999  0.103 99.999 99.999 99.999 99.999  99.999  99.999  99.999  99.999  0.016  0.016  0.028  0.043  0.063  0.097    6    5 99.999 99.999   99  20.782725867 -17.851580682  1 49 32.63 2002  8 10 2452496.57607211    20  clear                 net0027.fits                                       Triton                1016  1020
  -0.187   0.042  430.87  559.21 1.361   3275.51    285.83 99.999 99.999 99.999 13.623 13.555 99.999 99.999 99.999  0.115 99.999 99.999 99.999 99.999  99.999  99.999  99.999  99.999  0.019  0.019  0.028  0.044  0.063  0.098    6    5 99.999 99.999   99  20.782719943 -17.851592465  1 54 41.09 2002  8 10 2452496.57964225    20  clear                 net0029.fits                                       Triton                1016  1020
  -0.187   0.041  430.04  558.75 1.476   2811.08    232.69 99.999 99.999 99.999 13.573 13.503 99.999 99.999 99.999  0.100 99.999 99.999 99.999 99.999  99.999  99.999  99.999  99.999  0.015  0.015  0.029  0.040  0.064  0.090    6    5 99.999 99.999   99  20.782717751 -17.851597135  1 56 32.13 2002  8 10 2452496.58092743    20  clear                 net0030.fits                                       Triton                1016  1020
  -0.089  -0.021  439.49  555.23 2.244   1102.10    239.92 99.999 99.999 99.999 13.222 13.187 99.999 99.999 99.999  0.101 99.999 99.999 99.999 99.999  99.999  99.999  99.999  99.999  0.025  0.025  0.028  0.015  0.065  0.036    6    6 99.999 99.999   99  20.782600326 -17.851867056  3 38 27.22 2002  8 10 2452496.65170394    20  clear                 net0041.fits                                       Triton                1016  1020
  -0.063  -0.028  441.56  551.36 1.207   3374.60    404.22 99.999 99.999 99.999 13.261 13.229 99.999 99.999 99.999  0.134 99.999 99.999 99.999 99.999  99.999  99.999  99.999  99.999  0.011  0.011  0.026  0.021  0.061  0.049    6    6 99.999 99.999   99  20.782598971 -17.851872712  3 40  2.45 2002  8 10 2452496.65280613    20  clear                 net0042.fits                                       Triton                1016  1020
  -0.060  -0.005  439.42  555.72 1.463   2153.94    472.05 99.999 99.999 99.999 13.230 13.200 99.999 99.999 99.999  0.110 99.999 99.999 99.999 99.999  99.999  99.999  99.999  99.999  0.018  0.018  0.026  0.017  0.061  0.040    6    6 99.999 99.999   99  20.782596826 -17.851871013  3 41 56.95 2002  8 10 2452496.65413137    20  clear                 net0043.fits                                       Triton                1016  1020
  -0.070  -0.001  445.06  554.73 0.987   5267.12    514.87 99.999 99.999 99.999 13.315 13.377 99.999 99.999 99.999  0.113 99.999 99.999 99.999 99.999  99.999  99.999  99.999  99.999  0.015  0.015  0.029  0.018  0.068  0.043    6    6 99.999 99.999   99  20.782590246 -17.851883527  3 47 25.85 2002  8 10 2452496.65793808    20  clear                 net0045.fits                                       Triton                1016  1020
  -0.072   0.042  447.19  558.62 0.919   5685.57    574.04 99.999 99.999 99.999 13.341 13.406 99.999 99.999 99.999  0.125 99.999 99.999 99.999 99.999  99.999  99.999  99.999  99.999  0.005  0.005  0.034  0.023  0.080  0.052    6    6 99.999 99.999   99  20.782582051 -17.851889539  3 54 29.54 2002  8 10 2452496.66284190    20  clear                 net0049.fits                                       Triton                1016  1020
  -0.089   0.048  448.22  558.91 0.886   6008.77    567.28 99.999 99.999 99.999 13.327 13.401 99.999 99.999 99.999  0.128 99.999 99.999 99.999 99.999  99.999  99.999  99.999  99.999  0.016  0.016  0.032  0.022  0.075  0.050    6    6 99.999 99.999   99  20.782580220 -17.851890721  3 55 46.55 2002  8 10 2452496.66373322    20  clear                 net0050.fits                                       Triton                1016  1020
  -0.027  -0.009  451.20  560.95 0.987   4850.31    607.91 99.999 99.999 99.999 13.320 13.365 99.999 99.999 99.999  0.138 99.999 99.999 99.999 99.999  99.999  99.999  99.999  99.999  0.015  0.015  0.034  0.020  0.077  0.046    7    6 99.999 99.999   99  20.782557165 -17.851958907  4 16 44.31 2002  8 10 2452496.67829063    20  clear                 net0062.fits                                       Triton                1016  1020
   0.002   0.011  450.87  561.22 0.981   4918.87    556.20 99.999 99.999 99.999 13.265 13.309 99.999 99.999 99.999  0.149 99.999 99.999 99.999 99.999  99.999  99.999  99.999  99.999  0.000  0.000  0.036  0.020  0.082  0.046    7    6 99.999 99.999   99  20.782544422 -17.851982295  4 28 16.18 2002  8 10 2452496.68629838    20  clear                 net0069.fits                                       Triton                1016  1020
   0.001   0.032  454.79  562.47 1.239   2970.97    441.03 99.999 99.999 99.999 13.341 13.262 99.999 99.999 99.999  0.112 99.999 99.999 99.999 99.999  99.999  99.999  99.999  99.999  0.006  0.006  0.043  0.023  0.099  0.053    7    6 99.999 99.999   99  20.782542018 -17.851981591  4 30 20.04 2002  8 10 2452496.68773194    20  clear                 net0070.fits                                       Triton                1016  1020
  -0.014  -0.012  451.74  559.56 1.071   4182.31    465.55 99.999 99.999 99.999 13.350 13.270 99.999 99.999 99.999  0.113 99.999 99.999 99.999 99.999  99.999  99.999  99.999  99.999  0.007  0.007  0.031  0.022  0.071  0.051    7    6 99.999 99.999   99  20.782539787 -17.851998194  4 32  0.81 2002  8 10 2452496.68889826    20  clear                 net0071.fits                                       Triton                1016  1020
   0.019   0.015  452.37  560.70 0.919   5255.20    647.74 99.999 99.999 99.999 13.282 13.314 99.999 99.999 99.999  0.119 99.999 99.999 99.999 99.999  99.999  99.999  99.999  99.999  0.012  0.012  0.035  0.023  0.080  0.052    6    6 99.999 99.999   99  20.782538588 -17.851994852  4 33 37.13 2002  8 10 2452496.69001308    20  clear                 net0072.fits                                       Triton                1016  1020
