  -0.010  -0.313  495.83  591.49 1.992   1402.05    327.40 99.999 99.999 99.999 13.310 13.119 99.999 99.999 99.999  0.139 99.999 99.999 99.999 99.999  99.999  99.999  99.999  99.999  0.004  0.004  0.000  0.000  0.000  0.000    3    3 99.999 99.999   99  20.781014310 -17.857190993  4 37 54.28 2002  8 11 2452497.69298935    30  clear                 net0001.fits                                       Triton                1016  1020
  -0.025  -0.323  499.31  592.21 1.441   2626.41    452.94 99.999 99.999 99.999 13.342 13.032 99.999 99.999 99.999  0.155 99.999 99.999 99.999 99.999  99.999  99.999  99.999  99.999  0.003  0.003  0.000  0.000  0.000  0.000    3    3 99.999 99.999   99  20.781009895 -17.857212654  4 41 51.95 2002  8 11 2452497.69574016    30  clear                 net0003.fits                                       Triton                1016  1020
   0.024  -0.308  500.39  589.65 1.483   2582.19    432.38 99.999 99.999 99.999 13.372 13.019 99.999 99.999 99.999  0.198 99.999 99.999 99.999 99.999  99.999  99.999  99.999  99.999  0.007  0.007  0.000  0.000  0.000  0.000    3    3 99.999 99.999   99  20.781009165 -17.857216379  4 43 30.06 2002  8 11 2452497.69687569    30  clear                 net0004.fits                                       Triton                1016  1020
   0.016  -0.316  501.31  590.55 1.500   2542.72    524.58 99.999 99.999 99.999 13.379 13.041 99.999 99.999 99.999  0.209 99.999 99.999 99.999 99.999  99.999  99.999  99.999  99.999  0.007  0.007  0.000  0.000  0.000  0.000    3    3 99.999 99.999   99  20.781006998 -17.857227752  4 45 24.99 2002  8 11 2452497.69820590    30  clear                 net0005.fits                                       Triton                1016  1020
   0.024  -0.330  502.92  591.76 1.658   2196.06    368.67 99.999 99.999 99.999 13.366 13.035 99.999 99.999 99.999  0.186 99.999 99.999 99.999 99.999  99.999  99.999  99.999  99.999  0.006  0.006  0.000  0.000  0.000  0.000    3    3 99.999 99.999   99  20.781005129 -17.857240811  4 47 21.54 2002  8 11 2452497.69955486    30  clear                 net0006.fits                                       Triton                1016  1020
   0.025  -0.345  502.44  591.99 1.598   2124.80    476.91 99.999 99.999 99.999 13.335 13.026 99.999 99.999 99.999  0.154 99.999 99.999 99.999 99.999  99.999  99.999  99.999  99.999  0.004  0.004  0.000  0.000  0.000  0.000    3    3 99.999 99.999   99  20.781002995 -17.857255022  4 49 27.66 2002  8 11 2452497.70101458    30  clear                 net0007.fits                                       Triton                1016  1020
   0.010  -0.308  503.25  588.86 1.523   2446.16    395.09 99.999 99.999 99.999 13.320 13.083 99.999 99.999 99.999  0.189 99.999 99.999 99.999 99.999  99.999  99.999  99.999  99.999  0.011  0.011  0.000  0.000  0.000  0.000    3    3 99.999 99.999   99  20.780998867 -17.857262633  4 53  8.63 2002  8 11 2452497.70357211    30  clear                 net0008.fits                                       Triton                1016  1020
   0.023  -0.327  503.25  589.01 1.562   2399.64    420.20 99.999 99.999 99.999 13.355 13.071 99.999 99.999 99.999  0.213 99.999 99.999 99.999 99.999  99.999  99.999  99.999  99.999  0.010  0.010  0.000  0.000  0.000  0.000    3    3 99.999 99.999   99  20.780997203 -17.857276699  4 55  0.24 2002  8 11 2452497.70486389    30  clear                 net0009.fits                                       Triton                1016  1020
   0.017  -0.318  503.51  589.11 1.376   2672.53    466.06 99.999 99.999 99.999 13.286 12.960 99.999 99.999 99.999  0.172 99.999 99.999 99.999 99.999  99.999  99.999  99.999  99.999  0.006  0.006  0.000  0.000  0.000  0.000    3    3 99.999 99.999   99  20.780995307 -17.857282086  4 56 43.33 2002  8 11 2452497.70605706    30  clear                 net0010.fits                                       Triton                1016  1020
   0.012  -0.332  502.74  589.62 1.610   2360.87    364.23 99.999 99.999 99.999 13.332 12.806 99.999 99.999 99.999  0.190 99.999 99.999 99.999 99.999  99.999  99.999  99.999  99.999  0.007  0.007  0.000  0.000  0.000  0.000    3    3 99.999 99.999   99  20.780993587 -17.857293484  4 58 16.22 2002  8 11 2452497.70713218    30  clear                 net0011.fits                                       Triton                1016  1020
  -0.003  -0.357  503.59  590.00 1.596   2273.73    388.92 99.999 99.999 99.999 13.339 13.049 99.999 99.999 99.999  0.201 99.999 99.999 99.999 99.999  99.999  99.999  99.999  99.999  0.009  0.009  0.000  0.000  0.000  0.000    3    3 99.999 99.999   99  20.780991117 -17.857310600  5  0 22.43 2002  8 11 2452497.70859294    30  clear                 net0012.fits                                       Triton                1016  1020
   0.038  -0.350  500.86  590.30 1.474   2436.47    459.90 99.999 99.999 99.999 13.318 12.984 99.999 99.999 99.999  0.163 99.999 99.999 99.999 99.999  99.999  99.999  99.999  99.999  0.008  0.008  0.000  0.000  0.000  0.000    3    3 99.999 99.999   99  20.780989938 -17.857317768  5  2 17.36 2002  8 11 2452497.70992315    30  clear                 net0013.fits                                       Triton                1016  1020
   0.020  -0.349  495.28  588.51 1.494   2672.53    465.34 99.999 99.999 99.999 13.348 13.022 99.999 99.999 99.999  0.192 99.999 99.999 99.999 99.999  99.999  99.999  99.999  99.999  0.003  0.003  0.000  0.000  0.000  0.000    3    3 99.999 99.999   99  20.780985173 -17.857338007  5  6 33.06 2002  8 11 2452497.71288264    30  clear                 net0015.fits                                       Triton                1016  1020
   0.020  -0.364  497.54  589.63 1.400   3254.44    343.23 99.999 99.999 99.999 13.370 13.036 99.999 99.999 99.999  0.208 99.999 99.999 99.999 99.999  99.999  99.999  99.999  99.999  0.010  0.010  0.000  0.000  0.000  0.000    3    3 99.999 99.999   99  20.780982671 -17.857353876  5  8 57.20 2002  8 11 2452497.71455093    30  clear                 net0016.fits                                       Triton                1016  1020
  -0.009  -0.341  502.88  589.72 1.365   4278.75    491.57 99.999 99.999 99.999 13.342 13.009 99.999 99.999 99.999  0.195 99.999 99.999 99.999 99.999  99.999  99.999  99.999  99.999  0.008  0.008  0.000  0.000  0.000  0.000    3    3 99.999 99.999   99  20.780980150 -17.857356328  5 10 50.27 2002  8 11 2452497.71585961    40  clear                 net0017.fits                                       Triton                1016  1020
   0.007  -0.374  501.11  590.76 1.458   5200.80    634.92 99.999 99.999 99.999 13.325 12.833 99.999 99.999 99.999  0.154 99.999 99.999 99.999 99.999  99.999  99.999  99.999  99.999  0.007  0.007  0.000  0.000  0.000  0.000    3    3 99.999 99.999   99  20.780973974 -17.857395859  5 17  5.90 2002  8 11 2452497.72020718    60  clear                 net0019.fits                                       Triton                1016  1020
  -0.013  -0.360  501.20  590.52 1.441   5230.95    718.65 99.999 99.999 99.999 13.320 13.006 99.999 99.999 99.999  0.178 99.999 99.999 99.999 99.999  99.999  99.999  99.999  99.999  0.015  0.015  0.000  0.000  0.000  0.000    3    3 99.999 99.999   99  20.780971043 -17.857403541  5 19 31.68 2002  8 11 2452497.72189444    60  clear                 net0020.fits                                       Triton                1016  1020
  -0.024  -0.375  501.41  590.51 1.429   5806.76    625.14 99.999 99.999 99.999 13.330 12.974 99.999 99.999 99.999  0.142 99.999 99.999 99.999 99.999  99.999  99.999  99.999  99.999  0.003  0.003  0.000  0.000  0.000  0.000    3    3 99.999 99.999   99  20.780968035 -17.857420965  5 22 14.18 2002  8 11 2452497.72377523    60  clear                 net0021.fits                                       Triton                1016  1020
  -0.005  -0.357  500.34  590.42 1.597   4311.67    628.63 99.999 99.999 99.999 13.310 12.972 99.999 99.999 99.999  0.153 99.999 99.999 99.999 99.999  99.999  99.999  99.999  99.999  0.008  0.008  0.000  0.000  0.000  0.000    3    3 99.999 99.999   99  20.780964760 -17.857433122  5 25 45.90 2002  8 11 2452497.72622569    60  clear                 net0022.fits                                       Triton                1016  1020
  -0.015  -0.354  501.40  590.54 1.611   3886.82    648.34 99.999 99.999 99.999 13.341 12.982 99.999 99.999 99.999  0.155 99.999 99.999 99.999 99.999  99.999  99.999  99.999  99.999  0.014  0.014  0.000  0.000  0.000  0.000    3    3 99.999 99.999   99  20.780952066 -17.857490614  5 37 49.86 2002  8 11 2452497.73460486    60  clear                 net0025.fits                                       Triton                1016  1020
