  -0.136  -0.421  570.85  558.98 1.029   4649.71    459.80 99.999 99.999 99.999 12.939 13.001 99.999 99.999 99.999  0.369 99.999 99.999 99.999 99.999  99.999  99.999  99.999  99.999  0.005  0.005  0.000  0.000  0.000  0.000    3    3 99.999 99.999   99  20.912072388 -17.412430512 23 32 21.17 2003  8 23 2452875.48080058    10  Clear                 230803net0002.fits                                 Triton                1050  1050
  -0.123  -0.373  576.37  559.00 0.948   6137.49    425.68 99.999 99.999 99.999 12.934 12.984 99.999 99.999 99.999  0.323 99.999 99.999 99.999 99.999  99.999  99.999  99.999  99.999  0.007  0.007  0.000  0.000  0.000  0.000    3    3 99.999 99.999   99  20.912070779 -17.412428531 23 33 49.86 2003  8 23 2452875.48182708    10  Clear                 230803net0003.fits                                 Triton                1050  1050
  -0.154  -0.459  564.39  560.00 1.129   4732.47    267.89 99.999 99.999 99.999 13.002 12.995 99.999 99.999 99.999  0.362 99.999 99.999 99.999 99.999  99.999  99.999  99.999  99.999  0.006  0.006  0.000  0.000  0.000  0.000    3    3 99.999 99.999   99  20.912054477 -17.412548253 23 46 10.86 2003  8 23 2452875.49040347    10  Clear                 230803net0004.fits                                 Triton                1050  1050
  -0.131  -0.401  573.55  556.78 1.007   5225.52    452.58 99.999 99.999 99.999 12.991 13.031 99.999 99.999 99.999  0.372 99.999 99.999 99.999 99.999  99.999  99.999  99.999  99.999  0.007  0.007  0.000  0.000  0.000  0.000    3    3 99.999 99.999   99  20.912051477 -17.412553290 23 48 53.24 2003  8 23 2452875.49228287    10  Clear                 230803net0005.fits                                 Triton                1050  1050
  -0.172  -0.379  572.46  558.00 1.000   5155.15    469.36 99.999 99.999 99.999 13.054 13.072 99.999 99.999 99.999  0.350 99.999 99.999 99.999 99.999  99.999  99.999  99.999  99.999  0.005  0.005  0.000  0.000  0.000  0.000    3    3 99.999 99.999   99  20.912037713 -17.412626160 23 59  4.66 2003  8 23 2452875.49935949    10  Clear                 230803net0007.fits                                 Triton                1050  1050
  -0.174  -0.474  576.77  556.96 1.097   4607.27    362.71 99.999 99.999 99.999 13.307 13.249 99.999 99.999 99.999  0.233 99.999 99.999 99.999 99.999  99.999  99.999  99.999  99.999  0.013  0.013  0.000  0.000  0.000  0.000    3    3 99.999 99.999   99  20.912035075 -17.412668208  0  1  7.22 2003  8 24 2452875.50077801    10  Clear                 230803net0008.fits                                 Triton                1050  1050
  -0.172  -0.437  575.71  560.59 0.933   6163.94    512.61 99.999 99.999 99.999 13.186 13.167 99.999 99.999 99.999  0.292 99.999 99.999 99.999 99.999  99.999  99.999  99.999  99.999  0.012  0.012  0.000  0.000  0.000  0.000    3    3 99.999 99.999   99  20.912026634 -17.412709553  0  7 46.64 2003  8 24 2452875.50540093    10  Clear                 230803net0011.fits                                 Triton                1050  1050
  -0.178  -0.510  577.31  558.11 1.122   5079.28    224.41 99.999 99.999 99.999 13.084 13.070 99.999 99.999 99.999  0.351 99.999 99.999 99.999 99.999  99.999  99.999  99.999  99.999  0.011  0.011  0.000  0.000  0.000  0.000    3    3 99.999 99.999   99  20.912024550 -17.412741788  0  9 19.60 2003  8 24 2452875.50647685    10  Clear                 230803net0012.fits                                 Triton                1050  1050
  -0.134  -0.445  575.17  556.24 1.016   5319.01    423.63 99.999 99.999 99.999 13.176 13.177 99.999 99.999 99.999  0.309 99.999 99.999 99.999 99.999  99.999  99.999  99.999  99.999  0.011  0.011  0.000  0.000  0.000  0.000    3    3 99.999 99.999   99  20.912023362 -17.412735879  0 10 54.40 2003  8 24 2452875.50757407    10  Clear                 230803net0013.fits                                 Triton                1050  1050
  -0.166  -0.452  574.72  556.85 0.942   4946.97    719.96 99.999 99.999 99.999 13.179 13.003 99.999 99.999 99.999  0.320 99.999 99.999 99.999 99.999  99.999  99.999  99.999  99.999  0.018  0.018  0.000  0.000  0.000  0.000    3    3 99.999 99.999   99  20.912018169 -17.412765481  0 14 29.63 2003  8 24 2452875.51006516    10  Clear                 230803net0015.fits                                 Triton                1050  1050
  -0.164  -0.420  573.14  554.59 0.888   5789.36    720.59 99.999 99.999 99.999 13.301 13.103 99.999 99.999 99.999  0.227 99.999 99.999 99.999 99.999  99.999  99.999  99.999  99.999  0.017  0.017  0.000  0.000  0.000  0.000    3    3 99.999 99.999   99  20.912013421 -17.412785682  0 18 14.01 2003  8 24 2452875.51266215    10  Clear                 230803net0016.fits                                 Triton                1050  1050
  -0.202  -0.463  580.52  554.89 0.792   5552.53   1057.89 99.999 99.999 99.999 13.171 13.152 99.999 99.999 99.999  0.310 99.999 99.999 99.999 99.999  99.999  99.999  99.999  99.999  0.019  0.019  0.000  0.000  0.000  0.000    3    3 99.999 99.999   99  20.912010544 -17.412810690  0 19 54.76 2003  8 24 2452875.51382824    10  Clear                 230803net0017.fits                                 Triton                1050  1050
  -0.180  -0.483  581.10  554.90 1.145   4681.86    266.29 99.999 99.999 99.999 13.277 13.260 99.999 99.999 99.999  0.248 99.999 99.999 99.999 99.999  99.999  99.999  99.999  99.999  0.013  0.013  0.000  0.000  0.000  0.000    3    3 99.999 99.999   99  20.912008977 -17.412828144  0 21 28.07 2003  8 24 2452875.51490822    10  Clear                 230803net0018.fits                                 Triton                1050  1050
  -0.187  -0.437  576.70  556.14 1.110   4622.35    366.40 99.999 99.999 99.999 13.308 13.286 99.999 99.999 99.999  0.211 99.999 99.999 99.999 99.999  99.999  99.999  99.999  99.999  0.010  0.010  0.000  0.000  0.000  0.000    3    3 99.999 99.999   99  20.912005196 -17.412837514  0 24 19.76 2003  8 24 2452875.51689537    10  Clear                 230803net0020.fits                                 Triton                1050  1050
  -0.163  -0.448  577.73  556.29 1.205   4671.87    178.66 99.999 99.999 99.999 13.387 13.320 99.999 99.999 99.999  0.233 99.999 99.999 99.999 99.999  99.999  99.999  99.999  99.999  0.010  0.010  0.000  0.000  0.000  0.000    3    3 99.999 99.999   99  20.912004040 -17.412850295  0 25 35.73 2003  8 24 2452875.51777465    10  Clear                 230803net0021.fits                                 Triton                1050  1050
  -0.208  -0.424  577.97  551.07 1.446   2070.35    283.30 99.999 99.999 99.999 13.112 13.129 99.999 99.999 99.999  0.254 99.999 99.999 99.999 99.999  99.999  99.999  99.999  99.999  0.007  0.007  0.000  0.000  0.000  0.000    3    3 99.999 99.999   99  20.911996268 -17.412885270  0 30 58.62 2003  8 24 2452875.52151181    10  Clear                 230803net0025.fits                                 Triton                1050  1050
  -0.158  -0.418  574.46  579.59 1.211   3890.31    311.26 99.999 99.999 99.999 12.947 13.186 99.999 99.999 99.999  0.284 99.999 99.999 99.999 99.999  99.999  99.999  99.999  99.999  0.011  0.011  0.000  0.000  0.000  0.000    4    3 99.999 99.999   99  20.911995407 -17.412894680  0 32 25.05 2003  8 24 2452875.52251215    10  Clear                 230803net0026.fits                                 Triton                1050  1050
  -0.215  -0.461  574.16  550.96 1.344   3276.03    217.33 99.999 99.999 99.999 13.194 13.194 99.999 99.999 99.999  0.256 99.999 99.999 99.999 99.999  99.999  99.999  99.999  99.999  0.005  0.005  0.000  0.000  0.000  0.000    3    3 99.999 99.999   99  20.911989987 -17.412932583  0 35 46.11 2003  8 24 2452875.52483924    10  Clear                 230803net0028.fits                                 Triton                1050  1050
  -0.200  -0.501  572.66  557.12 1.158   4722.13    241.45 99.999 99.999 99.999 13.233 13.230 99.999 99.999 99.999  0.282 99.999 99.999 99.999 99.999  99.999  99.999  99.999  99.999  0.013  0.013  0.000  0.000  0.000  0.000    3    3 99.999 99.999   99  20.911981722 -17.412995234  0 42 27.57 2003  8 24 2452875.52948576    10  Clear                 230803net0033.fits                                 Triton                1050  1050
