   0.037   0.048  532.17  508.52 0.980   1130.58     86.29 99.999 99.999 99.999 13.386 13.180 99.999 99.999 99.999  0.183 99.999 99.999 99.999 99.999  99.999  99.999  99.999  99.999  0.004  0.004  0.014  0.014  0.046  0.047   13   13 99.999 99.999   99  19.932841090 -20.266367658  6 50  7.92 1996  6 24 2450258.78481389     1  CLEAR                 23069601.net.fits                                  Triton                1024  1024
   0.041  -0.051  532.77  508.41 0.974    937.20    120.22 99.999 99.999 99.999 13.454 13.244 99.999 99.999 99.999  0.172 99.999 99.999 99.999 99.999  99.999  99.999  99.999  99.999  0.008  0.008  0.015  0.017  0.046  0.056   13   12 99.999 99.999   99  19.932839893 -20.266400181  6 51 28.56 1996  6 24 2450258.78574722     1  CLEAR                 23069602.net.fits                                  Triton                1024  1024
   0.044  -0.049  529.42  509.14 0.987   1109.33     83.49 99.999 99.999 99.999 13.450 13.282 99.999 99.999 99.999  0.165 99.999 99.999 99.999 99.999  99.999  99.999  99.999  99.999  0.010  0.010  0.013  0.014  0.041  0.045   13   12 99.999 99.999   99  19.932839289 -20.266402097  6 52 10.52 1996  6 24 2450258.78623287     1  CLEAR                 23069603.net.fits                                  Triton                1024  1024
   0.030  -0.062  529.96  508.45 0.878   1276.35    124.02 99.999 99.999 99.999 13.465 13.280 99.999 99.999 99.999  0.180 99.999 99.999 99.999 99.999  99.999  99.999  99.999  99.999  0.011  0.011  0.015  0.015  0.047  0.050   13   13 99.999 99.999   99  19.932838342 -20.266408218  6 52 52.43 1996  6 24 2450258.78671794     1  CLEAR                 23069604.net.fits                                  Triton                1024  1024
   0.044   0.025  531.57  507.80 0.874   1297.36    123.53 99.999 99.999 99.999 13.412 13.278 99.999 99.999 99.999  0.181 99.999 99.999 99.999 99.999  99.999  99.999  99.999  99.999  0.006  0.006  0.013  0.014  0.042  0.046   13   13 99.999 99.999   99  19.932837959 -20.266386592  6 53 34.39 1996  6 24 2450258.78720359     1  CLEAR                 23069605.net.fits                                  Triton                1024  1024
   0.052  -0.057  527.39  508.33 0.871   1370.69    111.67 99.999 99.999 99.999 13.463 13.286 99.999 99.999 99.999  0.195 99.999 99.999 99.999 99.999  99.999  99.999  99.999  99.999  0.008  0.008  0.012  0.014  0.038  0.045   13   13 99.999 99.999   99  19.932837464 -20.266412022  6 54 16.30 1996  6 24 2450258.78768866     1  CLEAR                 23069606.net.fits                                  Triton                1024  1024
   0.033   0.019  528.06  507.82 0.927   1122.18    114.81 99.999 99.999 99.999 13.360 13.157 99.999 99.999 99.999  0.171 99.999 99.999 99.999 99.999  99.999  99.999  99.999  99.999  0.007  0.007  0.011  0.016  0.034  0.050   13   12 99.999 99.999   99  19.932836438 -20.266393522  6 54 58.21 1996  6 24 2450258.78817373     1  CLEAR                 23069607.net.fits                                  Triton                1024  1024
   0.043   0.017  528.52  507.85 0.812   1574.34    129.13 99.999 99.999 99.999 13.487 13.372 99.999 99.999 99.999  0.185 99.999 99.999 99.999 99.999  99.999  99.999  99.999  99.999  0.007  0.007  0.013  0.016  0.040  0.051   12   12 99.999 99.999   99  19.932835954 -20.266396575  6 55 40.17 1996  6 24 2450258.78865938     1  CLEAR                 23069608.net.fits                                  Triton                1024  1024
   0.053  -0.035  525.03  507.90 0.767   1741.57    141.78 99.999 99.999 99.999 13.454 13.342 99.999 99.999 99.999  0.184 99.999 99.999 99.999 99.999  99.999  99.999  99.999  99.999  0.014  0.014  0.013  0.016  0.042  0.052   13   13 99.999 99.999   99  19.932835492 -20.266413493  6 56 22.08 1996  6 24 2450258.78914444     1  CLEAR                 23069609.net.fits                                  Triton                1024  1024
   0.010  -0.048  526.87  507.16 0.733   1811.96    167.28 99.999 99.999 99.999 13.401 13.341 99.999 99.999 99.999  0.179 99.999 99.999 99.999 99.999  99.999  99.999  99.999  99.999  0.009  0.009  0.014  0.011  0.041  0.031   10   10 99.999 99.999   99  19.932833981 -20.266419676  6 57  3.99 1996  6 24 2450258.78962951     1  CLEAR                 23069610.net.fits                                  Triton                1024  1024
   0.013   0.006  480.75  501.66 0.915   1330.73    186.18 99.999 99.999 99.999 13.451 13.220 99.999 99.999 99.999  0.166 99.999 99.999 99.999 99.999  99.999  99.999  99.999  99.999  0.011  0.011  0.012  0.012  0.041  0.040   14   14 99.999 99.999   99  19.932796374 -20.266550617  7 36 51.62 1996  6 24 2450258.81726412     2  CLEAR                 23069617.net.fits                                  Triton                1024  1024
