  -0.020  -0.006  380.86  283.00 0.978   2051.76    134.99 99.999 99.999 99.999 13.457 13.316 99.999 99.999 99.999  0.227 99.999 99.999 99.999 99.999  99.999  99.999  99.999  99.999  0.008  0.008  0.011  0.009  0.043  0.034   24   24 99.999 99.999   99  19.250731493 -21.567662169 26 34 59.35 1992  7 18 2448822.60763137     3  filtro desconhecido   18079201.net.fits                                  Triton                 770  1152
  -0.035   0.007  382.83  279.39 0.886   1488.51  10009.00 99.999 99.999 99.999 13.392 13.182 99.999 99.999 99.999  0.226 99.999 99.999 99.999 99.999  99.999  99.999  99.999  99.999  0.013  0.013  0.015  0.014  0.050  0.049   20   20 99.999 99.999   99  19.250726071 -21.567660089 26 38 24.30 1992  7 18 2448822.61000347     2  filtro desconhecido   18079202.net.fits                                  Triton                 770  1152
  -0.015  -0.004  385.18  275.89 1.003   1322.37     92.99 99.999 99.999 99.999 13.463 13.236 99.999 99.999 99.999  0.205 99.999 99.999 99.999 99.999  99.999  99.999  99.999  99.999  0.001  0.001  0.015  0.012  0.052  0.042   20   20 99.999 99.999   99  19.250720539 -21.567664563 26 42 22.83 1992  7 18 2448822.61276424     2  filtro desconhecido   18079205.net.fits                                  Triton                 770  1152
   0.009   0.001  386.65  274.09 0.896   1355.59    161.29 99.999 99.999 99.999 13.469 13.295 99.999 99.999 99.999  0.234 99.999 99.999 99.999 99.999  99.999  99.999  99.999  99.999  0.010  0.010  0.014  0.011  0.041  0.034   18   18 99.999 99.999   99  19.250711800 -21.567665377 26 48 33.44 1992  7 18 2448822.61705370     2  filtro desconhecido   18079206.net.fits                                  Triton                 770  1152
  -0.016   0.004  387.11  270.82 1.164   1003.11  22281.48 99.999 99.999 99.999 13.367 13.261 99.999 99.999 99.999  0.202 99.999 99.999 99.999 99.999  99.999  99.999  99.999  99.999  0.016  0.016  0.011  0.010  0.040  0.037   25   25 99.999 99.999   99  19.250709783 -21.567664801 26 49 33.44 1992  7 18 2448822.61774815     2  filtro desconhecido   18079207.net.fits                                  Triton                 770  1152
  -0.015   0.003  387.45  273.22 1.149   1089.77    659.30 99.999 99.999 99.999 13.437 13.240 99.999 99.999 99.999  0.189 99.999 99.999 99.999 99.999  99.999  99.999  99.999  99.999  0.010  0.010  0.013  0.010  0.046  0.036   22   22 99.999 99.999   99  19.250707514 -21.567665600 26 51  6.56 1992  7 18 2448822.61882593     2  filtro desconhecido   18079208.net.fits                                  Triton                 770  1152
   0.021   0.008  363.20  304.91 1.408    887.42      6.19 99.999 99.999 99.999 13.462 13.486 99.999 99.999 99.999  0.116 99.999 99.999 99.999 99.999  99.999  99.999  99.999  99.999  0.015  0.015  0.012  0.010  0.051  0.041   26   26 99.999 99.999   99  19.250594169 -21.567686332  4  7 51.43 1992  7 19 2448822.67212303     2  filtro desconhecido   19079212.net.fits                                  Triton                 770  1152
   0.016  -0.003  363.18  306.25 1.211    801.84     76.21 99.999 99.999 99.999 13.448 13.427 99.999 99.999 99.999  0.095 99.999 99.999 99.999 99.999  99.999  99.999  99.999  99.999  0.019  0.019  0.009  0.009  0.036  0.039   27   27 99.999 99.999   99  19.250592523 -21.567689694  4  8 54.88 1992  7 19 2448822.67285741     2  filtro desconhecido   19079213.net.fits                                  Triton                 770  1152
  -0.044  -0.009  364.03  306.30 1.093    932.94   7827.08 99.999 99.999 99.999 13.384 13.390 99.999 99.999 99.999  0.098 99.999 99.999 99.999 99.999  99.999  99.999  99.999  99.999  0.011  0.011  0.011  0.012  0.045  0.045   26   25 99.999 99.999   99  19.250588017 -21.567692024  4 11  8.61 1992  7 19 2448822.67440521     2  filtro desconhecido   19079214.net.fits                                  Triton                 770  1152
  -0.023   0.007  365.21  307.47 1.080   1187.35   3488.44 99.999 99.999 99.999 13.416 13.382 99.999 99.999 99.999  0.104 99.999 99.999 99.999 99.999  99.999  99.999  99.999  99.999  0.010  0.010  0.016  0.010  0.054  0.034   21   21 99.999 99.999   99  19.250585287 -21.567687854  4 13 15.54 1992  7 19 2448822.67587431     2  filtro desconhecido   19079216.net.fits                                  Triton                 770  1152
  -0.037   0.005  365.41  311.46 1.091    885.66    112.91 99.999 99.999 99.999 13.312 13.319 99.999 99.999 99.999  0.111 99.999 99.999 99.999 99.999  99.999  99.999  99.999  99.999  0.018  0.018  0.011  0.009  0.046  0.040   27   27 99.999 99.999   99  19.250583491 -21.567688487  4 14 18.38 1992  7 19 2448822.67660162     2  filtro desconhecido   19079217.net.fits                                  Triton                 770  1152
   0.001   0.011  365.54  311.05 1.228    887.55     60.52 99.999 99.999 99.999 13.445 13.384 99.999 99.999 99.999  0.095 99.999 99.999 99.999 99.999  99.999  99.999  99.999  99.999  0.011  0.011  0.014  0.009  0.050  0.032   23   23 99.999 99.999   99  19.250582182 -21.567687209  4 15 41.53 1992  7 19 2448822.67756400     2  filtro desconhecido   19079218.net.fits                                  Triton                 770  1152
