  -0.111  -0.027  583.48  416.46 1.044    724.95    115.02 99.999 99.999 99.999 13.328 13.423 99.999 99.999 99.999  0.282 99.999 99.999 99.999 99.999  99.999  99.999  99.999  99.999  0.020  0.020  0.017  0.026  0.049  0.077   17   11 99.999 99.999   99  20.272069357 -19.387844324  4  0 17.95 1998  6  6 2450970.66687442     1  Clear                 06069802.net.fits                                  Triton                1024  1024
  -0.068  -0.056  583.23  419.49 1.516    507.43     37.07 99.999 99.999 99.999 13.389 13.487 99.999 99.999 99.999  0.298 99.999 99.999 99.999 99.999  99.999  99.999  99.999  99.999  0.016  0.016  0.015  0.027  0.042  0.074   17   11 99.999 99.999   99  20.272069702 -19.387856193  4  1  0.91 1998  6  6 2450970.66737164     1  Clear                 06069803.net.fits                                  Triton                1024  1024
  -0.048  -0.081  584.09  417.89 1.119    766.60     81.02 99.999 99.999 99.999 13.424 13.505 99.999 99.999 99.999  0.272 99.999 99.999 99.999 99.999  99.999  99.999  99.999  99.999  0.016  0.016  0.021  0.022  0.065  0.069   16   12 99.999 99.999   99  20.272069605 -19.387866492  4  1 43.97 1998  6  6 2450970.66787002     1  Clear                 06069804.net.fits                                  Triton                1024  1024
  -0.044  -0.042  584.23  418.70 1.384    618.35     39.47 99.999 99.999 99.999 13.442 13.533 99.999 99.999 99.999  0.268 99.999 99.999 99.999 99.999  99.999  99.999  99.999  99.999  0.018  0.018  0.023  0.021  0.071  0.065   16   11 99.999 99.999   99  20.272069182 -19.387859131  4  2 27.91 1998  6  6 2450970.66837859     1  Clear                 06069805.net.fits                                  Triton                1024  1024
  -0.054  -0.035  584.71  418.19 1.116    790.79     74.03 99.999 99.999 99.999 13.347 13.426 99.999 99.999 99.999  0.261 99.999 99.999 99.999 99.999  99.999  99.999  99.999  99.999  0.004  0.004  0.021  0.024  0.064  0.073   17   11 99.999 99.999   99  20.272068032 -19.387863826  4  3 52.93 1998  6  6 2450970.66936262     1  Clear                 06069807.net.fits                                  Triton                1024  1024
  -0.060  -0.083  584.15  420.00 1.321    596.79     54.07 99.999 99.999 99.999 13.319 13.390 99.999 99.999 99.999  0.270 99.999 99.999 99.999 99.999  99.999  99.999  99.999  99.999  0.012  0.012  0.029  0.012  0.086  0.035   16   10 99.999 99.999   99  20.272067428 -19.387880648  4  4 35.88 1998  6  6 2450970.66985972     1  Clear                 06069808.net.fits                                  Triton                1024  1024
  -0.077  -0.086  584.91  420.66 1.425    512.43     51.80 99.999 99.999 99.999 13.299 13.396 99.999 99.999 99.999  0.299 99.999 99.999 99.999 99.999  99.999  99.999  99.999  99.999  0.009  0.009  0.022  0.031  0.069  0.098   15   10 99.999 99.999   99  20.272066106 -19.387888462  4  6  2.89 1998  6  6 2450970.67086678     1  Clear                 06069810.net.fits                                  Triton                1024  1024
  -0.013  -0.045  581.74  417.05 1.420    586.67     40.23 99.999 99.999 99.999 13.289 13.383 99.999 99.999 99.999  0.285 99.999 99.999 99.999 99.999  99.999  99.999  99.999  99.999  0.018  0.018  0.016  0.019  0.051  0.060   16   12 99.999 99.999   99  20.272033432 -19.388114396  4 55 22.88 1998  6  6 2450970.70512593     1  Clear                 06069817.net.fits                                  Triton                1024  1024
  -0.059  -0.028  582.76  413.22 1.743    383.73     31.95 99.999 99.999 99.999 13.313 13.456 99.999 99.999 99.999  0.366 99.999 99.999 99.999 99.999  99.999  99.999  99.999  99.999  0.016  0.016  0.016  0.021  0.048  0.063   17   11 99.999 99.999   99  20.272032037 -19.388112999  4 56  6.87 1998  6  6 2450970.70563507     1  Clear                 06069818.net.fits                                  Triton                1024  1024
  -0.023  -0.057  582.29  417.62 1.692    487.22     18.23 99.999 99.999 99.999 13.364 13.515 99.999 99.999 99.999  0.365 99.999 99.999 99.999 99.999  99.999  99.999  99.999  99.999  0.015  0.015  0.022  0.018  0.079  0.065   19   14 99.999 99.999   99  20.272032247 -19.388124411  4 56 48.94 1998  6  6 2450970.70612199     1  Clear                 06069819.net.fits                                  Triton                1024  1024
  -0.058  -0.079  584.66  414.87 1.188    703.65     71.73 99.999 99.999 99.999 13.328 13.427 99.999 99.999 99.999  0.312 99.999 99.999 99.999 99.999  99.999  99.999  99.999  99.999  0.017  0.017  0.025  0.018  0.073  0.053   16   11 99.999 99.999   99  20.272031056 -19.388134270  4 57 32.88 1998  6  6 2450970.70663056     1  Clear                 06069820.net.fits                                  Triton                1024  1024
  -0.095  -0.024  583.61  417.18 1.303    768.23     28.90 99.999 99.999 99.999 13.329 13.373 99.999 99.999 99.999  0.256 99.999 99.999 99.999 99.999  99.999  99.999  99.999  99.999  0.013  0.013  0.016  0.021  0.048  0.062   16   10 99.999 99.999   99  20.272029854 -19.388122236  4 58 14.96 1998  6  6 2450970.70711759     1  Clear                 06069821.net.fits                                  Triton                1024  1024
  -0.071  -0.040  584.19  417.75 1.448    627.45     26.64 99.999 99.999 99.999 13.444 13.564 99.999 99.999 99.999  0.328 99.999 99.999 99.999 99.999  99.999  99.999  99.999  99.999  0.014  0.014  0.019  0.025  0.059  0.079   17   13 99.999 99.999   99  20.272029821 -19.388130205  4 58 57.91 1998  6  6 2450970.70761470     1  Clear                 06069822.net.fits                                  Triton                1024  1024
  -0.055  -0.047  583.88  416.35 1.921    297.95     34.04 99.999 99.999 99.999 13.385 13.445 99.999 99.999 99.999  0.317 99.999 99.999 99.999 99.999  99.999  99.999  99.999  99.999  0.015  0.015  0.022  0.016  0.072  0.051   16   12 99.999 99.999   99  20.272029624 -19.388135784  4 59 41.96 1998  6  6 2450970.70812454     1  Clear                 06069823.net.fits                                  Triton                1024  1024
  -0.030  -0.080  585.53  417.36 1.455    462.48     53.70 99.999 99.999 99.999 13.330 13.428 99.999 99.999 99.999  0.293 99.999 99.999 99.999 99.999  99.999  99.999  99.999  99.999  0.009  0.009  0.019  0.026  0.057  0.079   16   11 99.999 99.999   99  20.272029614 -19.388148399  5  0 24.97 1998  6  6 2450970.70862234     1  Clear                 06069824.net.fits                                  Triton                1024  1024
  -0.090  -0.078  584.42  420.85 1.306    529.69     74.21 99.999 99.999 99.999 13.376 13.487 99.999 99.999 99.999  0.307 99.999 99.999 99.999 99.999  99.999  99.999  99.999  99.999  0.021  0.021  0.022  0.021  0.068  0.064   17   12 99.999 99.999   99  20.272027952 -19.388151176  5  1  6.87 1998  6  6 2450970.70910729     1  Clear                 06069825.net.fits                                  Triton                1024  1024
  -0.094  -0.060  583.53  423.03 1.990    408.81      5.75 99.999 99.999 99.999 13.433 13.539 99.999 99.999 99.999  0.347 99.999 99.999 99.999 99.999  99.999  99.999  99.999  99.999  0.024  0.024  0.021  0.026  0.071  0.087   17   13 99.999 99.999   99  20.272008593 -19.388280080  5 28 47.65 1998  6  6 2450970.72832928     1  Clear                 06069831.net.fits                                  Triton                1024  1024
  -0.028  -0.069  582.51  419.42 1.921    498.33    -13.82 99.999 99.999 99.999 13.453 13.539 99.999 99.999 99.999  0.258 99.999 99.999 99.999 99.999  99.999  99.999  99.999  99.999  0.044  0.044  0.022  0.025  0.063  0.070   13   10 99.999 99.999   99  20.272009152 -19.388287728  5 29 50.93 1998  6  6 2450970.72906169     1  Clear                 06069832.net.fits                                  Triton                1024  1024
  -0.101  -0.048  583.31  422.84 1.638    504.92     21.52 99.999 99.999 99.999 13.347 13.457 99.999 99.999 99.999  0.268 99.999 99.999 99.999 99.999  99.999  99.999  99.999  99.999  0.016  0.016  0.019  0.019  0.065  0.064   17   13 99.999 99.999   99  20.272007212 -19.388285553  5 30 34.87 1998  6  6 2450970.72957025     1  Clear                 06069833.net.fits                                  Triton                1024  1024
  -0.030  -0.038  583.63  421.99 1.882    477.53     -0.38 99.999 99.999 99.999 13.391 13.486 99.999 99.999 99.999  0.320 99.999 99.999 99.999 99.999  99.999  99.999  99.999  99.999  0.030  0.030  0.018  0.021  0.060  0.068   15   12 99.999 99.999   99  20.272008104 -19.388286035  5 31 16.89 1998  6  6 2450970.73005660     1  Clear                 06069834.net.fits                                  Triton                1024  1024
   0.007  -0.074  584.25  419.92 1.787    504.74      3.06 99.999 99.999 99.999 13.367 13.469 99.999 99.999 99.999  0.298 99.999 99.999 99.999 99.999  99.999  99.999  99.999  99.999  0.026  0.026  0.023  0.017  0.077  0.055   17   12 99.999 99.999   99  20.272008340 -19.388299467  5 31 59.95 1998  6  6 2450970.73055498     1  Clear                 06069835.net.fits                                  Triton                1024  1024
  -0.093  -0.059  584.84  423.95 2.162    377.11      0.23 99.999 99.999 99.999 13.410 13.500 99.999 99.999 99.999  0.299 99.999 99.999 99.999 99.999  99.999  99.999  99.999  99.999  0.023  0.023  0.022  0.019  0.069  0.058   17   12 99.999 99.999   99  20.272005870 -19.388299003  5 32 42.96 1998  6  6 2450970.73105278     1  Clear                 06069836.net.fits                                  Triton                1024  1024
  -0.065  -0.070  584.03  424.48 1.447    651.61     19.91 99.999 99.999 99.999 13.279 13.398 99.999 99.999 99.999  0.274 99.999 99.999 99.999 99.999  99.999  99.999  99.999  99.999  0.017  0.017  0.020  0.022  0.059  0.067   16   11 99.999 99.999   99  20.272004888 -19.388312455  5 34 52.97 1998  6  6 2450970.73255752     1  Clear                 06069839.net.fits                                  Triton                1024  1024
  -0.007  -0.094  583.39  422.53 1.873    528.00    -13.56 99.999 99.999 99.999 13.394 13.435 99.999 99.999 99.999  0.191 99.999 99.999 99.999 99.999  99.999  99.999  99.999  99.999  0.040  0.040  0.016  0.025  0.049  0.077   15   11 99.999 99.999   99  20.272005535 -19.388322527  5 35 35.92 1998  6  6 2450970.73305463     1  Clear                 06069840.net.fits                                  Triton                1024  1024
  -0.071  -0.083  627.79  426.82 1.105    896.04     56.53 99.999 99.999 99.999 13.341 13.409 99.999 99.999 99.999  0.270 99.999 99.999 99.999 99.999  99.999  99.999  99.999  99.999  0.019  0.019  0.014  0.022  0.042  0.065   16   10 99.999 99.999   99  20.271968659 -19.388564991  6 26  3.96 1998  6  6 2450970.76810139     1  Clear                 06069847.net.fits                                  Triton                1024  1024
  -0.013  -0.082  628.43  426.98 0.752   1354.14    173.84 99.999 99.999 99.999 13.428 13.415 99.999 99.999 99.999  0.219 99.999 99.999 99.999 99.999  99.999  99.999  99.999  99.999  0.013  0.013  0.020  0.028  0.059  0.081   14   10 99.999 99.999   99  20.271969301 -19.388568412  6 26 46.90 1998  6  6 2450970.76859838     1  Clear                 06069848.net.fits                                  Triton                1024  1024
  -0.019  -0.043  627.83  428.03 0.943    866.59    129.11 99.999 99.999 99.999 13.309 13.359 99.999 99.999 99.999  0.237 99.999 99.999 99.999 99.999  99.999  99.999  99.999  99.999  0.021  0.021  0.024  0.017  0.074  0.053   16   11 99.999 99.999   99  20.271968661 -19.388561003  6 27 31.94 1998  6  6 2450970.76911968     1  Clear                 06069849.net.fits                                  Triton                1024  1024
  -0.050  -0.080  628.53  426.72 0.958   1159.66     68.04 99.999 99.999 99.999 13.295 13.335 99.999 99.999 99.999  0.256 99.999 99.999 99.999 99.999  99.999  99.999  99.999  99.999  0.017  0.017  0.017  0.021  0.050  0.061   16   10 99.999 99.999   99  20.271967509 -19.388575137  6 28 15.93 1998  6  6 2450970.76962882     1  Clear                 06069850.net.fits                                  Triton                1024  1024
