  -0.046  -0.085  391.22  500.38 1.031    391.98   9603.66 99.999 99.999 99.999 13.423 13.462 99.999 99.999 99.999  0.099 99.999 99.999 99.999 99.999  99.999  99.999  99.999  99.999  0.025  0.025  0.018  0.016  0.043  0.039   11   11 99.999 99.999   99  19.352590551 -21.452267330 22 23  5.86 1993  8 22 2449222.43270671     1  filtro desconhecido   22089311.net.fits                                  Triton                 770  1152
  -0.006  -0.062  391.74  499.00 1.400    433.26   7498.35 99.999 99.999 99.999 13.451 13.467 99.999 99.999 99.999  0.101 99.999 99.999 99.999 99.999  99.999  99.999  99.999  99.999  0.028  0.028  0.025  0.024  0.047  0.043    9    9 99.999 99.999   99  19.352589907 -21.452260289 22 24 28.91 1993  8 22 2449222.43366794     1  filtro desconhecido   22089314.net.fits                                  Triton                 770  1152
   0.008  -0.078  396.90  937.00 1.670    369.66   8507.72 99.999 99.999 99.999 13.314 13.474 99.999 99.999 99.999  0.150 99.999 99.999 99.999 99.999  99.999  99.999  99.999  99.999  0.023  0.023  0.029  0.020  0.040  0.028    8    8 99.999 99.999   99  19.352588418 -21.452264483 22 26 10.58 1993  8 22 2449222.43484468     1  filtro desconhecido   22089317.net.fits                                  Triton                 770  1152
   0.028   0.127  398.27  951.09 2.080  40951.63   5270.80 99.999 99.999 99.999 13.703 13.681 99.999 99.999 99.999  0.215 99.999 99.999 99.999 99.999  99.999  99.999  99.999  99.999  0.014  0.014  0.009  0.013  0.032  0.049   32   27 99.999 99.999   99  19.352585776 -21.452206534 22 29  5.00 1993  8 22 2449222.43686343   180  filtro desconhecido   22089316.net.fits                                  Triton                 770  1152
  -0.027   0.045  372.54  534.40 2.991    127.95   4087.77 99.999 99.999 99.999 13.453 13.504 99.999 99.999 99.999  0.126 99.999 99.999 99.999 99.999  99.999  99.999  99.999  99.999  0.031  0.031  0.016  0.027  0.036  0.062   10   10 99.999 99.999   99  19.352471999 -21.452195551 24 17 35.11 1993  8 22 2449222.51221192     1  filtro desconhecido   22089323.net.fits                                  Triton                 770  1152
  -0.056  -0.049  373.49  532.34 2.636    136.54   6023.04 99.999 99.999 99.999 13.426 13.465 99.999 99.999 99.999  0.115 99.999 99.999 99.999 99.999  99.999  99.999  99.999  99.999  0.015  0.015  0.017  0.015  0.038  0.033   11   10 99.999 99.999   99  19.352467446 -21.452220011 24 21 26.90 1993  8 22 2449222.51489468     1  filtro desconhecido   22089331.net.fits                                  Triton                 770  1152
  -0.001   0.061  374.53  532.99 3.721    103.90   8399.02 99.999 99.999 99.999 13.335 13.440 99.999 99.999 99.999  0.103 99.999 99.999 99.999 99.999  99.999  99.999  99.999  99.999  0.033  0.034  0.024  0.022  0.055  0.051    9    9 99.999 99.999   99  19.352467194 -21.452189221 24 22 44.40 1993  8 22 2449222.51579167     1  filtro desconhecido   22089334.net.fits                                  Triton                 770  1152
  -0.003   0.071  375.06  533.00 3.959     95.42   6581.78 99.999 99.999 99.999 13.418 13.448 99.999 99.999 99.999  0.156 99.999 99.999 99.999 99.999  99.999  99.999  99.999  99.999  0.040  0.041  0.016  0.042  0.022  0.056    6    6 99.999 99.999   99  19.352466712 -21.452186069 24 23 10.21 1993  8 22 2449222.51609039     1  filtro desconhecido   22089335.net.fits                                  Triton                 770  1152
  -0.064  -0.078  394.59  519.48 4.038     68.52  10676.85 99.999 99.999 99.999 13.444 13.395 99.999 99.999 99.999  0.069 99.999 99.999 99.999 99.999  99.999  99.999  99.999  99.999  0.030  0.028  0.025  0.061  0.031  0.078    6    6 99.999 99.999   99  19.352418281 -21.452208629 25  9 16.74 1993  8 22 2449222.54811042     1  filtro desconhecido   22089341.net.fits                                  Triton                 770  1152
   0.004  -0.084  393.83  514.83 3.087     82.02   4434.64 99.999 99.999 99.999 13.367 13.293 99.999 99.999 99.999  0.095 99.999 99.999 99.999 99.999  99.999  99.999  99.999  99.999  0.021  0.021  0.038  0.053  0.050  0.069    6    6 99.999 99.999   99  19.352419078 -21.452210226 25  9 49.65 1993  8 22 2449222.54849132     1  filtro desconhecido   22089342.net.fits                                  Triton                 770  1152
   0.077  -0.080  393.72  516.67 3.174     71.43   9546.22 99.999 99.999 99.999 13.516 13.490 99.999 99.999 99.999  0.096 99.999 99.999 99.999 99.999  99.999  99.999  99.999  99.999  0.035  0.035  0.034  0.041  0.044  0.052    8    6 99.999 99.999   99  19.352419257 -21.452208621 25 11  4.52 1993  8 22 2449222.54935787     1  filtro desconhecido   22089345.net.fits                                  Triton                 770  1152
  -1.075  -0.333  392.52  512.90 1.742     74.95   5585.82 99.999 99.999 99.999 13.301 13.434 99.999 99.999 99.999  0.071 99.999 99.999 99.999 99.999  99.999  99.999  99.999  99.999  0.004  0.004  0.000  0.000  0.000  0.000    3    3 99.999 99.999   99  19.352395507 -21.452278257 25 11 52.85 1993  8 22 2449222.54991725     1  filtro desconhecido   22089347.net.fits                                  Triton                 770  1152
