   0.004  -0.027  315.87  628.53 0.913   2791.61    281.41 99.999 99.999 99.999 13.315 13.132 99.999 99.999 99.999  0.280 99.999 99.999 99.999 99.999  99.999  99.999  99.999  99.999  0.010  0.010  0.010  0.010  0.037  0.035   17   16 99.999 99.999   99  19.995709919 -20.169392008 23  9  3.53 1997  8 15 2450676.46462419     3  filtro desconhecido   15089701.net.fits                                  Triton                 739  1140
  -0.001  -0.040  317.18  628.00 0.684   3419.65    583.65 99.999 99.999 99.999 13.366 13.143 99.999 99.999 99.999  0.312 99.999 99.999 99.999 99.999  99.999  99.999  99.999  99.999  0.013  0.013  0.014  0.011  0.046  0.037   16   15 99.999 99.999   99  19.995707597 -20.169407108 23 11 21.34 1997  8 15 2450676.46621921     3  filtro desconhecido   15089702.net.fits                                  Triton                 739  1140
   0.038  -0.066  315.47  628.21 1.040   2115.35    279.47 99.999 99.999 99.999 13.366 13.206 99.999 99.999 99.999  0.236 99.999 99.999 99.999 99.999  99.999  99.999  99.999  99.999  0.014  0.014  0.013  0.012  0.045  0.042   17   16 99.999 99.999   99  19.995707703 -20.169417736 23 12  1.32 1997  8 15 2450676.46668194     3  filtro desconhecido   15089703.net.fits                                  Triton                 739  1140
   0.042  -0.040  316.69  626.81 1.008   1974.57    316.25 99.999 99.999 99.999 13.446 13.224 99.999 99.999 99.999  0.207 99.999 99.999 99.999 99.999  99.999  99.999  99.999  99.999  0.013  0.013  0.016  0.014  0.054  0.046   16   15 99.999 99.999   99  19.995707131 -20.169413998 23 12 41.36 1997  8 15 2450676.46714537     3  filtro desconhecido   15089704.net.fits                                  Triton                 739  1140
   0.006  -0.019  317.65  628.32 1.033   1928.62    309.14 99.999 99.999 99.999 13.380 13.169 99.999 99.999 99.999  0.208 99.999 99.999 99.999 99.999  99.999  99.999  99.999  99.999  0.011  0.011  0.009  0.013  0.032  0.045   16   15 99.999 99.999   99  19.995705765 -20.169411788 23 13 22.34 1997  8 15 2450676.46761968     3  filtro desconhecido   15089705.net.fits                                  Triton                 739  1140
   0.013  -0.029  315.72  628.18 0.913   1994.66    415.79 99.999 99.999 99.999 13.284 13.192 99.999 99.999 99.999  0.303 99.999 99.999 99.999 99.999  99.999  99.999  99.999  99.999  0.015  0.015  0.009  0.013  0.032  0.044   18   15 99.999 99.999   99  19.995705264 -20.169417599 23 14  1.33 1997  8 15 2450676.46807095     3  filtro desconhecido   15089706.net.fits                                  Triton                 739  1140
  -0.012  -0.074  316.73  627.51 0.891   2973.54    247.75 99.999 99.999 99.999 13.350 13.163 99.999 99.999 99.999  0.360 99.999 99.999 99.999 99.999  99.999  99.999  99.999  99.999  0.016  0.016  0.012  0.011  0.037  0.033   16   14 99.999 99.999   99  19.995704120 -20.169433397 23 14 41.32 1997  8 15 2450676.46853380     3  filtro desconhecido   15089707.net.fits                                  Triton                 739  1140
   0.014  -0.024  318.05  628.31 0.708   3057.31    556.88 99.999 99.999 99.999 13.334 13.163 99.999 99.999 99.999  0.298 99.999 99.999 99.999 99.999  99.999  99.999  99.999  99.999  0.017  0.017  0.012  0.014  0.034  0.039   14   12 99.999 99.999   99  19.995703999 -20.169422850 23 15 20.36 1997  8 15 2450676.46898565     3  filtro desconhecido   15089708.net.fits                                  Triton                 739  1140
   0.024  -0.043  315.44  628.01 0.882   2422.07    372.32 99.999 99.999 99.999 13.372 13.149 99.999 99.999 99.999  0.223 99.999 99.999 99.999 99.999  99.999  99.999  99.999  99.999  0.015  0.015  0.011  0.009  0.035  0.030   16   15 99.999 99.999   99  19.995703549 -20.169431415 23 16  0.35 1997  8 15 2450676.46944850     3  filtro desconhecido   15089709.net.fits                                  Triton                 739  1140
  -0.013  -0.022  317.65  627.53 0.772   2936.73    456.84 99.999 99.999 99.999 13.348 13.126 99.999 99.999 99.999  0.275 99.999 99.999 99.999 99.999  99.999  99.999  99.999  99.999  0.013  0.013  0.013  0.011  0.044  0.037   16   15 99.999 99.999   99  19.995702194 -20.169428982 23 16 40.33 1997  8 15 2450676.46991123     3  filtro desconhecido   15089710.net.fits                                  Triton                 739  1140
   0.037  -0.052  317.06  627.18 0.841   2752.57    374.04 99.999 99.999 99.999 13.406 13.200 99.999 99.999 99.999  0.257 99.999 99.999 99.999 99.999  99.999  99.999  99.999  99.999  0.011  0.011  0.012  0.011  0.040  0.036   16   15 99.999 99.999   99  19.995701862 -20.169444130 23 18  0.37 1997  8 15 2450676.47083762     3  filtro desconhecido   15089711.net.fits                                  Triton                 739  1140
   0.012  -0.035  316.72  627.13 0.858   2678.39    363.03 99.999 99.999 99.999 13.403 13.194 99.999 99.999 99.999  0.259 99.999 99.999 99.999 99.999  99.999  99.999  99.999  99.999  0.012  0.012  0.010  0.008  0.032  0.027   16   15 99.999 99.999   99  19.995700732 -20.169442898 23 18 40.36 1997  8 15 2450676.47130046     3  filtro desconhecido   15089712.net.fits                                  Triton                 739  1140
  -0.004  -0.041  318.20  627.58 0.829   2987.77    355.60 99.999 99.999 99.999 13.336 13.113 99.999 99.999 99.999  0.264 99.999 99.999 99.999 99.999  99.999  99.999  99.999  99.999  0.012  0.012  0.011  0.013  0.036  0.044   16   15 99.999 99.999   99  19.995699751 -20.169447909 23 19 21.33 1997  8 15 2450676.47177465     3  filtro desconhecido   15089713.net.fits                                  Triton                 739  1140
   0.003  -0.031  316.90  627.66 0.742   3443.85    426.74 99.999 99.999 99.999 13.316 13.113 99.999 99.999 99.999  0.302 99.999 99.999 99.999 99.999  99.999  99.999  99.999  99.999  0.016  0.016  0.015  0.009  0.049  0.031   16   15 99.999 99.999   99  19.995699254 -20.169448379 23 20  0.33 1997  8 15 2450676.47222604     3  filtro desconhecido   15089714.net.fits                                  Triton                 739  1140
  -0.011  -0.036  317.57  627.30 0.889   2842.20    293.70 99.999 99.999 99.999 13.315 13.147 99.999 99.999 99.999  0.327 99.999 99.999 99.999 99.999  99.999  99.999  99.999  99.999  0.017  0.017  0.012  0.013  0.036  0.039   16   14 99.999 99.999   99  19.995698332 -20.169452942 23 20 40.37 1997  8 15 2450676.47268947     3  filtro desconhecido   15089715.net.fits                                  Triton                 739  1140
  -0.004  -0.026  318.37  627.47 0.699   3833.65    437.04 99.999 99.999 99.999 13.191 13.100 99.999 99.999 99.999  0.421 99.999 99.999 99.999 99.999  99.999  99.999  99.999  99.999  0.016  0.016  0.011  0.011  0.040  0.038   17   15 99.999 99.999   99  19.995697829 -20.169453519 23 21 19.35 1997  8 15 2450676.47314062     3  filtro desconhecido   15089716.net.fits                                  Triton                 739  1140
   0.011  -0.069  316.78  627.00 0.831   2897.37    363.08 99.999 99.999 99.999 13.331 13.148 99.999 99.999 99.999  0.296 99.999 99.999 99.999 99.999  99.999  99.999  99.999  99.999  0.009  0.009  0.008  0.013  0.027  0.044   16   15 99.999 99.999   99  19.995697501 -20.169468771 23 21 59.34 1997  8 15 2450676.47360347     3  filtro desconhecido   15089717.net.fits                                  Triton                 739  1140
  -0.024  -0.067  317.74  627.03 0.831   2950.69    350.50 99.999 99.999 99.999 13.290 13.108 99.999 99.999 99.999  0.295 99.999 99.999 99.999 99.999  99.999  99.999  99.999  99.999  0.014  0.014  0.011  0.016  0.040  0.058   17   16 99.999 99.999   99  19.995696130 -20.169471752 23 22 39.32 1997  8 15 2450676.47406620     3  filtro desconhecido   15089718.net.fits                                  Triton                 739  1140
   0.028  -0.043  318.66  627.13 0.861   2539.85    375.34 99.999 99.999 99.999 13.307 13.166 99.999 99.999 99.999  0.273 99.999 99.999 99.999 99.999  99.999  99.999  99.999  99.999  0.015  0.015  0.013  0.014  0.047  0.049   17   16 99.999 99.999   99  19.995696525 -20.169468232 23 23 19.37 1997  8 15 2450676.47452975     3  filtro desconhecido   15089719.net.fits                                  Triton                 739  1140
