   0.020  -0.040  385.73  692.45 0.867   3916.86    180.63 99.999 99.999 99.999 13.438 13.506 99.999 99.999 99.999  0.185 99.999 99.999 99.999 99.999  99.999  99.999  99.999  99.999  0.008  0.008  0.020  0.024  0.057  0.070   10    9 99.999 99.999   99  19.771418972 -20.630859163  5 30  3.16 1995  6 27 2449895.72920324     4  C                     26069501.net.fits                                  Triton                 770  1152
   0.031  -0.045  386.39  692.58 0.810   4727.45    153.86 99.999 99.999 99.999 13.391 13.428 99.999 99.999 99.999  0.190 99.999 99.999 99.999 99.999  99.999  99.999  99.999  99.999  0.010  0.010  0.020  0.021  0.059  0.062   10    9 99.999 99.999   99  19.771417276 -20.630869540  5 31 36.41 1995  6 27 2449895.73028252     4  C                     26069502.net.fits                                  Triton                 770  1152
   0.022  -0.039  386.80  691.24 0.779   4966.51    188.89 99.999 99.999 99.999 13.409 13.439 99.999 99.999 99.999  0.183 99.999 99.999 99.999 99.999  99.999  99.999  99.999  99.999  0.003  0.003  0.021  0.020  0.061  0.059   10    9 99.999 99.999   99  19.771416120 -20.630872341  5 32 23.70 1995  6 27 2449895.73082986     4  C                     26069503.net.fits                                  Triton                 770  1152
   0.029  -0.023  386.74  690.93 0.774   4823.73    242.93 99.999 99.999 99.999 13.386 13.442 99.999 99.999 99.999  0.202 99.999 99.999 99.999 99.999  99.999  99.999  99.999  99.999  0.010  0.010  0.019  0.023  0.057  0.066   10    9 99.999 99.999   99  19.771415270 -20.630872613  5 33 10.99 1995  6 27 2449895.73137720     4  C                     26069504.net.fits                                  Triton                 770  1152
   0.021  -0.056  387.03  692.59 0.908   3351.22    220.24 99.999 99.999 99.999 13.417 13.448 99.999 99.999 99.999  0.212 99.999 99.999 99.999 99.999  99.999  99.999  99.999  99.999  0.005  0.005  0.020  0.018  0.058  0.054   10    9 99.999 99.999   99  19.771414172 -20.630886045  5 33 57.28 1995  6 27 2449895.73191296     4  C                     26069505.net.fits                                  Triton                 770  1152
   0.028  -0.008  387.32  689.88 0.824   4291.95    201.57 99.999 99.999 99.999 13.385 13.419 99.999 99.999 99.999  0.197 99.999 99.999 99.999 99.999  99.999  99.999  99.999  99.999  0.007  0.007  0.025  0.009  0.065  0.024   10    8 99.999 99.999   99  19.771413304 -20.630877225  5 34 45.58 1995  6 27 2449895.73247199     4  C                     26069506.net.fits                                  Triton                 770  1152
   0.019  -0.075  387.88  692.51 0.773   4613.41    280.11 99.999 99.999 99.999 13.374 13.443 99.999 99.999 99.999  0.125 99.999 99.999 99.999 99.999  99.999  99.999  99.999  99.999  0.007  0.007  0.027  0.012  0.069  0.031    9    8 99.999 99.999   99  19.771412157 -20.630900349  5 35 32.81 1995  6 27 2449895.73301863     4  C                     26069507.net.fits                                  Triton                 770  1152
   0.021  -0.016  387.47  691.13 0.746   5214.05    241.80 99.999 99.999 99.999 13.379 13.441 99.999 99.999 99.999  0.185 99.999 99.999 99.999 99.999  99.999  99.999  99.999  99.999  0.011  0.011  0.024  0.014  0.061  0.035   10    8 99.999 99.999   99  19.771411216 -20.630888258  5 36 19.10 1995  6 27 2449895.73355440     4  C                     26069508.net.fits                                  Triton                 770  1152
   0.012  -0.055  387.69  690.34 0.761   5036.72    233.65 99.999 99.999 99.999 13.384 13.450 99.999 99.999 99.999  0.198 99.999 99.999 99.999 99.999  99.999  99.999  99.999  99.999  0.007  0.007  0.020  0.021  0.059  0.061   10    9 99.999 99.999   99  19.771410035 -20.630903847  5 37  7.34 1995  6 27 2449895.73411273     4  C                     26069509.net.fits                                  Triton                 770  1152
   0.020  -0.028  387.77  692.20 0.750   4764.42    319.48 99.999 99.999 99.999 13.415 13.471 99.999 99.999 99.999  0.181 99.999 99.999 99.999 99.999  99.999  99.999  99.999  99.999  0.008  0.008  0.022  0.024  0.065  0.071   10    9 99.999 99.999   99  19.771409222 -20.630900884  5 37 54.63 1995  6 27 2449895.73466007     4  C                     26069510.net.fits                                  Triton                 770  1152
