  -0.019  -0.071  299.70  590.06 2.074    161.20     29.14 99.999 99.999 99.999 13.301 13.544 99.999 99.999 99.999  0.121 99.999 99.999 99.999 99.999  99.999  99.999  99.999  99.999  0.009  0.009  0.019  0.020  0.060  0.065   12   11 99.999 99.999   99  20.122164479 -19.789532100  7 19 59.43 1997  6  1 2450600.80554896     1  CLEAR                 01069771.net.fits                                  Triton                 739  1140
  -0.020  -0.027  297.53  591.38 2.225    126.54     28.34 99.999 99.999 99.999 13.340 13.600 99.999 99.999 99.999  0.145 99.999 99.999 99.999 99.999  99.999  99.999  99.999  99.999  0.012  0.012  0.018  0.014  0.054  0.042   13   10 99.999 99.999   99  20.122162606 -19.789531855  7 22 31.03 1997  6  1 2450600.80730359     1  CLEAR                 01069772.net.fits                                  Triton                 739  1140
   0.011  -0.078  296.04  587.77 1.810    182.34     38.03 99.999 99.999 99.999 13.325 13.527 99.999 99.999 99.999  0.133 99.999 99.999 99.999 99.999  99.999  99.999  99.999  99.999  0.011  0.011  0.016  0.020  0.049  0.061   13   10 99.999 99.999   99  20.122162686 -19.789549558  7 23 13.95 1997  6  1 2450600.80780035     1  CLEAR                 01069773.net.fits                                  Triton                 739  1140
   0.018  -0.053  296.76  588.03 2.366    139.58     21.56 99.999 99.999 99.999 13.331 13.585 99.999 99.999 99.999  0.165 99.999 99.999 99.999 99.999  99.999  99.999  99.999  99.999  0.012  0.012  0.018  0.021  0.056  0.065   13   11 99.999 99.999   99  20.122161823 -19.789549438  7 24 37.83 1997  6  1 2450600.80877118     1  CLEAR                 01069775.net.fits                                  Triton                 739  1140
  -0.030  -0.057  296.43  589.34 2.666    105.59     21.35 99.999 99.999 99.999 13.363 13.613 99.999 99.999 99.999  0.142 99.999 99.999 99.999 99.999  99.999  99.999  99.999  99.999  0.017  0.017  0.013  0.022  0.042  0.067   13   11 99.999 99.999   99  20.122160359 -19.789553797  7 25 19.77 1997  6  1 2450600.80925660     1  CLEAR                 01069776.net.fits                                  Triton                 739  1140
  -0.007  -0.078  297.66  589.65 2.871    106.88     17.94 99.999 99.999 99.999 13.326 13.581 99.999 99.999 99.999  0.129 99.999 99.999 99.999 99.999  99.999  99.999  99.999  99.999  0.011  0.011  0.017  0.024  0.053  0.077   12   11 99.999 99.999   99  20.122160315 -19.789563022  7 26  1.59 1997  6  1 2450600.80974062     1  CLEAR                 01069777.net.fits                                  Triton                 739  1140
  -0.014  -0.078  302.70  592.26 2.708    104.33     22.05 99.999 99.999 99.999 13.322 13.568 99.999 99.999 99.999  0.132 99.999 99.999 99.999 99.999  99.999  99.999  99.999  99.999  0.012  0.012  0.021  0.020  0.063  0.062   12   10 99.999 99.999   99  20.122159132 -19.789569608  7 27 27.00 1997  6  1 2450600.81072917     1  CLEAR                 01069779.net.fits                                  Triton                 739  1140
   0.011  -0.042  311.86  591.33 2.897     89.68     19.92 99.999 99.999 99.999 13.308 13.565 99.999 99.999 99.999  0.095 99.999 99.999 99.999 99.999  99.999  99.999  99.999  99.999  0.008  0.008  0.017  0.014  0.054  0.043   11   10 99.999 99.999   99  20.122120549 -19.789814295  8 20 37.43 1997  6  1 2450600.84765544     1  CLEAR                 01069791.net.fits                                  Triton                 739  1140
   0.028  -0.058  302.53  590.90 2.043    210.37     33.23 99.999 99.999 99.999 13.281 13.507 99.999 99.999 99.999  0.111 99.999 99.999 99.999 99.999  99.999  99.999  99.999  99.999  0.009  0.009  0.014  0.020  0.043  0.063   13   11 99.999 99.999   99  20.122112497 -19.789872678  8 31 58.52 1997  6  1 2450600.85553843     5  CLEAR                 01069792.net.fits                                  Triton                 739  1140
   0.022  -0.097  298.66  591.14 2.490    155.07     24.05 99.999 99.999 99.999 13.276 13.493 99.999 99.999 99.999  0.122 99.999 99.999 99.999 99.999  99.999  99.999  99.999  99.999  0.009  0.009  0.010  0.015  0.033  0.049   13   11 99.999 99.999   99  20.122111816 -19.789887280  8 32 44.43 1997  6  1 2450600.85606979     5  CLEAR                 01069793.net.fits                                  Triton                 739  1140
  -0.009  -0.085  298.76  591.54 2.165    196.09     28.03 99.999 99.999 99.999 13.263 13.497 99.999 99.999 99.999  0.133 99.999 99.999 99.999 99.999  99.999  99.999  99.999  99.999  0.009  0.009  0.019  0.020  0.066  0.068   13   12 99.999 99.999   99  20.122110077 -19.789891433  8 34 16.32 1997  6  1 2450600.85713333     5  CLEAR                 01069795.net.fits                                  Triton                 739  1140
   0.041  -0.044  294.55  591.61 2.277    170.65     28.44 99.999 99.999 99.999 13.284 13.517 99.999 99.999 99.999  0.127 99.999 99.999 99.999 99.999  99.999  99.999  99.999  99.999  0.010  0.010  0.017  0.021  0.055  0.068   13   11 99.999 99.999   99  20.122110480 -19.789883727  8 35  2.31 1997  6  1 2450600.85766562     5  CLEAR                 01069796.net.fits                                  Triton                 739  1140
   0.010  -0.097  295.47  591.12 2.228    172.04     32.83 99.999 99.999 99.999 13.294 13.547 99.999 99.999 99.999  0.106 99.999 99.999 99.999 99.999  99.999  99.999  99.999  99.999  0.010  0.010  0.013  0.020  0.042  0.062   13   11 99.999 99.999   99  20.122109299 -19.789901920  8 35 48.12 1997  6  1 2450600.85819583     5  CLEAR                 01069797.net.fits                                  Triton                 739  1140
   0.041  -0.036  295.02  591.74 2.154    191.72     29.06 99.999 99.999 99.999 13.292 13.525 99.999 99.999 99.999  0.093 99.999 99.999 99.999 99.999  99.999  99.999  99.999  99.999  0.007  0.007  0.018  0.020  0.056  0.061   13   10 99.999 99.999   99  20.122109366 -19.789888647  8 36 33.17 1997  6  1 2450600.85871725     5  CLEAR                 01069798.net.fits                                  Triton                 739  1140
   0.009  -0.032  293.11  592.22 2.067    207.04     32.25 99.999 99.999 99.999 13.294 13.535 99.999 99.999 99.999  0.108 99.999 99.999 99.999 99.999  99.999  99.999  99.999  99.999  0.008  0.008  0.015  0.019  0.046  0.059   13   11 99.999 99.999   99  20.122108172 -19.789891096  8 37 19.14 1997  6  1 2450600.85924931     5  CLEAR                 01069799.net.fits                                  Triton                 739  1140
   0.010  -0.088  292.20  591.74 2.564    123.76     28.74 99.999 99.999 99.999 13.278 13.495 99.999 99.999 99.999  0.128 99.999 99.999 99.999 99.999  99.999  99.999  99.999  99.999  0.009  0.009  0.017  0.016  0.053  0.052   13   11 99.999 99.999   99  20.122107608 -19.789910268  8 38  5.00 1997  6  1 2450600.85978009     5  CLEAR                 010697100.net.fits                                 Triton                 739  1140
  -0.022  -0.051  292.82  590.66 2.507    149.46     26.21 99.999 99.999 99.999 13.336 13.573 99.999 99.999 99.999  0.105 99.999 99.999 99.999 99.999  99.999  99.999  99.999  99.999  0.009  0.009  0.011  0.012  0.034  0.038   13   11 99.999 99.999   99  20.122106419 -19.789903635  8 38 50.96 1997  6  1 2450600.86031204     5  CLEAR                 010697101.net.fits                                 Triton                 739  1140
   0.001  -0.063  287.30  591.79 2.737    131.57     22.72 99.999 99.999 99.999 13.325 13.566 99.999 99.999 99.999  0.078 99.999 99.999 99.999 99.999  99.999  99.999  99.999  99.999  0.011  0.011  0.014  0.016  0.045  0.051   12   11 99.999 99.999   99  20.122105722 -19.789914706  8 40 25.72 1997  6  1 2450600.86140880     5  CLEAR                 010697102.net.fits                                 Triton                 739  1140
   0.009  -0.060  286.25  590.85 1.999    192.80     36.99 99.999 99.999 99.999 13.265 13.506 99.999 99.999 99.999  0.123 99.999 99.999 99.999 99.999  99.999  99.999  99.999  99.999  0.009  0.009  0.018  0.021  0.062  0.071   13   12 99.999 99.999   99  20.122105283 -19.789917418  8 41 11.96 1997  6  1 2450600.86194398     5  CLEAR                 010697103.net.fits                                 Triton                 739  1140
   0.028  -0.064  287.89  590.63 1.970    215.80     35.83 99.999 99.999 99.999 13.302 13.517 99.999 99.999 99.999  0.134 99.999 99.999 99.999 99.999  99.999  99.999  99.999  99.999  0.008  0.008  0.018  0.016  0.060  0.055   13   12 99.999 99.999   99  20.122105114 -19.789922335  8 41 57.91 1997  6  1 2450600.86247581     5  CLEAR                 010697104.net.fits                                 Triton                 739  1140
   0.026  -0.059  285.63  591.75 2.236    181.43     30.17 99.999 99.999 99.999 13.299 13.568 99.999 99.999 99.999  0.101 99.999 99.999 99.999 99.999  99.999  99.999  99.999  99.999  0.011  0.011  0.016  0.018  0.052  0.058   13   11 99.999 99.999   99  20.122104478 -19.789924578  8 42 43.91 1997  6  1 2450600.86300822     5  CLEAR                 010697105.net.fits                                 Triton                 739  1140
  -0.003  -0.089  283.62  590.39 2.502    135.33     29.69 99.999 99.999 99.999 13.307 13.523 99.999 99.999 99.999  0.126 99.999 99.999 99.999 99.999  99.999  99.999  99.999  99.999  0.010  0.010  0.019  0.021  0.061  0.068   12   11 99.999 99.999   99  20.122103357 -19.789936367  8 43 30.01 1997  6  1 2450600.86354178     5  CLEAR                 010697106.net.fits                                 Triton                 739  1140
   0.018  -0.028  285.23  592.69 2.166    169.50     36.46 99.999 99.999 99.999 13.323 13.583 99.999 99.999 99.999  0.120 99.999 99.999 99.999 99.999  99.999  99.999  99.999  99.999  0.009  0.009  0.018  0.013  0.055  0.040   13   10 99.999 99.999   99  20.122103188 -19.789923371  8 44 15.92 1997  6  1 2450600.86407315     5  CLEAR                 010697107.net.fits                                 Triton                 739  1140
   0.014  -0.084  281.21  591.25 1.817    236.44     47.72 99.999 99.999 99.999 13.310 13.574 99.999 99.999 99.999  0.080 99.999 99.999 99.999 99.999  99.999  99.999  99.999  99.999  0.014  0.014  0.019  0.016  0.064  0.054   14   13 99.999 99.999   99  20.122101969 -19.789946210  8 45 47.68 1997  6  1 2450600.86513519     5  CLEAR                 010697109.net.fits                                 Triton                 739  1140
   0.020  -0.021  279.03  592.11 2.500    141.27     31.73 99.999 99.999 99.999 13.314 13.548 99.999 99.999 99.999  0.090 99.999 99.999 99.999 99.999  99.999  99.999  99.999  99.999  0.010  0.010  0.015  0.014  0.047  0.047   14   12 99.999 99.999   99  20.122101525 -19.789932196  8 46 33.59 1997  6  1 2450600.86566655     5  CLEAR                 010697110.net.fits                                 Triton                 739  1140
   0.036  -0.031  276.60  590.74 2.242    190.91     33.70 99.999 99.999 99.999 13.285 13.556 99.999 99.999 99.999  0.109 99.999 99.999 99.999 99.999  99.999  99.999  99.999  99.999  0.009  0.009  0.016  0.023  0.047  0.066   14   11 99.999 99.999   99  20.122101267 -19.789938574  8 47 19.50 1997  6  1 2450600.86619792     5  CLEAR                 010697111.net.fits                                 Triton                 739  1140
