  -0.057   0.000  620.72  512.26 1.263    244.56     30.14 99.999 99.999 99.999 13.442 13.399 99.999 99.999 99.999  0.139 99.999 99.999 99.999 99.999  99.999  99.999  99.999  99.999  0.012  0.012  0.017  0.015  0.051  0.045   13   13 99.999 99.999   99  19.934317263 -20.262894875  4 54 37.20 1996  6 23 2450257.70459722     5  CLEAR                 22069601.net.fits                                  Triton                1024  1024
  -0.065  -0.025  621.73  510.55 1.340    332.93     36.08 99.999 99.999 99.999 13.455 13.420 99.999 99.999 99.999  0.160 99.999 99.999 99.999 99.999  99.999  99.999  99.999  99.999  0.009  0.009  0.016  0.016  0.049  0.050   13   13 99.999 99.999   99  19.934313348 -20.262905834  4 58 14.10 1996  6 23 2450257.70710764     5  CLEAR                 22069602.net.fits                                  Triton                1024  1024
  -0.063  -0.000  621.05  509.04 1.534    407.55     46.80 99.999 99.999 99.999 13.418 13.346 99.999 99.999 99.999  0.155 99.999 99.999 99.999 99.999  99.999  99.999  99.999  99.999  0.009  0.009  0.015  0.014  0.045  0.042   13   13 99.999 99.999   99  19.934311014 -20.262901118  5  0 31.42 1996  6 23 2450257.70869699     5  CLEAR                 22069605.net.fits                                  Triton                1024  1024
  -0.067  -0.034  621.10  509.38 1.315    187.15     36.93 99.999 99.999 99.999 13.539 13.539 99.999 99.999 99.999  0.248 99.999 99.999 99.999 99.999  99.999  99.999  99.999  99.999  0.009  0.009  0.018  0.017  0.055  0.050   13   13 99.999 99.999   99  19.934308530 -20.262913063  5  2 48.56 1996  6 23 2450257.71028426     5  CLEAR                 22069608.net.fits                                  Triton                1024  1024
  -0.065  -0.042  623.18  508.71 1.417    547.45     37.73 99.999 99.999 99.999 13.474 13.318 99.999 99.999 99.999  0.178 99.999 99.999 99.999 99.999  99.999  99.999  99.999  99.999  0.006  0.006  0.015  0.013  0.047  0.038   13   13 99.999 99.999   99  19.934306986 -20.262916755  5  4 20.02 1996  6 23 2450257.71134282     5  CLEAR                 22069610.net.fits                                  Triton                1024  1024
  -0.065  -0.038  623.88  506.50 1.199    554.46     80.66 99.999 99.999 99.999 13.431 13.409 99.999 99.999 99.999  0.171 99.999 99.999 99.999 99.999  99.999  99.999  99.999  99.999  0.005  0.005  0.015  0.015  0.046  0.044   13   13 99.999 99.999   99  19.934300310 -20.262922396  5 10 45.84 1996  6 23 2450257.71580833    10  CLEAR                 22069611.net.fits                                  Triton                1024  1024
  -0.065  -0.011  624.43  505.14 1.316    336.55     64.97 99.999 99.999 99.999 13.434 13.399 99.999 99.999 99.999  0.141 99.999 99.999 99.999 99.999  99.999  99.999  99.999  99.999  0.006  0.006  0.014  0.018  0.042  0.053   13   13 99.999 99.999   99  19.934296275 -20.262918841  5 14 37.74 1996  6 23 2450257.71849236    10  CLEAR                 22069614.net.fits                                  Triton                1024  1024
  -0.059  -0.027  627.70  503.40 1.366    400.59     45.98 99.999 99.999 99.999 13.521 13.443 99.999 99.999 99.999  0.125 99.999 99.999 99.999 99.999  99.999  99.999  99.999  99.999  0.007  0.007  0.021  0.020  0.049  0.046   11   11 99.999 99.999   99  19.934291113 -20.262928481  5 19 42.19 1996  6 23 2450257.72201609    10  CLEAR                 22069620.net.fits                                  Triton                1024  1024
  -0.060  -0.037  627.66  501.83 1.302    768.05     67.73 99.999 99.999 99.999 13.472 13.311 99.999 99.999 99.999  0.142 99.999 99.999 99.999 99.999  99.999  99.999  99.999  99.999  0.006  0.006  0.018  0.017  0.042  0.038   11   11 99.999 99.999   99  19.934284807 -20.262937837  5 25 44.48 1996  6 23 2450257.72620926    10  CLEAR                 22069621.net.fits                                  Triton                1024  1024
  -0.060  -0.038  625.79  501.53 1.139     36.29     42.53 99.999 99.999 99.999 13.443 13.072 99.999 99.999 99.999  0.209 99.999 99.999 99.999 99.999  99.999  99.999  99.999  99.999  0.019  0.019  0.050  0.017  0.085  0.030    6    6 99.999 99.999   99  19.934283952 -20.262938958  5 26 34.23 1996  6 23 2450257.72678507    10  CLEAR                 22069622.net.fits                                  Triton                1024  1024
  -0.062   0.006  627.16  501.02 1.199    152.32     47.24 99.999 99.999 99.999 13.462 13.326 99.999 99.999 99.999  0.142 99.999 99.999 99.999 99.999  99.999  99.999  99.999  99.999  0.009  0.009  0.017  0.015  0.039  0.034   10   10 99.999 99.999   99  19.934282157 -20.262928544  5 28 16.67 1996  6 23 2450257.72797072    10  CLEAR                 22069624.net.fits                                  Triton                1024  1024
  -0.060  -0.014  625.49  500.28 1.236    166.71     45.79 99.999 99.999 99.999 13.402 13.238 99.999 99.999 99.999  0.148 99.999 99.999 99.999 99.999  99.999  99.999  99.999  99.999  0.010  0.010  0.020  0.011  0.047  0.026   10   10 99.999 99.999   99  19.934279566 -20.262936624  5 30 48.82 1996  6 23 2450257.72973171    10  CLEAR                 22069627.net.fits                                  Triton                1024  1024
  -0.063  -0.022  627.02  500.00 1.314    970.83     88.30 99.999 99.999 99.999 13.464 13.203 99.999 99.999 99.999  0.128 99.999 99.999 99.999 99.999  99.999  99.999  99.999  99.999  0.004  0.004  0.018  0.019  0.041  0.043   11   11 99.999 99.999   99  19.934278619 -20.262940005  5 31 39.62 1996  6 23 2450257.73031968    10  CLEAR                 22069628.net.fits                                  Triton                1024  1024
