   0.086  -0.004  491.36  441.53 1.224   2611.63    210.58 99.999 99.999 99.999 13.453 13.334 99.999 99.999 99.999  0.361 99.999 99.999 99.999 99.999  99.999  99.999  99.999  99.999  0.016  0.016  0.019  0.000  0.037  0.000    5    4 99.999 99.999   99  22.052603262 -12.439599135  7 22 30.00 2010  6 18 2455365.80729167   120    Metano              tritao22_07.23.32_0001.fits                        Triton                1024  1024
   0.082  -0.009  491.34  441.48 1.147   2914.16    215.13 99.999 99.999 99.999 13.416 13.337 99.999 99.999 99.999  0.399 99.999 99.999 99.999 99.999  99.999  99.999  99.999  99.999  0.012  0.012  0.020  0.002  0.037  0.003    5    4 99.999 99.999   99  22.052602688 -12.439606382  7 24 32.00 2010  6 18 2455365.80870370   120    Metano              tritao22_07.25.34_0002.fits                        Triton                1024  1024
   0.088  -0.009  491.76  441.67 1.125   3163.92    198.27 99.999 99.999 99.999 13.423 13.403 99.999 99.999 99.999  0.391 99.999 99.999 99.999 99.999  99.999  99.999  99.999  99.999  0.013  0.013  0.029  0.001  0.056  0.002    5    4 99.999 99.999   99  22.052601811 -12.439617854  7 28 36.00 2010  6 18 2455365.81152778   120    Metano              tritao22_07.29.38_0004.fits                        Triton                1024  1024
   0.077  -0.003  491.98  441.89 1.018   3824.71    253.37 99.999 99.999 99.999 13.417 13.334 99.999 99.999 99.999  0.445 99.999 99.999 99.999 99.999  99.999  99.999  99.999  99.999  0.015  0.015  0.012  0.006  0.022  0.012    5    4 99.999 99.999   99  22.052600593 -12.439627690  7 32 40.00 2010  6 18 2455365.81435185   120    Metano              tritao22_07.33.42_0006.fits                        Triton                1024  1024
   0.089  -0.007  492.15  441.92 1.045   3930.00    170.06 99.999 99.999 99.999 13.422 13.307 99.999 99.999 99.999  0.396 99.999 99.999 99.999 99.999  99.999  99.999  99.999  99.999  0.014  0.014  0.023  0.000  0.043  0.000    5    4 99.999 99.999   99  22.052600319 -12.439634699  7 34 42.00 2010  6 18 2455365.81576389   120    Metano              tritao22_07.35.43_0007.fits                        Triton                1024  1024
   0.077  -0.001  492.19  442.05 1.053   3715.66    216.69 99.999 99.999 99.999 13.412 13.323 99.999 99.999 99.999  0.417 99.999 99.999 99.999 99.999  99.999  99.999  99.999  99.999  0.018  0.018  0.015  0.006  0.029  0.011    5    4 99.999 99.999   99  22.052599594 -12.439638977  7 36 44.00 2010  6 18 2455365.81717593   120    Metano              tritao22_07.37.45_0008.fits                        Triton                1024  1024
   0.086  -0.011  492.45  442.05 1.075   3714.01    198.78 99.999 99.999 99.999 13.474 13.399 99.999 99.999 99.999  0.381 99.999 99.999 99.999 99.999  99.999  99.999  99.999  99.999  0.015  0.015  0.023  0.002  0.044  0.004    5    4 99.999 99.999   99  22.052599267 -12.439647617  7 38 46.00 2010  6 18 2455365.81858796   120    Metano              tritao22_07.39.47_0009.fits                        Triton                1024  1024
   0.085  -0.009  492.57  442.19 1.021   3717.77    279.03 99.999 99.999 99.999 13.449 13.338 99.999 99.999 99.999  0.397 99.999 99.999 99.999 99.999  99.999  99.999  99.999  99.999  0.021  0.021  0.015  0.001  0.028  0.001    5    4 99.999 99.999   99  22.052598720 -12.439652839  7 40 48.00 2010  6 18 2455365.82000000   120    Metano              tritao22_07.41.49_0010.fits                        Triton                1024  1024
   0.084  -0.013  492.66  442.24 1.012   4020.63    252.47 99.999 99.999 99.999 13.455 13.366 99.999 99.999 99.999  0.382 99.999 99.999 99.999 99.999  99.999  99.999  99.999  99.999  0.013  0.013  0.024  0.005  0.045  0.009    5    4 99.999 99.999   99  22.052598201 -12.439659809  7 42 50.00 2010  6 18 2455365.82141204   120    Metano              tritao22_07.43.51_0011.fits                        Triton                1024  1024
   0.075  -0.001  493.05  442.41 1.046   3905.46    213.89 99.999 99.999 99.999 13.390 13.299 99.999 99.999 99.999  0.441 99.999 99.999 99.999 99.999  99.999  99.999  99.999  99.999  0.020  0.020  0.023  0.014  0.044  0.027    5    4 99.999 99.999   99  22.052597042 -12.439668047  7 46 54.00 2010  6 18 2455365.82423611   120    Metano              tritao22_07.47.55_0013.fits                        Triton                1024  1024
   0.081  -0.003  493.27  442.59 1.046   4131.22    132.78 99.999 99.999 99.999 13.411 13.337 99.999 99.999 99.999  0.448 99.999 99.999 99.999 99.999  99.999  99.999  99.999  99.999  0.016  0.016  0.019  0.012  0.037  0.024    5    4 99.999 99.999   99  22.052596641 -12.439674858  7 48 56.00 2010  6 18 2455365.82564815   120    Metano              tritao22_07.49.57_0014.fits                        Triton                1024  1024
   0.071  -0.006  493.32  442.46 1.055   4028.49    145.43 99.999 99.999 99.999 13.534 13.382 99.999 99.999 99.999  0.348 99.999 99.999 99.999 99.999  99.999  99.999  99.999  99.999  0.018  0.018  0.000  0.000  0.000  0.000    4    3 99.999 99.999   99  22.052595954 -12.439681457  7 50 58.00 2010  6 18 2455365.82706019   120    Metano              tritao22_07.51.59_0015.fits                        Triton                1024  1024
   0.090  -0.008  493.90  442.78 1.202   3192.31    142.67 99.999 99.999 99.999 13.454 13.375 99.999 99.999 99.999  0.386 99.999 99.999 99.999 99.999  99.999  99.999  99.999  99.999  0.011  0.011  0.025  0.007  0.049  0.013    5    4 99.999 99.999   99  22.052594287 -12.439705531  7 59  7.00 2010  6 18 2455365.83271991   120    Metano              tritao22_08.00.08_0019.fits                        Triton                1024  1024
   0.091  -0.010  494.11  442.86 1.064   3589.04    249.09 99.999 99.999 99.999 13.460 13.371 99.999 99.999 99.999  0.365 99.999 99.999 99.999 99.999  99.999  99.999  99.999  99.999  0.018  0.018  0.032  0.005  0.061  0.010    5    4 99.999 99.999   99  22.052593816 -12.439711852  8  1  9.00 2010  6 18 2455365.83413194   120    Metano              tritao22_08.02.10_0020.fits                        Triton                1024  1024
