  -0.053  -0.020  486.58  596.78 0.884   1161.70   1761.95 99.999 99.999 99.999 13.463 13.503 99.999 99.999 99.999  0.073 99.999 99.999 99.999 99.999  99.999  99.999  99.999  99.999  0.012  0.012  0.010  0.017  0.027  0.048   15   15 99.999 99.999   99  19.483734217 -21.260294758 22 24 38.23 1994  9 22 2449618.43377581     2  Clear                 22099401.net.fits                                  Triton                 770  1152
  -0.068  -0.084  488.79  595.37 1.059   1126.05   4325.33 99.999 99.999 99.999 13.501 13.567 99.999 99.999 99.999  0.106 99.999 99.999 99.999 99.999  99.999  99.999  99.999  99.999  0.016  0.016  0.013  0.016  0.036  0.043   14   14 99.999 99.999   99  19.483733713 -21.260320506 22 28 48.78 1994  9 22 2449618.43667569     2  Clear                 22099402.net.fits                                  Triton                 770  1152
  -0.034   0.014  488.96  596.90 0.931   1271.58   4770.02 99.999 99.999 99.999 13.514 13.575 99.999 99.999 99.999  0.115 99.999 99.999 99.999 99.999  99.999  99.999  99.999  99.999  0.017  0.017  0.011  0.018  0.031  0.048   16   15 99.999 99.999   99  19.483734359 -21.260295353 22 29 42.26 1994  9 22 2449618.43729468     2  Clear                 22099403.net.fits                                  Triton                 770  1152
  -0.048  -0.037  489.84  594.94 0.954   1215.90   3439.07 99.999 99.999 99.999 13.629 13.665 99.999 99.999 99.999  0.107 99.999 99.999 99.999 99.999  99.999  99.999  99.999  99.999  0.018  0.018  0.014  0.014  0.037  0.038   13   13 99.999 99.999   99  19.483734010 -21.260311116 22 30 32.25 1994  9 22 2449618.43787326     2  Clear                 22099404.net.fits                                  Triton                 770  1152
  -0.056  -0.037  490.97  596.63 0.885   1070.26   3235.15 99.999 99.999 99.999 13.468 13.532 99.999 99.999 99.999  0.108 99.999 99.999 99.999 99.999  99.999  99.999  99.999  99.999  0.014  0.014  0.009  0.016  0.030  0.052   18   17 99.999 99.999   99  19.483733812 -21.260312662 22 31 23.55 1994  9 22 2449618.43846701     2  Clear                 22099405.net.fits                                  Triton                 770  1152
  -0.024  -0.024  491.22  594.92 0.999   1205.41   3137.57 99.999 99.999 99.999 13.493 13.563 99.999 99.999 99.999  0.100 99.999 99.999 99.999 99.999  99.999  99.999  99.999  99.999  0.018  0.018  0.012  0.010  0.035  0.031   15   15 99.999 99.999   99  19.483734412 -21.260310755 22 32 15.34 1994  9 22 2449618.43906644     2  Clear                 22099406.net.fits                                  Triton                 770  1152
  -0.087  -0.055  491.98  595.33 0.833   1432.00   2493.07 99.999 99.999 99.999 13.470 13.527 99.999 99.999 99.999  0.118 99.999 99.999 99.999 99.999  99.999  99.999  99.999  99.999  0.013  0.013  0.015  0.009  0.045  0.027   14   14 99.999 99.999   99  19.483733106 -21.260321130 22 33 10.54 1994  9 22 2449618.43970532     2  Clear                 22099407.net.fits                                  Triton                 770  1152
  -0.076   0.036  492.60  594.62 0.870   1358.22   4668.01 99.999 99.999 99.999 13.483 13.553 99.999 99.999 99.999  0.120 99.999 99.999 99.999 99.999  99.999  99.999  99.999  99.999  0.013  0.013  0.010  0.012  0.032  0.037   15   15 99.999 99.999   99  19.483733212 -21.260300257 22 35 17.25 1994  9 22 2449618.44117188     2  Clear                 22099408.net.fits                                  Triton                 770  1152
  -0.004  -0.047  492.80  593.27 0.853   1189.42   4179.03 99.999 99.999 99.999 13.485 13.558 99.999 99.999 99.999  0.140 99.999 99.999 99.999 99.999  99.999  99.999  99.999  99.999  0.016  0.016  0.013  0.016  0.039  0.049   17   17 99.999 99.999   99  19.483734593 -21.260325091 22 36 12.23 1994  9 22 2449618.44180822     2  Clear                 22099409.net.fits                                  Triton                 770  1152
  -0.081  -0.052  494.54  595.97 1.119   1063.99   4313.19 99.999 99.999 99.999 13.493 13.525 99.999 99.999 99.999  0.108 99.999 99.999 99.999 99.999  99.999  99.999  99.999  99.999  0.014  0.014  0.010  0.020  0.030  0.060   16   16 99.999 99.999   99  19.483732992 -21.260328271 22 37 12.82 1994  9 22 2449618.44250949     2  Clear                 22099410.net.fits                                  Triton                 770  1152
