  -0.005  -0.001 1132.45 1089.13 1.668    882.29     86.90 99.999 99.999 99.999 13.446 13.467 99.999 99.999 99.999  0.080 99.999 99.999 99.999 99.999  99.999  99.999  99.999  99.999  0.008  0.008  0.029  0.028  0.064  0.062    5    5 99.999 99.999   99  22.067041489 -12.459671619  1 27  0.00 2011  9 18 2455822.56041667    10    I                   Netuno_0003.fits                                   Triton                2048  2048
  -0.029  -0.041 1129.03 1091.38 1.837    907.49     33.32 99.999 99.999 99.999 13.469 13.451 99.999 99.999 99.999  0.088 99.999 99.999 99.999 99.999  99.999  99.999  99.999  99.999  0.006  0.006  0.059  0.018  0.118  0.036    4    4 99.999 99.999   99  22.067040562 -12.459683894  1 27 28.00 2011  9 18 2455822.56074074    10    I                   Netuno_0005.fits                                   Triton                2048  2048
  -0.025  -0.043 1130.03 1085.93 1.436    897.60    131.80 99.999 99.999 99.999 13.440 13.400 99.999 99.999 99.999  0.081 99.999 99.999 99.999 99.999  99.999  99.999  99.999  99.999  0.011  0.011  0.048  0.004  0.096  0.008    4    4 99.999 99.999   99  22.067039694 -12.459687173  1 28 23.00 2011  9 18 2455822.56137731    10    I                   Netuno_0009.fits                                   Triton                2048  2048
  -0.042  -0.081 1127.11 1083.11 1.282    964.86    175.40 99.999 99.999 99.999 13.417 13.477 99.999 99.999 99.999  0.134 99.999 99.999 99.999 99.999  99.999  99.999  99.999  99.999  0.004  0.004  0.023  0.029  0.053  0.066    6    6 99.999 99.999   99  22.067038892 -12.459698920  1 28 51.00 2011  9 18 2455822.56170139    10    I                   Netuno_0011.fits                                   Triton                2048  2048
   0.080  -0.043 1130.09 1086.42 1.434    449.94     69.86 99.999 99.999 99.999 13.433 13.414 99.999 99.999 99.999  0.091 99.999 99.999 99.999 99.999  99.999  99.999  99.999  99.999  0.012  0.012  0.000  0.000  0.000  0.000    3    3 99.999 99.999   99  22.067040712 -12.459689767  1 29 19.00 2011  9 18 2455822.56202546    10    I                   Netuno_0013.fits                                   Triton                2048  2048
   0.038  -0.098 1126.88 1086.67 1.801    343.66     48.31 99.999 99.999 99.999 13.362 13.334 99.999 99.999 99.999  0.082 99.999 99.999 99.999 99.999  99.999  99.999  99.999  99.999  0.005  0.005  0.000  0.000  0.000  0.000    3    3 99.999 99.999   99  22.067038970 -12.459707850  1 30 15.00 2011  9 18 2455822.56267361    10    I                   Netuno_0017.fits                                   Triton                2048  2048
   0.066  -0.032 1128.97 1080.26 1.656    541.01     30.41 99.999 99.999 99.999 13.462 13.444 99.999 99.999 99.999  0.062 99.999 99.999 99.999 99.999  99.999  99.999  99.999  99.999  0.012  0.012  0.000  0.000  0.000  0.000    3    3 99.999 99.999   99  22.067038779 -12.459691175  1 30 56.00 2011  9 18 2455822.56314815    10    I                   Netuno_0020.fits                                   Triton                2048  2048
   0.074  -0.029 1130.55 1085.99 1.362    499.89     90.56 99.999 99.999 99.999 13.426 13.390 99.999 99.999 99.999  0.016 99.999 99.999 99.999 99.999  99.999  99.999  99.999  99.999  0.013  0.013  0.000  0.000  0.000  0.000    3    3 99.999 99.999   99  22.067037739 -12.459693642  1 32  6.00 2011  9 18 2455822.56395833    10    I                   Netuno_0025.fits                                   Triton                2048  2048
   0.118  -0.037 1129.30 1080.09 2.483    280.88     25.88 99.999 99.999 99.999 13.374 13.332 99.999 99.999 99.999  0.064 99.999 99.999 99.999 99.999  99.999  99.999  99.999  99.999  0.016  0.016  0.000  0.000  0.000  0.000    3    3 99.999 99.999   99  22.067038350 -12.459696793  1 32 19.00 2011  9 18 2455822.56410880    10    I                   Netuno_0026.fits                                   Triton                2048  2048
   0.085  -0.021 1128.94 1077.32 2.050    402.44     21.04 99.999 99.999 99.999 13.424 13.399 99.999 99.999 99.999  0.034 99.999 99.999 99.999 99.999  99.999  99.999  99.999  99.999  0.013  0.013  0.000  0.000  0.000  0.000    3    3 99.999 99.999   99  22.067037001 -12.459694056  1 33  1.00 2011  9 18 2455822.56459491    10    I                   Netuno_0029.fits                                   Triton                2048  2048
   0.120   0.020 1127.66 1081.49 2.056    342.09     35.42 99.999 99.999 99.999 13.440 13.455 99.999 99.999 99.999  0.041 99.999 99.999 99.999 99.999  99.999  99.999  99.999  99.999  0.018  0.018  0.000  0.000  0.000  0.000    3    3 99.999 99.999   99  22.067037412 -12.459683273  1 33 15.00 2011  9 18 2455822.56475694    10    I                   Netuno_0030.fits                                   Triton                2048  2048
  -0.056  -0.068 1131.47 1079.61 1.842    512.38     20.01 99.999 99.999 99.999 13.353 13.375 99.999 99.999 99.999  0.074 99.999 99.999 99.999 99.999  99.999  99.999  99.999  99.999  0.016  0.016  0.000  0.000  0.000  0.000    3    3 99.999 99.999   99  22.067032902 -12.459711043  1 34 24.00 2011  9 18 2455822.56555556    10    I                   Netuno_0035.fits                                   Triton                2048  2048
   0.054  -0.009 1130.61 1080.15 1.961    427.57     23.21 99.999 99.999 99.999 13.448 13.403 99.999 99.999 99.999  0.080 99.999 99.999 99.999 99.999  99.999  99.999  99.999  99.999  0.013  0.013  0.000  0.000  0.000  0.000    3    3 99.999 99.999   99  22.067034025 -12.459697277  1 35 20.00 2011  9 18 2455822.56620370    10    I                   Netuno_0039.fits                                   Triton                2048  2048
  -0.015  -0.081 1128.94 1081.27 2.229    576.78      3.36 99.999 99.999 99.999 13.472 13.461 99.999 99.999 99.999  0.069 99.999 99.999 99.999 99.999  99.999  99.999  99.999  99.999  0.011  0.011  0.023  0.007  0.045  0.015    4    4 99.999 99.999   99  22.067032471 -12.459718124  1 35 34.00 2011  9 18 2455822.56636574    10    I                   Netuno_0040.fits                                   Triton                2048  2048
  -0.040  -0.060 1129.66 1080.08 1.780    818.46     65.38 99.999 99.999 99.999 13.425 13.413 99.999 99.999 99.999  0.088 99.999 99.999 99.999 99.999  99.999  99.999  99.999  99.999  0.006  0.006  0.028  0.013  0.055  0.025    4    4 99.999 99.999   99  22.067031277 -12.459714061  1 36 16.00 2011  9 18 2455822.56685185    10    I                   Netuno_0043.fits                                   Triton                2048  2048
   0.106  -0.005 1133.69 1077.34 1.798    895.82     49.41 99.999 99.999 99.999 13.456 13.431 99.999 99.999 99.999  0.079 99.999 99.999 99.999 99.999  99.999  99.999  99.999  99.999  0.007  0.007  0.055  0.020  0.109  0.040    4    4 99.999 99.999   99  22.067033825 -12.459699495  1 36 30.00 2011  9 18 2455822.56701389    10    I                   Netuno_0044.fits                                   Triton                2048  2048
   0.002  -0.082 1133.51 1075.16 1.655   1010.05     62.40 99.999 99.999 99.999 13.429 13.455 99.999 99.999 99.999  0.116 99.999 99.999 99.999 99.999  99.999  99.999  99.999  99.999  0.008  0.008  0.024  0.015  0.052  0.033    5    5 99.999 99.999   99  22.067031626 -12.459721424  1 36 43.00 2011  9 18 2455822.56716435    10    I                   Netuno_0045.fits                                   Triton                2048  2048
  -0.046  -0.069 1132.17 1071.15 1.412    922.84    163.59 99.999 99.999 99.999 13.457 13.437 99.999 99.999 99.999  0.102 99.999 99.999 99.999 99.999  99.999  99.999  99.999  99.999  0.001  0.001  0.043  0.028  0.085  0.056    4    4 99.999 99.999   99  22.067030470 -12.459718522  1 36 57.00 2011  9 18 2455822.56732639    10    I                   Netuno_0046.fits                                   Triton                2048  2048
   0.082  -0.032 1133.06 1073.72 1.330    880.58    190.84 99.999 99.999 99.999 13.471 13.436 99.999 99.999 99.999  0.102 99.999 99.999 99.999 99.999  99.999  99.999  99.999  99.999  0.004  0.004  0.053  0.022  0.105  0.044    4    4 99.999 99.999   99  22.067032642 -12.459708842  1 37 11.00 2011  9 18 2455822.56748843    10    I                   Netuno_0047.fits                                   Triton                2048  2048
   0.075  -0.067 1130.83 1081.79 1.733    762.54     90.13 99.999 99.999 99.999 13.459 13.432 99.999 99.999 99.999  0.065 99.999 99.999 99.999 99.999  99.999  99.999  99.999  99.999  0.013  0.013  0.059  0.006  0.117  0.012    4    4 99.999 99.999   99  22.067031556 -12.459721233  1 38  7.00 2011  9 18 2455822.56813657    10    I                   Netuno_0051.fits                                   Triton                2048  2048
  -0.020  -0.063 1133.60 1080.34 1.922    915.37     12.23 99.999 99.999 99.999 13.508 13.493 99.999 99.999 99.999  0.167 99.999 99.999 99.999 99.999  99.999  99.999  99.999  99.999  0.009  0.009  0.040  0.007  0.080  0.015    4    4 99.999 99.999   99  22.067028339 -12.459724002  1 39 30.00 2011  9 18 2455822.56909722    10    I                   Netuno_0057.fits                                   Triton                2048  2048
   0.052  -0.012 1132.69 1083.20 1.974    850.75     16.43 99.999 99.999 99.999 13.467 13.444 99.999 99.999 99.999  0.079 99.999 99.999 99.999 99.999  99.999  99.999  99.999  99.999  0.008  0.008  0.048  0.008  0.096  0.016    4    4 99.999 99.999   99  22.067029453 -12.459710565  1 39 44.00 2011  9 18 2455822.56925926    10    I                   Netuno_0058.fits                                   Triton                2048  2048
  -0.007  -0.035 1144.53 1086.48 1.261   3700.85    446.05 99.999 99.999 99.999 13.310 13.310 99.999 99.999 99.999  0.301 99.999 99.999 99.999 99.999  99.999  99.999  99.999  99.999  0.007  0.007  0.018  0.015  0.040  0.034    7    6 99.999 99.999   99  22.067008204 -12.459771833  1 59 20.00 2011  9 18 2455822.58287037    30    I                   Netuno_saturado_0012.fits                          Triton                2048  2048
   0.015  -0.069 1145.76 1083.84 1.191   3723.20    529.01 99.999 99.999 99.999 13.327 13.326 99.999 99.999 99.999  0.274 99.999 99.999 99.999 99.999  99.999  99.999  99.999  99.999  0.004  0.004  0.021  0.031  0.053  0.078    7    7 99.999 99.999   99  22.067007473 -12.459784530  2  0 27.00 2011  9 18 2455822.58364583    30    I                   Netuno_saturado_0014.fits                          Triton                2048  2048
   0.056  -0.027 1154.63  783.34 1.402   3195.12    353.43 99.999 99.999 99.999 13.280 13.288 99.999 99.999 99.999  0.377 99.999 99.999 99.999 99.999  99.999  99.999  99.999  99.999  0.003  0.003  0.032  0.029  0.053  0.048    6    5 99.999 99.999   99  22.067003012 -12.459787181  2  5 33.00 2011  9 18 2455822.58718750    30    I                   Netuno_saturado_0023.fits                          Triton                2048  2048
