  -0.403  -0.165  841.98  287.67 0.849   9376.24    640.16 99.999 99.999 99.999 13.499 13.642 99.999 99.999 99.999  0.241 99.999 99.999 99.999 99.999  99.999  99.999  99.999  99.999  0.008  0.008  0.000  0.000  0.000  0.000    4    3 99.999 99.999   99  20.829755398 -17.666489705  6 38 33.86 2002  7 15 2452470.77678079    20  clear                 net0001.fits                                       Triton                1050  1050
   0.344  -0.579  732.95  513.38 0.857  10719.22    973.82 99.999 99.999 99.999 12.915 12.703 99.999 99.999 99.999  0.460 99.999 99.999 99.999 99.999  99.999  99.999  99.999  99.999  0.009  0.009  0.000  0.000  0.000  0.000    3    3 99.999 99.999   99  20.829768076 -17.666612754  6 39 50.29 2002  7 15 2452470.77766539    20  clear                 net0002.fits                                       Triton                1050  1050
  -0.158   0.134  595.55  514.28 0.908  10145.72    778.12 99.999 99.999 99.999 13.310 13.545 99.999 99.999 99.999  0.270 99.999 99.999 99.999 99.999  99.999  99.999  99.999  99.999  0.019  0.019  0.025  0.037  0.029  0.043    5    4 99.999 99.999   99  20.829756951 -17.666420772  6 40 47.37 2002  7 15 2452470.77832604    20  clear                 net0003.fits                                       Triton                1050  1050
  -0.208   0.204  564.15  508.04 0.862   9750.12   1221.72 99.999 99.999 99.999 13.126 13.302 99.999 99.999 99.999  0.348 99.999 99.999 99.999 99.999  99.999  99.999  99.999  99.999  0.018  0.018  0.019  0.128  0.021  0.145    4    4 99.999 99.999   99  20.829754481 -17.666408127  6 41 50.98 2002  7 15 2452470.77906227    20  clear                 net0004.fits                                       Triton                1050  1050
   1.026   1.465  548.36  508.08 0.935  10180.08    706.60 99.999 99.999 99.999 13.326 13.380 99.999 99.999 99.999  0.326 99.999 99.999 99.999 99.999  99.999  99.999  99.999  99.999  0.017  0.017  0.000  0.000  0.000  0.000    3    3 99.999 99.999   99  20.829774740 -17.666074434  6 44 26.13 2002  7 15 2452470.78085799    20  clear                 net0006.fits                                       Triton                1050  1050
  -0.286   0.169  549.39  504.17 0.869   9665.51   1177.32 99.999 99.999 99.999 13.122 13.420 99.999 99.999 99.999  0.315 99.999 99.999 99.999 99.999  99.999  99.999  99.999  99.999  0.026  0.026  0.026  0.118  0.030  0.135    4    4 99.999 99.999   99  20.829743056 -17.666461879  6 48 45.99 2002  7 15 2452470.78386563    20  clear                 net0009.fits                                       Triton                1050  1050
   1.268   1.344  550.26  504.00 0.848   9659.73   1231.82 99.999 99.999 99.999 13.198 13.225 99.999 99.999 99.999  0.387 99.999 99.999 99.999 99.999  99.999  99.999  99.999  99.999  0.026  0.026  0.000  0.000  0.000  0.000    3    3 99.999 99.999   99  20.829772010 -17.666141185  6 49 38.54 2002  7 15 2452470.78447384    20  clear                 net0010.fits                                       Triton                1050  1050
   1.180   1.485  548.41  504.33 0.855  11299.70    866.57 99.999 99.999 99.999 13.265 13.289 99.999 99.999 99.999  0.361 99.999 99.999 99.999 99.999  99.999  99.999  99.999  99.999  0.011  0.011  0.000  0.000  0.000  0.000    3    3 99.999 99.999   99  20.829769092 -17.666107235  6 50 28.31 2002  7 15 2452470.78504988    20  clear                 net0011.fits                                       Triton                1050  1050
  -0.265   0.185  549.00  504.57 0.836  10843.98   1229.21 99.999 99.999 99.999 13.125 13.351 99.999 99.999 99.999  0.364 99.999 99.999 99.999 99.999  99.999  99.999  99.999  99.999  0.023  0.023  0.008  0.127  0.009  0.146    4    4 99.999 99.999   99  20.829739210 -17.666476454  6 51 44.00 2002  7 15 2452470.78592593    20  clear                 net0012.fits                                       Triton                1050  1050
   1.216   1.304  549.63  504.35 0.933   9890.92    724.88 99.999 99.999 99.999 13.314 13.264 99.999 99.999 99.999  0.347 99.999 99.999 99.999 99.999  99.999  99.999  99.999  99.999  0.010  0.010  0.000  0.000  0.000  0.000    3    3 99.999 99.999   99  20.829765721 -17.666175496  6 53 18.70 2002  7 15 2452470.78702199    20  clear                 net0013.fits                                       Triton                1050  1050
   1.128   1.330  547.30  504.46 1.011   8679.02    517.95 99.999 99.999 99.999 13.323 13.288 99.999 99.999 99.999  0.314 99.999 99.999 99.999 99.999  99.999  99.999  99.999  99.999  0.018  0.018  0.000  0.000  0.000  0.000    3    3 99.999 99.999   99  20.829762056 -17.666177027  6 54 39.79 2002  7 15 2452470.78796053    20  clear                 net0014.fits                                       Triton                1050  1050
   1.111   1.465  541.73  496.31 0.799  16711.97   1999.74 99.999 99.999 99.999 13.159 13.168 99.999 99.999 99.999  0.386 99.999 99.999 99.999 99.999  99.999  99.999  99.999  99.999  0.028  0.028  0.000  0.000  0.000  0.000    3    3 99.999 99.999   99  20.829753618 -17.666175494  7  0 20.27 2002  7 15 2452470.79190127    30  clear                 net0016.fits                                       Triton                1050  1050
   1.410   1.426  557.64  496.33 0.821  16930.54   1774.49 99.999 99.999 99.999 13.238 13.211 99.999 99.999 99.999  0.364 99.999 99.999 99.999 99.999  99.999  99.999  99.999  99.999  0.012  0.012  0.000  0.000  0.000  0.000    3    3 99.999 99.999   99  20.829756765 -17.666198057  7  2 10.95 2002  7 15 2452470.79318229    30  clear                 net0017.fits                                       Triton                1050  1050
   1.275   1.361  549.26  495.83 0.905  13681.06   1608.35 99.999 99.999 99.999 13.235 13.211 99.999 99.999 99.999  0.357 99.999 99.999 99.999 99.999  99.999  99.999  99.999  99.999  0.021  0.021  0.000  0.000  0.000  0.000    3    3 99.999 99.999   99  20.829751642 -17.666227393  7  3 56.59 2002  7 15 2452470.79440498    30  clear                 net0018.fits                                       Triton                1050  1050
  -0.215   0.191  553.53  498.25 0.874  16412.87   1168.95 99.999 99.999 99.999 12.989 13.155 99.999 99.999 99.999  0.414 99.999 99.999 99.999 99.999  99.999  99.999  99.999  99.999  0.014  0.014  0.026  0.137  0.030  0.162    5    4 99.999 99.999   99  20.829714827 -17.666586813  7  9 25.31 2002  7 15 2452470.79820961    30  clear                 net0021.fits                                       Triton                1050  1050
   1.261   1.439  550.91  498.36 0.944  14478.09   1027.27 99.999 99.999 99.999 13.157 13.092 99.999 99.999 99.999  0.365 99.999 99.999 99.999 99.999  99.999  99.999  99.999  99.999  0.014  0.014  0.000  0.000  0.000  0.000    3    3 99.999 99.999   99  20.829740807 -17.666252331  7 11 17.70 2002  7 15 2452470.79951042    30  clear                 net0022.fits                                       Triton                1050  1050
   1.330   1.455  551.62  498.17 0.811  16816.18   1691.92 99.999 99.999 99.999 13.125 13.096 99.999 99.999 99.999  0.357 99.999 99.999 99.999 99.999  99.999  99.999  99.999  99.999  0.016  0.016  0.000  0.000  0.000  0.000    3    3 99.999 99.999   99  20.829739993 -17.666257401  7 12 48.71 2002  7 15 2452470.80056377    30  clear                 net0023.fits                                       Triton                1050  1050
   1.313   1.267  553.02  498.69 0.907   9218.29    942.28 99.999 99.999 99.999 13.133 13.121 99.999 99.999 99.999  0.402 99.999 99.999 99.999 99.999  99.999  99.999  99.999  99.999  0.016  0.016  0.000  0.000  0.000  0.000    3    3 99.999 99.999   99  20.829737188 -17.666320437  7 14 31.84 2002  7 15 2452470.80175741    20  clear                 net0024.fits                                       Triton                1050  1050
  -0.139   0.089  549.68  499.52 1.059   7517.54    575.40 99.999 99.999 99.999 13.316 13.351 99.999 99.999 99.999  0.280 99.999 99.999 99.999 99.999  99.999  99.999  99.999  99.999  0.008  0.008  0.142  0.138  0.115  0.112    4    4 99.999 99.999   99  20.829706935 -17.666656543  7 15 57.14 2002  7 15 2452470.80274468    20  clear                 net0025.fits                                       Triton                1050  1050
   1.301   1.484  547.58  497.47 0.774  11575.51   1351.59 99.999 99.999 99.999 13.085 13.046 99.999 99.999 99.999  0.375 99.999 99.999 99.999 99.999  99.999  99.999  99.999  99.999  0.015  0.015  0.000  0.000  0.000  0.000    3    3 99.999 99.999   99  20.829730711 -17.666287815  7 18 53.08 2002  7 15 2452470.80478102    20  clear                 net0027.fits                                       Triton                1050  1050
   1.389   1.338  553.53  498.02 0.936   6107.03    782.24 99.999 99.999 99.999 13.175 13.104 99.999 99.999 99.999  0.385 99.999 99.999 99.999 99.999  99.999  99.999  99.999  99.999  0.011  0.011  0.000  0.000  0.000  0.000    3    3 99.999 99.999   99  20.829721360 -17.666376857  7 26 35.93 2002  7 15 2452470.81013808    15  clear                 net0031.fits                                       Triton                1050  1050
  -0.135   0.091  552.27  498.88 0.982   6780.40    397.82 99.999 99.999 99.999 13.223 13.298 99.999 99.999 99.999  0.278 99.999 99.999 99.999 99.999  99.999  99.999  99.999  99.999  0.018  0.018  0.153  0.152  0.126  0.125    4    4 99.999 99.999   99  20.829655371 -17.666882211  7 51 58.10 2002  7 15 2452470.82775579    15  clear                 net0046.fits                                       Triton                1050  1050
   1.353   1.438  550.85  495.54 0.865   7437.27    762.12 99.999 99.999 99.999 13.047 13.040 99.999 99.999 99.999  0.393 99.999 99.999 99.999 99.999  99.999  99.999  99.999  99.999  0.019  0.019  0.000  0.000  0.000  0.000    3    3 99.999 99.999   99  20.829673906 -17.666553378  7 59 13.16 2002  7 15 2452470.83279120    15  clear                 net0050.fits                                       Triton                1050  1050
  -0.174   0.128  553.52  500.59 0.809   7337.18    941.31 99.999 99.999 99.999 13.007 13.220 99.999 99.999 99.999  0.418 99.999 99.999 99.999 99.999  99.999  99.999  99.999  99.999  0.018  0.018  0.078  0.052  0.102  0.068    5    5 99.999 99.999   99  20.829636225 -17.666951912  8  4 48.27 2002  7 15 2452470.83666979    15  clear                 net0053.fits                                       Triton                1050  1050
  -0.189   0.154  553.78  500.57 0.822   6769.53    993.39 99.999 99.999 99.999 13.035 13.196 99.999 99.999 99.999  0.393 99.999 99.999 99.999 99.999  99.999  99.999  99.999  99.999  0.018  0.018  0.086  0.071  0.113  0.093    5    5 99.999 99.999   99  20.829630914 -17.666966501  8  8 18.11 2002  7 15 2452470.83909850    15  clear                 net0055.fits                                       Triton                1050  1050
  -0.208   0.136  545.80  501.07 0.803   7752.58    811.04 99.999 99.999 99.999 12.961 13.176 99.999 99.999 99.999  0.433 99.999 99.999 99.999 99.999  99.999  99.999  99.999  99.999  0.022  0.022  0.082  0.070  0.108  0.092    5    5 99.999 99.999   99  20.829623758 -17.667000879  8 13  1.83 2002  7 15 2452470.84238229    15  clear                 net0058.fits                                       Triton                1050  1050
   1.378   1.267  546.49  500.76 0.925   6815.68    447.15 99.999 99.999 99.999 12.891 12.921 99.999 99.999 99.999  0.438 99.999 99.999 99.999 99.999  99.999  99.999  99.999  99.999  0.018  0.018  0.000  0.000  0.000  0.000    3    3 99.999 99.999   99  20.829652791 -17.666694499  8 14 17.83 2002  7 15 2452470.84326192    15  clear                 net0059.fits                                       Triton                1050  1050
  -0.873   0.729  545.29  500.33 2.190   2077.95    -23.61 99.999 99.999 99.999 13.631 13.340 99.999 99.999 99.999  0.120 99.999 99.999 99.999 99.999  99.999  99.999  99.999  99.999  0.028  0.028  0.000  0.000  0.000  0.000    3    3 99.999 99.999   99  20.829602776 -17.666871023  8 18 39.64 2002  7 15 2452470.84629213    15  clear                 net0060.fits                                       Triton                1050  1050
