  -0.079   0.006 1196.64 1144.98 2.388   3292.92     32.38 99.999 99.999 99.999 13.525 13.512 99.999 99.999 99.999  0.156 99.999 99.999 99.999 99.999  99.999  99.999  99.999  99.999  0.009  0.009  0.073  0.065  0.057  0.051    4    4 99.999 99.999   99  22.065653670 -12.464645595  2 48 58.00 2011  9 19 2455823.61733796    50    I                   Netuno_saturado_0001.fits                          Triton                2048  2048
  -0.088  -0.015 1196.20 1147.69 2.817   2621.84     -4.64 99.999 99.999 99.999 13.498 13.389 99.999 99.999 99.999  0.170 99.999 99.999 99.999 99.999  99.999  99.999  99.999  99.999  0.009  0.009  0.068  0.052  0.053  0.041    4    4 99.999 99.999   99  22.065652729 -12.464655290  2 49 51.00 2011  9 19 2455823.61795139    50    I                   Netuno_saturado_0002.fits                          Triton                2048  2048
  -0.080  -0.004 1196.09 1143.67 2.472   2920.35     76.67 99.999 99.999 99.999 13.497 13.388 99.999 99.999 99.999  0.164 99.999 99.999 99.999 99.999  99.999  99.999  99.999  99.999  0.014  0.014  0.083  0.058  0.065  0.045    4    4 99.999 99.999   99  22.065651318 -12.464659693  2 51 39.00 2011  9 19 2455823.61920139    50    I                   Netuno_saturado_0004.fits                          Triton                2048  2048
  -0.080   0.001 1194.52 1143.83 2.599   3005.06    -13.18 99.999 99.999 99.999 13.495 13.517 99.999 99.999 99.999  0.158 99.999 99.999 99.999 99.999  99.999  99.999  99.999  99.999  0.018  0.018  0.080  0.050  0.063  0.040    4    4 99.999 99.999   99  22.065649768 -12.464666110  2 53 27.00 2011  9 19 2455823.62045139    50    I                   Netuno_saturado_0006.fits                          Triton                2048  2048
  -0.077   0.001 1196.47 1144.47 2.349   2830.32    167.17 99.999 99.999 99.999 13.501 13.524 99.999 99.999 99.999  0.154 99.999 99.999 99.999 99.999  99.999  99.999  99.999  99.999  0.016  0.016  0.069  0.059  0.054  0.046    4    4 99.999 99.999   99  22.065649058 -12.464669631  2 54 20.00 2011  9 19 2455823.62106481    50    I                   Netuno_saturado_0007.fits                          Triton                2048  2048
  -0.094  -0.008 1192.10 1141.74 2.130   3073.23    256.30 99.999 99.999 99.999 13.494 13.456 99.999 99.999 99.999  0.167 99.999 99.999 99.999 99.999  99.999  99.999  99.999  99.999  0.004  0.004  0.060  0.052  0.047  0.041    4    4 99.999 99.999   99  22.065645631 -12.464687477  2 57 56.00 2011  9 19 2455823.62356481    50    I                   Netuno_saturado_0011.fits                          Triton                2048  2048
  -0.088  -0.010 1193.61 1139.01 2.519   2841.35     80.60 99.999 99.999 99.999 13.503 13.381 99.999 99.999 99.999  0.158 99.999 99.999 99.999 99.999  99.999  99.999  99.999  99.999  0.013  0.013  0.051  0.051  0.040  0.040    4    4 99.999 99.999   99  22.065644971 -12.464692021  2 58 50.00 2011  9 19 2455823.62418982    50    I                   Netuno_saturado_0012.fits                          Triton                2048  2048
  -0.085  -0.023 1194.62 1140.77 2.586   2450.71    136.66 99.999 99.999 99.999 13.482 13.425 99.999 99.999 99.999  0.148 99.999 99.999 99.999 99.999  99.999  99.999  99.999  99.999  0.013  0.013  0.058  0.056  0.046  0.044    4    4 99.999 99.999   99  22.065644258 -12.464699293  2 59 43.00 2011  9 19 2455823.62480324    50    I                   Netuno_saturado_0013.fits                          Triton                2048  2048
  -0.093   0.002 1193.82 1138.09 2.616   2875.39      9.82 99.999 99.999 99.999 13.503 13.416 99.999 99.999 99.999  0.160 99.999 99.999 99.999 99.999  99.999  99.999  99.999  99.999  0.012  0.012  0.067  0.075  0.053  0.059    4    4 99.999 99.999   99  22.065642573 -12.464700103  3  1 31.00 2011  9 19 2455823.62605324    50    I                   Netuno_saturado_0015.fits                          Triton                2048  2048
  -0.080   0.004 1194.43 1136.36 2.455   2892.16     74.66 99.999 99.999 99.999 13.490 13.366 99.999 99.999 99.999  0.164 99.999 99.999 99.999 99.999  99.999  99.999  99.999  99.999  0.011  0.011  0.049  0.048  0.039  0.038    4    4 99.999 99.999   99  22.065641258 -12.464706981  3  3 19.00 2011  9 19 2455823.62730324    50    I                   Netuno_saturado_0017.fits                          Triton                2048  2048
  -0.075  -0.017 1191.25 1139.80 2.679   2563.71     53.56 99.999 99.999 99.999 13.489 13.479 99.999 99.999 99.999  0.168 99.999 99.999 99.999 99.999  99.999  99.999  99.999  99.999  0.013  0.013  0.074  0.055  0.058  0.043    4    4 99.999 99.999   99  22.065640571 -12.464716647  3  4 12.00 2011  9 19 2455823.62791667    50    I                   Netuno_saturado_0018.fits                          Triton                2048  2048
  -0.081  -0.006 1192.74 1134.86 2.691   2777.69      0.13 99.999 99.999 99.999 13.499 13.524 99.999 99.999 99.999  0.163 99.999 99.999 99.999 99.999  99.999  99.999  99.999  99.999  0.016  0.016  0.073  0.054  0.058  0.042    4    4 99.999 99.999   99  22.065639681 -12.464717174  3  5  6.00 2011  9 19 2455823.62854167    50    I                   Netuno_saturado_0019.fits                          Triton                2048  2048
  -0.079  -0.003 1194.47 1135.02 2.518   2721.65    110.33 99.999 99.999 99.999 13.508 13.525 99.999 99.999 99.999  0.155 99.999 99.999 99.999 99.999  99.999  99.999  99.999  99.999  0.016  0.016  0.053  0.045  0.042  0.036    4    4 99.999 99.999   99  22.065638174 -12.464724138  3  6 54.00 2011  9 19 2455823.62979167    50    I                   Netuno_saturado_0021.fits                          Triton                2048  2048
