   0.028   0.024  592.25  565.60 1.110    737.76    119.85 99.999 99.999 99.999 13.466 13.517 99.999 99.999 99.999  0.122 99.999 99.999 99.999 99.999  99.999  99.999  99.999  99.999  0.006  0.006  0.019  0.022  0.050  0.056   11   11 99.999 99.999   99  20.556444233 -18.652937607 22 30 27.86 2001 10 27 2452210.43782245     2  Clear                 net0001.fits                                       Triton                1016  1020
   0.092   0.043  593.37  565.97 1.157    785.78     96.48 99.999 99.999 99.999 13.484 13.535 99.999 99.999 99.999  0.134 99.999 99.999 99.999 99.999  99.999  99.999  99.999  99.999  0.006  0.006  0.017  0.014  0.042  0.036   11   10 99.999 99.999   99  20.556446179 -18.652933608 22 32  9.86 2001 10 27 2452210.43900301     2  Clear                 net0003.fits                                       Triton                1016  1020
   0.050   0.053  590.60  566.91 1.099    831.13    113.70 99.999 99.999 99.999 13.431 13.482 99.999 99.999 99.999  0.138 99.999 99.999 99.999 99.999  99.999  99.999  99.999  99.999  0.007  0.007  0.021  0.015  0.053  0.038   11   10 99.999 99.999   99  20.556445735 -18.652931741 22 33  0.55 2001 10 27 2452210.43958970     2  Clear                 net0004.fits                                       Triton                1016  1020
   0.076   0.023  593.03  567.72 1.300    614.04     91.54 99.999 99.999 99.999 13.433 13.464 99.999 99.999 99.999  0.153 99.999 99.999 99.999 99.999  99.999  99.999  99.999  99.999  0.010  0.010  0.027  0.015  0.068  0.037   11   10 99.999 99.999   99  20.556446565 -18.652940444 22 33 50.67 2001 10 27 2452210.44016979     2  Clear                 net0005.fits                                       Triton                1016  1020
   0.029   0.056  590.53  568.27 1.119    802.64    108.64 99.999 99.999 99.999 13.515 13.517 99.999 99.999 99.999  0.079 99.999 99.999 99.999 99.999  99.999  99.999  99.999  99.999  0.005  0.005  0.021  0.013  0.054  0.032   10   10 99.999 99.999   99  20.556445984 -18.652932236 22 34 41.00 2001 10 27 2452210.44075231     2  Clear                 net0006.fits                                       Triton                1016  1020
   0.039   0.018  592.02  569.25 1.068    801.52    131.39 99.999 99.999 99.999 13.509 13.511 99.999 99.999 99.999  0.102 99.999 99.999 99.999 99.999  99.999  99.999  99.999  99.999  0.006  0.006  0.023  0.012  0.059  0.029   10   10 99.999 99.999   99  20.556446531 -18.652943281 22 35 31.15 2001 10 27 2452210.44133275     2  Clear                 net0007.fits                                       Triton                1016  1020
   0.042   0.037  592.17  569.51 0.916   1074.17    163.66 99.999 99.999 99.999 13.417 13.475 99.999 99.999 99.999  0.128 99.999 99.999 99.999 99.999  99.999  99.999  99.999  99.999  0.013  0.013  0.013  0.014  0.032  0.036   10    9 99.999 99.999   99  20.556446931 -18.652938758 22 36 21.24 2001 10 27 2452210.44191250     2  Clear                 net0008.fits                                       Triton                1016  1020
   0.063   0.030  590.98  568.88 1.296    625.07     92.50 99.999 99.999 99.999 13.484 13.535 99.999 99.999 99.999  0.139 99.999 99.999 99.999 99.999  99.999  99.999  99.999  99.999  0.005  0.005  0.015  0.019  0.038  0.047   11   10 99.999 99.999   99  20.556447685 -18.652941277 22 37 11.40 2001 10 27 2452210.44249306     2  Clear                 net0009.fits                                       Triton                1016  1020
   0.006   0.022  592.39  568.46 1.073    808.83    127.26 99.999 99.999 99.999 13.503 13.505 99.999 99.999 99.999  0.089 99.999 99.999 99.999 99.999  99.999  99.999  99.999  99.999  0.007  0.007  0.017  0.015  0.044  0.037   10   10 99.999 99.999   99  20.556446932 -18.652944440 22 38  1.50 2001 10 27 2452210.44307292     2  Clear                 net0010.fits                                       Triton                1016  1020
  -0.037   0.023  592.61  569.61 0.975    848.18    166.94 99.999 99.999 99.999 13.492 13.543 99.999 99.999 99.999  0.137 99.999 99.999 99.999 99.999  99.999  99.999  99.999  99.999  0.006  0.006  0.026  0.017  0.066  0.044   11   10 99.999 99.999   99  20.556446752 -18.652945309 22 39 41.84 2001 10 27 2452210.44423426     2  Clear                 net0012.fits                                       Triton                1016  1020
   0.013   0.029  593.35  570.28 1.345    622.07     86.43 99.999 99.999 99.999 13.515 13.519 99.999 99.999 99.999  0.064 99.999 99.999 99.999 99.999  99.999  99.999  99.999  99.999  0.013  0.013  0.017  0.016  0.042  0.041    9    9 99.999 99.999   99  20.556448421 -18.652945016 22 41 23.87 2001 10 27 2452210.44541516     2  Clear                 net0014.fits                                       Triton                1016  1020
  -0.031   0.032  593.96  571.35 1.291    554.34    103.90 99.999 99.999 99.999 13.552 13.537 99.999 99.999 99.999  0.088 99.999 99.999 99.999 99.999  99.999  99.999  99.999  99.999  0.000  0.000  0.015  0.014  0.039  0.036   10   10 99.999 99.999   99  20.556447914 -18.652945026 22 42 15.01 2001 10 27 2452210.44600706     2  Clear                 net0015.fits                                       Triton                1016  1020
   0.079   0.051  594.75  571.71 1.278    724.45     81.93 99.999 99.999 99.999 13.458 13.483 99.999 99.999 99.999  0.132 99.999 99.999 99.999 99.999  99.999  99.999  99.999  99.999  0.013  0.013  0.031  0.029  0.059  0.055    9    7 99.999 99.999   99  20.556450769 -18.652941003 22 43 55.86 2001 10 27 2452210.44717431     2  Clear                 net0017.fits                                       Triton                1016  1020
   0.094   0.035  592.96  571.88 1.509    516.22     68.95 99.999 99.999 99.999 13.504 13.555 99.999 99.999 99.999  0.170 99.999 99.999 99.999 99.999  99.999  99.999  99.999  99.999  0.009  0.009  0.031  0.018  0.075  0.043   11    9 99.999 99.999   99  20.556451386 -18.652946475 22 44 47.26 2001 10 27 2452210.44776921     2  Clear                 net0018.fits                                       Triton                1016  1020
   0.114   0.026  596.37  571.85 1.168    711.50    109.01 99.999 99.999 99.999 13.484 13.510 99.999 99.999 99.999  0.133 99.999 99.999 99.999 99.999  99.999  99.999  99.999  99.999  0.011  0.011  0.023  0.016  0.058  0.039   11   10 99.999 99.999   99  20.556452140 -18.652949306 22 45 37.37 2001 10 27 2452210.44834919     2  Clear                 net0019.fits                                       Triton                1016  1020
   0.045   0.041  595.20  572.06 1.048    941.31    120.62 99.999 99.999 99.999 13.548 13.520 99.999 99.999 99.999  0.078 99.999 99.999 99.999 99.999  99.999  99.999  99.999  99.999  0.013  0.013  0.015  0.025  0.030  0.051    8    8 99.999 99.999   99  20.556451132 -18.652946036 22 46 27.49 2001 10 27 2452210.44892928     2  Clear                 net0020.fits                                       Triton                1016  1020
