   0.092  -0.084  427.76  539.61 0.959    428.18     55.91 99.999 99.999 99.999 13.400 13.461 99.999 99.999 99.999  0.049 99.999 99.999 99.999 99.999  99.999  99.999  99.999  99.999  0.011  0.011  0.051  0.057  0.016  0.018    4    4 99.999 99.999   99  19.644958442 -20.962995020 25  9 33.46 1995  9 13 2449974.54830394     1  clear                 13099501.net.fits                                  Triton                 770  1152
   0.084  -0.099  429.37  541.15 1.190    233.02     47.70 99.999 99.999 99.999 13.278 13.457 99.999 99.999 99.999  0.078 99.999 99.999 99.999 99.999  99.999  99.999  99.999  99.999  0.009  0.009  0.067  0.055  0.053  0.043    5    5 99.999 99.999   99  19.644954464 -20.962995253 25 15  2.64 1995  9 13 2449974.55211389     1  clear                 13099502.net.fits                                  Triton                 770  1152
  -0.034  -0.067  430.75  544.63 1.338    238.70     37.48 99.999 99.999 99.999 13.373 13.552 99.999 99.999 99.999  0.073 99.999 99.999 99.999 99.999  99.999  99.999  99.999  99.999  0.017  0.017  0.024  0.029  0.018  0.023    5    5 99.999 99.999   99  19.644951539 -20.962985946 25 15 52.52 1995  9 13 2449974.55269120     1  clear                 13099503.net.fits                                  Triton                 770  1152
  -0.031  -0.049  431.11  545.81 1.008    259.49     70.22 99.999 99.999 99.999 13.397 13.458 99.999 99.999 99.999  0.096 99.999 99.999 99.999 99.999  99.999  99.999  99.999  99.999  0.014  0.014  0.116  0.075  0.037  0.024    4    4 99.999 99.999   99  19.644949997 -20.962979065 25 18 13.58 1995  9 13 2449974.55432384     1  clear                 13099506.net.fits                                  Triton                 770  1152
  -0.074  -0.037  432.03  547.46 1.267    215.13     43.77 99.999 99.999 99.999 13.419 13.598 99.999 99.999 99.999  0.072 99.999 99.999 99.999 99.999  99.999  99.999  99.999  99.999  0.014  0.014  0.037  0.045  0.029  0.035    5    5 99.999 99.999   99  19.644947955 -20.962974813 25 19 57.44 1995  9 13 2449974.55552593     1  clear                 13099508.net.fits                                  Triton                 770  1152
   0.021   0.051  329.04   34.33 1.829  27404.56   2048.93 99.999 99.999 99.999 13.227 13.113 99.999 99.999 99.999  0.377 99.999 99.999 99.999 99.999  99.999  99.999  99.999  99.999  0.010  0.010  0.024  0.030  0.048  0.062   15   12 99.999 99.999   99  19.644925965 -20.962925561 25 54 43.00 1995  9 13 2449974.57966435   180  clear                 13099511.net.fits                                  Triton                 770  1152
   0.019   0.101  331.01   42.61 2.327  34393.12   1493.45 99.999 99.999 99.999 13.270 13.176 99.999 99.999 99.999  0.446 99.999 99.999 99.999 99.999  99.999  99.999  99.999  99.999  0.020  0.020  0.020  0.028  0.046  0.063   15   13 99.999 99.999   99  19.644921877 -20.962907122 26  0 41.00 1995  9 13 2449974.58380787   300  clear                 13099512.net.fits                                  Triton                 770  1152
   0.030   0.090  332.96   52.18 2.287  33673.81   1878.03 99.999 99.999 99.999 13.254 13.137 99.999 99.999 99.999  0.437 99.999 99.999 99.999 99.999  99.999  99.999  99.999  99.999  0.000  0.000  0.022  0.021  0.050  0.047   15   12 99.999 99.999   99  19.644917549 -20.962905283 26  7 24.00 1995  9 13 2449974.58847222   300  clear                 13099513.net.fits                                  Triton                 770  1152
  -0.013   0.071  334.40   60.47 2.248  34984.41   1586.24 99.999 99.999 99.999 13.367 13.282 99.999 99.999 99.999  0.440 99.999 99.999 99.999 99.999  99.999  99.999  99.999  99.999  0.016  0.016  0.020  0.023  0.052  0.059   17   15 99.999 99.999   99  19.644911940 -20.962905399 26 14 23.00 1995  9 13 2449974.59332176   300  clear                 13099514.net.fits                                  Triton                 770  1152
   0.018   0.073  336.24   66.71 2.182  32998.20   2504.13 99.999 99.999 99.999 13.295 13.228 99.999 99.999 99.999  0.401 99.999 99.999 99.999 99.999  99.999  99.999  99.999  99.999  0.011  0.011  0.019  0.017  0.051  0.046   18   15 99.999 99.999   99  19.644908518 -20.962900137 26 20 22.00 1995  9 13 2449974.59747685   300  clear                 13099515.net.fits                                  Triton                 770  1152
