   0.003   0.010  396.38  623.77 0.807   1912.61    398.25 99.999 99.999 99.999 13.420 13.162 99.999 99.999 99.999  0.228 99.999 99.999 99.999 99.999  99.999  99.999  99.999  99.999  0.006  0.006  0.021  0.025  0.054  0.066   10   10 99.999 99.999   99  19.336803979 -21.489543370 22 25 51.26 1993  9  6 2449237.43462106     3  SEM                   06099301.net.fits                                  Triton                 770  1152
  -0.011   0.035  397.09  620.30 0.616   3067.13    505.00 99.999 99.999 99.999 13.397 13.075 99.999 99.999 99.999  0.360 99.999 99.999 99.999 99.999  99.999  99.999  99.999  99.999  0.006  0.006  0.025  0.030  0.066  0.078    9    9 99.999 99.999   99  19.336799862 -21.489563396 22 32 27.02 1993  9  6 2449237.43920162     3  SEM                   06099303.net.fits                                  Triton                 770  1152
  -0.014   0.005  397.28  622.50 0.653   2601.57    531.33 99.999 99.999 99.999 13.385 13.063 99.999 99.999 99.999  0.313 99.999 99.999 99.999 99.999  99.999  99.999  99.999  99.999  0.012  0.012  0.019  0.029  0.050  0.077    9    9 99.999 99.999   99  19.336799524 -21.489573437 22 32 53.71 1993  9  6 2449237.43951053     3  SEM                   06099304.net.fits                                  Triton                 770  1152
   0.004   0.034  397.17  622.14 0.609   2738.74    864.12 99.999 99.999 99.999 13.370 13.048 99.999 99.999 99.999  0.319 99.999 99.999 99.999 99.999  99.999  99.999  99.999  99.999  0.013  0.013  0.026  0.030  0.066  0.077    9    9 99.999 99.999   99  19.336799612 -21.489567346 22 33 22.05 1993  9  6 2449237.43983854     3  SEM                   06099305.net.fits                                  Triton                 770  1152
  -0.043   0.002  397.09  619.87 0.859   1540.11    444.15 99.999 99.999 99.999 13.428 13.313 99.999 99.999 99.999  0.158 99.999 99.999 99.999 99.999  99.999  99.999  99.999  99.999  0.009  0.009  0.014  0.015  0.047  0.051   14   14 99.999 99.999   99  19.336798404 -21.489577926 22 33 50.78 1993  9  6 2449237.44017106     3  SEM                   06099306.net.fits                                  Triton                 770  1152
  -0.043   0.007  397.07  619.20 0.583   2777.66    519.84 99.999 99.999 99.999 13.321 12.999 99.999 99.999 99.999  0.352 99.999 99.999 99.999 99.999  99.999  99.999  99.999  99.999  0.007  0.007  0.021  0.027  0.055  0.069    9    9 99.999 99.999   99  19.336798057 -21.489579021 22 34 25.33 1993  9  6 2449237.44057095     3  SEM                   06099307.net.fits                                  Triton                 770  1152
   0.002   0.013  397.42  621.01 0.674   2490.13    756.89 99.999 99.999 99.999 13.348 13.042 99.999 99.999 99.999  0.309 99.999 99.999 99.999 99.999  99.999  99.999  99.999  99.999  0.003  0.003  0.028  0.031  0.073  0.078    8    8 99.999 99.999   99  19.336798700 -21.489579173 22 34 52.35 1993  9  6 2449237.44088368     3  SEM                   06099308.net.fits                                  Triton                 770  1152
  -0.017   0.019  397.35  620.83 0.778   1983.08    619.51 99.999 99.999 99.999 13.493 13.283 99.999 99.999 99.999  0.249 99.999 99.999 99.999 99.999  99.999  99.999  99.999  99.999  0.006  0.006  0.013  0.012  0.042  0.037   11   10 99.999 99.999   99  19.336798042 -21.489579510 22 35 20.80 1993  9  6 2449237.44121296     3  SEM                   06099309.net.fits                                  Triton                 770  1152
  -0.021  -0.002  397.53  619.44 0.714   2269.63    680.21 99.999 99.999 99.999 13.392 13.088 99.999 99.999 99.999  0.319 99.999 99.999 99.999 99.999  99.999  99.999  99.999  99.999  0.008  0.008  0.016  0.028  0.039  0.070    8    8 99.999 99.999   99  19.336797548 -21.489588139 22 36  1.78 1993  9  6 2449237.44168727     3  SEM                   06099310.net.fits                                  Triton                 770  1152
  -0.010   0.006  398.12  619.05 0.705   2487.22    416.20 99.999 99.999 99.999 13.389 13.068 99.999 99.999 99.999  0.304 99.999 99.999 99.999 99.999  99.999  99.999  99.999  99.999  0.010  0.010  0.022  0.024  0.058  0.062    9    9 99.999 99.999   99  19.336797560 -21.489587627 22 36 25.12 1993  9  6 2449237.44195741     3  SEM                   06099311.net.fits                                  Triton                 770  1152
  -0.020   0.008  398.35  620.67 0.645   2812.25    425.17 99.999 99.999 99.999 13.385 13.079 99.999 99.999 99.999  0.357 99.999 99.999 99.999 99.999  99.999  99.999  99.999  99.999  0.010  0.010  0.025  0.030  0.063  0.077    8    8 99.999 99.999   99  19.336797128 -21.489588616 22 36 50.11 1993  9  6 2449237.44224664     3  SEM                   06099312.net.fits                                  Triton                 770  1152
  -0.004   0.019  398.21  619.21 0.735   2264.17    469.18 99.999 99.999 99.999 13.409 13.151 99.999 99.999 99.999  0.281 99.999 99.999 99.999 99.999  99.999  99.999  99.999  99.999  0.007  0.007  0.019  0.023  0.050  0.060   10   10 99.999 99.999   99  19.336796884 -21.489589033 22 37 45.15 1993  9  6 2449237.44288368     3  SEM                   06099314.net.fits                                  Triton                 770  1152
