   1.244   0.370  354.37  574.60 4.225  36226.94    350.43 99.999 99.999 99.999 14.774 15.134 99.999 99.999 99.999  0.668 99.999 99.999 99.999 99.999  99.999  99.999  99.999  99.999  0.022  0.022  0.018  0.011  0.071  0.044   25   17 99.999 99.999   99  19.458076720 -21.226468249  5 25 24.00 1993  6 24 2449162.72597222   180  filtro desconhecido   24069317.net.fits                                  Triton                 741  1152
   1.282   0.496  354.34  576.38 4.149  34942.48   2153.16 99.999 99.999 99.999 14.642 14.897 99.999 99.999 99.999  0.563 99.999 99.999 99.999 99.999  99.999  99.999  99.999  99.999  0.076  0.076  0.018  0.010  0.075  0.043   25   18 99.999 99.999   99  19.458071110 -21.226442381  5 29 35.00 1993  6 24 2449162.72887731   180  filtro desconhecido   24069318.net.fits                                  Triton                 741  1152
   0.032   0.254  390.86  211.91 1.935  40694.42  -1617.46 99.999 99.999 99.999 14.000 14.441 99.999 99.999 99.999  1.145 99.999 99.999 99.999 99.999  99.999  99.999  99.999  99.999  0.019  0.019  0.037  0.034  0.081  0.074   17   13 99.999 99.999   99  19.456102775 -21.228009335  3 51  3.00 1993  6 25 2449163.66045139   180  filtro desconhecido   25069308.net.fits                                  Triton                 770  1152
   0.014   0.188  391.44  211.01 1.947  41252.32  -1902.99 99.999 99.999 99.999 14.021 14.472 99.999 99.999 99.999  1.143 99.999 99.999 99.999 99.999  99.999  99.999  99.999  99.999  0.018  0.018  0.029  0.036  0.068  0.084   17   14 99.999 99.999   99  19.456097614 -21.228028898  3 54 30.00 1993  6 25 2449163.66284722   180  filtro desconhecido   25069309.net.fits                                  Triton                 770  1152
  -0.027   0.189  392.40  210.21 1.959  40711.68  -1610.15 99.999 99.999 99.999 13.986 14.356 99.999 99.999 99.999  1.115 99.999 99.999 99.999 99.999  99.999  99.999  99.999  99.999  0.017  0.017  0.027  0.039  0.057  0.081   17   13 99.999 99.999   99  19.456092027 -21.228029569  3 57 56.00 1993  6 25 2449163.66523148   180  filtro desconhecido   25069310.net.fits                                  Triton                 770  1152
   0.028   0.127  398.27  951.09 2.080  40951.63   5270.80 99.999 99.999 99.999 13.703 13.681 99.999 99.999 99.999  0.215 99.999 99.999 99.999 99.999  99.999  99.999  99.999  99.999  0.014  0.014  0.009  0.013  0.032  0.049   32   27 99.999 99.999   99  19.352585776 -21.452206534 22 29  5.00 1993  8 22 2449222.43686343   180  filtro desconhecido   22089316.net.fits                                  Triton                 770  1152
  -0.013  -0.037  244.89  353.64 1.555  16986.42    608.62 99.999 99.999 99.999 13.527 13.727 99.999 99.999 99.999  0.199 99.999 99.999 99.999 99.999  99.999  99.999  99.999  99.999  0.018  0.018  0.010  0.036  0.017  0.064    5    5 99.999 99.999   99  19.676014181 -20.801957322  8  1  2.00 1994  4 16 2449458.83405093   180    -                   16049414.net.fits                                  Triton                 379   566
   0.087   0.111  559.43  497.00 1.459  24230.21   1191.68 99.999 99.999 99.999 13.017 12.967 99.999 99.999 99.999  0.831 99.999 99.999 99.999 99.999  99.999  99.999  99.999  99.999  0.008  0.008  0.053  0.002  0.097  0.003    6    4 99.999 99.999   99  20.676617954 -18.187085013  1 42 13.35 2001  7 15 2452105.57098785   120  14/07/01              pro0001.fits                                       Triton                1050  1050
   0.032   0.093  560.14  490.74 1.095  27130.02   2341.24 99.999 99.999 99.999 12.964 13.103 99.999 99.999 99.999  0.888 99.999 99.999 99.999 99.999  99.999  99.999  99.999  99.999  0.011  0.011  0.049  0.071  0.093  0.134    6    4 99.999 99.999   99  20.676559375 -18.187421894  2 26 23.34 2001  7 15 2452105.60165903    90  14/07/01              pro0012.fits                                       Triton                1050  1050
   0.085  -0.052  533.21  517.15 1.133  13950.57   1169.67 99.999 99.999 99.999 13.145 13.081 99.999 99.999 99.999  0.183 99.999 99.999 99.999 99.999  99.999  99.999  99.999  99.999  0.008  0.008  0.030  0.021  0.071  0.050    7    6 99.999 99.999   99  21.066152229 -16.838103303  0 46 13.53 2004  8 22 2453239.53210104    20  5magn                 net2108040062.fits                                 Triton                1050  1050
   0.162  -0.053  534.00  514.33 1.320   4212.22    186.72 99.999 99.999 99.999 13.216 13.289 99.999 99.999 99.999  0.344 99.999 99.999 99.999 99.999  99.999  99.999  99.999  99.999  0.017  0.017  0.034  0.055  0.067  0.110    5    4 99.999 99.999   99  21.065930799 -16.839553377  3 46 50.58 2004  8 22 2453239.65752986    30  5magn                 net2108040065.fits                                 Triton                1050  1050
   0.374   0.119  535.52  512.42 1.135  13542.18    803.01 99.999 99.999 99.999 13.082 13.193 99.999 99.999 99.999  0.111 99.999 99.999 99.999 99.999  99.999  99.999  99.999  99.999  0.017  0.017  0.057  0.036  0.081  0.051    6    6 99.999 99.999   99  21.065897712 -16.839743921  4 16 36.27 2004  8 22 2453239.67819757    20  5magn                 net2108040076.fits                                 Triton                1050  1050
   0.236  -0.136  535.55  510.91 1.089   3177.59    231.72 99.999 99.999 99.999 13.133 12.920 99.999 99.999 99.999  0.296 99.999 99.999 99.999 99.999  99.999  99.999  99.999  99.999  0.000  0.000  0.058  0.014  0.110  0.028    5    4 99.999 99.999   99  21.065855048 -16.840070342  4 48 33.19 2004  8 22 2453239.70038414    20  5magn                 net2108040104.fits                                 Triton                1050  1050
