   0.028  -0.047 1127.61 1089.21 1.438   1089.17    113.64 99.999 99.999 99.999 13.452 13.421 99.999 99.999 99.999  0.107 99.999 99.999 99.999 99.999  99.999  99.999  99.999  99.999  0.007  0.007  0.002  0.020  0.003  0.039    4    4 99.999 99.999   99  22.067042622 -12.459683174  1 26 32.00 2011  9 18 2455822.56009259    10    I                   Netuno_0001.fits                                   Triton                2048  2048
   0.005  -0.055 1128.52 1087.45 1.771    935.20     48.32 99.999 99.999 99.999 13.467 13.449 99.999 99.999 99.999  0.096 99.999 99.999 99.999 99.999  99.999  99.999  99.999  99.999  0.003  0.003  0.046  0.002  0.092  0.003    4    4 99.999 99.999   99  22.067041935 -12.459685890  1 26 46.00 2011  9 18 2455822.56025463    10    I                   Netuno_0002.fits                                   Triton                2048  2048
   0.031  -0.039 1129.88 1089.11 1.845    968.19     20.01 99.999 99.999 99.999 13.421 13.403 99.999 99.999 99.999  0.110 99.999 99.999 99.999 99.999  99.999  99.999  99.999  99.999  0.008  0.008  0.046  0.010  0.092  0.019    4    4 99.999 99.999   99  22.067041945 -12.459682694  1 27 14.00 2011  9 18 2455822.56057870    10    I                   Netuno_0004.fits                                   Triton                2048  2048
   0.021  -0.022 1129.85 1093.03 1.767    919.49     44.26 99.999 99.999 99.999 13.433 13.475 99.999 99.999 99.999  0.094 99.999 99.999 99.999 99.999  99.999  99.999  99.999  99.999  0.005  0.005  0.020  0.019  0.044  0.042    5    5 99.999 99.999   99  22.067041250 -12.459679387  1 27 42.00 2011  9 18 2455822.56090278    10    I                   Netuno_0006.fits                                   Triton                2048  2048
   0.033  -0.020 1130.13 1094.14 1.691    909.91     69.25 99.999 99.999 99.999 13.425 13.465 99.999 99.999 99.999  0.086 99.999 99.999 99.999 99.999  99.999  99.999  99.999  99.999  0.013  0.014  0.030  0.037  0.069  0.086    6    6 99.999 99.999   99  22.067041267 -12.459679392  1 27 56.00 2011  9 18 2455822.56106481    10    I                   Netuno_0007.fits                                   Triton                2048  2048
   0.011  -0.026 1129.46 1091.92 1.670    991.85     48.57 99.999 99.999 99.999 13.499 13.479 99.999 99.999 99.999  0.065 99.999 99.999 99.999 99.999  99.999  99.999  99.999  99.999  0.010  0.010  0.035  0.002  0.070  0.005    4    4 99.999 99.999   99  22.067040604 -12.459681566  1 28 10.00 2011  9 18 2455822.56122685    10    I                   Netuno_0008.fits                                   Triton                2048  2048
   0.005  -0.046 1130.14 1082.37 1.757    879.23     52.05 99.999 99.999 99.999 13.475 13.446 99.999 99.999 99.999  0.086 99.999 99.999 99.999 99.999  99.999  99.999  99.999  99.999  0.004  0.004  0.037  0.001  0.073  0.002    4    4 99.999 99.999   99  22.067040005 -12.459688514  1 28 37.00 2011  9 18 2455822.56153935    10    I                   Netuno_0010.fits                                   Triton                2048  2048
   0.080  -0.043 1130.09 1086.42 1.434    449.94     69.86 99.999 99.999 99.999 13.433 13.414 99.999 99.999 99.999  0.091 99.999 99.999 99.999 99.999  99.999  99.999  99.999  99.999  0.012  0.012  0.000  0.000  0.000  0.000    3    3 99.999 99.999   99  22.067040712 -12.459689767  1 29 19.00 2011  9 18 2455822.56202546    10    I                   Netuno_0013.fits                                   Triton                2048  2048
   0.026  -0.050 1127.50 1087.55 2.045    459.59     13.87 99.999 99.999 99.999 13.442 13.416 99.999 99.999 99.999  0.083 99.999 99.999 99.999 99.999  99.999  99.999  99.999  99.999  0.014  0.014  0.000  0.000  0.000  0.000    3    3 99.999 99.999   99  22.067039459 -12.459692134  1 29 33.00 2011  9 18 2455822.56218750    10    I                   Netuno_0014.fits                                   Triton                2048  2048
   0.066  -0.032 1128.97 1080.26 1.656    541.01     30.41 99.999 99.999 99.999 13.462 13.444 99.999 99.999 99.999  0.062 99.999 99.999 99.999 99.999  99.999  99.999  99.999  99.999  0.012  0.012  0.000  0.000  0.000  0.000    3    3 99.999 99.999   99  22.067038779 -12.459691175  1 30 56.00 2011  9 18 2455822.56314815    10    I                   Netuno_0020.fits                                   Triton                2048  2048
   0.028  -0.049 1129.50 1085.94 1.764    465.58     41.25 99.999 99.999 99.999 13.417 13.380 99.999 99.999 99.999  0.035 99.999 99.999 99.999 99.999  99.999  99.999  99.999  99.999  0.015  0.015  0.000  0.000  0.000  0.000    3    3 99.999 99.999   99  22.067037344 -12.459698127  1 31 38.00 2011  9 18 2455822.56363426    10    I                   Netuno_0023.fits                                   Triton                2048  2048
   0.018  -0.041 1130.88 1085.74 1.826    468.53     34.97 99.999 99.999 99.999 13.350 13.316 99.999 99.999 99.999  0.068 99.999 99.999 99.999 99.999  99.999  99.999  99.999  99.999  0.016  0.016  0.000  0.000  0.000  0.000    3    3 99.999 99.999   99  22.067036923 -12.459696310  1 31 52.00 2011  9 18 2455822.56379630    10    I                   Netuno_0024.fits                                   Triton                2048  2048
   0.074  -0.029 1130.55 1085.99 1.362    499.89     90.56 99.999 99.999 99.999 13.426 13.390 99.999 99.999 99.999  0.016 99.999 99.999 99.999 99.999  99.999  99.999  99.999  99.999  0.013  0.013  0.000  0.000  0.000  0.000    3    3 99.999 99.999   99  22.067037739 -12.459693642  1 32  6.00 2011  9 18 2455822.56395833    10    I                   Netuno_0025.fits                                   Triton                2048  2048
   0.047  -0.024 1128.52 1078.36 2.676    262.42     19.86 99.999 99.999 99.999 13.429 13.408 99.999 99.999 99.999  0.058 99.999 99.999 99.999 99.999  99.999  99.999  99.999  99.999  0.017  0.017  0.000  0.000  0.000  0.000    3    3 99.999 99.999   99  22.067036745 -12.459693741  1 32 33.00 2011  9 18 2455822.56427083    10    I                   Netuno_0027.fits                                   Triton                2048  2048
   0.025  -0.024 1130.52 1076.86 2.555    286.10     18.28 99.999 99.999 99.999 13.433 13.401 99.999 99.999 99.999  0.055 99.999 99.999 99.999 99.999  99.999  99.999  99.999  99.999  0.018  0.018  0.000  0.000  0.000  0.000    3    3 99.999 99.999   99  22.067036117 -12.459694105  1 32 47.00 2011  9 18 2455822.56443287    10    I                   Netuno_0028.fits                                   Triton                2048  2048
   0.085  -0.021 1128.94 1077.32 2.050    402.44     21.04 99.999 99.999 99.999 13.424 13.399 99.999 99.999 99.999  0.034 99.999 99.999 99.999 99.999  99.999  99.999  99.999  99.999  0.013  0.013  0.000  0.000  0.000  0.000    3    3 99.999 99.999   99  22.067037001 -12.459694056  1 33  1.00 2011  9 18 2455822.56459491    10    I                   Netuno_0029.fits                                   Triton                2048  2048
   0.021  -0.023 1129.38 1080.79 1.947    439.39     22.51 99.999 99.999 99.999 13.450 13.423 99.999 99.999 99.999  0.012 99.999 99.999 99.999 99.999  99.999  99.999  99.999  99.999  0.004  0.004  0.000  0.000  0.000  0.000    3    3 99.999 99.999   99  22.067035309 -12.459695874  1 33 29.00 2011  9 18 2455822.56491898    10    I                   Netuno_0031.fits                                   Triton                2048  2048
   0.041  -0.056 1130.91 1083.43 1.480    677.34     37.82 99.999 99.999 99.999 13.412 13.399 99.999 99.999 99.999  0.082 99.999 99.999 99.999 99.999  99.999  99.999  99.999  99.999  0.013  0.013  0.000  0.000  0.000  0.000    3    3 99.999 99.999   99  22.067034968 -12.459706949  1 34 11.00 2011  9 18 2455822.56540509    10    I                   Netuno_0034.fits                                   Triton                2048  2048
   0.054  -0.009 1130.61 1080.15 1.961    427.57     23.21 99.999 99.999 99.999 13.448 13.403 99.999 99.999 99.999  0.080 99.999 99.999 99.999 99.999  99.999  99.999  99.999  99.999  0.013  0.013  0.000  0.000  0.000  0.000    3    3 99.999 99.999   99  22.067034025 -12.459697277  1 35 20.00 2011  9 18 2455822.56620370    10    I                   Netuno_0039.fits                                   Triton                2048  2048
   0.042  -0.035 1130.14 1081.59 1.754    808.78     75.49 99.999 99.999 99.999 13.396 13.474 99.999 99.999 99.999  0.119 99.999 99.999 99.999 99.999  99.999  99.999  99.999  99.999  0.012  0.012  0.021  0.026  0.047  0.057    5    5 99.999 99.999   99  22.067033316 -12.459705961  1 35 48.00 2011  9 18 2455822.56652778    10    I                   Netuno_0041.fits                                   Triton                2048  2048
   0.006  -0.061 1128.24 1082.85 1.919    853.87     30.31 99.999 99.999 99.999 13.486 13.466 99.999 99.999 99.999  0.063 99.999 99.999 99.999 99.999  99.999  99.999  99.999  99.999  0.009  0.009  0.040  0.009  0.079  0.017    4    4 99.999 99.999   99  22.067032390 -12.459713674  1 36  2.00 2011  9 18 2455822.56668981    10    I                   Netuno_0042.fits                                   Triton                2048  2048
   0.082  -0.032 1133.06 1073.72 1.330    880.58    190.84 99.999 99.999 99.999 13.471 13.436 99.999 99.999 99.999  0.102 99.999 99.999 99.999 99.999  99.999  99.999  99.999  99.999  0.004  0.004  0.053  0.022  0.105  0.044    4    4 99.999 99.999   99  22.067032642 -12.459708842  1 37 11.00 2011  9 18 2455822.56748843    10    I                   Netuno_0047.fits                                   Triton                2048  2048
   0.044  -0.063 1134.51 1080.70 2.033    607.93     72.14 99.999 99.999 99.999 13.432 13.356 99.999 99.999 99.999  0.072 99.999 99.999 99.999 99.999  99.999  99.999  99.999  99.999  0.007  0.007  0.064  0.012  0.126  0.023    4    4 99.999 99.999   99  22.067031699 -12.459718051  1 37 25.00 2011  9 18 2455822.56765046    10    I                   Netuno_0048.fits                                   Triton                2048  2048
   0.030  -0.030 1132.23 1079.44 1.737    756.49     98.32 99.999 99.999 99.999 13.458 13.470 99.999 99.999 99.999  0.088 99.999 99.999 99.999 99.999  99.999  99.999  99.999  99.999  0.010  0.010  0.023  0.026  0.050  0.057    5    5 99.999 99.999   99  22.067031181 -12.459709590  1 37 39.00 2011  9 18 2455822.56781250    10    I                   Netuno_0049.fits                                   Triton                2048  2048
   0.075  -0.067 1130.83 1081.79 1.733    762.54     90.13 99.999 99.999 99.999 13.459 13.432 99.999 99.999 99.999  0.065 99.999 99.999 99.999 99.999  99.999  99.999  99.999  99.999  0.013  0.013  0.059  0.006  0.117  0.012    4    4 99.999 99.999   99  22.067031556 -12.459721233  1 38  7.00 2011  9 18 2455822.56813657    10    I                   Netuno_0051.fits                                   Triton                2048  2048
   0.002  -0.057 1131.92 1078.84 1.641    953.41     74.00 99.999 99.999 99.999 13.404 13.393 99.999 99.999 99.999  0.091 99.999 99.999 99.999 99.999  99.999  99.999  99.999  99.999  0.013  0.013  0.050  0.021  0.099  0.042    4    4 99.999 99.999   99  22.067029921 -12.459719184  1 38 21.00 2011  9 18 2455822.56829861    10    I                   Netuno_0052.fits                                   Triton                2048  2048
   0.015  -0.050 1132.85 1076.63 2.087    738.80     28.32 99.999 99.999 99.999 13.430 13.464 99.999 99.999 99.999  0.103 99.999 99.999 99.999 99.999  99.999  99.999  99.999  99.999  0.009  0.009  0.022  0.040  0.051  0.091    6    6 99.999 99.999   99  22.067029925 -12.459717715  1 38 35.00 2011  9 18 2455822.56846065    10    I                   Netuno_0053.fits                                   Triton                2048  2048
   0.002  -0.028 1135.15 1074.36 1.763    871.42     61.46 99.999 99.999 99.999 13.441 13.490 99.999 99.999 99.999  0.104 99.999 99.999 99.999 99.999  99.999  99.999  99.999  99.999  0.010  0.010  0.015  0.026  0.033  0.057    5    5 99.999 99.999   99  22.067029448 -12.459712268  1 38 48.00 2011  9 18 2455822.56861111    10    I                   Netuno_0054.fits                                   Triton                2048  2048
   0.046  -0.053 1134.52 1073.67 2.039    723.69     39.34 99.999 99.999 99.999 13.427 13.474 99.999 99.999 99.999  0.123 99.999 99.999 99.999 99.999  99.999  99.999  99.999  99.999  0.013  0.013  0.031  0.032  0.072  0.074    6    6 99.999 99.999   99  22.067030073 -12.459720133  1 39  2.00 2011  9 18 2455822.56877315    10    I                   Netuno_0055.fits                                   Triton                2048  2048
   0.030  -0.052 1134.57 1077.35 1.899    850.82     34.37 99.999 99.999 99.999 13.426 13.417 99.999 99.999 99.999  0.110 99.999 99.999 99.999 99.999  99.999  99.999  99.999  99.999  0.013  0.013  0.044  0.006  0.088  0.012    4    4 99.999 99.999   99  22.067029512 -12.459720305  1 39 16.00 2011  9 18 2455822.56893519    10    I                   Netuno_0056.fits                                   Triton                2048  2048
  -0.020  -0.063 1133.60 1080.34 1.922    915.37     12.23 99.999 99.999 99.999 13.508 13.493 99.999 99.999 99.999  0.167 99.999 99.999 99.999 99.999  99.999  99.999  99.999  99.999  0.009  0.009  0.040  0.007  0.080  0.015    4    4 99.999 99.999   99  22.067028339 -12.459724002  1 39 30.00 2011  9 18 2455822.56909722    10    I                   Netuno_0057.fits                                   Triton                2048  2048
   0.052  -0.012 1132.69 1083.20 1.974    850.75     16.43 99.999 99.999 99.999 13.467 13.444 99.999 99.999 99.999  0.079 99.999 99.999 99.999 99.999  99.999  99.999  99.999  99.999  0.008  0.008  0.048  0.008  0.096  0.016    4    4 99.999 99.999   99  22.067029453 -12.459710565  1 39 44.00 2011  9 18 2455822.56925926    10    I                   Netuno_0058.fits                                   Triton                2048  2048
   0.009  -0.066 1133.37 1083.29 2.035    793.00     19.73 99.999 99.999 99.999 13.435 13.489 99.999 99.999 99.999  0.092 99.999 99.999 99.999 99.999  99.999  99.999  99.999  99.999  0.008  0.008  0.032  0.037  0.073  0.086    6    6 99.999 99.999   99  22.067028399 -12.459726035  1 39 58.00 2011  9 18 2455822.56942130    10    I                   Netuno_0059.fits                                   Triton                2048  2048
   0.005  -0.038 1133.69 1080.08 1.844    905.31     29.25 99.999 99.999 99.999 13.415 13.452 99.999 99.999 99.999  0.114 99.999 99.999 99.999 99.999  99.999  99.999  99.999  99.999  0.008  0.008  0.022  0.029  0.048  0.064    5    5 99.999 99.999   99  22.067028093 -12.459718835  1 40 12.00 2011  9 18 2455822.56958333    10    I                   Netuno_0060.fits                                   Triton                2048  2048
