  -0.002   0.008  525.42  558.74 2.163    176.06     16.12 99.999 99.999 99.999 13.471 13.572 99.999 99.999 99.999  0.103 99.999 99.999 99.999 99.999  99.999  99.999  99.999  99.999  0.022  0.022  0.012  0.011  0.053  0.053   31   29 99.999 99.999   99  19.322674413 -21.425853984  6 10 47.09 1992  6 10 2448783.75748947     2  filtro desconhecido   10069202.net.fits                                  Triton                 770  1152
  -0.020  -0.037  526.01  556.96 2.014    191.73     15.11 99.999 99.999 99.999 13.428 13.514 99.999 99.999 99.999  0.120 99.999 99.999 99.999 99.999  99.999  99.999  99.999  99.999  0.019  0.019  0.009  0.012  0.045  0.057   33   31 99.999 99.999   99  19.322673121 -21.425869047  6 11 46.60 1992  6 10 2448783.75817824     2  filtro desconhecido   10069203.net.fits                                  Triton                 770  1152
   0.018  -0.017  526.39  558.42 1.937    174.00     16.50 99.999 99.999 99.999 13.366 13.435 99.999 99.999 99.999  0.133 99.999 99.999 99.999 99.999  99.999  99.999  99.999  99.999  0.016  0.016  0.009  0.011  0.040  0.050   30   26 99.999 99.999   99  19.322673073 -21.425866094  6 12 39.74 1992  6 10 2448783.75879329     2  filtro desconhecido   10069204.net.fits                                  Triton                 770  1152
  -0.020  -0.046  496.50  412.79 2.187     68.64     18.33 99.999 99.999 99.999 13.449 13.526 99.999 99.999 99.999  0.123 99.999 99.999 99.999 99.999  99.999  99.999  99.999  99.999  0.017  0.017  0.020  0.023  0.053  0.062   17   16 99.999 99.999   99  19.322666871 -21.425891248  6 18 40.12 1992  6 10 2448783.76296435     2  filtro desconhecido   10069205.net.fits                                  Triton                 770  1152
  -0.011  -0.050  496.47  411.73 2.177    132.58     14.95 99.999 99.999 99.999 13.472 13.534 99.999 99.999 99.999  0.152 99.999 99.999 99.999 99.999  99.999  99.999  99.999  99.999  0.031  0.031  0.009  0.014  0.039  0.062   36   33 99.999 99.999   99  19.322666286 -21.425894739  6 19 31.53 1992  6 10 2448783.76355937     2  filtro desconhecido   10069207.net.fits                                  Triton                 770  1152
  -0.044  -0.027  497.31  411.56 1.909    163.72     21.95 99.999 99.999 99.999 13.388 13.480 99.999 99.999 99.999  0.129 99.999 99.999 99.999 99.999  99.999  99.999  99.999  99.999  0.023  0.023  0.010  0.011  0.047  0.052   40   33 99.999 99.999   99  19.322663738 -21.425894171  6 21 36.22 1992  6 10 2448783.76500255     2  filtro desconhecido   10069206.net.fits                                  Triton                 770  1152
   0.013  -0.016  523.83  562.28 2.087    172.76     17.57 99.999 99.999 99.999 13.493 13.571 99.999 99.999 99.999  0.140 99.999 99.999 99.999 99.999  99.999  99.999  99.999  99.999  0.015  0.015  0.010  0.010  0.046  0.049   33   31 99.999 99.999   99  19.322663560 -21.425895113  6 23  2.24 1992  6 10 2448783.76599815     2  filtro desconhecido   10069208.net.fits                                  Triton                 770  1152
  -0.013  -0.043  524.65  561.01 2.134    199.64     16.32 99.999 99.999 99.999 13.376 13.478 99.999 99.999 99.999  0.132 99.999 99.999 99.999 99.999  99.999  99.999  99.999  99.999  0.018  0.018  0.011  0.013  0.052  0.063   38   33 99.999 99.999   99  19.322661962 -21.425905877  6 24 13.60 1992  6 10 2448783.76682407     2  filtro desconhecido   10069209.net.fits                                  Triton                 770  1152
   0.008  -0.044  524.82  562.79 1.909    295.07     12.77 99.999 99.999 99.999 13.340 13.489 99.999 99.999 99.999  0.218 99.999 99.999 99.999 99.999  99.999  99.999  99.999  99.999  0.000  0.000  0.010  0.011  0.051  0.056   40   36 99.999 99.999   99  19.322661416 -21.425909113  6 25 17.49 1992  6 10 2448783.76756354     2  filtro desconhecido   10069210.net.fits                                  Triton                 770  1152
  -0.048  -0.073  526.01  561.76 2.069    262.01     20.17 99.999 99.999 99.999 13.356 13.485 99.999 99.999 99.999  0.190 99.999 99.999 99.999 99.999  99.999  99.999  99.999  99.999  0.023  0.023  0.011  0.011  0.057  0.055   42   37 99.999 99.999   99  19.322659495 -21.425919707  6 26 11.45 1992  6 10 2448783.76818808     2  filtro desconhecido   10069211.net.fits                                  Triton                 770  1152
  -0.021  -0.002  527.22  561.02 2.467    125.25     16.32 99.999 99.999 99.999 13.442 13.493 99.999 99.999 99.999  0.123 99.999 99.999 99.999 99.999  99.999  99.999  99.999  99.999  0.025  0.025  0.010  0.011  0.043  0.049   31   26 99.999 99.999   99  19.322658497 -21.425904596  6 27 51.48 1992  6 10 2448783.76934583     2  filtro desconhecido   10069213.net.fits                                  Triton                 770  1152
