  -0.265  -0.071  508.54  559.88 1.055   9807.03    644.22 99.999 99.999 99.999 13.168 13.090 99.999 99.999 99.999  0.091 99.999 99.999 99.999 99.999  99.999  99.999  99.999  99.999  0.004  0.004  0.000  0.000  0.000  0.000    4    4 99.999 99.999   99  20.877745097 -17.554529684 23 52 11.28 2003  9 15 2452898.49457500    20  Clear                 150903net0007.fits                                 Triton                1016  1020
  -0.290  -0.064  509.17  560.28 0.981  10707.37    807.65 99.999 99.999 99.999 13.207 13.276 99.999 99.999 99.999  0.095 99.999 99.999 99.999 99.999  99.999  99.999  99.999  99.999  0.004  0.005  0.068  0.014  0.045  0.021    5    5 99.999 99.999   99  20.877742975 -17.554539681 23 54  9.36 2003  9 15 2452898.49594167    20  Clear                 150903net0008.fits                                 Triton                1016  1020
  -0.275  -0.067  508.71  559.05 0.981   3821.04    284.92 99.999 99.999 99.999 13.218 13.297 99.999 99.999 99.999  0.050 99.999 99.999 99.999 99.999  99.999  99.999  99.999  99.999  0.006  0.006  0.046  0.018  0.030  0.026    5    5 99.999 99.999   99  20.877739446 -17.554568940 23 58 47.94 2003  9 15 2452898.49916597     7  Clear                 150903net0011.fits                                 Triton                1016  1020
  -0.293  -0.073  509.78  561.00 0.827  10596.18    957.40 99.999 99.999 99.999 13.184 13.250 99.999 99.999 99.999  0.098 99.999 99.999 99.999 99.999  99.999  99.999  99.999  99.999  0.006  0.006  0.063  0.012  0.041  0.018    5    5 99.999 99.999   99  20.877737587 -17.554581716  0  0 36.52 2003  9 16 2452898.50042269    15  Clear                 150903net0012.fits                                 Triton                1016  1020
  -0.282  -0.069  509.41  560.03 0.862   9060.84    973.26 99.999 99.999 99.999 13.173 13.268 99.999 99.999 99.999  0.103 99.999 99.999 99.999 99.999  99.999  99.999  99.999  99.999  0.003  0.003  0.085  0.006  0.055  0.009    5    5 99.999 99.999   99  20.877735907 -17.554594577  0  2 53.09 2003  9 16 2452898.50200336    15  Clear                 150903net0013.fits                                 Triton                1016  1020
  -0.288  -0.069  509.66  558.77 1.005   7508.63    618.97 99.999 99.999 99.999 13.212 13.300 99.999 99.999 99.999  0.086 99.999 99.999 99.999 99.999  99.999  99.999  99.999  99.999  0.003  0.003  0.066  0.012  0.043  0.017    5    5 99.999 99.999   99  20.877734236 -17.554606099  0  4 45.80 2003  9 16 2452898.50330787    15  Clear                 150903net0014.fits                                 Triton                1016  1020
  -0.294  -0.067  510.47  560.48 0.957  10000.94   1064.89 99.999 99.999 99.999 13.207 13.271 99.999 99.999 99.999  0.071 99.999 99.999 99.999 99.999  99.999  99.999  99.999  99.999  0.004  0.004  0.068  0.014  0.045  0.021    5    5 99.999 99.999   99  20.877729702 -17.554637961  0 10  5.29 2003  9 16 2452898.50700567    20  Clear                 150903net0017.fits                                 Triton                1016  1020
   0.125  -0.083  510.79  558.52 1.170   7142.35    626.34 99.999 99.999 99.999 13.210 13.133 99.999 99.999 99.999  0.086 99.999 99.999 99.999 99.999  99.999  99.999  99.999  99.999  0.005  0.005  0.104  0.004  0.070  0.006    6    5 99.999 99.999   99  20.877734312 -17.554668550  0 14 19.99 2003  9 16 2452898.50995359    20  Clear                 150903net0019.fits                                 Triton                1016  1020
  -0.286  -0.071  507.94  558.70 1.157   7352.10    637.95 99.999 99.999 99.999 13.201 13.076 99.999 99.999 99.999  0.098 99.999 99.999 99.999 99.999  99.999  99.999  99.999  99.999  0.003  0.003  0.071  0.016  0.047  0.024    5    5 99.999 99.999   99  20.877725163 -17.554673917  0 15 45.10 2003  9 16 2452898.51093866    20  Clear                 150903net0020.fits                                 Triton                1016  1020
  -0.243  -0.086  507.64  559.92 1.084   8054.57    764.02 99.999 99.999 99.999 13.175 12.858 99.999 99.999 99.999  0.082 99.999 99.999 99.999 99.999  99.999  99.999  99.999  99.999  0.002  0.002  0.000  0.000  0.000  0.000    4    4 99.999 99.999   99  20.877724608 -17.554688413  0 17 25.59 2003  9 16 2452898.51210174    20  Clear                 150903net0021.fits                                 Triton                1016  1020
  -0.262  -0.101  508.68  559.23 1.105   8221.39    667.64 99.999 99.999 99.999 13.228 13.259 99.999 99.999 99.999  0.044 99.999 99.999 99.999 99.999  99.999  99.999  99.999  99.999  0.002  0.002  0.000  0.000  0.000  0.000    4    4 99.999 99.999   99  20.877721724 -17.554711306  0 20 28.89 2003  9 16 2452898.51422326    20  Clear                 150903net0023.fits                                 Triton                1016  1020
  -0.275  -0.076  509.49  559.32 1.111  21322.30   1515.45 99.999 99.999 99.999 13.225 13.100 99.999 99.999 99.999  0.086 99.999 99.999 99.999 99.999  99.999  99.999  99.999  99.999  0.004  0.004  0.056  0.012  0.037  0.017    5    5 99.999 99.999   99  20.877714485 -17.554755603  0 28 51.31 2003  9 16 2452898.52003831    50  Clear                 150903net0027.fits                                 Triton                1016  1020
  -0.449  -0.119  511.31  558.84 1.193  10869.71    826.49 99.999 99.999 99.999 13.264 12.889 99.999 99.999 99.999  0.051 99.999 99.999 99.999 99.999  99.999  99.999  99.999  99.999  0.005  0.005  0.000  0.000  0.000  0.000    4    4 99.999 99.999   99  20.877702753 -17.554829178  0 38 53.26 2003  9 16 2452898.52700532    30  Clear                 150903net0030.fits                                 Triton                1016  1020
  -0.278  -0.081  510.19  557.48 1.480  14123.01   1096.54 99.999 99.999 99.999 13.234 13.097 99.999 99.999 99.999  0.078 99.999 99.999 99.999 99.999  99.999  99.999  99.999  99.999  0.004  0.004  0.056  0.010  0.037  0.014    5    5 99.999 99.999   99  20.877696512 -17.554888784  0 50 20.42 2003  9 16 2452898.53495856    60  Clear                 150903net0034.fits                                 Triton                1016  1020
  -0.294  -0.053  511.99  560.16 2.025   1007.49     59.01 99.999 99.999 99.999 13.261 13.372 99.999 99.999 99.999  0.145 99.999 99.999 99.999 99.999  99.999  99.999  99.999  99.999  0.008  0.008  0.074  0.011  0.050  0.017    5    5 99.999 99.999   99  20.877692103 -17.554911300  0 55 15.45 2003  9 16 2452898.53837326     7  Clear                 li0039.fits                                        Triton                1016  1020
   0.057  -0.056  513.18  559.45 1.531   1246.82    139.26 99.999 99.999 99.999 13.303 13.416 99.999 99.999 99.999  0.108 99.999 99.999 99.999 99.999  99.999  99.999  99.999  99.999  0.005  0.005  0.057  0.000  0.039  0.000    6    5 99.999 99.999   99  20.877698169 -17.554917401  0 56  9.37 2003  9 16 2452898.53899734     7  Clear                 li0040.fits                                        Triton                1016  1020
   0.101  -0.087  514.75  559.99 1.645   1169.07     80.61 99.999 99.999 99.999 13.536 13.617 99.999 99.999 99.999  0.067 99.999 99.999 99.999 99.999  99.999  99.999  99.999  99.999  0.005  0.005  0.088  0.016  0.061  0.023    6    5 99.999 99.999   99  20.877697762 -17.554935443  0 57 39.24 2003  9 16 2452898.54003750     7  Clear                 li0041.fits                                        Triton                1016  1020
   0.089  -0.103  512.73  560.10 2.328    596.30     38.97 99.999 99.999 99.999 13.764 13.841 99.999 99.999 99.999  0.082 99.999 99.999 99.999 99.999  99.999  99.999  99.999  99.999  0.011  0.011  0.015  0.024  0.011  0.033    6    5 99.999 99.999   99  20.877696166 -17.554950042  0 59 17.74 2003  9 16 2452898.54117755     7  Clear                 li0042.fits                                        Triton                1016  1020
  -0.254  -0.060  513.56  562.00 2.063    579.19     72.47 99.999 99.999 99.999 13.730 13.918 99.999 99.999 99.999  0.157 99.999 99.999 99.999 99.999  99.999  99.999  99.999  99.999  0.008  0.008  0.040  0.008  0.027  0.012    5    5 99.999 99.999   99  20.877688491 -17.554945452  1  0 30.50 2003  9 16 2452898.54201968     7  Clear                 li0043.fits                                        Triton                1016  1020
   0.076  -0.093  512.97  560.75 1.904    510.80     85.73 99.999 99.999 99.999 13.841 13.913 99.999 99.999 99.999  0.186 99.999 99.999 99.999 99.999  99.999  99.999  99.999  99.999  0.004  0.004  0.028  0.027  0.019  0.037    6    5 99.999 99.999   99  20.877693896 -17.554961892  1  1 42.73 2003  9 16 2452898.54285567     7  Clear                 li0044.fits                                        Triton                1016  1020
   0.126  -0.118  511.44  560.46 2.415    429.39     38.26 99.999 99.999 99.999 13.952 14.037 99.999 99.999 99.999  0.265 99.999 99.999 99.999 99.999  99.999  99.999  99.999  99.999  0.011  0.011  0.054  0.023  0.037  0.032    6    5 99.999 99.999   99  20.877694002 -17.554975236  1  2 44.30 2003  9 16 2452898.54356829     7  Clear                 li0045.fits                                        Triton                1016  1020
   0.068  -0.078  508.46  562.00 1.401    708.87     98.78 99.999 99.999 99.999 13.981 14.067 99.999 99.999 99.999  0.422 99.999 99.999 99.999 99.999  99.999  99.999  99.999  99.999  0.004  0.004  0.051  0.006  0.036  0.008    6    5 99.999 99.999   99  20.877690635 -17.554980776  1  5 26.05 2003  9 16 2452898.54544039     7  Clear                 li0046.fits                                        Triton                1016  1020
