  -0.000  -0.021  314.61  537.69 2.557    210.84     10.95 99.999 99.999 99.999 13.449 13.661 99.999 99.999 99.999  0.119 99.999 99.999 99.999 99.999  99.999  99.999  99.999  99.999  0.031  0.031  0.009  0.014  0.025  0.039   10   10 99.999 99.999   99  19.458246218 -21.226279377  3 17 42.39 1993  6 24 2449162.63729618     1  filtro desconhecido   24069301.net.fits                                  Triton                 741  1152
  -0.034  -0.093  314.44  534.14 1.931    283.22     21.37 99.999 99.999 99.999 13.514 13.622 99.999 99.999 99.999  0.206 99.999 99.999 99.999 99.999  99.999  99.999  99.999  99.999  0.029  0.029  0.015  0.010  0.053  0.036   14   13 99.999 99.999   99  19.458241569 -21.226306070  3 20 18.38 1993  6 24 2449162.63910162     1  filtro desconhecido   24069302.net.fits                                  Triton                 741  1152
  -0.028  -0.006  314.90  532.76 2.381    217.28     17.22 99.999 99.999 99.999 13.338 13.565 99.999 99.999 99.999  0.101 99.999 99.999 99.999 99.999  99.999  99.999  99.999  99.999  0.043  0.043  0.015  0.016  0.041  0.042    9    9 99.999 99.999   99  19.458241024 -21.226283013  3 20 45.35 1993  6 24 2449162.63941377     1  filtro desconhecido   24069303.net.fits                                  Triton                 741  1152
   0.030  -0.007  315.32  535.41 2.292    253.83      8.89 99.999 99.999 99.999 13.421 13.650 99.999 99.999 99.999  0.175 99.999 99.999 99.999 99.999  99.999  99.999  99.999  99.999  0.033  0.033  0.008  0.008  0.025  0.028   11   11 99.999 99.999   99  19.458241488 -21.226284424  3 21 12.97 1993  6 24 2449162.63973345     1  filtro desconhecido   24069304.net.fits                                  Triton                 741  1152
   0.004   0.007  315.55  534.85 2.880    170.62     15.74 99.999 99.999 99.999 13.475 13.543 99.999 99.999 99.999  0.181 99.999 99.999 99.999 99.999  99.999  99.999  99.999  99.999  0.030  0.030  0.011  0.013  0.035  0.038   12   11 99.999 99.999   99  19.458240280 -21.226281653  3 21 39.82 1993  6 24 2449162.64004421     1  filtro desconhecido   24069305.net.fits                                  Triton                 741  1152
   0.051   0.095  315.82  532.53 2.547  37147.56  -1220.54 99.999 99.999 99.999 13.300 13.440 99.999 99.999 99.999  0.707 99.999 99.999 99.999 99.999  99.999  99.999  99.999  99.999  0.018  0.018  0.016  0.014  0.062  0.054   24   16 99.999 99.999   99  19.458237477 -21.226263192  3 24  7.00 1993  6 24 2449162.64174769   180  filtro desconhecido   24069306.net.fits                                  Triton                 741  1152
   0.042   0.106  319.06  526.21 2.797  39268.90   -805.20 99.999 99.999 99.999 13.476 13.554 99.999 99.999 99.999  0.322 99.999 99.999 99.999 99.999  99.999  99.999  99.999  99.999  0.015  0.015  0.019  0.016  0.071  0.060   23   18 99.999 99.999   99  19.458219844 -21.226288344  3 35 36.00 1993  6 24 2449162.64972222   240  filtro desconhecido   24069307.net.fits                                  Triton                 741  1152
  -0.009   0.078  321.57  520.99 2.625  35146.22   -998.49 99.999 99.999 99.999 13.240 13.388 99.999 99.999 99.999  0.676 99.999 99.999 99.999 99.999  99.999  99.999  99.999  99.999  0.018  0.018  0.017  0.014  0.066  0.057   24   19 99.999 99.999   99  19.458205765 -21.226316972  3 44 11.00 1993  6 24 2449162.65568287   180  filtro desconhecido   24069308.net.fits                                  Triton                 741  1152
   0.016   0.074  322.23  518.82 2.716  35613.86  -1754.62 99.999 99.999 99.999 13.253 13.436 99.999 99.999 99.999  0.671 99.999 99.999 99.999 99.999  99.999  99.999  99.999  99.999  0.021  0.021  0.017  0.014  0.067  0.057   24   19 99.999 99.999   99  19.458200794 -21.226326670  3 47 47.00 1993  6 24 2449162.65818287   180  filtro desconhecido   24069309.net.fits                                  Triton                 741  1152
   0.001   0.081  322.91  517.60 2.647  36004.56  -1378.38 99.999 99.999 99.999 13.232 13.395 99.999 99.999 99.999  0.668 99.999 99.999 99.999 99.999  99.999  99.999  99.999  99.999  0.017  0.017  0.016  0.015  0.065  0.059   24   19 99.999 99.999   99  19.458195188 -21.226333388  3 51 16.00 1993  6 24 2449162.66060185   180  filtro desconhecido   24069310.net.fits                                  Triton                 741  1152
   0.035  -0.014  359.78  545.22 0.860    787.72     99.94 99.999 99.999 99.999 13.365 13.573 99.999 99.999 99.999  0.099 99.999 99.999 99.999 99.999  99.999  99.999  99.999  99.999  0.008  0.008  0.013  0.013  0.045  0.044   13   13 99.999 99.999   99  19.458109499 -21.226492201  4 48  2.76 1993  6 24 2449162.70003194     1  filtro desconhecido   24069311.net.fits                                  Triton                 741  1152
   0.012  -0.006  360.64  547.37 0.786   1157.70     85.22 99.999 99.999 99.999 13.419 13.581 99.999 99.999 99.999  0.069 99.999 99.999 99.999 99.999  99.999  99.999  99.999  99.999  0.014  0.014  0.009  0.011  0.025  0.033    9    9 99.999 99.999   99  19.458102705 -21.226499546  4 52 12.40 1993  6 24 2449162.70292130     1  filtro desconhecido   24069312.net.fits                                  Triton                 741  1152
  -0.006  -0.024  360.22  546.85 0.623   1526.24    158.41 99.999 99.999 99.999 13.348 13.510 99.999 99.999 99.999  0.075 99.999 99.999 99.999 99.999  99.999  99.999  99.999  99.999  0.010  0.010  0.009  0.012  0.026  0.034    9    9 99.999 99.999   99  19.458101574 -21.226505612  4 52 42.77 1993  6 24 2449162.70327280     1  filtro desconhecido   24069313.net.fits                                  Triton                 741  1152
   0.000  -0.012  360.24  547.72 0.904   1116.68     22.86 99.999 99.999 99.999 13.414 13.577 99.999 99.999 99.999  0.065 99.999 99.999 99.999 99.999  99.999  99.999  99.999  99.999  0.009  0.009  0.009  0.012  0.027  0.034    9    9 99.999 99.999   99  19.458100394 -21.226504073  4 53 34.41 1993  6 24 2449162.70387049     1  filtro desconhecido   24069314.net.fits                                  Triton                 741  1152
   0.006  -0.029  360.78  547.86 0.875   1130.98     29.50 99.999 99.999 99.999 13.420 13.582 99.999 99.999 99.999  0.058 99.999 99.999 99.999 99.999  99.999  99.999  99.999  99.999  0.001  0.001  0.011  0.015  0.031  0.045    9    9 99.999 99.999   99  19.458099724 -21.226510121  4 54  5.38 1993  6 24 2449162.70422894     1  filtro desconhecido   24069315.net.fits                                  Triton                 741  1152
