  -0.160   0.027  584.18  416.80 1.572    368.75     52.02 99.999 99.999 99.999 13.380 13.483 99.999 99.999 99.999  0.230 99.999 99.999 99.999 99.999  99.999  99.999  99.999  99.999  0.009  0.009  0.023  0.032  0.050  0.069   15    9 99.999 99.999   99  20.272069768 -19.387819674  3 58 16.46 1998  6  6 2450970.66546829     1  Clear                 06069801.net.fits                                  Triton                1024  1024
  -0.024  -0.117  584.24  419.46 1.342    654.09     41.95 99.999 99.999 99.999 13.438 13.489 99.999 99.999 99.999  0.190 99.999 99.999 99.999 99.999  99.999  99.999  99.999  99.999  0.011  0.011  0.023  0.024  0.071  0.074   16   12 99.999 99.999   99  20.272069080 -19.387883387  4  3 10.97 1998  6  6 2450970.66887697     1  Clear                 06069806.net.fits                                  Triton                1024  1024
  -0.039   0.018  585.11  419.83 1.649    448.95     30.07 99.999 99.999 99.999 13.406 13.520 99.999 99.999 99.999  0.294 99.999 99.999 99.999 99.999  99.999  99.999  99.999  99.999  0.016  0.016  0.023  0.025  0.072  0.080   16   12 99.999 99.999   99  20.272067338 -19.387856175  4  5 18.95 1998  6  6 2450970.67035822     1  Clear                 06069809.net.fits                                  Triton                1024  1024
  -0.129  -0.071  584.67  421.88 3.320  36984.95    833.54 99.999 99.999 99.999 14.555 14.567 99.999 99.999 99.999  0.482 99.999 99.999 99.999 99.999  99.999  99.999  99.999  99.999  0.045  0.045  0.023  0.021  0.070  0.064   17   12 99.999 99.999   99  20.272057111 -19.387940339  4 17 43.00 1998  6  6 2450970.67896991   300  Clear                 06069812.net.fits                                  Triton                1024  1024
   0.073  -0.057  581.67  413.55 1.347    617.95     47.03 99.999 99.999 99.999 13.372 13.485 99.999 99.999 99.999  0.299 99.999 99.999 99.999 99.999  99.999  99.999  99.999  99.999  0.017  0.017  0.019  0.020  0.053  0.055   16   10 99.999 99.999   99  20.272036026 -19.388111403  4 54  6.36 1998  6  6 2450970.70424028     1  Clear                 06069816.net.fits                                  Triton                1024  1024
   0.007  -0.074  584.25  419.92 1.787    504.74      3.06 99.999 99.999 99.999 13.367 13.469 99.999 99.999 99.999  0.298 99.999 99.999 99.999 99.999  99.999  99.999  99.999  99.999  0.026  0.026  0.023  0.017  0.077  0.055   17   12 99.999 99.999   99  20.272008340 -19.388299467  5 31 59.95 1998  6  6 2450970.73055498     1  Clear                 06069835.net.fits                                  Triton                1024  1024
  -0.070  -0.000  584.97  422.84 1.910    393.28     16.00 99.999 99.999 99.999 13.364 13.467 99.999 99.999 99.999  0.296 99.999 99.999 99.999 99.999  99.999  99.999  99.999  99.999  0.010  0.010  0.018  0.024  0.062  0.084   17   14 99.999 99.999   99  20.272005800 -19.388286213  5 33 26.90 1998  6  6 2450970.73156134     1  Clear                 06069837.net.fits                                  Triton                1024  1024
  -0.148  -0.060  583.86  422.12 1.417    531.11     48.73 99.999 99.999 99.999 13.356 13.452 99.999 99.999 99.999  0.283 99.999 99.999 99.999 99.999  99.999  99.999  99.999  99.999  0.017  0.017  0.019  0.024  0.049  0.062   17   11 99.999 99.999   99  20.272003786 -19.388306176  5 34  8.97 1998  6  6 2450970.73204826     1  Clear                 06069838.net.fits                                  Triton                1024  1024
   0.043   0.043  627.87  425.43 0.941   1219.67     71.20 99.999 99.999 99.999 13.333 13.433 99.999 99.999 99.999  0.276 99.999 99.999 99.999 99.999  99.999  99.999  99.999  99.999  0.013  0.013  0.021  0.023  0.063  0.070   15   12 99.999 99.999   99  20.271972231 -19.388520882  6 24 12.30 1998  6  6 2450970.76680903     1  Clear                 06069846.net.fits                                  Triton                1024  1024
   0.154  -0.076  631.21  429.07 2.665  39840.45  -1032.37 99.999 99.999 99.999 14.928 14.970 99.999 99.999 99.999  0.612 99.999 99.999 99.999 99.999  99.999  99.999  99.999  99.999  0.049  0.052  0.025  0.020  0.076  0.061   15   10 99.999 99.999   99  20.271964134 -19.388624414  6 38 39.00 1998  6  6 2450970.77684028   240  Clear                 06069852.net.fits                                  Triton                1024  1024
   0.116  -0.069  632.70  430.20 2.731  39895.37  -1217.64 99.999 99.999 99.999 14.780 14.774 99.999 99.999 99.999  0.567 99.999 99.999 99.999 99.999  99.999  99.999  99.999  99.999  0.049  0.053  0.023  0.022  0.067  0.064   15    9 99.999 99.999   99  20.271960030 -19.388645599  6 43 22.00 1998  6  6 2450970.78011574   240  Clear                 06069853.net.fits                                  Triton                1024  1024
   0.019  -0.025  634.14  430.92 2.700  37648.03    384.23 99.999 99.999 99.999 14.868 14.912 99.999 99.999 99.999  0.608 99.999 99.999 99.999 99.999  99.999  99.999  99.999  99.999  0.057  0.057  0.024  0.022  0.070  0.064   14   10 99.999 99.999   99  20.271954753 -19.388656394  6 48  6.00 1998  6  6 2450970.78340278   240  Clear                 06069854.net.fits                                  Triton                1024  1024
