   0.182  -0.164  414.35  501.83 1.773    286.91     21.34 99.999 99.999 99.999 13.578 13.750 99.999 99.999 99.999  0.131 99.999 99.999 99.999 99.999  99.999  99.999  99.999  99.999  0.021  0.021  0.041  0.006  0.056  0.008    5    5 99.999 99.999   99  19.792686549 -20.674481458 26 14  0.39 1996  9 28 2450355.59306007     1     cl                 28099601.net.fits                                  Triton                 739  1140
   0.056  -0.058  411.75  502.81 1.865    268.98     24.55 99.999 99.999 99.999 13.618 13.775 99.999 99.999 99.999  0.162 99.999 99.999 99.999 99.999  99.999  99.999  99.999  99.999  0.027  0.027  0.048  0.103  0.064  0.139    4    4 99.999 99.999   99  19.792683751 -20.674452321 26 14 39.33 1996  9 28 2450355.59351076     1     cl                 28099602.net.fits                                  Triton                 739  1140
   0.009  -0.093  409.83  502.64 1.741    308.39     20.55 99.999 99.999 99.999 13.555 13.726 99.999 99.999 99.999  0.047 99.999 99.999 99.999 99.999  99.999  99.999  99.999  99.999  0.023  0.023  0.021  0.054  0.028  0.072    5    5 99.999 99.999   99  19.792682542 -20.674462437 26 15 17.34 1996  9 28 2450355.59395069     1     cl                 28099603.net.fits                                  Triton                 739  1140
   0.062  -0.154  408.62  501.72 1.537    303.98     36.89 99.999 99.999 99.999 13.522 13.694 99.999 99.999 99.999  0.064 99.999 99.999 99.999 99.999  99.999  99.999  99.999  99.999  0.031  0.031  0.060  0.031  0.080  0.042    5    5 99.999 99.999   99  19.792683303 -20.674479676 26 15 54.36 1996  9 28 2450355.59437917     1     cl                 28099604.net.fits                                  Triton                 739  1140
   0.015  -0.039  406.74  502.58 1.777    270.81     27.48 99.999 99.999 99.999 13.495 13.693 99.999 99.999 99.999  0.094 99.999 99.999 99.999 99.999  99.999  99.999  99.999  99.999  0.027  0.027  0.005  0.022  0.006  0.030    6    5 99.999 99.999   99  19.792682110 -20.674448367 26 16 33.36 1996  9 28 2450355.59483056     1     cl                 28099605.net.fits                                  Triton                 739  1140
  -0.029  -0.091  403.72  502.63 2.036    262.99     10.93 99.999 99.999 99.999 13.551 13.723 99.999 99.999 99.999  0.112 99.999 99.999 99.999 99.999  99.999  99.999  99.999  99.999  0.020  0.020  0.031  0.018  0.041  0.025    5    5 99.999 99.999   99  19.792680652 -20.674463541 26 17 48.33 1996  9 28 2450355.59569826     1     cl                 28099607.net.fits                                  Triton                 739  1140
   0.131  -0.083  400.77  501.70 1.948    238.11     23.27 99.999 99.999 99.999 13.379 13.551 99.999 99.999 99.999  0.068 99.999 99.999 99.999 99.999  99.999  99.999  99.999  99.999  0.009  0.009  0.035  0.035  0.047  0.047    5    5 99.999 99.999   99  19.792683534 -20.674461976 26 18 27.33 1996  9 28 2450355.59614965     1     cl                 28099608.net.fits                                  Triton                 739  1140
  -0.016  -0.099  398.14  502.72 1.729    279.81     31.32 99.999 99.999 99.999 13.548 13.719 99.999 99.999 99.999  0.069 99.999 99.999 99.999 99.999  99.999  99.999  99.999  99.999  0.020  0.020  0.036  0.059  0.049  0.078    5    5 99.999 99.999   99  19.792680347 -20.674466625 26 19  3.35 1996  9 28 2450355.59656655     1     cl                 28099609.net.fits                                  Triton                 739  1140
   0.177  -0.074  396.44  502.28 1.808    266.26     24.68 99.999 99.999 99.999 13.522 13.693 99.999 99.999 99.999  0.150 99.999 99.999 99.999 99.999  99.999  99.999  99.999  99.999  0.007  0.007  0.034  0.036  0.045  0.048    5    5 99.999 99.999   99  19.792683899 -20.674460411 26 19 42.34 1996  9 28 2450355.59701782     1     cl                 28099610.net.fits                                  Triton                 739  1140
  -0.009  -0.047  396.95  502.96 1.544    314.30     37.84 99.999 99.999 99.999 13.494 13.666 99.999 99.999 99.999  0.080 99.999 99.999 99.999 99.999  99.999  99.999  99.999  99.999  0.017  0.017  0.012  0.073  0.016  0.095    5    4 99.999 99.999   99  19.792679910 -20.674453195 26 20 21.35 1996  9 28 2450355.59746933     1     cl                 28099611.net.fits                                  Triton                 739  1140
  -0.055  -0.134  394.35  503.72 1.759    280.59     25.49 99.999 99.999 99.999 13.428 13.599 99.999 99.999 99.999  0.065 99.999 99.999 99.999 99.999  99.999  99.999  99.999  99.999  0.023  0.023  0.039  0.020  0.052  0.026    5    4 99.999 99.999   99  19.792678753 -20.674477787 26 20 57.37 1996  9 28 2450355.59788623     1     cl                 28099612.net.fits                                  Triton                 739  1140
   0.015  -0.016  392.08  502.85 1.459    345.66     38.31 99.999 99.999 99.999 13.397 13.568 99.999 99.999 99.999  0.088 99.999 99.999 99.999 99.999  99.999  99.999  99.999  99.999  0.019  0.019  0.077  0.050  0.103  0.066    5    5 99.999 99.999   99  19.792679818 -20.674445589 26 21 36.37 1996  9 28 2450355.59833762     1     cl                 28099613.net.fits                                  Triton                 739  1140
   0.037  -0.124  390.76  502.55 1.858    290.21     17.07 99.999 99.999 99.999 13.445 13.617 99.999 99.999 99.999  0.083 99.999 99.999 99.999 99.999  99.999  99.999  99.999  99.999  0.024  0.024  0.051  0.060  0.068  0.080    5    5 99.999 99.999   99  19.792679984 -20.674475952 26 22 13.33 1996  9 28 2450355.59876539     1     cl                 28099614.net.fits                                  Triton                 739  1140
   0.072  -0.062  388.18  503.28 1.998    255.94     15.77 99.999 99.999 99.999 13.592 13.764 99.999 99.999 99.999  0.063 99.999 99.999 99.999 99.999  99.999  99.999  99.999  99.999  0.022  0.022  0.046  0.062  0.062  0.083    5    5 99.999 99.999   99  19.792680388 -20.674459121 26 22 52.33 1996  9 28 2450355.59921678     1     cl                 28099615.net.fits                                  Triton                 739  1140
