  -0.125  -0.284  572.51  558.23 0.973   5455.92    470.45 99.999 99.999 99.999 12.876 12.943 99.999 99.999 99.999  0.362 99.999 99.999 99.999 99.999  99.999  99.999  99.999  99.999  0.005  0.005  0.000  0.000  0.000  0.000    3    3 99.999 99.999   99  20.912074773 -17.412379467 23 30 39.49 2003  8 23 2452875.47962373    10  Clear                 230803net0001.fits                                 Triton                1050  1050
  -0.083  -0.374  577.49  556.27 1.118   4800.17    289.17 99.999 99.999 99.999 12.955 12.954 99.999 99.999 99.999  0.322 99.999 99.999 99.999 99.999  99.999  99.999  99.999  99.999  0.014  0.014  0.268  0.142  0.134  0.071    4    4 99.999 99.999   99  20.912021826 -17.412731656  0 12 53.27 2003  8 24 2452875.50894988    10  Clear                 230803net0014.fits                                 Triton                1050  1050
   0.227  -0.207  578.29  555.97 1.096   4933.12    283.94 99.999 99.999 99.999 12.900 12.780 99.999 99.999 99.999  0.394 99.999 99.999 99.999 99.999  99.999  99.999  99.999  99.999  0.009  0.009  0.000  0.000  0.000  0.000    3    3 99.999 99.999   99  20.912015246 -17.412761509  0 22 45.81 2003  8 24 2452875.51580799    10  Clear                 230803net0019.fits                                 Triton                1050  1050
   0.266  -0.212  578.63  556.43 1.054   5102.94    366.55 99.999 99.999 99.999 13.027 13.182 99.999 99.999 99.999  0.345 99.999 99.999 99.999 99.999  99.999  99.999  99.999  99.999  0.007  0.007  0.000  0.000  0.000  0.000    3    3 99.999 99.999   99  20.912010445 -17.412796275  0 27  5.38 2003  8 24 2452875.51881227    10  Clear                 230803net0022.fits                                 Triton                1050  1050
   0.279  -0.293  575.01  555.90 1.211   3704.50    346.64 99.999 99.999 99.999 13.297 13.459 99.999 99.999 99.999  0.270 99.999 99.999 99.999 99.999  99.999  99.999  99.999  99.999  0.014  0.014  0.000  0.000  0.000  0.000    3    3 99.999 99.999   99  20.912009085 -17.412828591  0 28 21.67 2003  8 24 2452875.51969525    10  Clear                 230803net0023.fits                                 Triton                1050  1050
   0.217  -0.235  574.98  556.13 1.242   3892.03    262.03 99.999 99.999 99.999 13.202 13.380 99.999 99.999 99.999  0.296 99.999 99.999 99.999 99.999  99.999  99.999  99.999  99.999  0.007  0.007  0.000  0.000  0.000  0.000    3    3 99.999 99.999   99  20.912006154 -17.412823191  0 29 42.63 2003  8 24 2452875.52063229    10  Clear                 230803net0024.fits                                 Triton                1050  1050
   0.185  -0.339  572.13  559.38 1.244   3548.58    305.32 99.999 99.999 99.999 13.159 13.345 99.999 99.999 99.999  0.259 99.999 99.999 99.999 99.999  99.999  99.999  99.999  99.999  0.008  0.008  0.000  0.000  0.000  0.000    3    3 99.999 99.999   99  20.911999544 -17.412888093  0 34 23.93 2003  8 24 2452875.52388808    10  Clear                 230803net0027.fits                                 Triton                1050  1050
   0.300  -0.298  577.05  553.01 1.899   1407.70    151.57 99.999 99.999 99.999 13.117 13.285 99.999 99.999 99.999  0.237 99.999 99.999 99.999 99.999  99.999  99.999  99.999  99.999  0.006  0.006  0.000  0.000  0.000  0.000    3    3 99.999 99.999   99  20.911998358 -17.412896841  0 37  2.84 2003  8 24 2452875.52572731    10  Clear                 230803net0029.fits                                 Triton                1050  1050
   0.256  -0.298  574.18  553.74 1.576   2479.83    152.24 99.999 99.999 99.999 13.166 13.333 99.999 99.999 99.999  0.258 99.999 99.999 99.999 99.999  99.999  99.999  99.999  99.999  0.008  0.008  0.000  0.000  0.000  0.000    3    3 99.999 99.999   99  20.911995942 -17.412906688  0 38 16.46 2003  8 24 2452875.52657940    10  Clear                 230803net0030.fits                                 Triton                1050  1050
   0.217  -0.290  574.28  556.34 1.322   3548.01    213.68 99.999 99.999 99.999 13.231 13.415 99.999 99.999 99.999  0.243 99.999 99.999 99.999 99.999  99.999  99.999  99.999  99.999  0.006  0.006  0.000  0.000  0.000  0.000    3    3 99.999 99.999   99  20.911993408 -17.412915124  0 39 39.13 2003  8 24 2452875.52753623    10  Clear                 230803net0031.fits                                 Triton                1050  1050
   0.274  -0.284  574.40  557.37 1.208   4156.08    267.03 99.999 99.999 99.999 13.132 13.322 99.999 99.999 99.999  0.264 99.999 99.999 99.999 99.999  99.999  99.999  99.999  99.999  0.007  0.007  0.000  0.000  0.000  0.000    3    3 99.999 99.999   99  20.911992732 -17.412924107  0 41  2.95 2003  8 24 2452875.52850637    10  Clear                 230803net0032.fits                                 Triton                1050  1050
