   0.020  -0.040  385.73  692.45 0.867   3916.86    180.63 99.999 99.999 99.999 13.438 13.506 99.999 99.999 99.999  0.185 99.999 99.999 99.999 99.999  99.999  99.999  99.999  99.999  0.008  0.008  0.020  0.024  0.057  0.070   10    9 99.999 99.999   99  19.771418972 -20.630859163  5 30  3.16 1995  6 27 2449895.72920324     4  C                     26069501.net.fits                                  Triton                 770  1152
   0.031  -0.045  386.39  692.58 0.810   4727.45    153.86 99.999 99.999 99.999 13.391 13.428 99.999 99.999 99.999  0.190 99.999 99.999 99.999 99.999  99.999  99.999  99.999  99.999  0.010  0.010  0.020  0.021  0.059  0.062   10    9 99.999 99.999   99  19.771417276 -20.630869540  5 31 36.41 1995  6 27 2449895.73028252     4  C                     26069502.net.fits                                  Triton                 770  1152
   0.022  -0.039  386.80  691.24 0.779   4966.51    188.89 99.999 99.999 99.999 13.409 13.439 99.999 99.999 99.999  0.183 99.999 99.999 99.999 99.999  99.999  99.999  99.999  99.999  0.003  0.003  0.021  0.020  0.061  0.059   10    9 99.999 99.999   99  19.771416120 -20.630872341  5 32 23.70 1995  6 27 2449895.73082986     4  C                     26069503.net.fits                                  Triton                 770  1152
   0.029  -0.023  386.74  690.93 0.774   4823.73    242.93 99.999 99.999 99.999 13.386 13.442 99.999 99.999 99.999  0.202 99.999 99.999 99.999 99.999  99.999  99.999  99.999  99.999  0.010  0.010  0.019  0.023  0.057  0.066   10    9 99.999 99.999   99  19.771415270 -20.630872613  5 33 10.99 1995  6 27 2449895.73137720     4  C                     26069504.net.fits                                  Triton                 770  1152
   0.021  -0.056  387.03  692.59 0.908   3351.22    220.24 99.999 99.999 99.999 13.417 13.448 99.999 99.999 99.999  0.212 99.999 99.999 99.999 99.999  99.999  99.999  99.999  99.999  0.005  0.005  0.020  0.018  0.058  0.054   10    9 99.999 99.999   99  19.771414172 -20.630886045  5 33 57.28 1995  6 27 2449895.73191296     4  C                     26069505.net.fits                                  Triton                 770  1152
   0.028  -0.008  387.32  689.88 0.824   4291.95    201.57 99.999 99.999 99.999 13.385 13.419 99.999 99.999 99.999  0.197 99.999 99.999 99.999 99.999  99.999  99.999  99.999  99.999  0.007  0.007  0.025  0.009  0.065  0.024   10    8 99.999 99.999   99  19.771413304 -20.630877225  5 34 45.58 1995  6 27 2449895.73247199     4  C                     26069506.net.fits                                  Triton                 770  1152
   0.021  -0.016  387.47  691.13 0.746   5214.05    241.80 99.999 99.999 99.999 13.379 13.441 99.999 99.999 99.999  0.185 99.999 99.999 99.999 99.999  99.999  99.999  99.999  99.999  0.011  0.011  0.024  0.014  0.061  0.035   10    8 99.999 99.999   99  19.771411216 -20.630888258  5 36 19.10 1995  6 27 2449895.73355440     4  C                     26069508.net.fits                                  Triton                 770  1152
   0.012  -0.055  387.69  690.34 0.761   5036.72    233.65 99.999 99.999 99.999 13.384 13.450 99.999 99.999 99.999  0.198 99.999 99.999 99.999 99.999  99.999  99.999  99.999  99.999  0.007  0.007  0.020  0.021  0.059  0.061   10    9 99.999 99.999   99  19.771410035 -20.630903847  5 37  7.34 1995  6 27 2449895.73411273     4  C                     26069509.net.fits                                  Triton                 770  1152
   0.020  -0.028  387.77  692.20 0.750   4764.42    319.48 99.999 99.999 99.999 13.415 13.471 99.999 99.999 99.999  0.181 99.999 99.999 99.999 99.999  99.999  99.999  99.999  99.999  0.008  0.008  0.022  0.024  0.065  0.071   10    9 99.999 99.999   99  19.771409222 -20.630900884  5 37 54.63 1995  6 27 2449895.73466007     4  C                     26069510.net.fits                                  Triton                 770  1152
   0.096  -0.029  264.55  596.12 2.106  40346.54  -1839.58 99.999 99.999 99.999 14.887 15.166 99.999 99.999 99.999  0.903 99.999 99.999 99.999 99.999  99.999  99.999  99.999  99.999  0.022  0.022  0.030  0.022  0.065  0.049   10    8 99.999 99.999   99  19.771394826 -20.630974328  5 50 42.00 1995  6 27 2449895.74354167   300  C                     26069511.net.fits                                  Triton                 770  1152
   0.089  -0.005  270.08  592.46 2.181  39545.97  -1492.98 99.999 99.999 99.999 14.773 14.986 99.999 99.999 99.999  0.792 99.999 99.999 99.999 99.999  99.999  99.999  99.999  99.999  0.025  0.025  0.030  0.020  0.076  0.050   11    9 99.999 99.999   99  19.771378789 -20.631040648  6  3 27.00 1995  6 27 2449895.75239583   300  C                     26069513.net.fits                                  Triton                 770  1152
   0.067  -0.004  273.84  591.07 2.211  38174.03  -1273.74 99.999 99.999 99.999 14.753 14.889 99.999 99.999 99.999  0.774 99.999 99.999 99.999 99.999  99.999  99.999  99.999  99.999  0.029  0.029  0.026  0.019  0.066  0.049   11    9 99.999 99.999   99  19.771371043 -20.631073565  6  9 18.00 1995  6 27 2449895.75645833   300  C                     26069514.net.fits                                  Triton                 770  1152
   0.072  -0.005  278.77  589.71 2.253  38616.64  -1277.92 99.999 99.999 99.999 14.742 14.850 99.999 99.999 99.999  0.736 99.999 99.999 99.999 99.999  99.999  99.999  99.999  99.999  0.027  0.027  0.016  0.015  0.048  0.044   12    9 99.999 99.999   99  19.771363396 -20.631109336  6 15 31.00 1995  6 27 2449895.76077546   300  C                     26069515.net.fits                                  Triton                 770  1152
   0.054  -0.011  283.06  588.01 2.256  38860.35  -1151.71 99.999 99.999 99.999 14.641 14.732 99.999 99.999 99.999  0.679 99.999 99.999 99.999 99.999  99.999  99.999  99.999  99.999  0.023  0.023  0.015  0.013  0.046  0.039   13   10 99.999 99.999   99  19.771354216 -20.631151268  6 22 35.00 1995  6 27 2449895.76568287   300  C                     26069516.net.fits                                  Triton                 770  1152
