  -0.076  -0.011  282.78  646.40 0.768   2048.41   1753.74 99.999 99.999 99.999 13.438 13.187 99.999 99.999 99.999  0.170 99.999 99.999 99.999 99.999  99.999  99.999  99.999  99.999  0.006  0.006  0.007  0.010  0.020  0.029   14   14 99.999 99.999   99  19.483583205 -21.264539866 23  1 15.41 1994  9 23 2449619.45920613     8  Clear                 23099401.net.fits                                  Triton                 770  1152
  -0.044  -0.024  283.01  645.94 1.046   1122.49   1396.70 99.999 99.999 99.999 13.474 13.323 99.999 99.999 99.999  0.177 99.999 99.999 99.999 99.999  99.999  99.999  99.999  99.999  0.009  0.009  0.007  0.011  0.022  0.035   18   18 99.999 99.999   99  19.483583236 -21.264552365 23  3 56.99 1994  9 23 2449619.46107627     8  Clear                 23099402.net.fits                                  Triton                 770  1152
  -0.061  -0.032  283.46  645.43 1.069   1172.69   1444.65 99.999 99.999 99.999 13.520 13.310 99.999 99.999 99.999  0.179 99.999 99.999 99.999 99.999  99.999  99.999  99.999  99.999  0.005  0.005  0.007  0.009  0.020  0.025   15   15 99.999 99.999   99  19.483582681 -21.264557968 23  4 53.84 1994  9 23 2449619.46173426     8  Clear                 23099403.net.fits                                  Triton                 770  1152
  -0.053  -0.022  284.04  646.61 0.908   1336.65   1946.11 99.999 99.999 99.999 13.502 13.330 99.999 99.999 99.999  0.163 99.999 99.999 99.999 99.999  99.999  99.999  99.999  99.999  0.007  0.007  0.010  0.010  0.029  0.029   16   16 99.999 99.999   99  19.483582645 -21.264558122 23  5 46.50 1994  9 23 2449619.46234375     8  Clear                 23099404.net.fits                                  Triton                 770  1152
  -0.043  -0.029  284.72  646.57 1.048   1248.00   2014.29 99.999 99.999 99.999 13.490 13.334 99.999 99.999 99.999  0.183 99.999 99.999 99.999 99.999  99.999  99.999  99.999  99.999  0.010  0.010  0.009  0.010  0.029  0.032   18   18 99.999 99.999   99  19.483582619 -21.264563224 23  6 46.99 1994  9 23 2449619.46304387     8  Clear                 23099405.net.fits                                  Triton                 770  1152
  -0.039  -0.048  285.44  648.56 0.924   1431.71   1567.09 99.999 99.999 99.999 13.444 13.299 99.999 99.999 99.999  0.176 99.999 99.999 99.999 99.999  99.999  99.999  99.999  99.999  0.011  0.011  0.008  0.011  0.024  0.034   17   17 99.999 99.999   99  19.483582417 -21.264572909 23  7 58.23 1994  9 23 2449619.46386840     8  Clear                 23099406.net.fits                                  Triton                 770  1152
  -0.053  -0.007  285.93  647.46 0.987   1498.45   2721.46 99.999 99.999 99.999 13.503 13.333 99.999 99.999 99.999  0.171 99.999 99.999 99.999 99.999  99.999  99.999  99.999  99.999  0.003  0.003  0.007  0.008  0.020  0.024   16   16 99.999 99.999   99  19.483581946 -21.264564557 23  8 53.71 1994  9 23 2449619.46451053     8  Clear                 23099407.net.fits                                  Triton                 770  1152
  -0.067  -0.034  286.53  649.04 1.032   1240.99   2026.97 99.999 99.999 99.999 13.527 13.347 99.999 99.999 99.999  0.172 99.999 99.999 99.999 99.999  99.999  99.999  99.999  99.999  0.006  0.006  0.008  0.012  0.023  0.036   16   16 99.999 99.999   99  19.483581394 -21.264575798 23 10  4.29 1994  9 23 2449619.46532743     8  Clear                 23099408.net.fits                                  Triton                 770  1152
  -0.044  -0.065  285.99  650.01 1.277    775.99   2786.00 99.999 99.999 99.999 13.537 13.407 99.999 99.999 99.999  0.167 99.999 99.999 99.999 99.999  99.999  99.999  99.999  99.999  0.009  0.009  0.006  0.012  0.021  0.044   20   20 99.999 99.999   99  19.483581605 -21.264588106 23 11  9.65 1994  9 23 2449619.46608391     8  Clear                 23099409.net.fits                                  Triton                 770  1152
  -0.076  -0.061  286.39  650.35 1.316    738.92   1210.69 99.999 99.999 99.999 13.473 13.387 99.999 99.999 99.999  0.166 99.999 99.999 99.999 99.999  99.999  99.999  99.999  99.999  0.006  0.006  0.008  0.007  0.028  0.025   18   18 99.999 99.999   99  19.483580748 -21.264590292 23 12 11.52 1994  9 23 2449619.46680000     8  Clear                 23099410.net.fits                                  Triton                 770  1152
