  -0.057  -0.021  856.24  888.14 0.757   3751.37    337.68 99.999 99.999 99.999 12.730 13.300 99.999 99.999 99.999  1.212 99.999 99.999 99.999 99.999  99.999  99.999  99.999  99.999  0.010  0.010  0.000  0.000  0.000  0.000    3    3 99.999 99.999   99  22.615188435  -9.527439380  8 32  1.73 2014  7  3 2456841.85557561     5    I                   Netuno_0001.fits                                   Triton                2048  2048
   0.231   0.124  859.96  890.06 0.795   3864.92    223.56 99.999 99.999 99.999 12.655 13.241 99.999 99.999 99.999  1.218 99.999 99.999 99.999 99.999  99.999  99.999  99.999  99.999  0.010  0.010  0.000  0.000  0.000  0.000    3    3 99.999 99.999   99  22.615193062  -9.527408092  8 33 28.08 2014  7  3 2456841.85657503     5    I                   Netuno_0004.fits                                   Triton                2048  2048
   0.215   0.189  857.50  888.32 0.825   3889.94    179.81 99.999 99.999 99.999 12.687 13.260 99.999 99.999 99.999  1.204 99.999 99.999 99.999 99.999  99.999  99.999  99.999  99.999  0.014  0.014  0.000  0.000  0.000  0.000    3    3 99.999 99.999   99  22.615192491  -9.527393434  8 33 58.79 2014  7  3 2456841.85693045     5    I                   Netuno_0007.fits                                   Triton                2048  2048
   0.207   0.109  854.79  888.95 0.843   3841.60    150.05 99.999 99.999 99.999 12.698 13.263 99.999 99.999 99.999  1.150 99.999 99.999 99.999 99.999  99.999  99.999  99.999  99.999  0.007  0.007  0.000  0.000  0.000  0.000    3    3 99.999 99.999   99  22.615192244  -9.527416672  8 34  9.04 2014  7  3 2456841.85704912     5    I                   Netuno_0008.fits                                   Triton                2048  2048
   0.204   0.145  853.58  888.46 0.726   4540.87    255.05 99.999 99.999 99.999 12.661 13.333 99.999 99.999 99.999  1.159 99.999 99.999 99.999 99.999  99.999  99.999  99.999  99.999  0.009  0.009  0.000  0.000  0.000  0.000    3    3 99.999 99.999   99  22.615192115  -9.527407705  8 34 19.28 2014  7  3 2456841.85716756     5    I                   Netuno_0009.fits                                   Triton                2048  2048
   0.111   0.127  853.73  889.03 0.840   3895.20    133.13 99.999 99.999 99.999 12.692 13.369 99.999 99.999 99.999  1.160 99.999 99.999 99.999 99.999  99.999  99.999  99.999  99.999  0.002  0.002  0.000  0.000  0.000  0.000    3    3 99.999 99.999   99  22.615190247  -9.527413679  8 34 29.51 2014  7  3 2456841.85728603     5    I                   Netuno_0010.fits                                   Triton                2048  2048
  -0.065   0.052  860.74  887.08 0.756   4341.74    213.07 99.999 99.999 99.999 12.839 13.244 99.999 99.999 99.999  1.071 99.999 99.999 99.999 99.999  99.999  99.999  99.999  99.999  0.005  0.005  0.050  0.018  0.036  0.013    4    4 99.999 99.999   99  22.615186307  -9.527441944  8 35 41.14 2014  7  3 2456841.85811503     5    I                   Netuno_0017.fits                                   Triton                2048  2048
  -0.049  -0.022  855.37  887.41 0.785   3881.26    258.79 99.999 99.999 99.999 12.655 13.173 99.999 99.999 99.999  1.275 99.999 99.999 99.999 99.999  99.999  99.999  99.999  99.999  0.009  0.009  0.000  0.000  0.000  0.000    3    3 99.999 99.999   99  22.615186054  -9.527468873  8 36 42.58 2014  7  3 2456841.85882618     5    I                   Netuno_0023.fits                                   Triton                2048  2048
   0.254   0.054  856.39  887.83 0.804   3318.44    312.79 99.999 99.999 99.999 12.593 13.273 99.999 99.999 99.999  1.179 99.999 99.999 99.999 99.999  99.999  99.999  99.999  99.999  0.008  0.008  0.000  0.000  0.000  0.000    3    3 99.999 99.999   99  22.615191654  -9.527448833  8 36 52.80 2014  7  3 2456841.85894449     5    I                   Netuno_0024.fits                                   Triton                2048  2048
   0.196   0.062  860.78  888.16 0.833   3833.66    164.82 99.999 99.999 99.999 12.664 13.220 99.999 99.999 99.999  1.243 99.999 99.999 99.999 99.999  99.999  99.999  99.999  99.999  0.009  0.009  0.000  0.000  0.000  0.000    3    3 99.999 99.999   99  22.615190214  -9.527451231  8 37 33.76 2014  7  3 2456841.85941854     5    I                   Netuno_0028.fits                                   Triton                2048  2048
   0.198   0.168  857.24  887.27 0.701   4240.98    414.36 99.999 99.999 99.999 12.629 13.351 99.999 99.999 99.999  1.180 99.999 99.999 99.999 99.999  99.999  99.999  99.999  99.999  0.009  0.009  0.000  0.000  0.000  0.000    3    3 99.999 99.999   99  22.615190047  -9.527423599  8 37 54.21 2014  7  3 2456841.85965524     5    I                   Netuno_0030.fits                                   Triton                2048  2048
