  -0.375   0.213 1169.57 1125.69 1.943    976.61     36.07 99.999 99.999 99.999 13.158 13.300 99.999 99.999 99.999  0.826 99.999 99.999 99.999 99.999  99.999  99.999  99.999  99.999  0.013  0.013  0.086  0.082  0.090  0.086    5    4 99.999 99.999   99  22.065680857 -12.464428967  2 11  2.00 2011  9 19 2455823.59099537    10    I                   Netuno_0002.fits                                   Triton                2048  2048
  -0.391   0.145 1174.04 1121.71 1.578   1059.42    108.65 99.999 99.999 99.999 13.147 13.283 99.999 99.999 99.999  0.781 99.999 99.999 99.999 99.999  99.999  99.999  99.999  99.999  0.011  0.011  0.043  0.038  0.045  0.040    5    4 99.999 99.999   99  22.065680144 -12.464449798  2 11 30.00 2011  9 19 2455823.59131944    10    I                   Netuno_0004.fits                                   Triton                2048  2048
  -0.311   0.254 1177.13 1124.81 1.655   1088.68     65.88 99.999 99.999 99.999 13.201 13.340 99.999 99.999 99.999  0.826 99.999 99.999 99.999 99.999  99.999  99.999  99.999  99.999  0.010  0.010  0.091  0.089  0.095  0.093    5    4 99.999 99.999   99  22.065681458 -12.464420663  2 11 44.00 2011  9 19 2455823.59148148    10    I                   Netuno_0005.fits                                   Triton                2048  2048
  -0.444   0.208 1178.23 1127.95 1.717   1014.72     98.73 99.999 99.999 99.999 13.205 13.431 99.999 99.999 99.999  0.802 99.999 99.999 99.999 99.999  99.999  99.999  99.999  99.999  0.010  0.010  0.079  0.079  0.083  0.083    5    4 99.999 99.999   99  22.065678713 -12.464434285  2 11 59.00 2011  9 19 2455823.59165509    10    I                   Netuno_0006.fits                                   Triton                2048  2048
  -0.365   0.145 1179.03 1131.05 1.293   1231.81    176.04 99.999 99.999 99.999 13.167 13.252 99.999 99.999 99.999  0.753 99.999 99.999 99.999 99.999  99.999  99.999  99.999  99.999  0.010  0.010  0.063  0.042  0.067  0.044    5    4 99.999 99.999   99  22.065680020 -12.464452679  2 12 13.00 2011  9 19 2455823.59181713    10    I                   Netuno_0007.fits                                   Triton                2048  2048
  -0.338   0.190 1178.96 1131.14 1.634    988.53    101.97 99.999 99.999 99.999 13.112 13.266 99.999 99.999 99.999  0.807 99.999 99.999 99.999 99.999  99.999  99.999  99.999  99.999  0.017  0.017  0.046  0.030  0.048  0.032    5    4 99.999 99.999   99  22.065680335 -12.464441056  2 12 27.00 2011  9 19 2455823.59197917    10    I                   Netuno_0008.fits                                   Triton                2048  2048
  -0.391   0.226 1179.56 1128.00 1.314   1253.38    147.71 99.999 99.999 99.999 13.150 13.284 99.999 99.999 99.999  0.816 99.999 99.999 99.999 99.999  99.999  99.999  99.999  99.999  0.008  0.008  0.028  0.017  0.029  0.018    5    4 99.999 99.999   99  22.065679139 -12.464432176  2 12 41.00 2011  9 19 2455823.59214120    10    I                   Netuno_0009.fits                                   Triton                2048  2048
  -0.439   0.219 1179.59 1125.95 1.603   1020.88     99.75 99.999 99.999 99.999 13.151 13.308 99.999 99.999 99.999  0.789 99.999 99.999 99.999 99.999  99.999  99.999  99.999  99.999  0.013  0.013  0.064  0.032  0.068  0.033    5    4 99.999 99.999   99  22.065678005 -12.464434979  2 12 55.00 2011  9 19 2455823.59230324    10    I                   Netuno_0010.fits                                   Triton                2048  2048
  -0.308   0.214 1182.26 1126.09 2.012    812.62     45.67 99.999 99.999 99.999 13.129 13.348 99.999 99.999 99.999  0.803 99.999 99.999 99.999 99.999  99.999  99.999  99.999  99.999  0.007  0.007  0.059  0.035  0.062  0.037    5    4 99.999 99.999   99  22.065680294 -12.464437377  2 13  9.00 2011  9 19 2455823.59246528    10    I                   Netuno_0011.fits                                   Triton                2048  2048
  -0.368   0.258 1183.17 1123.76 1.913    901.30     56.52 99.999 99.999 99.999 13.162 13.346 99.999 99.999 99.999  0.827 99.999 99.999 99.999 99.999  99.999  99.999  99.999  99.999  0.006  0.006  0.037  0.028  0.038  0.030    5    4 99.999 99.999   99  22.065678970 -12.464426234  2 13 23.00 2011  9 19 2455823.59262731    10    I                   Netuno_0012.fits                                   Triton                2048  2048
  -0.382   0.185 1186.65 1128.64 1.646   1160.29     56.77 99.999 99.999 99.999 13.168 13.267 99.999 99.999 99.999  0.773 99.999 99.999 99.999 99.999  99.999  99.999  99.999  99.999  0.011  0.011  0.082  0.061  0.087  0.064    5    4 99.999 99.999   99  22.065678284 -12.464448214  2 13 51.00 2011  9 19 2455823.59295139    10    I                   Netuno_0014.fits                                   Triton                2048  2048
  -0.195   0.284 1184.62 1124.13 1.825    866.81     89.25 99.999 99.999 99.999 13.187 13.361 99.999 99.999 99.999  0.776 99.999 99.999 99.999 99.999  99.999  99.999  99.999  99.999  0.009  0.009  0.050  0.049  0.052  0.051    5    4 99.999 99.999   99  22.065680421 -12.464427816  2 15 29.00 2011  9 19 2455823.59408565    10    I                   Netuno_0021.fits                                   Triton                2048  2048
  -0.538   0.241 1182.96 1123.67 1.111    889.14    283.79 99.999 99.999 99.999 13.101 13.382 99.999 99.999 99.999  0.684 99.999 99.999 99.999 99.999  99.999  99.999  99.999  99.999  0.013  0.013  0.111  0.043  0.117  0.045    6    4 99.999 99.999   99  22.065673722 -12.464440624  2 15 43.00 2011  9 19 2455823.59424769    10    I                   Netuno_0022.fits                                   Triton                2048  2048
  -0.351   0.233 1183.38 1124.99 0.921   1049.35    358.60 99.999 99.999 99.999 13.076 13.237 99.999 99.999 99.999  0.699 99.999 99.999 99.999 99.999  99.999  99.999  99.999  99.999  0.003  0.003  0.041  0.057  0.043  0.059    5    4 99.999 99.999   99  22.065677065 -12.464443980  2 15 57.00 2011  9 19 2455823.59440972    10    I                   Netuno_0023.fits                                   Triton                2048  2048
  -0.285   0.247 1181.47 1130.25 1.286    874.19    239.76 99.999 99.999 99.999 13.186 13.243 99.999 99.999 99.999  0.684 99.999 99.999 99.999 99.999  99.999  99.999  99.999  99.999  0.004  0.004  0.138  0.055  0.145  0.058    5    4 99.999 99.999   99  22.065678092 -12.464440893  2 16 11.00 2011  9 19 2455823.59457176    10    I                   Netuno_0024.fits                                   Triton                2048  2048
  -0.345   0.185 1179.48 1126.62 1.328   1438.81    120.26 99.999 99.999 99.999 13.185 13.259 99.999 99.999 99.999  0.794 99.999 99.999 99.999 99.999  99.999  99.999  99.999  99.999  0.012  0.012  0.065  0.069  0.068  0.072    5    4 99.999 99.999   99  22.065676159 -12.464461985  2 17  7.00 2011  9 19 2455823.59521991    10    I                   Netuno_0028.fits                                   Triton                2048  2048
  -0.390   0.263 1180.29 1123.61 1.252   1296.19    205.86 99.999 99.999 99.999 13.189 13.368 99.999 99.999 99.999  0.817 99.999 99.999 99.999 99.999  99.999  99.999  99.999  99.999  0.017  0.018  0.057  0.036  0.060  0.038    5    4 99.999 99.999   99  22.065674901 -12.464442261  2 17 35.00 2011  9 19 2455823.59554398    10    I                   Netuno_0030.fits                                   Triton                2048  2048
  -0.292   0.178 1178.04 1131.02 0.918   1301.83    376.52 99.999 99.999 99.999 13.159 13.400 99.999 99.999 99.999  0.860 99.999 99.999 99.999 99.999  99.999  99.999  99.999  99.999  0.011  0.011  0.063  0.051  0.081  0.066    5    5 99.999 99.999   99  22.065676163 -12.464468817  2 18 17.00 2011  9 19 2455823.59603009    10    I                   Netuno_0033.fits                                   Triton                2048  2048
  -0.443   0.155 1177.65 1130.36 1.438   1154.68    133.31 99.999 99.999 99.999 13.141 13.355 99.999 99.999 99.999  0.799 99.999 99.999 99.999 99.999  99.999  99.999  99.999  99.999  0.012  0.012  0.071  0.076  0.074  0.080    5    4 99.999 99.999   99  22.065673099 -12.464476244  2 18 31.00 2011  9 19 2455823.59619213    10    I                   Netuno_0034.fits                                   Triton                2048  2048
  -0.296   0.144 1177.71 1129.56 1.531   1122.09    112.72 99.999 99.999 99.999 13.175 13.298 99.999 99.999 99.999  0.837 99.999 99.999 99.999 99.999  99.999  99.999  99.999  99.999  0.018  0.018  0.082  0.070  0.107  0.091    5    5 99.999 99.999   99  22.065675673 -12.464480307  2 18 45.00 2011  9 19 2455823.59635417    10    I                   Netuno_0035.fits                                   Triton                2048  2048
  -0.334   0.186 1177.97 1125.41 1.651   1175.45     75.15 99.999 99.999 99.999 13.208 13.349 99.999 99.999 99.999  0.789 99.999 99.999 99.999 99.999  99.999  99.999  99.999  99.999  0.011  0.011  0.067  0.072  0.071  0.075    5    4 99.999 99.999   99  22.065674560 -12.464470689  2 19 12.00 2011  9 19 2455823.59666667    10    I                   Netuno_0037.fits                                   Triton                2048  2048
  -0.477   0.245 1177.15 1125.78 0.939   1705.98    359.82 99.999 99.999 99.999 13.163 13.308 99.999 99.999 99.999  0.815 99.999 99.999 99.999 99.999  99.999  99.999  99.999  99.999  0.017  0.017  0.055  0.054  0.058  0.057    5    4 99.999 99.999   99  22.065671461 -12.464456061  2 19 40.00 2011  9 19 2455823.59699074    10    I                   Netuno_0039.fits                                   Triton                2048  2048
  -0.351   0.204 1176.22 1129.66 1.435   1266.41    124.12 99.999 99.999 99.999 13.164 13.336 99.999 99.999 99.999  0.805 99.999 99.999 99.999 99.999  99.999  99.999  99.999  99.999  0.013  0.013  0.074  0.063  0.078  0.067    5    4 99.999 99.999   99  22.065673620 -12.464468244  2 19 54.00 2011  9 19 2455823.59715278    10    I                   Netuno_0040.fits                                   Triton                2048  2048
  -0.271   0.269 1176.83 1132.46 1.405   1411.24    103.09 99.999 99.999 99.999 13.149 13.245 99.999 99.999 99.999  0.831 99.999 99.999 99.999 99.999  99.999  99.999  99.999  99.999  0.013  0.013  0.047  0.048  0.050  0.051    5    4 99.999 99.999   99  22.065674944 -12.464451428  2 20  8.00 2011  9 19 2455823.59731482    10    I                   Netuno_0041.fits                                   Triton                2048  2048
  -0.314   0.163 1176.29 1132.40 0.756   1579.74    506.58 99.999 99.999 99.999 13.168 13.348 99.999 99.999 99.999  0.660 99.999 99.999 99.999 99.999  99.999  99.999  99.999  99.999  0.012  0.012  0.040  0.031  0.042  0.033    6    4 99.999 99.999   99  22.065673938 -12.464481631  2 20 21.00 2011  9 19 2455823.59746528    10    I                   Netuno_0042.fits                                   Triton                2048  2048
  -0.392   0.192 1177.65 1129.62 0.980   1578.02    345.01 99.999 99.999 99.999 13.145 13.252 99.999 99.999 99.999  0.761 99.999 99.999 99.999 99.999  99.999  99.999  99.999  99.999  0.001  0.001  0.064  0.047  0.067  0.050    5    4 99.999 99.999   99  22.065672063 -12.464475464  2 20 49.00 2011  9 19 2455823.59778935    10    I                   Netuno_0044.fits                                   Triton                2048  2048
  -0.301   0.117 1177.93 1126.36 1.107   1087.87    289.83 99.999 99.999 99.999 13.136 13.310 99.999 99.999 99.999  0.780 99.999 99.999 99.999 99.999  99.999  99.999  99.999  99.999  0.013  0.013  0.070  0.073  0.090  0.095    5    5 99.999 99.999   99  22.065673591 -12.464497408  2 21  3.00 2011  9 19 2455823.59795139    10    I                   Netuno_0045.fits                                   Triton                2048  2048
  -0.403   0.200 1176.67 1124.56 1.258   1296.39    194.09 99.999 99.999 99.999 13.155 13.255 99.999 99.999 99.999  0.798 99.999 99.999 99.999 99.999  99.999  99.999  99.999  99.999  0.005  0.005  0.088  0.065  0.093  0.069    5    4 99.999 99.999   99  22.065671448 -12.464475321  2 21 17.00 2011  9 19 2455823.59811343    10    I                   Netuno_0046.fits                                   Triton                2048  2048
  -0.352   0.157 1177.71 1124.82 0.957   1235.49    348.37 99.999 99.999 99.999 13.168 13.291 99.999 99.999 99.999  0.683 99.999 99.999 99.999 99.999  99.999  99.999  99.999  99.999  0.002  0.002  0.066  0.076  0.086  0.099    5    5 99.999 99.999   99  22.065672012 -12.464489103  2 21 44.00 2011  9 19 2455823.59842593    10    I                   Netuno_0048.fits                                   Triton                2048  2048
  -0.323   0.120 1179.01 1129.98 1.024   1184.74    318.98 99.999 99.999 99.999 13.107 13.273 99.999 99.999 99.999  0.774 99.999 99.999 99.999 99.999  99.999  99.999  99.999  99.999  0.015  0.015  0.052  0.068  0.068  0.088    5    5 99.999 99.999   99  22.065672375 -12.464500249  2 21 58.00 2011  9 19 2455823.59858796    10    I                   Netuno_0049.fits                                   Triton                2048  2048
  -0.367   0.225 1175.92 1133.54 1.740   1029.17     58.56 99.999 99.999 99.999 13.148 13.350 99.999 99.999 99.999  0.740 99.999 99.999 99.999 99.999  99.999  99.999  99.999  99.999  0.012  0.012  0.059  0.057  0.062  0.060    6    4 99.999 99.999   99  22.065671153 -12.464473192  2 22 26.00 2011  9 19 2455823.59891204    10    I                   Netuno_0051.fits                                   Triton                2048  2048
  -0.420   0.222 1176.63 1120.02 1.434   1175.34    133.17 99.999 99.999 99.999 13.161 13.271 99.999 99.999 99.999  0.814 99.999 99.999 99.999 99.999  99.999  99.999  99.999  99.999  0.015  0.015  0.064  0.048  0.067  0.051    5    4 99.999 99.999   99  22.065669535 -12.464477011  2 23  7.00 2011  9 19 2455823.59938657    10    I                   Netuno_0054.fits                                   Triton                2048  2048
  -0.299   0.254 1177.03 1122.67 1.566   1026.23    115.72 99.999 99.999 99.999 13.165 13.427 99.999 99.999 99.999  0.797 99.999 99.999 99.999 99.999  99.999  99.999  99.999  99.999  0.017  0.017  0.055  0.058  0.058  0.061    5    4 99.999 99.999   99  22.065671243 -12.464470740  2 23 48.00 2011  9 19 2455823.59986111    10    I                   Netuno_0057.fits                                   Triton                2048  2048
  -0.476   0.233 1177.86 1125.71 0.860   1418.40    405.01 99.999 99.999 99.999 13.126 13.268 99.999 99.999 99.999  0.778 99.999 99.999 99.999 99.999  99.999  99.999  99.999  99.999  0.015  0.015  0.089  0.056  0.094  0.059    5    4 99.999 99.999   99  22.065667472 -12.464478585  2 24 16.00 2011  9 19 2455823.60018519    10    I                   Netuno_0059.fits                                   Triton                2048  2048
  -0.392   0.175 1178.20 1127.87 0.862   1562.76    402.87 99.999 99.999 99.999 13.120 13.247 99.999 99.999 99.999  0.812 99.999 99.999 99.999 99.999  99.999  99.999  99.999  99.999  0.011  0.011  0.086  0.069  0.091  0.073    5    4 99.999 99.999   99  22.065668869 -12.464495932  2 24 30.00 2011  9 19 2455823.60034722    10    I                   Netuno_0060.fits                                   Triton                2048  2048
  -0.307  -0.004 1181.43 1119.31 0.824   1349.66    417.44 99.999 99.999 99.999 13.379 13.250 99.999 99.999 99.999  0.197 99.999 99.999 99.999 99.999  99.999  99.999  99.999  99.999  0.004  0.004  0.153  0.029  0.119  0.022    4    4 99.999 99.999   99  22.065669897 -12.464548268  2 25 11.00 2011  9 19 2455823.60082176    10    I                   Netuno_0063.fits                                   Triton                2048  2048
  -0.362   0.231 1181.58 1119.30 1.453   1296.99     87.59 99.999 99.999 99.999 13.136 13.298 99.999 99.999 99.999  0.820 99.999 99.999 99.999 99.999  99.999  99.999  99.999  99.999  0.001  0.001  0.058  0.041  0.062  0.043    5    4 99.999 99.999   99  22.065668659 -12.464483864  2 25 25.00 2011  9 19 2455823.60098380    10    I                   Netuno_0064.fits                                   Triton                2048  2048
  -0.376   0.230 1178.33 1134.52 1.626   1120.72     77.08 99.999 99.999 99.999 13.134 13.309 99.999 99.999 99.999  0.840 99.999 99.999 99.999 99.999  99.999  99.999  99.999  99.999  0.012  0.012  0.060  0.046  0.064  0.049    5    4 99.999 99.999   99  22.065667592 -12.464488003  2 26 20.00 2011  9 19 2455823.60162037    10    I                   Netuno_0068.fits                                   Triton                2048  2048
  -0.314   0.161 1179.96 1133.85 1.455   1371.05     84.48 99.999 99.999 99.999 13.149 13.260 99.999 99.999 99.999  0.780 99.999 99.999 99.999 99.999  99.999  99.999  99.999  99.999  0.013  0.013  0.069  0.055  0.072  0.058    5    4 99.999 99.999   99  22.065668581 -12.464508406  2 26 34.00 2011  9 19 2455823.60178241    10    I                   Netuno_0069.fits                                   Triton                2048  2048
  -0.381   0.221 1180.64 1131.48 1.645   1131.10     67.33 99.999 99.999 99.999 13.216 13.371 99.999 99.999 99.999  0.768 99.999 99.999 99.999 99.999  99.999  99.999  99.999  99.999  0.014  0.014  0.096  0.060  0.102  0.064    5    4 99.999 99.999   99  22.065667084 -12.464492495  2 26 48.00 2011  9 19 2455823.60194444    10    I                   Netuno_0070.fits                                   Triton                2048  2048
   1.245  -0.809 1181.97 1129.81 1.542   1068.56    111.80 99.999 99.999 99.999 13.526 13.536 99.999 99.999 99.999  0.207 99.999 99.999 99.999 99.999  99.999  99.999  99.999  99.999  0.014  0.014  0.000  0.000  0.000  0.000    3    3 99.999 99.999   99  22.065696939 -12.464783502  2 27 57.00 2011  9 19 2455823.60274306    10    I                   Netuno_0075.fits                                   Triton                2048  2048
   0.315  -0.497 1182.29 1129.86 1.337   1217.45    171.77 99.999 99.999 99.999 13.510 13.520 99.999 99.999 99.999  0.195 99.999 99.999 99.999 99.999  99.999  99.999  99.999  99.999  0.014  0.014  0.000  0.000  0.000  0.000    3    3 99.999 99.999   99  22.065679085 -12.464697859  2 28 11.00 2011  9 19 2455823.60290509    10    I                   Netuno_0076.fits                                   Triton                2048  2048
   1.203  -0.876 1182.84 1131.28 1.147   1425.85    234.08 99.999 99.999 99.999 13.499 13.509 99.999 99.999 99.999  0.201 99.999 99.999 99.999 99.999  99.999  99.999  99.999  99.999  0.005  0.005  0.000  0.000  0.000  0.000    3    3 99.999 99.999   99  22.065695762 -12.464803889  2 28 24.00 2011  9 19 2455823.60305556    10    I                   Netuno_0077.fits                                   Triton                2048  2048
   0.922  -0.903 1183.80 1131.39 1.404   1162.22    152.26 99.999 99.999 99.999 13.503 13.513 99.999 99.999 99.999  0.200 99.999 99.999 99.999 99.999  99.999  99.999  99.999  99.999  0.006  0.006  0.000  0.000  0.000  0.000    3    3 99.999 99.999   99  22.065690203 -12.464812519  2 28 38.00 2011  9 19 2455823.60321759    10    I                   Netuno_0078.fits                                   Triton                2048  2048
   1.500  -1.243 1184.41 1118.07 2.117    752.90     63.71 99.999 99.999 99.999 13.479 13.488 99.999 99.999 99.999  0.183 99.999 99.999 99.999 99.999  99.999  99.999  99.999  99.999  0.009  0.009  0.000  0.000  0.000  0.000    3    3 99.999 99.999   99  22.065700587 -12.464910025  2 29 20.00 2011  9 19 2455823.60370370    10    I                   Netuno_0081.fits                                   Triton                2048  2048
   1.370  -1.452 1184.36 1125.49 1.640   1071.29     86.67 99.999 99.999 99.999 13.482 13.492 99.999 99.999 99.999  0.183 99.999 99.999 99.999 99.999  99.999  99.999  99.999  99.999  0.013  0.013  0.000  0.000  0.000  0.000    3    3 99.999 99.999   99  22.065697505 -12.464970925  2 30  1.00 2011  9 19 2455823.60417824    10    I                   Netuno_0084.fits                                   Triton                2048  2048
   1.232  -0.923 1183.30 1130.84 1.449   1355.74     82.70 99.999 99.999 99.999 13.504 13.514 99.999 99.999 99.999  0.177 99.999 99.999 99.999 99.999  99.999  99.999  99.999  99.999  0.007  0.007  0.000  0.000  0.000  0.000    3    3 99.999 99.999   99  22.065694703 -12.464824804  2 30 15.00 2011  9 19 2455823.60434028    10    I                   Netuno_0085.fits                                   Triton                2048  2048
   1.382  -1.491 1180.16 1126.61 1.757   1040.70     57.83 99.999 99.999 99.999 13.526 13.536 99.999 99.999 99.999  0.208 99.999 99.999 99.999 99.999  99.999  99.999  99.999  99.999  0.015  0.015  0.000  0.000  0.000  0.000    3    3 99.999 99.999   99  22.065697157 -12.464984430  2 30 42.00 2011  9 19 2455823.60465278    10    I                   Netuno_0087.fits                                   Triton                2048  2048
   1.228  -0.947 1178.33 1122.78 1.346   1127.28    181.17 99.999 99.999 99.999 13.495 13.505 99.999 99.999 99.999  0.196 99.999 99.999 99.999 99.999  99.999  99.999  99.999  99.999  0.011  0.011  0.000  0.000  0.000  0.000    3    3 99.999 99.999   99  22.065694042 -12.464834430  2 30 56.00 2011  9 19 2455823.60481481    10    I                   Netuno_0088.fits                                   Triton                2048  2048
   1.451  -1.463 1178.65 1121.19 1.556   1175.20     98.14 99.999 99.999 99.999 13.554 13.563 99.999 99.999 99.999  0.216 99.999 99.999 99.999 99.999  99.999  99.999  99.999  99.999  0.007  0.007  0.000  0.000  0.000  0.000    3    3 99.999 99.999   99  22.065698047 -12.464978582  2 31 10.00 2011  9 19 2455823.60497685    10    I                   Netuno_0089.fits                                   Triton                2048  2048
   1.302  -1.085 1174.20 1121.42 1.151   1415.54    215.25 99.999 99.999 99.999 13.467 13.477 99.999 99.999 99.999  0.189 99.999 99.999 99.999 99.999  99.999  99.999  99.999  99.999  0.011  0.011  0.000  0.000  0.000  0.000    3    3 99.999 99.999   99  22.065694840 -12.464875506  2 31 38.00 2011  9 19 2455823.60530093    10    I                   Netuno_0091.fits                                   Triton                2048  2048
   1.086  -0.796 1173.90 1123.58 1.387   1385.74    111.87 99.999 99.999 99.999 13.505 13.514 99.999 99.999 99.999  0.197 99.999 99.999 99.999 99.999  99.999  99.999  99.999  99.999  0.011  0.011  0.000  0.000  0.000  0.000    3    3 99.999 99.999   99  22.065690533 -12.464796424  2 31 51.00 2011  9 19 2455823.60545139    10    I                   Netuno_0092.fits                                   Triton                2048  2048
   0.923  -1.171 1174.37 1125.64 1.460   1264.78     96.63 99.999 99.999 99.999 13.480 13.489 99.999 99.999 99.999  0.188 99.999 99.999 99.999 99.999  99.999  99.999  99.999  99.999  0.012  0.012  0.000  0.000  0.000  0.000    3    3 99.999 99.999   99  22.065687264 -12.464901309  2 32  5.00 2011  9 19 2455823.60561343    10    I                   Netuno_0093.fits                                   Triton                2048  2048
   1.143  -1.303 1174.90 1127.55 1.704   1111.33     50.75 99.999 99.999 99.999 13.523 13.533 99.999 99.999 99.999  0.199 99.999 99.999 99.999 99.999  99.999  99.999  99.999  99.999  0.015  0.015  0.000  0.000  0.000  0.000    3    3 99.999 99.999   99  22.065691237 -12.464939193  2 32 19.00 2011  9 19 2455823.60577546    10    I                   Netuno_0094.fits                                   Triton                2048  2048
   1.232  -1.386 1174.88 1127.35 1.333   1352.20    145.88 99.999 99.999 99.999 13.501 13.511 99.999 99.999 99.999  0.199 99.999 99.999 99.999 99.999  99.999  99.999  99.999  99.999  0.005  0.005  0.000  0.000  0.000  0.000    3    3 99.999 99.999   99  22.065692704 -12.464963147  2 32 33.00 2011  9 19 2455823.60593750    10    I                   Netuno_0095.fits                                   Triton                2048  2048
   0.868  -0.817 1175.64 1124.16 1.456   1200.31    115.37 99.999 99.999 99.999 13.496 13.506 99.999 99.999 99.999  0.195 99.999 99.999 99.999 99.999  99.999  99.999  99.999  99.999  0.014  0.014  0.000  0.000  0.000  0.000    3    3 99.999 99.999   99  22.065685407 -12.464806906  2 32 60.00 2011  9 19 2455823.60625000    10    I                   Netuno_0097.fits                                   Triton                2048  2048
   1.430  -1.071 1177.15 1121.62 1.328   1288.72    160.99 99.999 99.999 99.999 13.501 13.511 99.999 99.999 99.999  0.211 99.999 99.999 99.999 99.999  99.999  99.999  99.999  99.999  0.014  0.014  0.000  0.000  0.000  0.000    3    3 99.999 99.999   99  22.065695870 -12.464878688  2 33 14.00 2011  9 19 2455823.60641204    10    I                   Netuno_0098.fits                                   Triton                2048  2048
   1.196  -1.249 1179.91 1128.36 1.104   1334.52    275.14 99.999 99.999 99.999 13.479 13.489 99.999 99.999 99.999  0.213 99.999 99.999 99.999 99.999  99.999  99.999  99.999  99.999  0.012  0.012  0.000  0.000  0.000  0.000    3    3 99.999 99.999   99  22.065691049 -12.464930043  2 33 42.00 2011  9 19 2455823.60673611    10    I                   Netuno_0100.fits                                   Triton                2048  2048
  -0.002  -0.031 1194.16 1141.93 2.162   2849.98    274.92 99.999 99.999 99.999 13.494 13.480 99.999 99.999 99.999  0.158 99.999 99.999 99.999 99.999  99.999  99.999  99.999  99.999  0.005  0.005  0.071  0.063  0.056  0.050    4    4 99.999 99.999   99  22.065643521 -12.464712839  3  2 25.00 2011  9 19 2455823.62667824    50    I                   Netuno_saturado_0016.fits                          Triton                2048  2048
