  -0.007   0.015  383.83  492.27 0.981   1407.97    107.88 99.999 99.999 99.999 13.515 13.528 99.999 99.999 99.999  0.118 99.999 99.999 99.999 99.999  99.999  99.999  99.999  99.999  0.011  0.011  0.013  0.015  0.032  0.036    7    7 99.999 99.999   99  19.456143565 -21.228066211  3 21 19.97 1993  6 25 2449163.63981447     2  filtro desconhecido   25069301.net.fits                                  Triton                 770  1152
  -0.009  -0.014  384.19  491.61 0.761   1983.87    206.75 99.999 99.999 99.999 13.475 13.422 99.999 99.999 99.999  0.124 99.999 99.999 99.999 99.999  99.999  99.999  99.999  99.999  0.007  0.007  0.016  0.012  0.038  0.029    6    6 99.999 99.999   99  19.456141047 -21.228074801  3 23  5.35 1993  6 25 2449163.64103414     2  filtro desconhecido   25069302.net.fits                                  Triton                 770  1152
  -0.016  -0.010  384.45  490.68 0.761   2123.70    186.30 99.999 99.999 99.999 13.417 13.431 99.999 99.999 99.999  0.127 99.999 99.999 99.999 99.999  99.999  99.999  99.999  99.999  0.008  0.008  0.015  0.009  0.038  0.021    7    7 99.999 99.999   99  19.456139511 -21.228074265  3 24  4.63 1993  6 25 2449163.64172025     2  filtro desconhecido   25069303.net.fits                                  Triton                 770  1152
  -0.017  -0.017  384.99  490.39 0.852   1744.77    168.28 99.999 99.999 99.999 13.464 13.477 99.999 99.999 99.999  0.076 99.999 99.999 99.999 99.999  99.999  99.999  99.999  99.999  0.011  0.011  0.013  0.008  0.032  0.020    7    7 99.999 99.999   99  19.456138302 -21.228076425  3 24 56.81 1993  6 25 2449163.64232419     2  filtro desconhecido   25069304.net.fits                                  Triton                 770  1152
  -0.028   0.004  384.35  489.55 0.840   1906.95    135.74 99.999 99.999 99.999 13.476 13.378 99.999 99.999 99.999  0.074 99.999 99.999 99.999 99.999  99.999  99.999  99.999  99.999  0.014  0.014  0.014  0.011  0.031  0.024    5    5 99.999 99.999   99  19.456137197 -21.228070549  3 25 34.65 1993  6 25 2449163.64276215     2  filtro desconhecido   25069305.net.fits                                  Triton                 770  1152
   0.023   0.020  389.93  212.42 0.866   1574.04    162.07 99.999 99.999 99.999 13.293 13.512 99.999 99.999 99.999  0.182 99.999 99.999 99.999 99.999  99.999  99.999  99.999  99.999  0.010  0.010  0.027  0.056  0.031  0.063    8    8 99.999 99.999   99  19.456106899 -21.228073697  3 47 57.89 1993  6 25 2449163.65830891     2  filtro desconhecido   25069306.net.fits                                  Triton                 770  1152
   0.022   0.043  434.21  567.54 0.936   1407.67    141.62 99.999 99.999 99.999 13.410 13.519 99.999 99.999 99.999  0.120 99.999 99.999 99.999 99.999  99.999  99.999  99.999  99.999  0.006  0.006  0.013  0.012  0.046  0.041   13   13 99.999 99.999   99  19.455928691 -21.228097067  5 56 36.24 1993  6 25 2449163.74764167     2  filtro desconhecido   25069312.net.fits                                  Triton                 770  1152
   0.020  -0.013  434.22  567.33 0.872   1841.63    103.96 99.999 99.999 99.999 13.471 13.505 99.999 99.999 99.999  0.137 99.999 99.999 99.999 99.999  99.999  99.999  99.999  99.999  0.008  0.008  0.012  0.017  0.036  0.051   10   10 99.999 99.999   99  19.455927723 -21.228112662  5 57 16.28 1993  6 25 2449163.74810509     2  filtro desconhecido   25069311.net.fits                                  Triton                 770  1152
   0.016  -0.023  433.91  566.78 1.019   1418.79     80.59 99.999 99.999 99.999 13.499 13.559 99.999 99.999 99.999  0.137 99.999 99.999 99.999 99.999  99.999  99.999  99.999  99.999  0.006  0.006  0.013  0.016  0.040  0.051   11   11 99.999 99.999   99  19.455927009 -21.228115660  5 57 44.67 1993  6 25 2449163.74843368     2  filtro desconhecido   25069313.net.fits                                  Triton                 770  1152
   0.020   0.033  433.49  567.70 0.938   1698.03     71.96 99.999 99.999 99.999 13.452 13.513 99.999 99.999 99.999  0.135 99.999 99.999 99.999 99.999  99.999  99.999  99.999  99.999  0.006  0.006  0.016  0.012  0.049  0.037   11   11 99.999 99.999   99  19.455926361 -21.228100124  5 58 16.64 1993  6 25 2449163.74880370     2  filtro desconhecido   25069314.net.fits                                  Triton                 770  1152
   0.001   0.015  431.91  568.08 0.893   1808.45    184.38 99.999 99.999 99.999 13.493 13.528 99.999 99.999 99.999  0.149 99.999 99.999 99.999 99.999  99.999  99.999  99.999  99.999  0.005  0.005  0.015  0.013  0.045  0.039   10   10 99.999 99.999   99  19.455925385 -21.228105376  5 58 42.62 1993  6 25 2449163.74910440     2  filtro desconhecido   25069315.net.fits                                  Triton                 770  1152
