  -0.013   0.018  535.04  521.24 1.120   2312.55    195.04 99.999 99.999 99.999 13.080 13.213 99.999 99.999 99.999  0.130 99.999 99.999 99.999 99.999  99.999  99.999  99.999  99.999  0.008  0.008  0.078  0.084  0.059  0.081    6    6 99.999 99.999   99  21.066242666 -16.837471180 23 29 56.03 2004  8 21 2453239.47912072     3  5magn                 net2108040002.fits                                 Triton                1050  1050
  -0.010   0.032  536.71  520.41 0.916  10357.86   1103.01 99.999 99.999 99.999 13.051 13.159 99.999 99.999 99.999  0.123 99.999 99.999 99.999 99.999  99.999  99.999  99.999  99.999  0.006  0.006  0.036  0.074  0.033  0.054    5    5 99.999 99.999   99  21.066213254 -16.837663649 23 54 23.32 2004  8 21 2453239.49610324    10  5magn                 net2108040021.fits                                 Triton                1050  1050
  -0.040   0.013  537.09  521.17 1.034   8620.41    815.75 99.999 99.999 99.999 13.073 13.164 99.999 99.999 99.999  0.165 99.999 99.999 99.999 99.999  99.999  99.999  99.999  99.999  0.013  0.013  0.030  0.094  0.031  0.091    7    7 99.999 99.999   99  21.066209775 -16.837687968 23 56 46.78 2004  8 21 2453239.49776366    10  5magn                 net2108040023.fits                                 Triton                1050  1050
  -0.071   0.035  534.74  520.03 0.949   5007.68    509.79 99.999 99.999 99.999 13.143 13.323 99.999 99.999 99.999  0.120 99.999 99.999 99.999 99.999  99.999  99.999  99.999  99.999  0.011  0.011  0.028  0.070  0.029  0.067    7    7 99.999 99.999   99  21.066196079 -16.837769107  0  7 37.83 2004  8 22 2453239.50529896     5  5magn                 net2108040032.fits                                 Triton                1050  1050
   0.164   0.014  535.19  518.09 0.993   9203.02    879.94 99.999 99.999 99.999 13.024 13.118 99.999 99.999 99.999  0.189 99.999 99.999 99.999 99.999  99.999  99.999  99.999  99.999  0.005  0.005  0.041  0.050  0.061  0.076    6    6 99.999 99.999   99  21.066165619 -16.838006682  0 36 28.74 2004  8 22 2453239.52533264    10  5magn                 net2108040054.fits                                 Triton                1050  1050
   0.365   0.126  536.23  514.27 1.403   4900.78    175.09 99.999 99.999 99.999 13.115 13.044 99.999 99.999 99.999  0.146 99.999 99.999 99.999 99.999  99.999  99.999  99.999  99.999  0.015  0.015  0.055  0.036  0.079  0.051    6    6 99.999 99.999   99  21.065932563 -16.839517115  3 48 34.28 2004  8 22 2453239.65873009    10  5magn                 net2108040066.fits                                 Triton                1050  1050
   0.353   0.122  538.35  514.81 1.289   5435.24    193.87 99.999 99.999 99.999 13.152 13.050 99.999 99.999 99.999  0.156 99.999 99.999 99.999 99.999  99.999  99.999  99.999  99.999  0.014  0.014  0.045  0.051  0.062  0.070    5    5 99.999 99.999   99  21.065928238 -16.839544609  3 51 50.77 2004  8 22 2453239.66100428    10  5magn                 net2108040068.fits                                 Triton                1050  1050
   0.380   0.144  534.96  512.01 1.081   7515.85    503.32 99.999 99.999 99.999 13.100 13.016 99.999 99.999 99.999  0.091 99.999 99.999 99.999 99.999  99.999  99.999  99.999  99.999  0.018  0.018  0.046  0.042  0.064  0.058    5    5 99.999 99.999   99  21.065899604 -16.839725506  4 15 11.00 2004  8 22 2453239.67721065    10  5magn                 net2108040075.fits                                 Triton                1050  1050
   0.368   0.135  535.67  511.67 1.133   7064.28    382.48 99.999 99.999 99.999 13.107 13.370 99.999 99.999 99.999  0.159 99.999 99.999 99.999 99.999  99.999  99.999  99.999  99.999  0.022  0.022  0.087  0.028  0.111  0.036    4    4 99.999 99.999   99  21.065888671 -16.839796469  4 23 43.80 2004  8 22 2453239.68314583    10  5magn                 net2108040082.fits                                 Triton                1050  1050
   0.373   0.121  533.52  511.75 1.086   7319.17    621.93 99.999 99.999 99.999 13.054 13.096 99.999 99.999 99.999  0.131 99.999 99.999 99.999 99.999  99.999  99.999  99.999  99.999  0.019  0.019  0.050  0.027  0.071  0.038    6    6 99.999 99.999   99  21.065884902 -16.839824915  4 26 49.77 2004  8 22 2453239.68529826    10  5magn                 net2108040085.fits                                 Triton                1050  1050
   0.330   0.157  534.61  511.84 0.901  11113.52   1044.37 99.999 99.999 99.999 13.063 13.031 99.999 99.999 99.999  0.108 99.999 99.999 99.999 99.999  99.999  99.999  99.999  99.999  0.016  0.016  0.090  0.071  0.060  0.048    4    4 99.999 99.999   99  21.065871378 -16.839896053  4 36 57.31 2004  8 22 2453239.69232998    10  5magn                 net2108040094.fits                                 Triton                1050  1050
   0.290   0.284  536.49  511.10 1.026   8859.05    790.52 99.999 99.999 99.999 13.028 13.037 99.999 99.999 99.999  0.139 99.999 99.999 99.999 99.999  99.999  99.999  99.999  99.999  0.018  0.018  0.122  0.073  0.081  0.049    5    5 99.999 99.999   99  21.065825780 -16.840146270  5 12 41.18 2004  8 22 2453239.71714329    10  5magn                 net2108040127.fits                                 Triton                1050  1050
   0.317  -0.083  541.39  512.49 1.011   9773.51    477.74 99.999 99.999 99.999 13.013 13.221 99.999 99.999 99.999  0.134 99.999 99.999 99.999 99.999  99.999  99.999  99.999  99.999  0.015  0.015  0.000  0.000  0.000  0.000    6    3 99.999 99.999   99  21.065814821 -16.840321322  5 21 48.14 2004  8 22 2453239.72347384    10  5magn                 net2108040136.fits                                 Triton                1050  1050
   0.251  -0.146  539.76  512.75 1.064   8189.76    631.59 99.999 99.999 99.999 13.133 13.249 99.999 99.999 99.999  0.145 99.999 99.999 99.999 99.999  99.999  99.999  99.999  99.999  0.014  0.014  0.046  0.038  0.089  0.073    6    5 99.999 99.999   99  21.065812295 -16.840347048  5 22 48.69 2004  8 22 2453239.72417465    10  5magn                 net2108040137.fits                                 Triton                1050  1050
   0.492   0.224  541.87  512.26 1.032   7193.80    566.60 99.999 99.999 99.999 13.077 13.242 99.999 99.999 99.999  0.106 99.999 99.999 99.999 99.999  99.999  99.999  99.999  99.999  0.020  0.020  0.066  0.034  0.092  0.047    6    6 99.999 99.999   99  21.065806934 -16.840307658  5 30 46.84 2004  8 22 2453239.72970880    10  5magn                 net2108040144.fits                                 Triton                1050  1050
   0.276  -0.217  542.25  513.00 0.997   8497.94    704.53 99.999 99.999 99.999 13.060 13.319 99.999 99.999 99.999  0.151 99.999 99.999 99.999 99.999  99.999  99.999  99.999  99.999  0.022  0.022  0.069  0.009  0.130  0.017    6    4 99.999 99.999   99  21.065794811 -16.840480472  5 37  5.91 2004  8 22 2453239.73409618    10  5magn                 net2108040150.fits                                 Triton                1050  1050
   0.416   0.334  543.01  513.73 1.307   5878.26    372.46 99.999 99.999 99.999 13.101 12.891 99.999 99.999 99.999  0.109 99.999 99.999 99.999 99.999  99.999  99.999  99.999  99.999  0.025  0.025  0.139  0.031  0.089  0.020    4    4 99.999 99.999   99  21.065793806 -16.840351159  5 40  3.25 2004  8 22 2453239.73614873    10  5magn                 net2108040153.fits                                 Triton                1050  1050
   0.284  -0.228  541.46  513.33 1.072   7645.45    641.87 99.999 99.999 99.999 13.041 13.301 99.999 99.999 99.999  0.115 99.999 99.999 99.999 99.999  99.999  99.999  99.999  99.999  0.018  0.018  0.075  0.012  0.141  0.022    6    4 99.999 99.999   99  21.065787431 -16.840531285  5 43  4.09 2004  8 22 2453239.73824178    10  5magn                 net2108040156.fits                                 Triton                1050  1050
