  -0.135  -0.026  538.62  554.87 1.383   3023.37     81.16 99.999 99.999 99.999 13.339 13.262 99.999 99.999 99.999  0.164 99.999 99.999 99.999 99.999  99.999  99.999  99.999  99.999  0.012  0.012  0.012  0.015  0.045  0.055   18   16 99.999 99.999   99  19.937770688 -20.259330449  6  8 40.37 1996  6 21 2450255.75602280    10  CLEAR                 20069601.net.fits                                  Triton                1000  1024
  -0.136  -0.029  537.40  554.84 1.353   3531.24    161.39 99.999 99.999 99.999 13.319 13.269 99.999 99.999 99.999  0.170 99.999 99.999 99.999 99.999  99.999  99.999  99.999  99.999  0.008  0.008  0.012  0.015  0.045  0.057   18   16 99.999 99.999   99  19.937768094 -20.259336650  6 10 30.83 1996  6 21 2450255.75730127    10  CLEAR                 20069602.net.fits                                  Triton                1000  1024
  -0.144  -0.042  538.79  554.52 1.281   3313.12    160.11 99.999 99.999 99.999 13.301 13.231 99.999 99.999 99.999  0.173 99.999 99.999 99.999 99.999  99.999  99.999  99.999  99.999  0.011  0.011  0.013  0.016  0.047  0.058   18   16 99.999 99.999   99  19.937766796 -20.259342852  6 11 20.25 1996  6 21 2450255.75787326    10  CLEAR                 20069603.net.fits                                  Triton                1000  1024
  -0.143  -0.039  537.22  554.45 1.100   4094.19    423.75 99.999 99.999 99.999 13.308 13.224 99.999 99.999 99.999  0.177 99.999 99.999 99.999 99.999  99.999  99.999  99.999  99.999  0.007  0.007  0.013  0.015  0.047  0.055   18   16 99.999 99.999   99  19.937765624 -20.259344702  6 12 11.56 1996  6 21 2450255.75846713    10  CLEAR                 20069604.net.fits                                  Triton                1000  1024
  -0.156  -0.040  537.54  553.74 1.121   4741.43    388.39 99.999 99.999 99.999 13.285 13.229 99.999 99.999 99.999  0.188 99.999 99.999 99.999 99.999  99.999  99.999  99.999  99.999  0.016  0.016  0.016  0.015  0.058  0.057   18   16 99.999 99.999   99  19.937764208 -20.259347154  6 13  1.87 1996  6 21 2450255.75904942    10  CLEAR                 20069605.net.fits                                  Triton                1000  1024
  -0.141  -0.048  537.60  553.81 1.185   5321.26    263.97 99.999 99.999 99.999 13.285 13.238 99.999 99.999 99.999  0.199 99.999 99.999 99.999 99.999  99.999  99.999  99.999  99.999  0.010  0.010  0.015  0.015  0.054  0.054   18   16 99.999 99.999   99  19.937763295 -20.259351927  6 13 52.18 1996  6 21 2450255.75963171    10  CLEAR                 20069606.net.fits                                  Triton                1000  1024
  -0.147  -0.043  536.77  553.20 1.321   4519.00    228.71 99.999 99.999 99.999 13.295 13.240 99.999 99.999 99.999  0.183 99.999 99.999 99.999 99.999  99.999  99.999  99.999  99.999  0.007  0.007  0.014  0.013  0.053  0.049   17   15 99.999 99.999   99  19.937762020 -20.259352969  6 14 42.55 1996  6 21 2450255.76021470    10  CLEAR                 20069607.net.fits                                  Triton                1000  1024
  -0.149  -0.037  537.28  553.14 1.364   4547.24    174.48 99.999 99.999 99.999 13.298 13.195 99.999 99.999 99.999  0.179 99.999 99.999 99.999 99.999  99.999  99.999  99.999  99.999  0.008  0.008  0.014  0.015  0.050  0.056   18   16 99.999 99.999   99  19.937760803 -20.259353846  6 15 32.86 1996  6 21 2450255.76079699    10  CLEAR                 20069608.net.fits                                  Triton                1000  1024
  -0.137  -0.025  535.44  552.90 1.042   6031.49    607.98 99.999 99.999 99.999 13.285 13.177 99.999 99.999 99.999  0.222 99.999 99.999 99.999 99.999  99.999  99.999  99.999  99.999  0.016  0.016  0.013  0.016  0.047  0.058   17   15 99.999 99.999   99  19.937759886 -20.259353081  6 16 23.17 1996  6 21 2450255.76137928    10  CLEAR                 20069609.net.fits                                  Triton                1000  1024
  -0.146  -0.046  535.96  552.59 1.118   6463.26    261.43 99.999 99.999 99.999 13.264 13.134 99.999 99.999 99.999  0.231 99.999 99.999 99.999 99.999  99.999  99.999  99.999  99.999  0.011  0.011  0.015  0.015  0.055  0.056   17   15 99.999 99.999   99  19.937758541 -20.259361271  6 17 13.49 1996  6 21 2450255.76196169    10  CLEAR                 20069610.net.fits                                  Triton                1000  1024
  -0.152  -0.032  535.34  552.40 1.138   6129.50    266.01 99.999 99.999 99.999 13.273 13.155 99.999 99.999 99.999  0.224 99.999 99.999 99.999 99.999  99.999  99.999  99.999  99.999  0.017  0.017  0.014  0.016  0.052  0.057   17   15 99.999 99.999   99  19.937757223 -20.259359939  6 18  3.85 1996  6 21 2450255.76254456    10  CLEAR                 20069611.net.fits                                  Triton                1000  1024
  -0.157  -0.048  535.58  551.44 1.038   6460.99    530.68 99.999 99.999 99.999 13.270 13.197 99.999 99.999 99.999  0.234 99.999 99.999 99.999 99.999  99.999  99.999  99.999  99.999  0.008  0.008  0.014  0.015  0.052  0.055   17   15 99.999 99.999   99  19.937755950 -20.259366984  6 18 54.16 1996  6 21 2450255.76312685    10  CLEAR                 20069612.net.fits                                  Triton                1000  1024
  -0.155  -0.049  534.63  551.90 1.253   5101.62    268.41 99.999 99.999 99.999 13.311 13.238 99.999 99.999 99.999  0.196 99.999 99.999 99.999 99.999  99.999  99.999  99.999  99.999  0.007  0.007  0.013  0.016  0.048  0.058   17   15 99.999 99.999   99  19.937753672 -20.259372308  6 20 34.84 1996  6 21 2450255.76429213    10  CLEAR                 20069614.net.fits                                  Triton                1000  1024
  -0.148  -0.041  535.70  551.33 1.080   5977.74    560.30 99.999 99.999 99.999 13.283 13.209 99.999 99.999 99.999  0.220 99.999 99.999 99.999 99.999  99.999  99.999  99.999  99.999  0.000  0.000  0.014  0.015  0.050  0.056   17   15 99.999 99.999   99  19.937752626 -20.259372531  6 21 25.21 1996  6 21 2450255.76487512    10  CLEAR                 20069615.net.fits                                  Triton                1000  1024
