  -0.060  -0.044  486.62  501.52 0.902   1096.77    127.80 99.999 99.999 99.999 13.212 13.328 99.999 99.999 99.999  0.295 99.999 99.999 99.999 99.999  99.999  99.999  99.999  99.999  0.013  0.013  0.016  0.017  0.055  0.062   23   20 99.999 99.999   99  20.269470824 -19.400984435  3 55 28.22 1998  6  8 2450972.66352106     1  Clear                 08069801.net.fits                                  Triton                1024  1024
  -0.091  -0.035  485.96  500.11 1.108    768.78     83.36 99.999 99.999 99.999 13.249 13.289 99.999 99.999 99.999  0.245 99.999 99.999 99.999 99.999  99.999  99.999  99.999  99.999  0.018  0.018  0.016  0.015  0.056  0.053   22   20 99.999 99.999   99  20.269468793 -19.400985653  3 56 46.92 1998  6  8 2450972.66443194     1  Clear                 08069802.net.fits                                  Triton                1024  1024
  -0.103   0.010  485.18  500.68 1.322    628.60     59.28 99.999 99.999 99.999 13.223 13.289 99.999 99.999 99.999  0.278 99.999 99.999 99.999 99.999  99.999  99.999  99.999  99.999  0.007  0.007  0.016  0.017  0.051  0.054   22   17 99.999 99.999   99  20.269466953 -19.400977620  3 58 15.90 1998  6  8 2450972.66546181     1  Clear                 08069804.net.fits                                  Triton                1024  1024
  -0.098  -0.100  484.73  501.03 1.116    826.77     74.73 99.999 99.999 99.999 13.241 13.297 99.999 99.999 99.999  0.236 99.999 99.999 99.999 99.999  99.999  99.999  99.999  99.999  0.016  0.016  0.015  0.015  0.053  0.051   22   19 99.999 99.999   99  20.269466273 -19.401009931  3 58 58.91 1998  6  8 2450972.66595961     1  Clear                 08069805.net.fits                                  Triton                1024  1024
  -0.094  -0.109  485.00  502.13 1.240    751.38     53.18 99.999 99.999 99.999 13.211 13.284 99.999 99.999 99.999  0.253 99.999 99.999 99.999 99.999  99.999  99.999  99.999  99.999  0.027  0.028  0.015  0.015  0.051  0.051   22   18 99.999 99.999   99  20.269465536 -19.401014702  3 59 42.96 1998  6  8 2450972.66646944     1  Clear                 08069806.net.fits                                  Triton                1024  1024
  -0.064  -0.118  485.00  500.12 1.105    822.74     86.79 99.999 99.999 99.999 13.252 13.346 99.999 99.999 99.999  0.244 99.999 99.999 99.999 99.999  99.999  99.999  99.999  99.999  0.024  0.024  0.018  0.016  0.065  0.058   22   20 99.999 99.999   99  20.269465364 -19.401019039  4  0 26.95 1998  6  8 2450972.66697859     1  Clear                 08069807.net.fits                                  Triton                1024  1024
  -0.058  -0.015  485.06  501.73 1.054    762.13    113.20 99.999 99.999 99.999 13.274 13.391 99.999 99.999 99.999  0.301 99.999 99.999 99.999 99.999  99.999  99.999  99.999  99.999  0.027  0.027  0.020  0.017  0.066  0.057   23   20 99.999 99.999   99  20.269464665 -19.400992745  4  1 10.89 1998  6  8 2450972.66748715     1  Clear                 08069808.net.fits                                  Triton                1024  1024
  -0.071  -0.137  484.51  500.32 1.013    663.98    135.26 99.999 99.999 99.999 13.211 13.321 99.999 99.999 99.999  0.334 99.999 99.999 99.999 99.999  99.999  99.999  99.999  99.999  0.001  0.001  0.019  0.018  0.067  0.063   23   20 99.999 99.999   99  20.269462837 -19.401030861  4  2 38.94 1998  6  8 2450972.66850625     1  Clear                 08069810.net.fits                                  Triton                1024  1024
  -0.083  -0.086  484.41  500.19 1.055    943.26     83.01 99.999 99.999 99.999 13.308 13.378 99.999 99.999 99.999  0.239 99.999 99.999 99.999 99.999  99.999  99.999  99.999  99.999  0.024  0.024  0.017  0.017  0.055  0.054   22   18 99.999 99.999   99  20.269461019 -19.401020798  4  4  6.93 1998  6  8 2450972.66952465     1  Clear                 08069812.net.fits                                  Triton                1024  1024
  -0.082  -0.031  484.94  500.70 1.154    947.45     34.66 99.999 99.999 99.999 13.154 13.282 99.999 99.999 99.999  0.326 99.999 99.999 99.999 99.999  99.999  99.999  99.999  99.999  0.015  0.015  0.013  0.015  0.040  0.047   23   19 99.999 99.999   99  20.269458622 -19.401011908  4  6 19.96 1998  6  8 2450972.67106435     1  Clear                 08069815.net.fits                                  Triton                1024  1024
  -0.053  -0.059  408.20  522.07 1.064    868.39     81.15 99.999 99.999 99.999 13.249 13.340 99.999 99.999 99.999  0.300 99.999 99.999 99.999 99.999  99.999  99.999  99.999  99.999  0.005  0.005  0.018  0.015  0.054  0.047   24   20 99.999 99.999   99  20.269433043 -19.401087599  4 30 26.97 1998  6  8 2450972.68781215     1  Clear                 08069817.net.fits                                  Triton                1024  1024
  -0.049   0.034  408.07  522.21 1.044    790.94    100.06 99.999 99.999 99.999 13.286 13.363 99.999 99.999 99.999  0.316 99.999 99.999 99.999 99.999  99.999  99.999  99.999  99.999  0.001  0.001  0.013  0.020  0.044  0.066   24   20 99.999 99.999   99  20.269432339 -19.401063878  4 31  9.92 1998  6  8 2450972.68830926     1  Clear                 08069818.net.fits                                  Triton                1024  1024
  -0.062  -0.118  407.26  522.32 0.903    915.60    151.26 99.999 99.999 99.999 13.266 13.351 99.999 99.999 99.999  0.298 99.999 99.999 99.999 99.999  99.999  99.999  99.999  99.999  0.013  0.013  0.016  0.016  0.053  0.053   24   20 99.999 99.999   99  20.269431318 -19.401107926  4 31 52.87 1998  6  8 2450972.68880637     1  Clear                 08069819.net.fits                                  Triton                1024  1024
  -0.076  -0.070  408.17  524.74 0.985    811.21    116.66 99.999 99.999 99.999 13.236 13.294 99.999 99.999 99.999  0.297 99.999 99.999 99.999 99.999  99.999  99.999  99.999  99.999  0.009  0.009  0.017  0.015  0.053  0.046   24   20 99.999 99.999   99  20.269430256 -19.401096557  4 32 35.93 1998  6  8 2450972.68930475     1  Clear                 08069820.net.fits                                  Triton                1024  1024
  -0.050  -0.007  408.91  525.19 1.049    910.98     81.69 99.999 99.999 99.999 13.269 13.332 99.999 99.999 99.999  0.328 99.999 99.999 99.999 99.999  99.999  99.999  99.999  99.999  0.010  0.010  0.017  0.019  0.056  0.064   24   21 99.999 99.999   99  20.269429989 -19.401081105  4 33 18.89 1998  6  8 2450972.68980197     1  Clear                 08069821.net.fits                                  Triton                1024  1024
  -0.078   0.018  409.82  524.49 1.179    689.50     71.82 99.999 99.999 99.999 13.300 13.384 99.999 99.999 99.999  0.311 99.999 99.999 99.999 99.999  99.999  99.999  99.999  99.999  0.011  0.011  0.016  0.015  0.047  0.045   24   19 99.999 99.999   99  20.269428658 -19.401076019  4 34  1.95 1998  6  8 2450972.69030035     1  Clear                 08069822.net.fits                                  Triton                1024  1024
  -0.067  -0.033  410.36  524.39 1.003   1032.79     78.58 99.999 99.999 99.999 13.222 13.283 99.999 99.999 99.999  0.281 99.999 99.999 99.999 99.999  99.999  99.999  99.999  99.999  0.003  0.003  0.015  0.017  0.046  0.053   24   20 99.999 99.999   99  20.269428098 -19.401092205  4 34 44.95 1998  6  8 2450972.69079803     1  Clear                 08069823.net.fits                                  Triton                1024  1024
  -0.059  -0.047  410.60  525.17 1.148    795.20     72.62 99.999 99.999 99.999 13.344 13.413 99.999 99.999 99.999  0.300 99.999 99.999 99.999 99.999  99.999  99.999  99.999  99.999  0.018  0.018  0.013  0.015  0.046  0.053   24   21 99.999 99.999   99  20.269427487 -19.401098259  4 35 27.91 1998  6  8 2450972.69129525     1  Clear                 08069824.net.fits                                  Triton                1024  1024
  -0.069  -0.035  410.87  524.27 0.893   1129.30    111.49 99.999 99.999 99.999 13.256 13.338 99.999 99.999 99.999  0.293 99.999 99.999 99.999 99.999  99.999  99.999  99.999  99.999  0.011  0.011  0.021  0.012  0.058  0.032   23   18 99.999 99.999   99  20.269426499 -19.401096854  4 36 10.97 1998  6  8 2450972.69179363     1  Clear                 08069825.net.fits                                  Triton                1024  1024
  -0.092  -0.039  411.83  524.37 1.037    918.00     92.31 99.999 99.999 99.999 13.234 13.245 99.999 99.999 99.999  0.261 99.999 99.999 99.999 99.999  99.999  99.999  99.999  99.999  0.009  0.009  0.015  0.016  0.045  0.049   23   20 99.999 99.999   99  20.269425280 -19.401100054  4 36 53.97 1998  6  8 2450972.69229132     1  Clear                 08069826.net.fits                                  Triton                1024  1024
  -0.084  -0.057  411.78  524.80 0.913   1161.90    101.08 99.999 99.999 99.999 13.197 13.272 99.999 99.999 99.999  0.322 99.999 99.999 99.999 99.999  99.999  99.999  99.999  99.999  0.011  0.011  0.017  0.019  0.059  0.064   24   21 99.999 99.999   99  20.269424654 -19.401106912  4 37 36.87 1998  6  8 2450972.69278785     1  Clear                 08069827.net.fits                                  Triton                1024  1024
  -0.064  -0.046  412.41  524.10 0.816   1235.06    162.76 99.999 99.999 99.999 13.222 13.341 99.999 99.999 99.999  0.313 99.999 99.999 99.999 99.999  99.999  99.999  99.999  99.999  0.015  0.015  0.016  0.014  0.054  0.047   24   20 99.999 99.999   99  20.269424271 -19.401105817  4 38 19.93 1998  6  8 2450972.69328623     1  Clear                 08069828.net.fits                                  Triton                1024  1024
  -0.069  -0.079  411.81  524.23 1.069    969.73     66.29 99.999 99.999 99.999 13.262 13.347 99.999 99.999 99.999  0.302 99.999 99.999 99.999 99.999  99.999  99.999  99.999  99.999  0.018  0.018  0.015  0.015  0.052  0.052   24   21 99.999 99.999   99  20.269423396 -19.401117045  4 39  2.94 1998  6  8 2450972.69378403     1  Clear                 08069829.net.fits                                  Triton                1024  1024
