  -0.092  -0.062  145.14  593.38 2.079  41521.71  -1574.08 99.999 99.999 99.999 14.167 14.287 99.999 99.999 99.999  0.624 99.999 99.999 99.999 99.999  99.999  99.999  99.999  99.999  0.021  0.021  0.053  0.051  0.072  0.069   10    9 99.999 99.999   99  20.121124516 -19.795464009  4 24 34.83 1997  6  2 2450601.68373646   200  CLEAR                 02069723.net.fits                                  Triton                 739  1140
  -0.138  -0.083  127.66  504.62 1.988  41227.56  -1336.54 99.999 99.999 99.999 14.018 14.183 99.999 99.999 99.999  0.611 99.999 99.999 99.999 99.999  99.999  99.999  99.999  99.999  0.017  0.017  0.052  0.032  0.074  0.046   12    9 99.999 99.999   99  20.121022006 -19.795911545  6 10 18.49 1997  6  2 2450601.75715845   180  CLEAR                 02069746.net.fits                                  Triton                 739  1140
  -0.138  -0.046  130.21  502.56 1.931  41586.24  -1361.02 99.999 99.999 99.999 14.103 14.320 99.999 99.999 99.999  0.647 99.999 99.999 99.999 99.999  99.999  99.999  99.999  99.999  0.016  0.016  0.057  0.029  0.085  0.044   12   10 99.999 99.999   99  20.120992228 -19.796025791  6 40 58.97 1997  6  2 2450601.77846030   180  CLEAR                 02069752.net.fits                                  Triton                 739  1140
  -0.147  -0.066  131.09  502.26 2.031  41273.18  -1599.90 99.999 99.999 99.999 13.976 14.092 99.999 99.999 99.999  0.586 99.999 99.999 99.999 99.999  99.999  99.999  99.999  99.999  0.020  0.020  0.060  0.028  0.090  0.042   12   10 99.999 99.999   99  20.120984889 -19.796061210  6 48 20.92 1997  6  2 2450601.78357546   180  CLEAR                 02069754.net.fits                                  Triton                 739  1140
  -0.024  -0.070  136.72  523.46 2.042  40698.37  -1405.88 99.999 99.999 99.999 13.919 13.995 99.999 99.999 99.999  0.560 99.999 99.999 99.999 99.999  99.999  99.999  99.999  99.999  0.021  0.021  0.033  0.044  0.049  0.066   12    9 99.999 99.999   99  20.120933591 -19.796279703  7 43 20.18 1997  6  2 2450601.82176134   180  CLEAR                 02069766.net.fits                                  Triton                 739  1140
   0.044  -0.043  138.11  522.92 1.921  41115.70  -1494.84 99.999 99.999 99.999 14.059 14.275 99.999 99.999 99.999  0.664 99.999 99.999 99.999 99.999  99.999  99.999  99.999  99.999  0.022  0.022  0.031  0.046  0.039  0.059   11    8 99.999 99.999   99  20.120915531 -19.796349084  8  3  7.05 1997  6  2 2450601.83549826   180  CLEAR                 02069770.net.fits                                  Triton                 739  1140
   0.042  -0.085  139.16  522.75 1.981  39795.25  -1085.33 99.999 99.999 99.999 14.056 14.204 99.999 99.999 99.999  0.620 99.999 99.999 99.999 99.999  99.999  99.999  99.999  99.999  0.027  0.027  0.051  0.034  0.083  0.056   12   12 99.999 99.999   99  20.120911879 -19.796375103  8  6 47.92 1997  6  2 2450601.83805463   180  CLEAR                 02069771.net.fits                                  Triton                 739  1140
  -0.047  -0.081  139.45  522.83 2.098  39831.38  -1382.66 99.999 99.999 99.999 13.878 13.985 99.999 99.999 99.999  0.538 99.999 99.999 99.999 99.999  99.999  99.999  99.999  99.999  0.026  0.026  0.043  0.028  0.068  0.044   12   10 99.999 99.999   99  20.120899271 -19.796416305  8 17 51.47 1997  6  2 2450601.84573461   180  CLEAR                 02069774.net.fits                                  Triton                 739  1140
   0.029  -0.076  140.78  522.22 1.886  41460.60  -1787.38 99.999 99.999 99.999 14.225 14.477 99.999 99.999 99.999  0.718 99.999 99.999 99.999 99.999  99.999  99.999  99.999  99.999  0.021  0.021  0.028  0.044  0.043  0.066   12    9 99.999 99.999   99  20.120897161 -19.796429263  8 21 32.32 1997  6  2 2450601.84829074   180  CLEAR                 02069775.net.fits                                  Triton                 739  1140
   0.052  -0.094  142.21  522.35 2.016  40115.79   -984.03 99.999 99.999 99.999 13.971 14.111 99.999 99.999 99.999  0.585 99.999 99.999 99.999 99.999  99.999  99.999  99.999  99.999  0.021  0.021  0.023  0.043  0.036  0.066   12    9 99.999 99.999   99  20.120893995 -19.796448236  8 25 13.23 1997  6  2 2450601.85084757   180  CLEAR                 02069776.net.fits                                  Triton                 739  1140
   0.011  -0.077  118.40  523.58 2.033  40049.00   -903.28 99.999 99.999 99.999 13.956 14.099 99.999 99.999 99.999  0.577 99.999 99.999 99.999 99.999  99.999  99.999  99.999  99.999  0.021  0.021  0.041  0.039  0.068  0.063   12   10 99.999 99.999   99  20.120880527 -19.796492612  8 38  4.79 1997  6  2 2450601.85977766   180  CLEAR                 02069787.net.fits                                  Triton                 739  1140
   0.009  -0.060  117.91  523.51 1.994  39932.74   -321.60 99.999 99.999 99.999 14.079 14.304 99.999 99.999 99.999  0.639 99.999 99.999 99.999 99.999  99.999  99.999  99.999  99.999  0.018  0.018  0.026  0.045  0.040  0.069   12    9 99.999 99.999   99  20.120876760 -19.796502324  8 41 53.37 1997  6  2 2450601.86242326   180  CLEAR                 02069788.net.fits                                  Triton                 739  1140
   0.042  -0.080  119.32  523.86 2.098  37181.52    772.25 99.999 99.999 99.999 13.985 14.204 99.999 99.999 99.999  0.590 99.999 99.999 99.999 99.999  99.999  99.999  99.999  99.999  0.022  0.022  0.048  0.035  0.080  0.057   12   12 99.999 99.999   99  20.120873695 -19.796522208  8 45 40.27 1997  6  2 2450601.86504942   180  CLEAR                 02069789.net.fits                                  Triton                 739  1140
