  -0.005  -0.078  332.12  588.53 0.912    784.41     78.33 99.999 99.999 99.999 13.223 13.311 99.999 99.999 99.999  0.112 99.999 99.999 99.999 99.999  99.999  99.999  99.999  99.999  0.016  0.016  0.023  0.015  0.068  0.045   12   10 99.999 99.999   99  20.121183670 -19.795205500  3 23 51.30 1997  6  2 2450601.64156597     1  CLEAR                 02069704.net.fits                                  Triton                 739  1140
   0.011  -0.066  333.58  587.64 0.957    741.93     62.88 99.999 99.999 99.999 13.234 13.375 99.999 99.999 99.999  0.120 99.999 99.999 99.999 99.999  99.999  99.999  99.999  99.999  0.017  0.017  0.022  0.015  0.069  0.048   12   11 99.999 99.999   99  20.121183335 -19.795205449  3 24 33.99 1997  6  2 2450601.64206007     1  CLEAR                 02069705.net.fits                                  Triton                 739  1140
   0.036  -0.025  331.98  588.54 0.814   1007.81     68.69 99.999 99.999 99.999 13.159 13.327 99.999 99.999 99.999  0.119 99.999 99.999 99.999 99.999  99.999  99.999  99.999  99.999  0.020  0.020  0.018  0.013  0.053  0.040   12   10 99.999 99.999   99  20.121183146 -19.795197181  3 25 15.80 1997  6  2 2450601.64254398     1  CLEAR                 02069706.net.fits                                  Triton                 739  1140
  -0.003  -0.041  332.09  588.74 0.992    831.96     34.42 99.999 99.999 99.999 13.213 13.385 99.999 99.999 99.999  0.129 99.999 99.999 99.999 99.999  99.999  99.999  99.999  99.999  0.015  0.015  0.018  0.013  0.055  0.040   12   10 99.999 99.999   99  20.121181712 -19.795204651  3 25 57.65 1997  6  2 2450601.64302836     1  CLEAR                 02069707.net.fits                                  Triton                 739  1140
   0.034  -0.073  332.25  589.01 1.084    674.83     38.92 99.999 99.999 99.999 13.279 13.410 99.999 99.999 99.999  0.119 99.999 99.999 99.999 99.999  99.999  99.999  99.999  99.999  0.020  0.020  0.021  0.010  0.062  0.031   12   10 99.999 99.999   99  20.121180482 -19.795222737  3 28  3.51 1997  6  2 2450601.64448507     1  CLEAR                 02069710.net.fits                                  Triton                 739  1140
   0.011  -0.081  337.23  590.22 1.021   1165.30     15.59 99.999 99.999 99.999 13.231 13.465 99.999 99.999 99.999  0.140 99.999 99.999 99.999 99.999  99.999  99.999  99.999  99.999  0.015  0.015  0.011  0.016  0.035  0.052   12   11 99.999 99.999   99  20.121170947 -19.795266900  3 37 44.20 1997  6  2 2450601.65120602     5  CLEAR                 02069712.net.fits                                  Triton                 739  1140
   0.034  -0.082  338.50  590.36 0.834   1229.45    114.24 99.999 99.999 99.999 13.249 13.332 99.999 99.999 99.999  0.148 99.999 99.999 99.999 99.999  99.999  99.999  99.999  99.999  0.017  0.017  0.011  0.014  0.032  0.043   12   10 99.999 99.999   99  20.121170648 -19.795270890  3 38 30.63 1997  6  2 2450601.65174340     5  CLEAR                 02069713.net.fits                                  Triton                 739  1140
   0.015  -0.068  338.77  590.54 0.729   1385.65    161.46 99.999 99.999 99.999 13.237 13.458 99.999 99.999 99.999  0.179 99.999 99.999 99.999 99.999  99.999  99.999  99.999  99.999  0.006  0.006  0.013  0.014  0.041  0.045   12   11 99.999 99.999   99  20.121168822 -19.795273650  3 40  2.72 1997  6  2 2450601.65280926     5  CLEAR                 02069715.net.fits                                  Triton                 739  1140
  -0.009  -0.056  339.35  590.82 0.798   1506.38     85.36 99.999 99.999 99.999 13.231 13.346 99.999 99.999 99.999  0.142 99.999 99.999 99.999 99.999  99.999  99.999  99.999  99.999  0.017  0.017  0.016  0.016  0.050  0.051   12   11 99.999 99.999   99  20.121167637 -19.795273691  3 40 48.78 1997  6  2 2450601.65334236     5  CLEAR                 02069716.net.fits                                  Triton                 739  1140
   0.038  -0.080  340.63  591.18 0.800   1453.53     92.49 99.999 99.999 99.999 13.219 13.450 99.999 99.999 99.999  0.153 99.999 99.999 99.999 99.999  99.999  99.999  99.999  99.999  0.013  0.013  0.011  0.015  0.034  0.047   12   11 99.999 99.999   99  20.121167082 -19.795286830  3 42 23.10 1997  6  2 2450601.65443403     5  CLEAR                 02069718.net.fits                                  Triton                 739  1140
   0.009  -0.075  340.30  591.41 0.780   1455.87    109.49 99.999 99.999 99.999 13.190 13.309 99.999 99.999 99.999  0.144 99.999 99.999 99.999 99.999  99.999  99.999  99.999  99.999  0.014  0.014  0.010  0.017  0.033  0.053   12   11 99.999 99.999   99  20.121165770 -19.795288948  3 43  9.54 1997  6  2 2450601.65497153     5  CLEAR                 02069719.net.fits                                  Triton                 739  1140
   0.028  -0.074  341.36  591.80 0.772   1451.83    114.72 99.999 99.999 99.999 13.216 13.264 99.999 99.999 99.999  0.142 99.999 99.999 99.999 99.999  99.999  99.999  99.999  99.999  0.015  0.015  0.014  0.014  0.046  0.045   12   11 99.999 99.999   99  20.121165403 -19.795292028  3 43 55.90 1997  6  2 2450601.65550810     5  CLEAR                 02069720.net.fits                                  Triton                 739  1140
   0.009  -0.031  319.87  495.93 1.218    675.33     54.31 99.999 99.999 99.999 13.251 13.316 99.999 99.999 99.999  0.101 99.999 99.999 99.999 99.999  99.999  99.999  99.999  99.999  0.017  0.017  0.016  0.022  0.040  0.056    9    9 99.999 99.999   99  20.121048233 -19.795798266  5 46 11.86 1997  6  2 2450601.74041505     5  CLEAR                 02069726.net.fits                                  Triton                 739  1140
   0.022  -0.051  319.27  496.66 1.014    698.70    102.97 99.999 99.999 99.999 13.230 13.319 99.999 99.999 99.999  0.124 99.999 99.999 99.999 99.999  99.999  99.999  99.999  99.999  0.021  0.021  0.020  0.026  0.051  0.067    9    9 99.999 99.999   99  20.121046568 -19.795811998  5 48 10.84 1997  6  2 2450601.74179213     5  CLEAR                 02069727.net.fits                                  Triton                 739  1140
  -0.010  -0.060  319.07  497.01 1.071    652.62     96.35 99.999 99.999 99.999 13.276 13.428 99.999 99.999 99.999  0.101 99.999 99.999 99.999 99.999  99.999  99.999  99.999  99.999  0.018  0.018  0.020  0.016  0.052  0.041    9    9 99.999 99.999   99  20.121045229 -19.795817698  5 48 56.91 1997  6  2 2450601.74232535     5  CLEAR                 02069728.net.fits                                  Triton                 739  1140
   0.009  -0.053  319.70  496.76 0.927    673.76    137.19 99.999 99.999 99.999 13.248 13.380 99.999 99.999 99.999  0.109 99.999 99.999 99.999 99.999  99.999  99.999  99.999  99.999  0.014  0.014  0.017  0.020  0.043  0.051    9    9 99.999 99.999   99  20.121044836 -19.795818942  5 49 42.72 1997  6  2 2450601.74285556     5  CLEAR                 02069729.net.fits                                  Triton                 739  1140
  -0.001  -0.056  318.96  497.68 1.531    508.95     23.55 99.999 99.999 99.999 13.280 13.467 99.999 99.999 99.999  0.098 99.999 99.999 99.999 99.999  99.999  99.999  99.999  99.999  0.017  0.017  0.018  0.021  0.046  0.054    9    9 99.999 99.999   99  20.121043183 -19.795826003  5 51 14.58 1997  6  2 2450601.74391875     5  CLEAR                 02069731.net.fits                                  Triton                 739  1140
   0.011  -0.055  319.59  497.51 1.260    547.03     62.68 99.999 99.999 99.999 13.248 13.267 99.999 99.999 99.999  0.082 99.999 99.999 99.999 99.999  99.999  99.999  99.999  99.999  0.018  0.018  0.013  0.023  0.034  0.058    9    9 99.999 99.999   99  20.121041939 -19.795831844  5 52 46.40 1997  6  2 2450601.74498148     5  CLEAR                 02069733.net.fits                                  Triton                 739  1140
   0.001  -0.044  317.41  497.24 1.673    347.08     40.27 99.999 99.999 99.999 13.298 13.354 99.999 99.999 99.999  0.089 99.999 99.999 99.999 99.999  99.999  99.999  99.999  99.999  0.025  0.025  0.013  0.021  0.032  0.053    9    9 99.999 99.999   99  20.121041000 -19.795832291  5 53 32.27 1997  6  2 2450601.74551238     5  CLEAR                 02069734.net.fits                                  Triton                 739  1140
   0.028  -0.065  320.15  498.91 1.572    357.31     44.08 99.999 99.999 99.999 13.269 13.370 99.999 99.999 99.999  0.087 99.999 99.999 99.999 99.999  99.999  99.999  99.999  99.999  0.009  0.009  0.016  0.025  0.041  0.064    9    9 99.999 99.999   99  20.121040775 -19.795841139  5 54 18.36 1997  6  2 2450601.74604583     5  CLEAR                 02069735.net.fits                                  Triton                 739  1140
   0.026  -0.025  320.44  501.18 0.869    576.58    136.39 99.999 99.999 99.999 13.303 13.439 99.999 99.999 99.999  0.132 99.999 99.999 99.999 99.999  99.999  99.999  99.999  99.999  0.020  0.020  0.014  0.021  0.037  0.055    9    9 99.999 99.999   99  20.121036282 -19.795848808  5 58 54.54 1997  6  2 2450601.74924236     1  CLEAR                 02069736.net.fits                                  Triton                 739  1140
   0.018  -0.030  320.25  500.27 1.017    652.52     77.42 99.999 99.999 99.999 13.295 13.384 99.999 99.999 99.999  0.116 99.999 99.999 99.999 99.999  99.999  99.999  99.999  99.999  0.005  0.005  0.010  0.024  0.027  0.063    9    9 99.999 99.999   99  20.121034019 -19.795859195  6  1  5.78 1997  6  2 2450601.75076134     1  CLEAR                 02069737.net.fits                                  Triton                 739  1140
  -0.006  -0.048  322.33  500.87 0.869    838.96     93.05 99.999 99.999 99.999 13.346 13.547 99.999 99.999 99.999  0.140 99.999 99.999 99.999 99.999  99.999  99.999  99.999  99.999  0.019  0.019  0.015  0.020  0.039  0.052    9    9 99.999 99.999   99  20.121032188 -19.795869938  6  2 29.96 1997  6  2 2450601.75173565     1  CLEAR                 02069739.net.fits                                  Triton                 739  1140
   0.012  -0.049  319.99  501.78 0.960    798.74     64.56 99.999 99.999 99.999 13.318 13.613 99.999 99.999 99.999  0.124 99.999 99.999 99.999 99.999  99.999  99.999  99.999  99.999  0.013  0.013  0.009  0.015  0.022  0.034    8    8 99.999 99.999   99  20.121031845 -19.795873470  6  3 11.98 1997  6  2 2450601.75222199     1  CLEAR                 02069740.net.fits                                  Triton                 739  1140
   0.005  -0.071  321.73  502.01 0.910    867.40     77.04 99.999 99.999 99.999 13.313 13.497 99.999 99.999 99.999  0.116 99.999 99.999 99.999 99.999  99.999  99.999  99.999  99.999  0.011  0.011  0.015  0.023  0.038  0.058    9    9 99.999 99.999   99  20.121030376 -19.795884866  6  4 35.70 1997  6  2 2450601.75319097     1  CLEAR                 02069742.net.fits                                  Triton                 739  1140
   0.007  -0.069  320.46  502.43 0.998    783.97     58.98 99.999 99.999 99.999 13.273 13.416 99.999 99.999 99.999  0.098 99.999 99.999 99.999 99.999  99.999  99.999  99.999  99.999  0.012  0.012  0.014  0.021  0.036  0.054    9    9 99.999 99.999   99  20.121029712 -19.795887103  6  5 17.60 1997  6  2 2450601.75367593     1  CLEAR                 02069743.net.fits                                  Triton                 739  1140
   0.011  -0.047  321.58  502.64 0.890    784.04    100.29 99.999 99.999 99.999 13.298 13.505 99.999 99.999 99.999  0.103 99.999 99.999 99.999 99.999  99.999  99.999  99.999  99.999  0.012  0.012  0.014  0.027  0.037  0.069    9    9 99.999 99.999   99  20.121028436 -19.795886892  6  6 42.28 1997  6  2 2450601.75465602     1  CLEAR                 02069745.net.fits                                  Triton                 739  1140
  -0.001  -0.021  338.05  521.10 0.906    797.06     85.86 99.999 99.999 99.999 13.301 13.374 99.999 99.999 99.999  0.122 99.999 99.999 99.999 99.999  99.999  99.999  99.999  99.999  0.017  0.017  0.019  0.022  0.050  0.058    9    9 99.999 99.999   99  20.120944541 -19.796224112  7 32 37.07 1997  6  2 2450601.81431794     1  CLEAR                 02069756.net.fits                                  Triton                 739  1140
   0.030  -0.057  338.17  521.36 0.912    833.71     77.41 99.999 99.999 99.999 13.289 13.386 99.999 99.999 99.999  0.115 99.999 99.999 99.999 99.999  99.999  99.999  99.999  99.999  0.014  0.014  0.010  0.022  0.027  0.059    9    9 99.999 99.999   99  20.120944455 -19.796236890  7 33 19.17 1997  6  2 2450601.81480521     1  CLEAR                 02069757.net.fits                                  Triton                 739  1140
   0.021  -0.059  339.11  522.01 1.130    556.73     60.42 99.999 99.999 99.999 13.254 13.300 99.999 99.999 99.999  0.078 99.999 99.999 99.999 99.999  99.999  99.999  99.999  99.999  0.016  0.016  0.012  0.016  0.030  0.041    9    8 99.999 99.999   99  20.120943577 -19.796240312  7 34  1.08 1997  6  2 2450601.81529028     1  CLEAR                 02069758.net.fits                                  Triton                 739  1140
   0.031  -0.077  336.49  521.70 0.809    878.84    128.96 99.999 99.999 99.999 13.317 13.587 99.999 99.999 99.999  0.095 99.999 99.999 99.999 99.999  99.999  99.999  99.999  99.999  0.018  0.019  0.012  0.014  0.033  0.038    9    9 99.999 99.999   99  20.120943101 -19.796248010  7 34 42.95 1997  6  2 2450601.81577488     1  CLEAR                 02069759.net.fits                                  Triton                 739  1140
   0.008  -0.086  337.76  521.63 0.897    805.44     84.04 99.999 99.999 99.999 13.317 13.438 99.999 99.999 99.999  0.108 99.999 99.999 99.999 99.999  99.999  99.999  99.999  99.999  0.014  0.014  0.017  0.022  0.045  0.058    9    9 99.999 99.999   99  20.120941965 -19.796253433  7 35 24.79 1997  6  2 2450601.81625914     1  CLEAR                 02069760.net.fits                                  Triton                 739  1140
   0.016  -0.052  335.43  521.69 0.764   1108.40    104.94 99.999 99.999 99.999 13.268 13.401 99.999 99.999 99.999  0.124 99.999 99.999 99.999 99.999  99.999  99.999  99.999  99.999  0.015  0.015  0.011  0.022  0.029  0.059    9    9 99.999 99.999   99  20.120940737 -19.796249257  7 36 49.40 1997  6  2 2450601.81723843     1  CLEAR                 02069762.net.fits                                  Triton                 739  1140
   0.033  -0.052  337.44  522.05 1.195    630.74     29.90 99.999 99.999 99.999 13.304 13.359 99.999 99.999 99.999  0.109 99.999 99.999 99.999 99.999  99.999  99.999  99.999  99.999  0.020  0.020  0.014  0.023  0.036  0.061    9    9 99.999 99.999   99  20.120940405 -19.796251938  7 37 31.30 1997  6  2 2450601.81772338     1  CLEAR                 02069763.net.fits                                  Triton                 739  1140
   0.024  -0.043  337.95  521.39 1.000    752.10     64.64 99.999 99.999 99.999 13.326 13.453 99.999 99.999 99.999  0.103 99.999 99.999 99.999 99.999  99.999  99.999  99.999  99.999  0.015  0.015  0.012  0.027  0.032  0.071    9    9 99.999 99.999   99  20.120939519 -19.796252119  7 38 13.27 1997  6  2 2450601.81820914     1  CLEAR                 02069764.net.fits                                  Triton                 739  1140
   0.044  -0.043  138.11  522.92 1.921  41115.70  -1494.84 99.999 99.999 99.999 14.059 14.275 99.999 99.999 99.999  0.664 99.999 99.999 99.999 99.999  99.999  99.999  99.999  99.999  0.022  0.022  0.031  0.046  0.039  0.059   11    8 99.999 99.999   99  20.120915531 -19.796349084  8  3  7.05 1997  6  2 2450601.83549826   180  CLEAR                 02069770.net.fits                                  Triton                 739  1140
   0.042  -0.085  139.16  522.75 1.981  39795.25  -1085.33 99.999 99.999 99.999 14.056 14.204 99.999 99.999 99.999  0.620 99.999 99.999 99.999 99.999  99.999  99.999  99.999  99.999  0.027  0.027  0.051  0.034  0.083  0.056   12   12 99.999 99.999   99  20.120911879 -19.796375103  8  6 47.92 1997  6  2 2450601.83805463   180  CLEAR                 02069771.net.fits                                  Triton                 739  1140
   0.029  -0.076  140.78  522.22 1.886  41460.60  -1787.38 99.999 99.999 99.999 14.225 14.477 99.999 99.999 99.999  0.718 99.999 99.999 99.999 99.999  99.999  99.999  99.999  99.999  0.021  0.021  0.028  0.044  0.043  0.066   12    9 99.999 99.999   99  20.120897161 -19.796429263  8 21 32.32 1997  6  2 2450601.84829074   180  CLEAR                 02069775.net.fits                                  Triton                 739  1140
  -0.010  -0.048  327.27  522.61 1.007    642.45     75.87 99.999 99.999 99.999 13.280 13.397 99.999 99.999 99.999  0.097 99.999 99.999 99.999 99.999  99.999  99.999  99.999  99.999  0.008  0.008  0.013  0.024  0.035  0.065   10   10 99.999 99.999   99  20.120888692 -19.796451513  8 29 21.99 1997  6  2 2450601.85372674     1  CLEAR                 02069778.net.fits                                  Triton                 739  1140
   0.027  -0.051  323.83  521.89 0.700    965.44    195.11 99.999 99.999 99.999 13.331 13.431 99.999 99.999 99.999  0.109 99.999 99.999 99.999 99.999  99.999  99.999  99.999  99.999  0.017  0.017  0.016  0.021  0.043  0.057   10   10 99.999 99.999   99  20.120887306 -19.796460269  8 31 30.99 1997  6  2 2450601.85521979     1  CLEAR                 02069781.net.fits                                  Triton                 739  1140
   0.016  -0.032  320.70  522.43 0.820    816.03    126.81 99.999 99.999 99.999 13.210 13.374 99.999 99.999 99.999  0.234 99.999 99.999 99.999 99.999  99.999  99.999  99.999  99.999  0.010  0.010  0.015  0.026  0.041  0.071   11   11 99.999 99.999   99  20.120886060 -19.796459229  8 32 34.04 1997  6  2 2450601.85594954     1  CLEAR                 02069782.net.fits                                  Triton                 739  1140
   0.014  -0.026  320.25  522.77 0.853    871.74    108.46 99.999 99.999 99.999 13.255 13.390 99.999 99.999 99.999  0.208 99.999 99.999 99.999 99.999  99.999  99.999  99.999  99.999  0.010  0.010  0.014  0.023  0.037  0.060   11   10 99.999 99.999   99  20.120885337 -19.796459910  8 33 15.95 1997  6  2 2450601.85643461     1  CLEAR                 02069783.net.fits                                  Triton                 739  1140
  -0.014  -0.042  317.10  522.48 1.106    696.24     42.27 99.999 99.999 99.999 13.210 13.438 99.999 99.999 99.999  0.247 99.999 99.999 99.999 99.999  99.999  99.999  99.999  99.999  0.011  0.011  0.017  0.021  0.045  0.055   11   10 99.999 99.999   99  20.120883393 -19.796470084  8 34 39.69 1997  6  2 2450601.85740382     1  CLEAR                 02069785.net.fits                                  Triton                 739  1140
   0.011  -0.077  118.40  523.58 2.033  40049.00   -903.28 99.999 99.999 99.999 13.956 14.099 99.999 99.999 99.999  0.577 99.999 99.999 99.999 99.999  99.999  99.999  99.999  99.999  0.021  0.021  0.041  0.039  0.068  0.063   12   10 99.999 99.999   99  20.120880527 -19.796492612  8 38  4.79 1997  6  2 2450601.85977766   180  CLEAR                 02069787.net.fits                                  Triton                 739  1140
   0.009  -0.060  117.91  523.51 1.994  39932.74   -321.60 99.999 99.999 99.999 14.079 14.304 99.999 99.999 99.999  0.639 99.999 99.999 99.999 99.999  99.999  99.999  99.999  99.999  0.018  0.018  0.026  0.045  0.040  0.069   12    9 99.999 99.999   99  20.120876760 -19.796502324  8 41 53.37 1997  6  2 2450601.86242326   180  CLEAR                 02069788.net.fits                                  Triton                 739  1140
   0.042  -0.080  119.32  523.86 2.098  37181.52    772.25 99.999 99.999 99.999 13.985 14.204 99.999 99.999 99.999  0.590 99.999 99.999 99.999 99.999  99.999  99.999  99.999  99.999  0.022  0.022  0.048  0.035  0.080  0.057   12   12 99.999 99.999   99  20.120873695 -19.796522208  8 45 40.27 1997  6  2 2450601.86504942   180  CLEAR                 02069789.net.fits                                  Triton                 739  1140
