  -0.238   0.182  552.85  503.31 0.774  18095.99   2101.60 99.999 99.999 99.999 13.086 13.316 99.999 99.999 99.999  0.370 99.999 99.999 99.999 99.999  99.999  99.999  99.999  99.999  0.018  0.018  0.011  0.122  0.013  0.141    4    4 99.999 99.999   99  20.829730627 -17.666517824  6 58  4.78 2002  7 15 2452470.79033310    30  clear                 net0015.fits                                       Triton                1050  1050
  -0.239   0.176  554.27  496.44 0.828  17326.62   1605.71 99.999 99.999 99.999 13.130 13.286 99.999 99.999 99.999  0.412 99.999 99.999 99.999 99.999  99.999  99.999  99.999  99.999  0.013  0.013  0.098  0.084  0.118  0.102    5    5 99.999 99.999   99  20.829720130 -17.666565666  7  5 23.30 2002  7 15 2452470.79540856    30  clear                 net0019.fits                                       Triton                1050  1050
  -0.233   0.185  548.44  497.87 0.915  13537.15   1501.44 99.999 99.999 99.999 13.154 13.382 99.999 99.999 99.999  0.360 99.999 99.999 99.999 99.999  99.999  99.999  99.999  99.999  0.023  0.023  0.016  0.111  0.018  0.131    4    4 99.999 99.999   99  20.829716614 -17.666579383  7  7 55.95 2002  7 15 2452470.79717535    30  clear                 net0020.fits                                       Triton                1050  1050
  -0.233   0.183  554.05  499.13 0.846  10800.45    997.51 99.999 99.999 99.999 13.090 13.251 99.999 99.999 99.999  0.413 99.999 99.999 99.999 99.999  99.999  99.999  99.999  99.999  0.009  0.009  0.093  0.078  0.114  0.096    5    5 99.999 99.999   99  20.829703196 -17.666638842  7 17 16.72 2002  7 15 2452470.80366574    20  clear                 net0026.fits                                       Triton                1050  1050
  -0.195   0.142  560.39  498.10 0.728   8809.85   1345.69 99.999 99.999 99.999 13.143 13.372 99.999 99.999 99.999  0.378 99.999 99.999 99.999 99.999  99.999  99.999  99.999  99.999  0.017  0.017  0.088  0.068  0.109  0.084    5    5 99.999 99.999   99  20.829692994 -17.666698531  7 24 55.52 2002  7 15 2452470.80897593    15  clear                 net0030.fits                                       Triton                1050  1050
  -0.224   0.178  554.12  499.23 0.811   8753.22    792.98 99.999 99.999 99.999 13.024 13.200 99.999 99.999 99.999  0.414 99.999 99.999 99.999 99.999  99.999  99.999  99.999  99.999  0.015  0.015  0.088  0.084  0.109  0.104    5    5 99.999 99.999   99  20.829685257 -17.666719985  7 29 54.99 2002  7 15 2452470.81244201    15  clear                 net0033.fits                                       Triton                1050  1050
  -0.204   0.170  554.14  499.11 0.842   8138.20    748.39 99.999 99.999 99.999 13.044 13.327 99.999 99.999 99.999  0.398 99.999 99.999 99.999 99.999  99.999  99.999  99.999  99.999  0.014  0.014  0.043  0.123  0.053  0.150    4    4 99.999 99.999   99  20.829682916 -17.666734073  7 31 48.82 2002  7 15 2452470.81375949    15  clear                 net0034.fits                                       Triton                1050  1050
  -0.206   0.176  553.91  499.60 0.766   8538.50   1014.90 99.999 99.999 99.999 13.004 13.203 99.999 99.999 99.999  0.444 99.999 99.999 99.999 99.999  99.999  99.999  99.999  99.999  0.018  0.018  0.091  0.084  0.114  0.106    5    5 99.999 99.999   99  20.829680386 -17.666743217  7 33 33.24 2002  7 15 2452470.81496806    15  clear                 net0035.fits                                       Triton                1050  1050
  -0.194   0.164  553.47  497.63 0.769   8875.04    989.99 99.999 99.999 99.999 12.926 13.154 99.999 99.999 99.999  0.447 99.999 99.999 99.999 99.999  99.999  99.999  99.999  99.999  0.014  0.014  0.034  0.124  0.042  0.152    5    4 99.999 99.999   99  20.829678027 -17.666758078  7 35 21.68 2002  7 15 2452470.81622315    15  clear                 net0036.fits                                       Triton                1050  1050
  -0.230   0.169  551.05  497.49 0.789   9139.65    655.96 99.999 99.999 99.999 12.967 13.185 99.999 99.999 99.999  0.443 99.999 99.999 99.999 99.999  99.999  99.999  99.999  99.999  0.021  0.021  0.094  0.072  0.118  0.090    5    5 99.999 99.999   99  20.829674414 -17.666769556  7 37 23.92 2002  7 15 2452470.81763796    15  clear                 net0037.fits                                       Triton                1050  1050
  -0.205   0.154  553.04  497.61 0.810   9208.15    533.09 99.999 99.999 99.999 12.925 13.112 99.999 99.999 99.999  0.431 99.999 99.999 99.999 99.999  99.999  99.999  99.999  99.999  0.017  0.016  0.086  0.070  0.109  0.089    5    5 99.999 99.999   99  20.829671990 -17.666786329  7 39 26.25 2002  7 15 2452470.81905382    15  clear                 net0038.fits                                       Triton                1050  1050
  -0.220   0.159  550.02  497.84 0.797   8868.25    814.28 99.999 99.999 99.999 12.995 13.211 99.999 99.999 99.999  0.436 99.999 99.999 99.999 99.999  99.999  99.999  99.999  99.999  0.014  0.014  0.087  0.076  0.110  0.097    5    5 99.999 99.999   99  20.829669534 -17.666794418  7 40 56.08 2002  7 15 2452470.82009352    15  clear                 net0039.fits                                       Triton                1050  1050
  -0.216   0.169  548.72  497.93 0.846   8528.14    581.96 99.999 99.999 99.999 12.925 13.145 99.999 99.999 99.999  0.469 99.999 99.999 99.999 99.999  99.999  99.999  99.999  99.999  0.006  0.006  0.029  0.132  0.036  0.164    5    4 99.999 99.999   99  20.829667921 -17.666799166  7 42  8.15 2002  7 15 2452470.82092766    15  clear                 net0040.fits                                       Triton                1050  1050
  -0.212   0.153  553.56  498.06 0.885   7876.88    569.99 99.999 99.999 99.999 13.138 13.354 99.999 99.999 99.999  0.371 99.999 99.999 99.999 99.999  99.999  99.999  99.999  99.999  0.015  0.015  0.087  0.078  0.110  0.099    5    5 99.999 99.999   99  20.829666266 -17.666810978  7 43 19.87 2002  7 15 2452470.82175775    15  clear                 net0041.fits                                       Triton                1050  1050
  -0.212   0.168  550.06  498.42 0.788   8225.34   1029.29 99.999 99.999 99.999 13.034 13.259 99.999 99.999 99.999  0.422 99.999 99.999 99.999 99.999  99.999  99.999  99.999  99.999  0.020  0.020  0.089  0.078  0.114  0.099    5    5 99.999 99.999   99  20.829664122 -17.666816115  7 44 49.14 2002  7 15 2452470.82279097    15  clear                 net0042.fits                                       Triton                1050  1050
  -0.234   0.166  551.30  498.53 0.843   7550.37    898.25 99.999 99.999 99.999 13.110 13.336 99.999 99.999 99.999  0.393 99.999 99.999 99.999 99.999  99.999  99.999  99.999  99.999  0.026  0.026  0.092  0.084  0.118  0.107    5    5 99.999 99.999   99  20.829661417 -17.666826706  7 46 24.25 2002  7 15 2452470.82389178    15  clear                 net0043.fits                                       Triton                1050  1050
  -0.199   0.157  552.78  498.59 0.816   7864.35    873.13 99.999 99.999 99.999 13.018 13.227 99.999 99.999 99.999  0.408 99.999 99.999 99.999 99.999  99.999  99.999  99.999  99.999  0.019  0.019  0.089  0.068  0.113  0.087    5    5 99.999 99.999   99  20.829659385 -17.666841048  7 48 18.31 2002  7 15 2452470.82521192    15  clear                 net0044.fits                                       Triton                1050  1050
  -0.227   0.169  548.06  498.82 0.825   7832.95    877.17 99.999 99.999 99.999 13.178 13.336 99.999 99.999 99.999  0.375 99.999 99.999 99.999 99.999  99.999  99.999  99.999  99.999  0.015  0.015  0.086  0.075  0.110  0.096    5    5 99.999 99.999   99  20.829656235 -17.666849159  7 50  7.86 2002  7 15 2452470.82647986    15  clear                 net0045.fits                                       Triton                1050  1050
  -0.227   0.165  547.74  499.31 0.836   8253.71    613.19 99.999 99.999 99.999 12.926 13.154 99.999 99.999 99.999  0.457 99.999 99.999 99.999 99.999  99.999  99.999  99.999  99.999  0.023  0.023  0.088  0.085  0.113  0.109    5    5 99.999 99.999   99  20.829651039 -17.666872898  7 53 45.05 2002  7 15 2452470.82899363    15  clear                 net0047.fits                                       Triton                1050  1050
  -0.216   0.161  552.47  498.98 0.877   8207.15    468.26 99.999 99.999 99.999 13.039 13.271 99.999 99.999 99.999  0.425 99.999 99.999 99.999 99.999  99.999  99.999  99.999  99.999  0.018  0.018  0.095  0.073  0.122  0.094    5    5 99.999 99.999   99  20.829648605 -17.666885591  7 55 35.31 2002  7 15 2452470.83026979    15  clear                 net0048.fits                                       Triton                1050  1050
  -0.223   0.171  547.21  495.38 0.865   7334.42    761.97 99.999 99.999 99.999 13.050 13.224 99.999 99.999 99.999  0.401 99.999 99.999 99.999 99.999  99.999  99.999  99.999  99.999  0.015  0.015  0.090  0.088  0.117  0.113    5    5 99.999 99.999   99  20.829645696 -17.666894699  7 57 31.54 2002  7 15 2452470.83161505    15  clear                 net0049.fits                                       Triton                1050  1050
  -0.220   0.161  546.26  499.36 0.763   7616.38   1209.83 99.999 99.999 99.999 12.997 13.221 99.999 99.999 99.999  0.424 99.999 99.999 99.999 99.999  99.999  99.999  99.999  99.999  0.022  0.022  0.084  0.072  0.109  0.093    5    5 99.999 99.999   99  20.829640643 -17.666919604  8  1  6.02 2002  7 15 2452470.83409745    15  clear                 net0051.fits                                       Triton                1050  1050
  -0.210   0.148  549.31  500.28 0.742   7929.15   1242.03 99.999 99.999 99.999 12.950 13.160 99.999 99.999 99.999  0.479 99.999 99.999 99.999 99.999  99.999  99.999  99.999  99.999  0.006  0.006  0.081  0.072  0.105  0.094    5    5 99.999 99.999   99  20.829637949 -17.666936079  8  3  7.40 2002  7 15 2452470.83550231    15  clear                 net0052.fits                                       Triton                1050  1050
  -0.222   0.151  548.69  500.37 0.878   6595.66    803.43 99.999 99.999 99.999 13.074 13.273 99.999 99.999 99.999  0.377 99.999 99.999 99.999 99.999  99.999  99.999  99.999  99.999  0.018  0.018  0.082  0.070  0.107  0.092    5    5 99.999 99.999   99  20.829633083 -17.666955293  8  6 21.48 2002  7 15 2452470.83774861    15  clear                 net0054.fits                                       Triton                1050  1050
  -0.214   0.153  550.66  500.92 0.875   6688.61    737.65 99.999 99.999 99.999 12.899 13.100 99.999 99.999 99.999  0.434 99.999 99.999 99.999 99.999  99.999  99.999  99.999  99.999  0.019  0.019  0.044  0.061  0.058  0.079    5    4 99.999 99.999   99  20.829628181 -17.666976616  8  9 53.24 2002  7 15 2452470.84019954    15  clear                 net0056.fits                                       Triton                1050  1050
  -0.215   0.146  548.44  501.13 0.883   6649.32    664.94 99.999 99.999 99.999 12.945 13.135 99.999 99.999 99.999  0.444 99.999 99.999 99.999 99.999  99.999  99.999  99.999  99.999  0.017  0.017  0.091  0.051  0.120  0.067    5    5 99.999 99.999   99  20.829625877 -17.666988280  8 11 28.44 2002  7 15 2452470.84130139    15  clear                 net0057.fits                                       Triton                1050  1050
