  -0.042  -0.031  333.24  587.54 0.923    819.67     69.26 99.999 99.999 99.999 13.278 13.457 99.999 99.999 99.999  0.121 99.999 99.999 99.999 99.999  99.999  99.999  99.999  99.999  0.012  0.012  0.019  0.017  0.059  0.053   12   10 99.999 99.999   99  20.121184927 -19.795183306  3 21 45.06 1997  6  2 2450601.64010486     1  CLEAR                 02069701.net.fits                                  Triton                 739  1140
  -0.043  -0.058  333.27  587.23 0.876    839.66     83.08 99.999 99.999 99.999 13.264 13.391 99.999 99.999 99.999  0.090 99.999 99.999 99.999 99.999  99.999  99.999  99.999  99.999  0.013  0.013  0.022  0.019  0.066  0.057   12   10 99.999 99.999   99  20.121184234 -19.795193837  3 22 27.36 1997  6  2 2450601.64059444     1  CLEAR                 02069702.net.fits                                  Triton                 739  1140
  -0.005  -0.104  333.06  587.55 0.865    745.49    101.94 99.999 99.999 99.999 13.309 13.398 99.999 99.999 99.999  0.121 99.999 99.999 99.999 99.999  99.999  99.999  99.999  99.999  0.018  0.018  0.012  0.020  0.037  0.062   12   11 99.999 99.999   99  20.121184325 -19.795209585  3 23  9.24 1997  6  2 2450601.64107917     1  CLEAR                 02069703.net.fits                                  Triton                 739  1140
   0.022  -0.166  332.77  588.66 0.905    853.05     64.69 99.999 99.999 99.999 13.176 13.431 99.999 99.999 99.999  0.142 99.999 99.999 99.999 99.999  99.999  99.999  99.999  99.999  0.015  0.015  0.014  0.018  0.042  0.055   12   10 99.999 99.999   99  20.121181568 -19.795242560  3 26 39.69 1997  6  2 2450601.64351493     1  CLEAR                 02069708.net.fits                                  Triton                 739  1140
  -0.020  -0.002  331.59  589.19 0.941    822.29     47.51 99.999 99.999 99.999 13.238 13.370 99.999 99.999 99.999  0.099 99.999 99.999 99.999 99.999  99.999  99.999  99.999  99.999  0.023  0.023  0.012  0.011  0.039  0.034   12   11 99.999 99.999   99  20.121180070 -19.795199935  3 27 21.63 1997  6  2 2450601.64400035     1  CLEAR                 02069709.net.fits                                  Triton                 739  1140
   0.036  -0.104  335.00  589.23 0.887   1177.77     76.21 99.999 99.999 99.999 13.284 13.376 99.999 99.999 99.999  0.144 99.999 99.999 99.999 99.999  99.999  99.999  99.999  99.999  0.001  0.001  0.011  0.016  0.036  0.050   12   11 99.999 99.999   99  20.121174688 -19.795258365  3 34 17.15 1997  6  2 2450601.64880961     5  CLEAR                 02069711.net.fits                                  Triton                 739  1140
   0.028  -0.096  337.94  590.45 1.036   1108.31     17.91 99.999 99.999 99.999 13.251 13.362 99.999 99.999 99.999  0.124 99.999 99.999 99.999 99.999  99.999  99.999  99.999  99.999  0.015  0.015  0.011  0.014  0.034  0.046   12   11 99.999 99.999   99  20.121169807 -19.795277940  3 39 16.63 1997  6  2 2450601.65227581     5  CLEAR                 02069714.net.fits                                  Triton                 739  1140
  -0.092  -0.062  145.14  593.38 2.079  41521.71  -1574.08 99.999 99.999 99.999 14.167 14.287 99.999 99.999 99.999  0.624 99.999 99.999 99.999 99.999  99.999  99.999  99.999  99.999  0.021  0.021  0.053  0.051  0.072  0.069   10    9 99.999 99.999   99  20.121124516 -19.795464009  4 24 34.83 1997  6  2 2450601.68373646   200  CLEAR                 02069723.net.fits                                  Triton                 739  1140
  -0.371  -0.023  144.94  593.42 2.109  41657.13  -1535.13 99.999 99.999 99.999 14.014 14.212 99.999 99.999 99.999  0.606 99.999 99.999 99.999 99.999  99.999  99.999  99.999  99.999  0.020  0.020  0.053  0.044  0.066  0.055   12    8 99.999 99.999   99  20.121115224 -19.795470344  4 28 35.71 1997  6  2 2450601.68652442   200  CLEAR                 02069724.net.fits                                  Triton                 739  1140
  -0.386  -0.061  146.20  593.43 2.138  41397.34  -1554.32 99.999 99.999 99.999 13.961 14.115 99.999 99.999 99.999  0.583 99.999 99.999 99.999 99.999  99.999  99.999  99.999  99.999  0.023  0.023  0.060  0.041  0.075  0.052   12    8 99.999 99.999   99  20.121111070 -19.795497705  4 32 37.44 1997  6  2 2450601.68932222   200  CLEAR                 02069725.net.fits                                  Triton                 739  1140
  -0.067  -0.034  319.85  497.25 1.080    631.46     93.66 99.999 99.999 99.999 13.292 13.378 99.999 99.999 99.999  0.108 99.999 99.999 99.999 99.999  99.999  99.999  99.999  99.999  0.002  0.002  0.019  0.022  0.048  0.057    9    9 99.999 99.999   99  20.121042603 -19.795816547  5 50 28.68 1997  6  2 2450601.74338750     5  CLEAR                 02069730.net.fits                                  Triton                 739  1140
  -0.018  -0.021  320.64  498.17 1.224    607.73     63.24 99.999 99.999 99.999 13.257 13.412 99.999 99.999 99.999  0.104 99.999 99.999 99.999 99.999  99.999  99.999  99.999  99.999  0.021  0.021  0.018  0.017  0.044  0.040    9    8 99.999 99.999   99  20.121042097 -19.795819391  5 52  0.50 1997  6  2 2450601.74445023     5  CLEAR                 02069732.net.fits                                  Triton                 739  1140
  -0.027  -0.065  321.10  502.35 1.228    545.18     44.40 99.999 99.999 99.999 13.258 13.328 99.999 99.999 99.999  0.095 99.999 99.999 99.999 99.999  99.999  99.999  99.999  99.999  0.013  0.013  0.011  0.019  0.028  0.050    9    9 99.999 99.999   99  20.121032439 -19.795871843  6  1 47.96 1997  6  2 2450601.75124954     1  CLEAR                 02069738.net.fits                                  Triton                 739  1140
  -0.028  -0.032  321.07  501.84 0.969    882.74     47.33 99.999 99.999 99.999 13.311 13.529 99.999 99.999 99.999  0.120 99.999 99.999 99.999 99.999  99.999  99.999  99.999  99.999  0.018  0.018  0.019  0.016  0.046  0.038    9    8 99.999 99.999   99  20.121030401 -19.795871272  6  3 53.82 1997  6  2 2450601.75270625     1  CLEAR                 02069741.net.fits                                  Triton                 739  1140
   0.037  -0.101  321.71  502.15 0.977    713.51     74.01 99.999 99.999 99.999 13.262 13.390 99.999 99.999 99.999  0.147 99.999 99.999 99.999 99.999  99.999  99.999  99.999  99.999  0.009  0.009  0.009  0.022  0.023  0.056    9    9 99.999 99.999   99  20.121029636 -19.795899136  6  5 59.50 1997  6  2 2450601.75416088     1  CLEAR                 02069744.net.fits                                  Triton                 739  1140
  -0.138  -0.083  127.66  504.62 1.988  41227.56  -1336.54 99.999 99.999 99.999 14.018 14.183 99.999 99.999 99.999  0.611 99.999 99.999 99.999 99.999  99.999  99.999  99.999  99.999  0.017  0.017  0.052  0.032  0.074  0.046   12    9 99.999 99.999   99  20.121022006 -19.795911545  6 10 18.49 1997  6  2 2450601.75715845   180  CLEAR                 02069746.net.fits                                  Triton                 739  1140
  -0.147  -0.058  128.29  503.66 1.906  41354.82  -1255.46 99.999 99.999 99.999 14.140 14.327 99.999 99.999 99.999  0.669 99.999 99.999 99.999 99.999  99.999  99.999  99.999  99.999  0.017  0.017  0.057  0.030  0.085  0.044   12   10 99.999 99.999   99  20.121006381 -19.795969751  6 26 14.45 1997  6  2 2450601.76822280   180  CLEAR                 02069748.net.fits                                  Triton                 739  1140
  -0.220  -0.081  128.16  503.28 1.941  41438.10  -1559.95 99.999 99.999 99.999 14.113 14.267 99.999 99.999 99.999  0.654 99.999 99.999 99.999 99.999  99.999  99.999  99.999  99.999  0.018  0.018  0.043  0.037  0.057  0.049   12    8 99.999 99.999   99  20.121001359 -19.795990711  6 29 55.34 1997  6  2 2450601.77077940   180  CLEAR                 02069749.net.fits                                  Triton                 739  1140
  -0.191  -0.052  129.66  502.93 1.902  41198.25  -1391.08 99.999 99.999 99.999 14.134 14.325 99.999 99.999 99.999  0.663 99.999 99.999 99.999 99.999  99.999  99.999  99.999  99.999  0.019  0.019  0.040  0.037  0.054  0.049   12    8 99.999 99.999   99  20.120994767 -19.796012685  6 37 18.04 1997  6  2 2450601.77590324   180  CLEAR                 02069751.net.fits                                  Triton                 739  1140
  -0.138  -0.046  130.21  502.56 1.931  41586.24  -1361.02 99.999 99.999 99.999 14.103 14.320 99.999 99.999 99.999  0.647 99.999 99.999 99.999 99.999  99.999  99.999  99.999  99.999  0.016  0.016  0.057  0.029  0.085  0.044   12   10 99.999 99.999   99  20.120992228 -19.796025791  6 40 58.97 1997  6  2 2450601.77846030   180  CLEAR                 02069752.net.fits                                  Triton                 739  1140
  -0.225  -0.108  130.49  502.35 2.057  41511.81  -1562.10 99.999 99.999 99.999 13.870 13.930 99.999 99.999 99.999  0.536 99.999 99.999 99.999 99.999  99.999  99.999  99.999  99.999  0.017  0.017  0.046  0.039  0.062  0.052   12    8 99.999 99.999   99  20.120986933 -19.796057827  6 44 39.91 1997  6  2 2450601.78101748   180  CLEAR                 02069753.net.fits                                  Triton                 739  1140
  -0.147  -0.066  131.09  502.26 2.031  41273.18  -1599.90 99.999 99.999 99.999 13.976 14.092 99.999 99.999 99.999  0.586 99.999 99.999 99.999 99.999  99.999  99.999  99.999  99.999  0.020  0.020  0.060  0.028  0.090  0.042   12   10 99.999 99.999   99  20.120984889 -19.796061210  6 48 20.92 1997  6  2 2450601.78357546   180  CLEAR                 02069754.net.fits                                  Triton                 739  1140
  -0.228  -0.064  132.50  502.25 1.900  41018.58  -1220.43 99.999 99.999 99.999 14.091 14.268 99.999 99.999 99.999  0.645 99.999 99.999 99.999 99.999  99.999  99.999  99.999  99.999  0.020  0.020  0.044  0.037  0.059  0.049   12    8 99.999 99.999   99  20.120979712 -19.796075349  6 52  1.90 1997  6  2 2450601.78613310   180  CLEAR                 02069755.net.fits                                  Triton                 739  1140
   0.007  -0.011  339.67  521.50 0.857    919.55     87.38 99.999 99.999 99.999 13.210 13.348 99.999 99.999 99.999  0.136 99.999 99.999 99.999 99.999  99.999  99.999  99.999  99.999  0.013  0.013  0.011  0.015  0.026  0.036    9    8 99.999 99.999   99  20.120941279 -19.796235087  7 36  6.67 1997  6  2 2450601.81674387     1  CLEAR                 02069761.net.fits                                  Triton                 739  1140
  -0.007   0.001  334.90  522.45 0.740   1193.85    106.85 99.999 99.999 99.999 13.309 13.568 99.999 99.999 99.999  0.131 99.999 99.999 99.999 99.999  99.999  99.999  99.999  99.999  0.000  0.000  0.013  0.013  0.034  0.032    9    8 99.999 99.999   99  20.120938255 -19.796242652  7 38 55.20 1997  6  2 2450601.81869444     1  CLEAR                 02069765.net.fits                                  Triton                 739  1140
  -0.024  -0.070  136.72  523.46 2.042  40698.37  -1405.88 99.999 99.999 99.999 13.919 13.995 99.999 99.999 99.999  0.560 99.999 99.999 99.999 99.999  99.999  99.999  99.999  99.999  0.021  0.021  0.033  0.044  0.049  0.066   12    9 99.999 99.999   99  20.120933591 -19.796279703  7 43 20.18 1997  6  2 2450601.82176134   180  CLEAR                 02069766.net.fits                                  Triton                 739  1140
  -0.019   0.008  137.61  524.10 2.068  41283.46  -1723.86 99.999 99.999 99.999 13.922 14.059 99.999 99.999 99.999  0.561 99.999 99.999 99.999 99.999  99.999  99.999  99.999  99.999  0.019  0.019  0.040  0.030  0.063  0.047   12   10 99.999 99.999   99  20.120921511 -19.796306301  7 55 44.43 1997  6  2 2450601.83037535   180  CLEAR                 02069768.net.fits                                  Triton                 739  1140
   0.118  -0.086  140.75  523.25 1.923  39429.43  -1067.93 99.999 99.999 99.999 14.213 14.456 99.999 99.999 99.999  0.707 99.999 99.999 99.999 99.999  99.999  99.999  99.999  99.999  0.027  0.027  0.037  0.034  0.060  0.055   12   12 99.999 99.999   99  20.120909769 -19.796389486  8 10 28.83 1997  6  2 2450601.84061146   180  CLEAR                 02069772.net.fits                                  Triton                 739  1140
  -0.047  -0.081  139.45  522.83 2.098  39831.38  -1382.66 99.999 99.999 99.999 13.878 13.985 99.999 99.999 99.999  0.538 99.999 99.999 99.999 99.999  99.999  99.999  99.999  99.999  0.026  0.026  0.043  0.028  0.068  0.044   12   10 99.999 99.999   99  20.120899271 -19.796416305  8 17 51.47 1997  6  2 2450601.84573461   180  CLEAR                 02069774.net.fits                                  Triton                 739  1140
   0.052  -0.094  142.21  522.35 2.016  40115.79   -984.03 99.999 99.999 99.999 13.971 14.111 99.999 99.999 99.999  0.585 99.999 99.999 99.999 99.999  99.999  99.999  99.999  99.999  0.021  0.021  0.023  0.043  0.036  0.066   12    9 99.999 99.999   99  20.120893995 -19.796448236  8 25 13.23 1997  6  2 2450601.85084757   180  CLEAR                 02069776.net.fits                                  Triton                 739  1140
   0.016   0.011  329.56  522.53 1.072    624.39     58.32 99.999 99.999 99.999 13.328 13.486 99.999 99.999 99.999  0.127 99.999 99.999 99.999 99.999  99.999  99.999  99.999  99.999  0.007  0.007  0.015  0.022  0.039  0.056   10    9 99.999 99.999   99  20.120890590 -19.796429352  8 27 56.93 1997  6  2 2450601.85274225     1  CLEAR                 02069777.net.fits                                  Triton                 739  1140
   0.020  -0.018  326.49  521.99 0.849    860.34    105.30 99.999 99.999 99.999 13.317 13.426 99.999 99.999 99.999  0.122 99.999 99.999 99.999 99.999  99.999  99.999  99.999  99.999  0.011  0.011  0.016  0.018  0.044  0.050   10   10 99.999 99.999   99  20.120888588 -19.796445914  8 30  4.40 1997  6  2 2450601.85421759     1  CLEAR                 02069779.net.fits                                  Triton                 739  1140
   0.055  -0.033  321.56  521.50 0.874    620.39    123.53 99.999 99.999 99.999 13.226 13.459 99.999 99.999 99.999  0.222 99.999 99.999 99.999 99.999  99.999  99.999  99.999  99.999  0.014  0.014  0.013  0.021  0.035  0.054   11   10 99.999 99.999   99  20.120888585 -19.796452429  8 30 46.32 1997  6  2 2450601.85470278     1  CLEAR                 02069780.net.fits                                  Triton                 739  1140
   0.047  -0.000  320.48  522.95 0.993    652.16     83.86 99.999 99.999 99.999 13.280 13.462 99.999 99.999 99.999  0.212 99.999 99.999 99.999 99.999  99.999  99.999  99.999  99.999  0.028  0.027  0.012  0.019  0.031  0.048   11   10 99.999 99.999   99  20.120885280 -19.796455642  8 33 57.78 1997  6  2 2450601.85691875     1  CLEAR                 02069784.net.fits                                  Triton                 739  1140
   0.016   0.013  318.16  522.24 0.943    761.00     80.01 99.999 99.999 99.999 13.200 13.394 99.999 99.999 99.999  0.276 99.999 99.999 99.999 99.999  99.999  99.999  99.999  99.999  0.012  0.012  0.018  0.014  0.046  0.036   11    9 99.999 99.999   99  20.120883312 -19.796457107  8 35 21.61 1997  6  2 2450601.85788900     1  CLEAR                 02069786.net.fits                                  Triton                 739  1140
