  -0.080   0.017  860.28  889.53 0.704   4918.34    270.82 99.999 99.999 99.999 12.885 13.308 99.999 99.999 99.999  1.019 99.999 99.999 99.999 99.999  99.999  99.999  99.999  99.999  0.006  0.006  0.058  0.035  0.043  0.026    4    4 99.999 99.999   99  22.615187146  -9.527438786  8 33 38.32 2014  7  3 2456841.85669354     5    I                   Netuno_0005.fits                                   Triton                2048  2048
  -0.071   0.016  858.85  889.10 0.703   4563.68    350.17 99.999 99.999 99.999 12.804 13.197 99.999 99.999 99.999  1.054 99.999 99.999 99.999 99.999  99.999  99.999  99.999  99.999  0.007  0.007  0.065  0.047  0.048  0.034    4    4 99.999 99.999   99  22.615187230  -9.527440250  8 33 48.56 2014  7  3 2456841.85681199     5    I                   Netuno_0006.fits                                   Triton                2048  2048
  -0.073  -0.013  854.18  889.71 0.761   4069.09    271.75 99.999 99.999 99.999 12.824 13.186 99.999 99.999 99.999  1.031 99.999 99.999 99.999 99.999  99.999  99.999  99.999  99.999  0.009  0.009  0.069  0.022  0.050  0.016    4    4 99.999 99.999   99  22.615186708  -9.527453614  8 34 39.74 2014  7  3 2456841.85740444     5    I                   Netuno_0011.fits                                   Triton                2048  2048
  -0.083  -0.021  855.71  889.49 0.866   3422.76    190.75 99.999 99.999 99.999 12.903 13.309 99.999 99.999 99.999  1.065 99.999 99.999 99.999 99.999  99.999  99.999  99.999  99.999  0.007  0.007  0.063  0.008  0.046  0.006    4    4 99.999 99.999   99  22.615186442  -9.527456940  8 34 49.98 2014  7  3 2456841.85752287     5    I                   Netuno_0012.fits                                   Triton                2048  2048
  -0.076  -0.012  856.82  888.35 0.742   4673.81    185.50 99.999 99.999 99.999 12.877 13.301 99.999 99.999 99.999  1.047 99.999 99.999 99.999 99.999  99.999  99.999  99.999  99.999  0.007  0.007  0.068  0.031  0.050  0.022    4    4 99.999 99.999   99  22.615186455  -9.527455524  8 35  0.21 2014  7  3 2456841.85764138     5    I                   Netuno_0013.fits                                   Triton                2048  2048
  -0.072   0.007  859.78  888.05 0.857   3707.17    143.16 99.999 99.999 99.999 12.824 13.203 99.999 99.999 99.999  1.095 99.999 99.999 99.999 99.999  99.999  99.999  99.999  99.999  0.007  0.007  0.047  0.021  0.035  0.015    4    4 99.999 99.999   99  22.615186093  -9.527455645  8 35 51.37 2014  7  3 2456841.85823345     5    I                   Netuno_0018.fits                                   Triton                2048  2048
  -0.074   0.009  856.07  888.02 0.749   4066.60    292.26 99.999 99.999 99.999 12.697 13.265 99.999 99.999 99.999  1.200 99.999 99.999 99.999 99.999  99.999  99.999  99.999  99.999  0.004  0.004  0.000  0.000  0.000  0.000    3    3 99.999 99.999   99  22.615185854  -9.527457283  8 36 11.84 2014  7  3 2456841.85847043     5    I                   Netuno_0020.fits                                   Triton                2048  2048
  -0.078   0.014  855.60  888.14 0.672   4782.98    379.96 99.999 99.999 99.999 12.858 13.280 99.999 99.999 99.999  1.046 99.999 99.999 99.999 99.999  99.999  99.999  99.999  99.999  0.006  0.006  0.070  0.029  0.051  0.021    4    4 99.999 99.999   99  22.615185708  -9.527457040  8 36 22.08 2014  7  3 2456841.85858894     5    I                   Netuno_0021.fits                                   Triton                2048  2048
  -0.073   0.018  855.47  887.32 0.677   4756.68    397.95 99.999 99.999 99.999 12.810 13.251 99.999 99.999 99.999  1.053 99.999 99.999 99.999 99.999  99.999  99.999  99.999  99.999  0.008  0.008  0.051  0.017  0.037  0.013    4    4 99.999 99.999   99  22.615185708  -9.527457005  8 36 32.35 2014  7  3 2456841.85870773     5    I                   Netuno_0022.fits                                   Triton                2048  2048
  -0.071  -0.008  858.70  887.01 0.886   3094.34    201.61 99.999 99.999 99.999 12.676 13.264 99.999 99.999 99.999  1.277 99.999 99.999 99.999 99.999  99.999  99.999  99.999  99.999  0.009  0.009  0.000  0.000  0.000  0.000    3    3 99.999 99.999   99  22.615185479  -9.527467194  8 37  3.05 2014  7  3 2456841.85906307     5    I                   Netuno_0025.fits                                   Triton                2048  2048
  -0.082   0.025  861.40  887.57 0.668   5193.35    332.78 99.999 99.999 99.999 12.788 13.205 99.999 99.999 99.999  1.079 99.999 99.999 99.999 99.999  99.999  99.999  99.999  99.999  0.006  0.006  0.068  0.031  0.049  0.023    4    4 99.999 99.999   99  22.615185075  -9.527460155  8 37 23.51 2014  7  3 2456841.85929984     5    I                   Netuno_0027.fits                                   Triton                2048  2048
