  -0.018  -0.021  435.85  643.81 0.743   1378.05    118.72 99.999 99.999 99.999 13.357 13.327 99.999 99.999 99.999  0.161 99.999 99.999 99.999 99.999  99.999  99.999  99.999  99.999  0.020  0.020  0.010  0.018  0.028  0.050    9    8 99.999 99.999   99  19.323936168 -21.423721819  6 45 38.16 1992  6  9 2448782.78169167     2  filtro desconhecido   09069201.net.fits                                  Triton                 770  1152
  -0.003  -0.002  439.65  654.44 0.950    786.69     60.90 99.999 99.999 99.999 13.426 13.396 99.999 99.999 99.999  0.090 99.999 99.999 99.999 99.999  99.999  99.999  99.999  99.999  0.008  0.008  0.008  0.014  0.023  0.037    9    8 99.999 99.999   99  19.323927470 -21.423719251  6 54 53.07 1992  6  9 2448782.78811424     2  filtro desconhecido   09069202.net.fits                                  Triton                 770  1152
  -0.004  -0.019  441.40  658.83 0.739    487.74     54.57 99.999 99.999 99.999 13.302 13.342 99.999 99.999 99.999  0.144 99.999 99.999 99.999 99.999  99.999  99.999  99.999  99.999  0.026  0.026  0.007  0.028  0.012  0.050    5    4 99.999 99.999   99  19.323919303 -21.423726219  7  3 14.04 1992  6  9 2448782.79391250     2  filtro desconhecido   09069203.net.fits                                  Triton                 770  1152
   0.035   0.012  453.54  714.32 0.803   1807.34    129.83 99.999 99.999 99.999 13.386 13.347 99.999 99.999 99.999  0.065 99.999 99.999 99.999 99.999  99.999  99.999  99.999  99.999  0.011  0.011  0.010  0.012  0.038  0.047   17   16 99.999 99.999   99  19.323876528 -21.423731518  7 48 15.14 1992  6  9 2448782.82517523     2  filtro desconhecido   09069207.net.fits                                  Triton                 770  1152
   0.011  -0.001  454.12  713.77 0.950   1451.48     71.62 99.999 99.999 99.999 13.403 13.377 99.999 99.999 99.999  0.071 99.999 99.999 99.999 99.999  99.999  99.999  99.999  99.999  0.014  0.014  0.010  0.012  0.040  0.046   17   16 99.999 99.999   99  19.323874894 -21.423735151  7 49 27.36 1992  6  9 2448782.82601111     2  filtro desconhecido   09069208.net.fits                                  Triton                 770  1152
   0.012  -0.007  454.19  717.11 0.962   1179.98    100.48 99.999 99.999 99.999 13.401 13.354 99.999 99.999 99.999  0.083 99.999 99.999 99.999 99.999  99.999  99.999  99.999  99.999  0.007  0.007  0.006  0.011  0.028  0.048   21   20 99.999 99.999   99  19.323874080 -21.423737325  7 50 18.77 1992  6  9 2448782.82660613     2  filtro desconhecido   09069209.net.fits                                  Triton                 770  1152
  -0.020  -0.017  454.05  716.28 0.967   1324.68     73.23 99.999 99.999 99.999 13.412 13.306 99.999 99.999 99.999  0.080 99.999 99.999 99.999 99.999  99.999  99.999  99.999  99.999  0.010  0.010  0.011  0.011  0.045  0.044   20   19 99.999 99.999   99  19.323872627 -21.423740246  7 51 10.24 1992  6  9 2448782.82720185     2  filtro desconhecido   09069210.net.fits                                  Triton                 770  1152
   0.002   0.010  352.63  499.21 0.788   1078.82    125.66 99.999 99.999 99.999 13.349 13.315 99.999 99.999 99.999  0.196 99.999 99.999 99.999 99.999  99.999  99.999  99.999  99.999  0.009  0.009  0.016  0.014  0.037  0.031   13   11 99.999 99.999   99  19.323852319 -21.423739889  8 12 44.20 1992  6  9 2448782.84217824     2  filtro desconhecido   09069211.net.fits                                  Triton                 770  1152
   0.008  -0.040  353.05  501.36 0.891    948.55     98.13 99.999 99.999 99.999 13.441 13.361 99.999 99.999 99.999  0.135 99.999 99.999 99.999 99.999  99.999  99.999  99.999  99.999  0.009  0.009  0.014  0.005  0.043  0.015   14   12 99.999 99.999   99  19.323850553 -21.423754756  8 14 42.50 1992  6  9 2448782.84354745     2  filtro desconhecido   09069212.net.fits                                  Triton                 770  1152
   0.018  -0.016  352.96  500.40 0.942    636.74     72.68 99.999 99.999 99.999 13.426 13.356 99.999 99.999 99.999  0.123 99.999 99.999 99.999 99.999  99.999  99.999  99.999  99.999  0.000  0.000  0.028  0.022  0.063  0.049   11   10 99.999 99.999   99  19.323849865 -21.423748362  8 15 38.30 1992  6  9 2448782.84419329     2  filtro desconhecido   09069213.net.fits                                  Triton                 770  1152
   0.010  -0.028  353.03  503.52 0.895    722.86     67.08 99.999 99.999 99.999 13.387 13.264 99.999 99.999 99.999  0.161 99.999 99.999 99.999 99.999  99.999  99.999  99.999  99.999  0.018  0.018  0.014  0.020  0.031  0.044    9    8 99.999 99.999   99  19.323848844 -21.423751835  8 16 33.39 1992  6  9 2448782.84483090     2  filtro desconhecido   09069214.net.fits                                  Triton                 770  1152
   0.025  -0.016  353.30  501.32 1.020    495.34     41.80 99.999 99.999 99.999 13.449 13.327 99.999 99.999 99.999  0.142 99.999 99.999 99.999 99.999  99.999  99.999  99.999  99.999  0.017  0.017  0.021  0.016  0.046  0.034    9    8 99.999 99.999   99  19.323848252 -21.423749305  8 17 29.25 1992  6  9 2448782.84547743     2  filtro desconhecido   09069215.net.fits                                  Triton                 770  1152
   0.047  -0.040  353.76  505.81 0.988    438.24     40.76 99.999 99.999 99.999 13.408 13.313 99.999 99.999 99.999  0.124 99.999 99.999 99.999 99.999  99.999  99.999  99.999  99.999  0.015  0.015  0.019  0.008  0.038  0.016    8    7 99.999 99.999   99  19.323847541 -21.423756143  8 18 40.60 1992  6  9 2448782.84630324     2  filtro desconhecido   09069216.net.fits                                  Triton                 770  1152
