   0.034   0.019  433.19  575.90 1.310   1198.54    154.72 99.999 99.999 99.999 13.490 13.299 99.999 99.999 99.999  0.048 99.999 99.999 99.999 99.999  99.999  99.999  99.999  99.999  0.011  0.011  0.021  0.030  0.027  0.039    5    5 99.999 99.999   99  19.998530971 -20.162038508 23  4 10.06 1997  8 13 2450674.46122755     3  filtro desconhecido   13089721.net.fits                                  Triton                 739  1140
   0.078  -0.024  440.44  578.05 1.610    692.64    154.38 99.999 99.999 99.999 13.465 13.342 99.999 99.999 99.999  0.041 99.999 99.999 99.999 99.999  99.999  99.999  99.999  99.999  0.003  0.003  0.012  0.020  0.016  0.027    5    5 99.999 99.999   99  19.998526626 -20.162054961 23  8 36.39 1997  8 13 2450674.46431007     3  filtro desconhecido   13089724.net.fits                                  Triton                 739  1140
   0.018   0.016  431.73  574.39 1.822    618.95    127.06 99.999 99.999 99.999 13.477 13.251 99.999 99.999 99.999  0.047 99.999 99.999 99.999 99.999  99.999  99.999  99.999  99.999  0.009  0.009  0.017  0.028  0.022  0.036    6    6 99.999 99.999   99  19.998524655 -20.162044495 23  9 16.38 1997  8 13 2450674.46477292     3  filtro desconhecido   13089725.net.fits                                  Triton                 739  1140
   0.029  -0.023  432.36  573.37 1.449    860.28    167.80 99.999 99.999 99.999 13.428 13.204 99.999 99.999 99.999  0.070 99.999 99.999 99.999 99.999  99.999  99.999  99.999  99.999  0.008  0.008  0.016  0.014  0.025  0.022    7    7 99.999 99.999   99  19.998524104 -20.162055823 23  9 56.42 1997  8 13 2450674.46523634     3  filtro desconhecido   13089726.net.fits                                  Triton                 739  1140
   0.053  -0.018  432.94  574.19 1.296   1020.45    190.34 99.999 99.999 99.999 13.401 13.176 99.999 99.999 99.999  0.058 99.999 99.999 99.999 99.999  99.999  99.999  99.999  99.999  0.010  0.010  0.043  0.033  0.055  0.042    6    6 99.999 99.999   99  19.998523793 -20.162055292 23 10 36.41 1997  8 13 2450674.46569919     3  filtro desconhecido   13089727.net.fits                                  Triton                 739  1140
   0.020  -0.007  433.05  574.02 1.447    905.92    156.78 99.999 99.999 99.999 13.444 13.220 99.999 99.999 99.999  0.058 99.999 99.999 99.999 99.999  99.999  99.999  99.999  99.999  0.011  0.011  0.010  0.019  0.016  0.030    7    7 99.999 99.999   99  19.998521597 -20.162053282 23 11 56.38 1997  8 13 2450674.46662477     3  filtro desconhecido   13089729.net.fits                                  Triton                 739  1140
   0.055  -0.033  434.36  574.22 1.374    936.65    182.71 99.999 99.999 99.999 13.431 13.235 99.999 99.999 99.999  0.065 99.999 99.999 99.999 99.999  99.999  99.999  99.999  99.999  0.007  0.007  0.021  0.021  0.032  0.032    6    6 99.999 99.999   99  19.998521480 -20.162061300 23 12 36.42 1997  8 13 2450674.46708819     3  filtro desconhecido   13089730.net.fits                                  Triton                 739  1140
   0.064   0.006  434.31  604.69 1.041   2017.50    178.67 99.999 99.999 99.999 13.480 13.234 99.999 99.999 99.999  0.040 99.999 99.999 99.999 99.999  99.999  99.999  99.999  99.999  0.009  0.009  0.055  0.075  0.041  0.056    5    5 99.999 99.999   99  19.998423244 -20.162132174 24 36 52.97 1997  8 13 2450674.52561308     3  filtro desconhecido   13089736.net.fits                                  Triton                 739  1140
   0.063  -0.005  432.70  605.63 0.855   2644.25    268.35 99.999 99.999 99.999 13.428 13.231 99.999 99.999 99.999  0.032 99.999 99.999 99.999 99.999  99.999  99.999  99.999  99.999  0.009  0.009  0.025  0.029  0.032  0.037    5    5 99.999 99.999   99  19.998421261 -20.162137006 24 38 33.43 1997  8 13 2450674.52677581     3  filtro desconhecido   13089737.net.fits                                  Triton                 739  1140
   0.055   0.001  435.10  605.90 1.097   1353.83    242.55 99.999 99.999 99.999 13.434 13.210 99.999 99.999 99.999  0.069 99.999 99.999 99.999 99.999  99.999  99.999  99.999  99.999  0.008  0.008  0.014  0.027  0.022  0.043    7    7 99.999 99.999   99  19.998420341 -20.162136043 24 39 13.36 1997  8 13 2450674.52723796     3  filtro desconhecido   13089738.net.fits                                  Triton                 739  1140
   0.033  -0.032  434.99  605.43 0.837   2794.81    284.08 99.999 99.999 99.999 13.439 13.159 99.999 99.999 99.999  0.031 99.999 99.999 99.999 99.999  99.999  99.999  99.999  99.999  0.006  0.005  0.000  0.000  0.000  0.000    3    3 99.999 99.999   99  19.998419125 -20.162145900 24 39 53.40 1997  8 13 2450674.52770139     3  filtro desconhecido   13089739.net.fits                                  Triton                 739  1140
   0.012   0.018  435.25  606.68 1.202   1418.25    177.65 99.999 99.999 99.999 13.501 13.276 99.999 99.999 99.999  0.046 99.999 99.999 99.999 99.999  99.999  99.999  99.999  99.999  0.008  0.008  0.026  0.028  0.034  0.037    6    6 99.999 99.999   99  19.998417936 -20.162132531 24 40 33.39 1997  8 13 2450674.52816424     3  filtro desconhecido   13089740.net.fits                                  Triton                 739  1140
   0.059  -0.011  436.29  606.33 1.091   1794.19    184.99 99.999 99.999 99.999 13.517 13.292 99.999 99.999 99.999  0.055 99.999 99.999 99.999 99.999  99.999  99.999  99.999  99.999  0.013  0.013  0.030  0.025  0.039  0.033    6    6 99.999 99.999   99  19.998418085 -20.162141090 24 41 13.43 1997  8 13 2450674.52862766     3  filtro desconhecido   13089741.net.fits                                  Triton                 739  1140
   0.062   0.007  434.97  605.81 1.071   1932.59    164.11 99.999 99.999 99.999 13.442 13.217 99.999 99.999 99.999  0.052 99.999 99.999 99.999 99.999  99.999  99.999  99.999  99.999  0.005  0.005  0.020  0.031  0.027  0.040    6    6 99.999 99.999   99  19.998417366 -20.162136905 24 41 53.41 1997  8 13 2450674.52909039     3  filtro desconhecido   13089742.net.fits                                  Triton                 739  1140
   0.085  -0.018  435.71  607.06 0.969   2411.57    188.07 99.999 99.999 99.999 13.396 13.170 99.999 99.999 99.999  0.043 99.999 99.999 99.999 99.999  99.999  99.999  99.999  99.999  0.015  0.015  0.025  0.031  0.033  0.040    6    6 99.999 99.999   99  19.998417037 -20.162144517 24 42 33.40 1997  8 13 2450674.52955324     3  filtro desconhecido   13089743.net.fits                                  Triton                 739  1140
   0.034   0.001  436.99  606.87 0.929   2275.83    227.32 99.999 99.999 99.999 13.481 13.256 99.999 99.999 99.999  0.062 99.999 99.999 99.999 99.999  99.999  99.999  99.999  99.999  0.016  0.016  0.029  0.030  0.038  0.039    6    6 99.999 99.999   99  19.998415277 -20.162139806 24 43 13.38 1997  8 13 2450674.53001597     3  filtro desconhecido   13089744.net.fits                                  Triton                 739  1140
   0.038   0.008  436.50  607.13 1.120   1527.96    198.12 99.999 99.999 99.999 13.469 13.243 99.999 99.999 99.999  0.057 99.999 99.999 99.999 99.999  99.999  99.999  99.999  99.999  0.007  0.007  0.028  0.029  0.037  0.038    6    6 99.999 99.999   99  19.998414554 -20.162138543 24 43 54.41 1997  8 13 2450674.53049086     3  filtro desconhecido   13089745.net.fits                                  Triton                 739  1140
