   0.052  -0.000  343.94  588.80 1.028   1140.23     90.45 99.999 99.999 99.999 13.331 13.321 99.999 99.999 99.999  0.100 99.999 99.999 99.999 99.999  99.999  99.999  99.999  99.999  0.007  0.007  0.015  0.020  0.053  0.071   17   14 99.999 99.999   99  19.828052364 -20.560905960 26 52 58.89 1996  8 21 2450317.62012604     2                        21089602.net.fits                                  Triton                 770  1140
   0.070  -0.034  342.86  588.63 1.401    724.52     37.27 99.999 99.999 99.999 13.509 13.503 99.999 99.999 99.999  0.139 99.999 99.999 99.999 99.999  99.999  99.999  99.999  99.999  0.013  0.013  0.019  0.020  0.068  0.073   18   16 99.999 99.999   99  19.828052171 -20.560917770 26 53 39.92 1996  8 21 2450317.62060093     2                        21089603.net.fits                                  Triton                 770  1140
   0.016  -0.015  340.14  589.13 1.307    957.99     16.67 99.999 99.999 99.999 13.347 13.414 99.999 99.999 99.999  0.190 99.999 99.999 99.999 99.999  99.999  99.999  99.999  99.999  0.015  0.015  0.020  0.017  0.069  0.061   17   14 99.999 99.999   99  19.828050548 -20.560914659 26 54 19.91 1996  8 21 2450317.62106377     2                        21089604.net.fits                                  Triton                 770  1140
   0.030  -0.043  342.61  589.24 1.283    962.61     22.90 99.999 99.999 99.999 13.490 13.479 99.999 99.999 99.999  0.128 99.999 99.999 99.999 99.999  99.999  99.999  99.999  99.999  0.022  0.022  0.016  0.017  0.059  0.060   17   14 99.999 99.999   99  19.828050285 -20.560924995 26 54 59.89 1996  8 21 2450317.62152650     2                        21089605.net.fits                                  Triton                 770  1140
   0.071  -0.021  340.90  589.23 1.109    904.63    102.08 99.999 99.999 99.999 13.480 13.474 99.999 99.999 99.999  0.118 99.999 99.999 99.999 99.999  99.999  99.999  99.999  99.999  0.013  0.013  0.024  0.019  0.080  0.061   18   14 99.999 99.999   99  19.828050545 -20.560921244 26 55 39.82 1996  8 21 2450317.62198866     2                        21089606.net.fits                                  Triton                 770  1140
  -0.002  -0.026  338.27  589.73 1.019   1138.44     94.56 99.999 99.999 99.999 13.384 13.374 99.999 99.999 99.999  0.114 99.999 99.999 99.999 99.999  99.999  99.999  99.999  99.999  0.009  0.009  0.015  0.018  0.053  0.068   17   15 99.999 99.999   99  19.828048570 -20.560924680 26 56 19.92 1996  8 21 2450317.62245278     2                        21089607.net.fits                                  Triton                 770  1140
   0.010  -0.099  340.04  589.66 1.100   1013.49     78.56 99.999 99.999 99.999 13.385 13.379 99.999 99.999 99.999  0.112 99.999 99.999 99.999 99.999  99.999  99.999  99.999  99.999  0.010  0.010  0.018  0.017  0.069  0.066   18   16 99.999 99.999   99  19.828048250 -20.560947584 26 56 59.90 1996  8 21 2450317.62291551     2                        21089608.net.fits                                  Triton                 770  1140
   0.076   0.027  338.29  591.91 1.297    804.26     50.35 99.999 99.999 99.999 13.447 13.451 99.999 99.999 99.999  0.133 99.999 99.999 99.999 99.999  99.999  99.999  99.999  99.999  0.007  0.007  0.020  0.020  0.071  0.073   19   15 99.999 99.999   99  19.828049028 -20.560914856 26 57 39.89 1996  8 21 2450317.62337836     2                        21089609.net.fits                                  Triton                 770  1140
   0.039  -0.128  335.62  590.43 1.176    989.92     57.65 99.999 99.999 99.999 13.444 13.459 99.999 99.999 99.999  0.107 99.999 99.999 99.999 99.999  99.999  99.999  99.999  99.999  0.015  0.015  0.012  0.014  0.039  0.049   16   14 99.999 99.999   99  19.828047751 -20.560959990 26 58 19.82 1996  8 21 2450317.62384051     2                        21089610.net.fits                                  Triton                 770  1140
   0.032  -0.028  336.93  590.73 1.128    923.89     88.09 99.999 99.999 99.999 13.465 13.453 99.999 99.999 99.999  0.128 99.999 99.999 99.999 99.999  99.999  99.999  99.999  99.999  0.019  0.019  0.015  0.018  0.054  0.065   17   15 99.999 99.999   99  19.828047084 -20.560934755 26 58 58.93 1996  8 21 2450317.62429317     2                        21089611.net.fits                                  Triton                 770  1140
   0.046  -0.058  336.78  590.60 1.191    930.80     58.97 99.999 99.999 99.999 13.434 13.423 99.999 99.999 99.999  0.156 99.999 99.999 99.999 99.999  99.999  99.999  99.999  99.999  0.010  0.010  0.015  0.014  0.058  0.054   17   16 99.999 99.999   99  19.828046796 -20.560945143 26 59 39.90 1996  8 21 2450317.62476736     2                        21089612.net.fits                                  Triton                 770  1140
   0.012  -0.033  332.85  591.03 1.277    833.72     50.77 99.999 99.999 99.999 13.433 13.437 99.999 99.999 99.999  0.119 99.999 99.999 99.999 99.999  99.999  99.999  99.999  99.999  0.006  0.006  0.017  0.016  0.068  0.064   19   17 99.999 99.999   99  19.828045598 -20.560940738  3  0 19.89 1996  8 22 2450317.62523021     2                        21089613.net.fits                                  Triton                 770  1140
  -0.005  -0.092  335.74  591.73 1.079    970.07     97.27 99.999 99.999 99.999 13.410 13.400 99.999 99.999 99.999  0.114 99.999 99.999 99.999 99.999  99.999  99.999  99.999  99.999  0.004  0.004  0.014  0.017  0.050  0.059   17   13 99.999 99.999   99  19.828044701 -20.560959529  3  0 59.88 1996  8 22 2450317.62569306     2                        21089614.net.fits                                  Triton                 770  1140
   0.053  -0.037  334.47  592.69 1.306    894.36     29.36 99.999 99.999 99.999 13.368 13.372 99.999 99.999 99.999  0.137 99.999 99.999 99.999 99.999  99.999  99.999  99.999  99.999  0.009  0.009  0.014  0.020  0.051  0.072   19   14 99.999 99.999   99  19.828045330 -20.560946403  3  1 38.87 1996  8 22 2450317.62614433     2                        21089615.net.fits                                  Triton                 770  1140
   0.042  -0.043  400.75  597.75 0.998    583.51     48.93 99.999 99.999 99.999 13.380 13.443 99.999 99.999 99.999  0.129 99.999 99.999 99.999 99.999  99.999  99.999  99.999  99.999  0.015  0.015  0.024  0.025  0.064  0.067   10   10 99.999 99.999   99  19.827987472 -20.561200714  4 12 42.19 1996  8 22 2450317.67548831     1                        22089607.net.fits                                  Triton                 770  1140
   0.082  -0.004  397.83  617.42 1.187    506.27     23.58 99.999 99.999 99.999 13.452 13.529 99.999 99.999 99.999  0.149 99.999 99.999 99.999 99.999  99.999  99.999  99.999  99.999  0.012  0.012  0.011  0.023  0.034  0.071   11   11 99.999 99.999   99  19.827985616 -20.561201562  4 15 57.40 1996  8 22 2450317.67774768     1                        22089608.net.fits                                  Triton                 770  1140
   0.030  -0.051  398.35  615.97 1.042    596.36     38.62 99.999 99.999 99.999 13.376 13.438 99.999 99.999 99.999  0.160 99.999 99.999 99.999 99.999  99.999  99.999  99.999  99.999  0.014  0.014  0.010  0.032  0.027  0.086   10   10 99.999 99.999   99  19.827984072 -20.561217199  4 16 36.34 1996  8 22 2450317.67819838     1                        22089609.net.fits                                  Triton                 770  1140
   0.005  -0.054  400.86  616.67 1.136    511.42     35.57 99.999 99.999 99.999 13.337 13.398 99.999 99.999 99.999  0.130 99.999 99.999 99.999 99.999  99.999  99.999  99.999  99.999  0.023  0.023  0.023  0.019  0.075  0.061   12   12 99.999 99.999   99  19.827983039 -20.561220213  4 17 15.39 1996  8 22 2450317.67865035     1                        22089610.net.fits                                  Triton                 770  1140
   0.038   0.045  398.29  617.44 1.036    616.13     34.39 99.999 99.999 99.999 13.442 13.504 99.999 99.999 99.999  0.122 99.999 99.999 99.999 99.999  99.999  99.999  99.999  99.999  0.009  0.009  0.021  0.025  0.057  0.065   10   10 99.999 99.999   99  19.827983169 -20.561194992  4 17 54.39 1996  8 22 2450317.67910174     1                        22089611.net.fits                                  Triton                 770  1140
   0.052  -0.036  399.19  616.42 1.174    503.86     26.45 99.999 99.999 99.999 13.498 13.560 99.999 99.999 99.999  0.132 99.999 99.999 99.999 99.999  99.999  99.999  99.999  99.999  0.009  0.009  0.018  0.027  0.047  0.071   10   10 99.999 99.999   99  19.827982412 -20.561222324  4 19 11.40 1996  8 22 2450317.67999306     1                        22089613.net.fits                                  Triton                 770  1140
   0.061  -0.088  398.22  617.75 0.902    625.17     74.88 99.999 99.999 99.999 13.311 13.388 99.999 99.999 99.999  0.148 99.999 99.999 99.999 99.999  99.999  99.999  99.999  99.999  0.026  0.026  0.016  0.017  0.048  0.052   11   11 99.999 99.999   99  19.827982048 -20.561239215  4 19 51.38 1996  8 22 2450317.68045579     1                        22089614.net.fits                                  Triton                 770  1140
   0.056   0.041  397.33  618.20 0.826    655.76     93.81 99.999 99.999 99.999 13.293 13.370 99.999 99.999 99.999  0.122 99.999 99.999 99.999 99.999  99.999  99.999  99.999  99.999  0.013  0.013  0.018  0.024  0.050  0.067   10    8 99.999 99.999   99  19.827981440 -20.561205485  4 20 30.38 1996  8 22 2450317.68090718     1                        22089615.net.fits                                  Triton                 770  1140
   0.075  -0.063  399.40  617.96 0.994    598.43     51.42 99.999 99.999 99.999 13.337 13.399 99.999 99.999 99.999  0.128 99.999 99.999 99.999 99.999  99.999  99.999  99.999  99.999  0.016  0.016  0.017  0.019  0.046  0.051   10   10 99.999 99.999   99  19.827981284 -20.561236967  4 21  8.39 1996  8 22 2450317.68134711     1                        22089616.net.fits                                  Triton                 770  1140
   0.025  -0.111  397.90  617.38 1.190    423.94     41.33 99.999 99.999 99.999 13.363 13.447 99.999 99.999 99.999  0.107 99.999 99.999 99.999 99.999  99.999  99.999  99.999  99.999  0.023  0.023  0.017  0.017  0.060  0.059   13   13 99.999 99.999   99  19.827979778 -20.561252496  4 21 48.43 1996  8 22 2450317.68181053     1                        22089617.net.fits                                  Triton                 770  1140
   0.038  -0.115  395.41  617.49 1.304    424.08     17.21 99.999 99.999 99.999 13.529 13.551 99.999 99.999 99.999  0.166 99.999 99.999 99.999 99.999  99.999  99.999  99.999  99.999  0.014  0.014  0.015  0.018  0.046  0.056   14   12 99.999 99.999   99  19.827979509 -20.561255715  4 22 26.38 1996  8 22 2450317.68224977     1                        22089618.net.fits                                  Triton                 770  1140
   0.060  -0.052  397.17  618.20 1.193    466.77     30.40 99.999 99.999 99.999 13.459 13.546 99.999 99.999 99.999  0.142 99.999 99.999 99.999 99.999  99.999  99.999  99.999  99.999  0.012  0.012  0.023  0.023  0.078  0.078   12   12 99.999 99.999   99  19.827979401 -20.561240857  4 23  5.38 1996  8 22 2450317.68270116     1                        22089619.net.fits                                  Triton                 770  1140
   0.084  -0.025  396.27  617.44 0.975    545.84     66.59 99.999 99.999 99.999 13.319 13.399 99.999 99.999 99.999  0.104 99.999 99.999 99.999 99.999  99.999  99.999  99.999  99.999  0.018  0.018  0.030  0.030  0.069  0.069   10    8 99.999 99.999   99  19.827979347 -20.561235811  4 23 45.42 1996  8 22 2450317.68316458     1                        22089620.net.fits                                  Triton                 770  1140
