   0.124   0.066  528.97  508.76 0.870   5593.53    285.58 99.999 99.999 99.999 13.455 13.178 99.999 99.999 99.999  0.390 99.999 99.999 99.999 99.999  99.999  99.999  99.999  99.999  0.010  0.010  0.070  0.047  0.123  0.083    6    4 99.999 99.999   99  22.053296244 -12.438285711  8 45 11.00 2010  6 16 2455363.86471065   120    Metano              tritao22_08.46.12_0002.fits                        Triton                1024  1024
   0.132   0.098  529.99  508.65 0.958   4861.15    512.63 99.999 99.999 99.999 13.428 13.231 99.999 99.999 99.999  0.342 99.999 99.999 99.999 99.999  99.999  99.999  99.999  99.999  0.014  0.014  0.047  0.060  0.089  0.112    7    5 99.999 99.999   99  22.053291478 -12.438271621  8 57 23.00 2010  6 16 2455363.87318287   120    Metano              tritao22_08.58.24_0008.fits                        Triton                1024  1024
   0.123   0.081  530.21  508.63 1.091   4011.27    566.53 99.999 99.999 99.999 13.419 13.242 99.999 99.999 99.999  0.355 99.999 99.999 99.999 99.999  99.999  99.999  99.999  99.999  0.012  0.012  0.045  0.048  0.085  0.090    7    5 99.999 99.999   99  22.053290493 -12.438275421  8 59 24.00 2010  6 16 2455363.87458333   120    Metano              tritao22_09.00.26_0009.fits                        Triton                1024  1024
   0.070   0.031  530.43  508.62 1.138   4120.03    618.75 99.999 99.999 99.999 13.386 13.177 99.999 99.999 99.999  0.446 99.999 99.999 99.999 99.999  99.999  99.999  99.999  99.999  0.016  0.016  0.005  0.043  0.007  0.059    5    4 99.999 99.999   99  22.053288669 -12.438288586  9  1 26.00 2010  6 16 2455363.87599537   120    Metano              tritao22_09.02.28_0010.fits                        Triton                1024  1024
   0.064   0.003  491.62  441.64 1.152   3116.21    174.74 99.999 99.999 99.999 13.373 13.313 99.999 99.999 99.999  0.468 99.999 99.999 99.999 99.999  99.999  99.999  99.999  99.999  0.009  0.009  0.009  0.009  0.017  0.016    5    4 99.999 99.999   99  22.052601860 -12.439608985  7 26 34.00 2010  6 18 2455365.81011574   120    Metano              tritao22_07.27.36_0003.fits                        Triton                1024  1024
   0.081   0.008  491.87  441.77 1.005   3673.68    313.08 99.999 99.999 99.999 13.367 13.314 99.999 99.999 99.999  0.517 99.999 99.999 99.999 99.999  99.999  99.999  99.999  99.999  0.016  0.016  0.015  0.023  0.028  0.044    5    4 99.999 99.999   99  22.052601173 -12.439618773  7 30 38.00 2010  6 18 2455365.81293981   120    Metano              tritao22_07.31.39_0005.fits                        Triton                1024  1024
   0.078   0.013  492.80  442.38 1.060   3755.96    203.59 99.999 99.999 99.999 13.380 13.330 99.999 99.999 99.999  0.505 99.999 99.999 99.999 99.999  99.999  99.999  99.999  99.999  0.016  0.016  0.017  0.025  0.032  0.048    5    4 99.999 99.999   99  22.052597598 -12.439658405  7 44 52.00 2010  6 18 2455365.82282407   120    Metano              tritao22_07.45.53_0012.fits                        Triton                1024  1024
   0.083  -0.017  493.56  442.66 1.017   4077.64    219.96 99.999 99.999 99.999 13.443 13.336 99.999 99.999 99.999  0.386 99.999 99.999 99.999 99.999  99.999  99.999  99.999  99.999  0.017  0.017  0.023  0.000  0.044  0.001    5    4 99.999 99.999   99  22.052595689 -12.439690307  7 52 59.00 2010  6 18 2455365.82846065   120    Metano              tritao22_07.54.01_0016.fits                        Triton                1024  1024
   0.061  -0.016  493.59  442.66 1.019   4070.66    219.67 99.999 99.999 99.999 13.556 13.369 99.999 99.999 99.999  0.364 99.999 99.999 99.999 99.999  99.999  99.999  99.999  99.999  0.018  0.018  0.000  0.000  0.000  0.000    4    3 99.999 99.999   99  22.052594774 -12.439695783  7 55  1.00 2010  6 18 2455365.82987269   120    Metano              tritao22_07.56.03_0017.fits                        Triton                1024  1024
   0.084  -0.023  493.84  442.81 1.014   3824.68    286.56 99.999 99.999 99.999 13.460 13.374 99.999 99.999 99.999  0.360 99.999 99.999 99.999 99.999  99.999  99.999  99.999  99.999  0.019  0.019  0.025  0.012  0.047  0.022    5    4 99.999 99.999   99  22.052594698 -12.439703717  7 57  3.00 2010  6 18 2455365.83128472   120    Metano              tritao22_07.58.05_0018.fits                        Triton                1024  1024
