  -0.042  -0.008  617.05  611.12 1.068   2641.71    196.96 99.999 99.999 99.999 13.412 13.461 99.999 99.999 99.999  0.196 99.999 99.999 99.999 99.999  99.999  99.999  99.999  99.999  0.004  0.004  0.014  0.013  0.055  0.050   17   17 99.999 99.999   99  20.299541347 -19.384594952  1 24 14.95 1999  8 22 2451412.55850637     3  CuSO4                 net21089900038.fits                                Triton                1016  1020
  -0.043   0.013  619.28  611.04 1.019   2430.26    322.38 99.999 99.999 99.999 13.440 13.493 99.999 99.999 99.999  0.193 99.999 99.999 99.999 99.999  99.999  99.999  99.999  99.999  0.021  0.021  0.011  0.014  0.044  0.054   17   17 99.999 99.999   99  20.299540151 -19.384594413  1 25  8.43 1999  8 22 2451412.55912535     3  CuSO4                 net21089900039.fits                                Triton                1016  1020
  -0.045   0.008  616.22  613.15 1.033   2460.95    245.23 99.999 99.999 99.999 13.472 13.494 99.999 99.999 99.999  0.190 99.999 99.999 99.999 99.999  99.999  99.999  99.999  99.999  0.007  0.007  0.012  0.012  0.046  0.047   17   17 99.999 99.999   99  20.299538950 -19.384601457  1 26  2.33 1999  8 22 2451412.55974919     3  CuSO4                 net21089900040.fits                                Triton                1016  1020
  -0.064  -0.010  618.59  611.24 1.036   3071.44    148.76 99.999 99.999 99.999 13.379 13.482 99.999 99.999 99.999  0.212 99.999 99.999 99.999 99.999  99.999  99.999  99.999  99.999  0.012  0.012  0.013  0.013  0.051  0.053   17   17 99.999 99.999   99  20.299537409 -19.384611536  1 26 56.27 1999  8 22 2451412.56037350     3  CuSO4                 net21089900041.fits                                Triton                1016  1020
  -0.084  -0.010  617.49  610.70 1.128   2168.17    227.77 99.999 99.999 99.999 13.404 13.444 99.999 99.999 99.999  0.205 99.999 99.999 99.999 99.999  99.999  99.999  99.999  99.999  0.018  0.018  0.010  0.012  0.041  0.047   17   17 99.999 99.999   99  20.299535821 -19.384617199  1 27 50.93 1999  8 22 2451412.56100613     3  CuSO4                 net21089900042.fits                                Triton                1016  1020
  -0.030  -0.026  618.42  611.82 1.181   2645.98     81.73 99.999 99.999 99.999 13.443 13.447 99.999 99.999 99.999  0.217 99.999 99.999 99.999 99.999  99.999  99.999  99.999  99.999  0.016  0.016  0.012  0.013  0.049  0.051   17   17 99.999 99.999   99  20.299535708 -19.384627231  1 28 44.77 1999  8 22 2451412.56162928     3  CuSO4                 net21089900043.fits                                Triton                1016  1020
  -0.066  -0.004  615.47  612.31 1.046   2853.55    188.51 99.999 99.999 99.999 13.437 13.479 99.999 99.999 99.999  0.199 99.999 99.999 99.999 99.999  99.999  99.999  99.999  99.999  0.016  0.016  0.010  0.012  0.041  0.048   17   17 99.999 99.999   99  20.299533836 -19.384626373  1 29 38.45 1999  8 22 2451412.56225058     3  CuSO4                 net21089900044.fits                                Triton                1016  1020
  -0.052  -0.010  616.43  610.75 1.076   2651.69    202.36 99.999 99.999 99.999 13.435 13.461 99.999 99.999 99.999  0.212 99.999 99.999 99.999 99.999  99.999  99.999  99.999  99.999  0.007  0.007  0.012  0.013  0.049  0.051   17   17 99.999 99.999   99  20.299532920 -19.384633573  1 30 33.04 1999  8 22 2451412.56288241     3  CuSO4                 net21089900045.fits                                Triton                1016  1020
  -0.063  -0.011  616.94  611.35 1.223   1785.82    227.96 99.999 99.999 99.999 13.398 13.429 99.999 99.999 99.999  0.196 99.999 99.999 99.999 99.999  99.999  99.999  99.999  99.999  0.021  0.021  0.012  0.013  0.047  0.054   17   17 99.999 99.999   99  20.299531550 -19.384639329  1 31 27.14 1999  8 22 2451412.56350856     3  CuSO4                 net21089900046.fits                                Triton                1016  1020
  -0.027  -0.019  517.80  509.28 1.279   1888.68    143.01 99.999 99.999 99.999 13.415 13.457 99.999 99.999 99.999  0.183 99.999 99.999 99.999 99.999  99.999  99.999  99.999  99.999  0.006  0.006  0.014  0.015  0.053  0.056   16   15 99.999 99.999   99  20.299440163 -19.385063750  2 41 57.65 1999  8 22 2451412.61247280     3  CuSO4                 net21089900053.fits                                Triton                1016  1020
  -0.026  -0.009  520.96  508.61 1.416   1413.64    141.54 99.999 99.999 99.999 13.436 13.507 99.999 99.999 99.999  0.198 99.999 99.999 99.999 99.999  99.999  99.999  99.999  99.999  0.013  0.013  0.014  0.015  0.055  0.058   17   16 99.999 99.999   99  20.299438964 -19.385066879  2 42 54.57 1999  8 22 2451412.61313160     3  CuSO4                 net21089900054.fits                                Triton                1016  1020
   0.025  -0.004  518.47  511.19 1.432   1234.78    168.64 99.999 99.999 99.999 13.335 13.403 99.999 99.999 99.999  0.195 99.999 99.999 99.999 99.999  99.999  99.999  99.999  99.999  0.006  0.006  0.013  0.011  0.049  0.040   17   15 99.999 99.999   99  20.299438721 -19.385070982  2 43 51.04 1999  8 22 2451412.61378519     3  CuSO4                 net21089900055.fits                                Triton                1016  1020
   0.003  -0.017  517.84  509.10 1.803    860.32    115.11 99.999 99.999 99.999 13.478 13.512 99.999 99.999 99.999  0.207 99.999 99.999 99.999 99.999  99.999  99.999  99.999  99.999  0.010  0.010  0.014  0.017  0.051  0.062   17   14 99.999 99.999   99  20.299433374 -19.385096887  2 47 36.99 1999  8 22 2451412.61640035     3  CuSO4                 net21089900059.fits                                Triton                1016  1020
  -0.052  -0.018  517.34  508.32 1.733    921.56    114.09 99.999 99.999 99.999 13.387 13.397 99.999 99.999 99.999  0.153 99.999 99.999 99.999 99.999  99.999  99.999  99.999  99.999  0.005  0.005  0.016  0.014  0.057  0.052   16   14 99.999 99.999   99  20.299431005 -19.385102911  2 48 34.64 1999  8 22 2451412.61706759     3  CuSO4                 net21089900060.fits                                Triton                1016  1020
  -0.042   0.002  518.72  508.74 1.321   1658.31    155.82 99.999 99.999 99.999 13.371 13.384 99.999 99.999 99.999  0.190 99.999 99.999 99.999 99.999  99.999  99.999  99.999  99.999  0.005  0.005  0.016  0.014  0.061  0.055   17   16 99.999 99.999   99  20.299429924 -19.385102922  2 49 33.76 1999  8 22 2451412.61775185     3  CuSO4                 net21089900061.fits                                Triton                1016  1020
   0.010   0.014  425.96  592.62 1.239   1756.37    183.83 99.999 99.999 99.999 13.430 13.477 99.999 99.999 99.999  0.204 99.999 99.999 99.999 99.999  99.999  99.999  99.999  99.999  0.008  0.008  0.016  0.021  0.058  0.075   15   14 99.999 99.999   99  20.299314781 -19.385616640  4 18  0.99 1999  8 22 2451412.67917813     3  CuSO4                 net22089900009.fits                                Triton                1016  1020
   0.028  -0.016  427.48  592.29 1.400   1430.67    148.26 99.999 99.999 99.999 13.407 13.438 99.999 99.999 99.999  0.191 99.999 99.999 99.999 99.999  99.999  99.999  99.999  99.999  0.008  0.008  0.012  0.016  0.042  0.056   15   13 99.999 99.999   99  20.299313972 -19.385629940  4 18 54.41 1999  8 22 2451412.67979641     3  CuSO4                 net22089900010.fits                                Triton                1016  1020
  -0.027   0.007  424.63  592.65 1.177   2113.52    169.64 99.999 99.999 99.999 13.425 13.531 99.999 99.999 99.999  0.206 99.999 99.999 99.999 99.999  99.999  99.999  99.999  99.999  0.011  0.011  0.016  0.015  0.060  0.056   15   15 99.999 99.999   99  20.299309378 -19.385639196  4 21 34.16 1999  8 22 2451412.68164537     3  CuSO4                 net22089900013.fits                                Triton                1016  1020
   0.029  -0.015  427.46  592.14 1.235   1787.78    181.71 99.999 99.999 99.999 13.376 13.415 99.999 99.999 99.999  0.190 99.999 99.999 99.999 99.999  99.999  99.999  99.999  99.999  0.009  0.009  0.013  0.016  0.047  0.058   15   14 99.999 99.999   99  20.299309323 -19.385650348  4 22 27.40 1999  8 22 2451412.68226157     3  CuSO4                 net22089900014.fits                                Triton                1016  1020
  -0.032  -0.005  425.25  592.33 1.348   1654.32    141.14 99.999 99.999 99.999 13.459 13.518 99.999 99.999 99.999  0.234 99.999 99.999 99.999 99.999  99.999  99.999  99.999  99.999  0.011  0.011  0.014  0.015  0.052  0.056   15   14 99.999 99.999   99  20.299306962 -19.385652515  4 23 20.66 1999  8 22 2451412.68287801     3  CuSO4                 net22089900015.fits                                Triton                1016  1020
  -0.034   0.016  425.18  591.83 1.242   1888.05    172.60 99.999 99.999 99.999 13.457 13.501 99.999 99.999 99.999  0.212 99.999 99.999 99.999 99.999  99.999  99.999  99.999  99.999  0.019  0.019  0.018  0.017  0.069  0.063   15   15 99.999 99.999   99  20.299305726 -19.385651915  4 24 14.85 1999  8 22 2451412.68350521     3  CuSO4                 net22089900016.fits                                Triton                1016  1020
  -0.029   0.006  428.49  592.20 1.110   2221.88    220.83 99.999 99.999 99.999 13.359 13.480 99.999 99.999 99.999  0.190 99.999 99.999 99.999 99.999  99.999  99.999  99.999  99.999  0.011  0.011  0.014  0.015  0.050  0.051   15   13 99.999 99.999   99  20.299304653 -19.385659930  4 25  8.95 1999  8 22 2451412.68413137     3  CuSO4                 net22089900017.fits                                Triton                1016  1020
