  -0.097   0.146  429.41  650.79 0.845   1603.35   1657.27 99.999 99.999 99.999 13.437 13.491 99.999 99.999 99.999  0.222 99.999 99.999 99.999 99.999  99.999  99.999  99.999  99.999  0.012  0.012  0.020  0.013  0.053  0.034   11    8 99.999 99.999   99  19.483775459 -21.259177710 24 49  9.13 1994  9 21 2449617.53413345     2  Clear                 21099409.net.fits                                  Triton                 770  1152
   0.078  -0.012  381.89  501.52 0.784   4131.75    495.45 99.999 99.999 99.999 13.152 13.241 99.999 99.999 99.999  0.349 99.999 99.999 99.999 99.999  99.999  99.999  99.999  99.999  0.005  0.005  0.014  0.011  0.058  0.049   25   20 99.999 99.999   99  19.745335150 -20.699317391  3 39 37.15 1995  7 11 2449909.65251331     4  C                     10079510.net.fits                                  Triton                 739  1152
  -0.046   0.023  363.04  579.67 1.803    469.67    326.58 99.999 99.999 99.999 13.553 13.625 99.999 99.999 99.999  0.198 99.999 99.999 99.999 99.999  99.999  99.999  99.999  99.999  0.013  0.013  0.016  0.019  0.064  0.075   22   19 99.999 99.999   99  19.695911152 -20.824799212 24 31  7.57 1995  8  6 2449936.52161539     4  Clear                 06089502.net.fits                                  Triton                 739  1152
   0.008  -0.100  363.93  577.03 1.636    663.02    180.48 99.999 99.999 99.999 13.368 13.453 99.999 99.999 99.999  0.183 99.999 99.999 99.999 99.999  99.999  99.999  99.999  99.999  0.009  0.009  0.012  0.010  0.047  0.042   24   20 99.999 99.999   99  19.695911211 -20.824838205 24 32  1.35 1995  8  6 2449936.52223785     4  Clear                 06089503.net.fits                                  Triton                 739  1152
   0.113   0.144  431.53  540.78 1.303    221.34     40.79 99.999 99.999 99.999 13.408 13.469 99.999 99.999 99.999  0.070 99.999 99.999 99.999 99.999  99.999  99.999  99.999  99.999  0.023  0.023  0.001  0.064  0.000  0.020    4    4 99.999 99.999   99  19.644953929 -20.962926557 25 16 39.98 1995  9 13 2449974.55324051     1  clear                 13099504.net.fits                                  Triton                 770  1152
   0.190   0.092  432.40  545.48 1.013    365.50     52.06 99.999 99.999 99.999 13.428 13.489 99.999 99.999 99.999  0.102 99.999 99.999 99.999 99.999  99.999  99.999  99.999  99.999  0.007  0.007  0.187  0.037  0.060  0.012    4    4 99.999 99.999   99  19.644954906 -20.962940639 25 17 26.72 1995  9 13 2449974.55378148     1  clear                 13099505.net.fits                                  Triton                 770  1152
  -0.011  -0.076  351.96  600.44 1.379    561.46     57.18 99.999 99.999 99.999 13.512 13.446 99.999 99.999 99.999  0.126 99.999 99.999 99.999 99.999  99.999  99.999  99.999  99.999  0.009  0.009  0.009  0.013  0.041  0.062   28   24 99.999 99.999   99  19.638147370 -20.994286703 22 36 50.54 1995 10 11 2450002.44225162     2  Clear                 11109503.net.fits                                  Triton                 770  1152
   0.008  -0.077  351.92  604.32 1.426    520.46     57.42 99.999 99.999 99.999 13.538 13.473 99.999 99.999 99.999  0.137 99.999 99.999 99.999 99.999  99.999  99.999  99.999  99.999  0.014  0.014  0.009  0.011  0.041  0.050   28   25 99.999 99.999   99  19.638147679 -20.994289809 22 39  6.27 1995 10 11 2450002.44382257     2  Clear                 11109506.net.fits                                  Triton                 770  1152
  -0.003  -0.044  352.27  603.57 1.270    711.41     57.39 99.999 99.999 99.999 13.490 13.448 99.999 99.999 99.999  0.116 99.999 99.999 99.999 99.999  99.999  99.999  99.999  99.999  0.006  0.006  0.011  0.012  0.051  0.055   29   25 99.999 99.999   99  19.638147389 -20.994284178 22 42  7.24 1995 10 11 2450002.44591713     2  Clear                 11109510.net.fits                                  Triton                 770  1152
   0.078  -0.010  364.11  652.84 0.883   1287.83    140.08 99.999 99.999 99.999 13.488 13.432 99.999 99.999 99.999  0.135 99.999 99.999 99.999 99.999  99.999  99.999  99.999  99.999  0.010  0.010  0.010  0.012  0.044  0.053   26   24 99.999 99.999   99  19.638147100 -20.994349262 23 49 19.49 1995 10 11 2450002.49258669     2  Clear                 11109522.net.fits                                  Triton                 770  1152
   0.140  -0.079  373.68  554.67 0.997    663.93     46.32 99.999 99.999 99.999 13.556 13.997 99.999 99.999 99.999  0.091 99.999 99.999 99.999 99.999  99.999  99.999  99.999  99.999  0.019  0.019  0.013  0.025  0.032  0.061    6    6 99.999 99.999   99  19.663645303 -20.947858347 22 42 36.71 1995 11 10 2450032.44625822     2  Clear                 10119502.net.fits                                  Triton                 770  1152
  -0.129   0.018  372.89  559.14 1.016    569.13     31.13 99.999 99.999 99.999 13.468 13.908 99.999 99.999 99.999  0.071 99.999 99.999 99.999 99.999  99.999  99.999  99.999  99.999  0.012  0.012  0.035  0.048  0.073  0.100    6    5 99.999 99.999   99  19.663642195 -20.947824123 22 45 37.52 1995 11 10 2450032.44835093     2  Clear                 10119506.net.fits                                  Triton                 770  1152
   0.181   0.025  373.27  565.25 0.989    475.11     42.68 99.999 99.999 99.999 13.515 14.054 99.999 99.999 99.999  0.090 99.999 99.999 99.999 99.999  99.999  99.999  99.999  99.999  0.011  0.011  0.039  0.009  0.081  0.020    5    5 99.999 99.999   99  19.663649455 -20.947818579 22 47  8.93 1995 11 10 2450032.44940891     2  Clear                 10119508.net.fits                                  Triton                 770  1152
  -0.154  -0.061  535.86  551.96 1.269   4469.71    338.72 99.999 99.999 99.999 13.294 13.189 99.999 99.999 99.999  0.182 99.999 99.999 99.999 99.999  99.999  99.999  99.999  99.999  0.009  0.009  0.013  0.014  0.048  0.052   17   15 99.999 99.999   99  19.937754852 -20.259373073  6 19 44.53 1996  6 21 2450255.76370984    10  CLEAR                 20069613.net.fits                                  Triton                1000  1024
  -0.095  -0.003  619.54  510.29 1.364    107.86     29.01 99.999 99.999 99.999 13.545 13.465 99.999 99.999 99.999  0.198 99.999 99.999 99.999 99.999  99.999  99.999  99.999  99.999  0.008  0.008  0.017  0.015  0.050  0.045   13   13 99.999 99.999   99  19.934311961 -20.262900198  4 58 59.91 1996  6 23 2450257.70763785     5  CLEAR                 22069603.net.fits                                  Triton                1024  1024
  -0.057  -0.082  621.10  510.63 1.498     22.90     26.68 99.999 99.999 99.999 13.558 13.055 99.999 99.999 99.999  0.147 99.999 99.999 99.999 99.999  99.999  99.999  99.999  99.999  0.025  0.025  0.042  0.065  0.039  0.060    4    4 99.999 99.999   99  19.934311908 -20.262922947  4 59 45.66 1996  6 23 2450257.70816736     5  CLEAR                 22069604.net.fits                                  Triton                1024  1024
  -0.037   0.000  619.99  510.10 1.420    580.02     56.23 99.999 99.999 99.999 13.379 13.227 99.999 99.999 99.999  0.209 99.999 99.999 99.999 99.999  99.999  99.999  99.999  99.999  0.006  0.006  0.017  0.015  0.051  0.046   13   13 99.999 99.999   99  19.934310705 -20.262901830  5  1 17.17 1996  6 23 2450257.70922650     5  CLEAR                 22069606.net.fits                                  Triton                1024  1024
  -0.028   0.031  621.84  509.02 1.403    520.01     48.46 99.999 99.999 99.999 13.427 13.346 99.999 99.999 99.999  0.140 99.999 99.999 99.999 99.999  99.999  99.999  99.999  99.999  0.007  0.007  0.018  0.018  0.055  0.053   13   13 99.999 99.999   99  19.934310107 -20.262894156  5  2  2.87 1996  6 23 2450257.70975544     5  CLEAR                 22069607.net.fits                                  Triton                1024  1024
  -0.082  -0.066  622.52  508.75 1.290    144.93     30.08 99.999 99.999 99.999 13.536 13.502 99.999 99.999 99.999  0.172 99.999 99.999 99.999 99.999  99.999  99.999  99.999  99.999  0.010  0.010  0.016  0.014  0.049  0.043   13   13 99.999 99.999   99  19.934307436 -20.262922643  5  3 35.32 1996  6 23 2450257.71082546     5  CLEAR                 22069609.net.fits                                  Triton                1024  1024
  -0.076  -0.024  624.57  506.11 1.090    866.42     78.79 99.999 99.999 99.999 13.434 13.322 99.999 99.999 99.999  0.157 99.999 99.999 99.999 99.999  99.999  99.999  99.999  99.999  0.009  0.009  0.014  0.012  0.043  0.036   13   13 99.999 99.999   99  19.934297839 -20.262920733  5 12 55.23 1996  6 23 2450257.71730590    10  CLEAR                 22069612.net.fits                                  Triton                1024  1024
  -0.076  -0.019  626.53  505.38 1.271    538.16     64.31 99.999 99.999 99.999 13.470 13.351 99.999 99.999 99.999  0.143 99.999 99.999 99.999 99.999  99.999  99.999  99.999  99.999  0.006  0.006  0.018  0.011  0.053  0.033   13   13 99.999 99.999   99  19.934296936 -20.262920146  5 13 46.98 1996  6 23 2450257.71790486    10  CLEAR                 22069613.net.fits                                  Triton                1024  1024
  -0.082  -0.032  627.08  504.82 1.249    374.73     70.86 99.999 99.999 99.999 13.344 13.296 99.999 99.999 99.999  0.168 99.999 99.999 99.999 99.999  99.999  99.999  99.999  99.999  0.009  0.009  0.014  0.015  0.042  0.045   13   13 99.999 99.999   99  19.934295052 -20.262925525  5 15 28.49 1996  6 23 2450257.71907975    10  CLEAR                 22069615.net.fits                                  Triton                1024  1024
  -0.080  -0.022  626.62  504.88 1.282    322.86     61.38 99.999 99.999 99.999 13.421 13.400 99.999 99.999 99.999  0.220 99.999 99.999 99.999 99.999  99.999  99.999  99.999  99.999  0.006  0.006  0.013  0.012  0.039  0.035   13   13 99.999 99.999   99  19.934294233 -20.262923592  5 16 18.24 1996  6 23 2450257.71965556    10  CLEAR                 22069616.net.fits                                  Triton                1024  1024
  -0.108   0.032  625.80  503.55 1.339     28.72     41.87 99.999 99.999 99.999 13.437 13.216 99.999 99.999 99.999  0.179 99.999 99.999 99.999 99.999  99.999  99.999  99.999  99.999  0.021  0.021  0.026  0.005  0.047  0.009    7    7 99.999 99.999   99  19.934292781 -20.262909814  5 17  9.93 1996  6 23 2450257.72025382    10  CLEAR                 22069617.net.fits                                  Triton                1024  1024
  -0.087  -0.030  625.77  503.47 1.306    171.69     43.22 99.999 99.999 99.999 13.470 13.366 99.999 99.999 99.999  0.125 99.999 99.999 99.999 99.999  99.999  99.999  99.999  99.999  0.009  0.009  0.019  0.023  0.043  0.055   11   11 99.999 99.999   99  19.934291453 -20.262928473  5 18 51.49 1996  6 23 2450257.72142928    10  CLEAR                 22069619.net.fits                                  Triton                1024  1024
   0.007  -0.044  626.80  501.40 1.302     17.34     41.52 99.999 99.999 99.999 13.451 12.948 99.999 99.999 99.999  0.070 99.999 99.999 99.999 99.999  99.999  99.999  99.999  99.999  0.003  0.003  0.018  0.032  0.017  0.029    4    4 99.999 99.999   99  19.934284398 -20.262941269  5 27 25.98 1996  6 23 2450257.72738403    10  CLEAR                 22069623.net.fits                                  Triton                1024  1024
  -0.135  -0.053  627.05  500.81 1.206     15.41     42.11 99.999 99.999 99.999 13.491 12.987 99.999 99.999 99.999  0.097 99.999 99.999 99.999 99.999  99.999  99.999  99.999  99.999  0.004  0.004  0.062  0.044  0.057  0.040    4    4 99.999 99.999   99  19.934279841 -20.262945770  5 29  7.37 1996  6 23 2450257.72855752    10  CLEAR                 22069625.net.fits                                  Triton                1024  1024
  -0.054   0.020  627.29  500.96 1.176    437.45     58.67 99.999 99.999 99.999 13.425 13.336 99.999 99.999 99.999  0.125 99.999 99.999 99.999 99.999  99.999  99.999  99.999  99.999  0.008  0.008  0.019  0.010  0.045  0.024   11   11 99.999 99.999   99  19.934280581 -20.262926349  5 29 58.12 1996  6 23 2450257.72914491    10  CLEAR                 22069626.net.fits                                  Triton                1024  1024
  -0.052   0.017  625.04  499.83 1.287   1443.84     96.49 99.999 99.999 99.999 13.506 13.250 99.999 99.999 99.999  0.130 99.999 99.999 99.999 99.999  99.999  99.999  99.999  99.999  0.007  0.007  0.019  0.016  0.044  0.037   11   11 99.999 99.999   99  19.934277980 -20.262929922  5 32 30.43 1996  6 23 2450257.73090775    10  CLEAR                 22069629.net.fits                                  Triton                1024  1024
  -0.048  -0.015  626.10  499.60 1.142    594.09     92.16 99.999 99.999 99.999 13.460 13.343 99.999 99.999 99.999  0.135 99.999 99.999 99.999 99.999  99.999  99.999  99.999  99.999  0.006  0.006  0.016  0.017  0.038  0.039   11   11 99.999 99.999   99  19.934277155 -20.262939816  5 33 21.18 1996  6 23 2450257.73149514    10  CLEAR                 22069630.net.fits                                  Triton                1024  1024
   0.062   0.327  365.71  632.32 1.301    231.84     57.73 99.999 99.999 99.999 13.592 13.817 99.999 99.999 99.999  0.108 99.999 99.999 99.999 99.999  99.999  99.999  99.999  99.999  0.012  0.012  0.000  0.016  0.001  0.031    5    4 99.999 99.999   99  19.793266060 -20.671345994 26 12  4.37 1996  9 27 2450354.59171725     1     cl                 27099617.net.fits                                  Triton                 739  1140
   0.042  -0.224  359.30  631.39 1.343     40.52     61.07 99.999 99.999 99.999 13.615 13.796 99.999 99.999 99.999  0.166 99.999 99.999 99.999 99.999  99.999  99.999  99.999  99.999  0.031  0.031  0.000  0.000  0.000  0.000    3    3 99.999 99.999   99  19.793265450 -20.671501166 26 12 43.37 1996  9 27 2450354.59216863     1     cl                 27099618.net.fits                                  Triton                 739  1140
   0.051   0.053  403.87  502.75 1.571    313.07     32.80 99.999 99.999 99.999 13.406 13.628 99.999 99.999 99.999  0.082 99.999 99.999 99.999 99.999  99.999  99.999  99.999  99.999  0.027  0.027  0.055  0.047  0.073  0.063    4    4 99.999 99.999   99  19.792682537 -20.674423405 26 17 10.32 1996  9 28 2450355.59525833     1     cl                 28099606.net.fits                                  Triton                 739  1140
  -0.168   0.151  389.39  635.49 1.211     93.89     13.72 99.999 99.999 99.999 13.449 13.614 99.999 99.999 99.999  0.146 99.999 99.999 99.999 99.999  99.999  99.999  99.999  99.999  0.002  0.002  0.026  0.113  0.028  0.119    5    5 99.999 99.999   99  19.792023239 -20.670571655 26 17 19.38 1996 10  1 2450358.59536319     1     cl                 01109612.net.fits                                  Triton                 739  1140
   0.197  -0.335  389.38  634.09 1.359     66.68     13.79 99.999 99.999 99.999 13.628 13.846 99.999 99.999 99.999  0.156 99.999 99.999 99.999 99.999  99.999  99.999  99.999  99.999  0.016  0.016  0.000  0.000  0.000  0.000    4    3 99.999 99.999   99  19.792030537 -20.670706931 26 17 57.39 1996 10  1 2450358.59580312     1     cl                 01109613.net.fits                                  Triton                 739  1140
   0.244  -0.254  390.79  634.44 1.346     50.93     11.75 99.999 99.999 99.999 13.585 13.803 99.999 99.999 99.999  0.145 99.999 99.999 99.999 99.999  99.999  99.999  99.999  99.999  0.021  0.021  0.027  0.045  0.027  0.046    4    4 99.999 99.999   99  19.792031698 -20.670685864 26 19 55.37 1996 10  1 2450358.59716863     1     cl                 01109616.net.fits                                  Triton                 739  1140
  -0.021   0.141  390.68  635.23 1.305     54.01     11.83 99.999 99.999 99.999 13.615 13.833 99.999 99.999 99.999  0.044 99.999 99.999 99.999 99.999  99.999  99.999  99.999  99.999  0.021  0.021  0.037  0.007  0.038  0.007    4    4 99.999 99.999   99  19.792026533 -20.670576490 26 20 33.38 1996 10  1 2450358.59760856     1     cl                 01109617.net.fits                                  Triton                 739  1140
   0.268   0.054  389.14  635.01 1.288     99.11     20.48 99.999 99.999 99.999 13.560 13.694 99.999 99.999 99.999  0.139 99.999 99.999 99.999 99.999  99.999  99.999  99.999  99.999  0.020  0.020  0.058  0.036  0.090  0.055    8    5 99.999 99.999   99  19.792032295 -20.670601241 26 21 12.38 1996 10  1 2450358.59805995     1     cl                 01109618.net.fits                                  Triton                 739  1140
  -0.120  -0.066  391.65  635.07 1.086     95.67     22.71 99.999 99.999 99.999 13.425 13.590 99.999 99.999 99.999  0.096 99.999 99.999 99.999 99.999  99.999  99.999  99.999  99.999  0.023  0.023  0.054  0.100  0.057  0.105    5    5 99.999 99.999   99  19.792024711 -20.670635062 26 21 52.42 1996 10  1 2450358.59852338     1     cl                 01109619.net.fits                                  Triton                 739  1140
   0.246  -0.014  390.14  635.01 1.189    144.57     20.28 99.999 99.999 99.999 13.581 13.695 99.999 99.999 99.999  0.144 99.999 99.999 99.999 99.999  99.999  99.999  99.999  99.999  0.015  0.015  0.036  0.028  0.078  0.061    9    8 99.999 99.999   99  19.792032043 -20.670620875 26 22 31.36 1996 10  1 2450358.59897407     1     cl                 01109620.net.fits                                  Triton                 739  1140
   0.025  -0.008  293.90  588.40 2.714     90.86     20.81 99.999 99.999 99.999 13.253 13.532 99.999 99.999 99.999  0.107 99.999 99.999 99.999 99.999  99.999  99.999  99.999  99.999  0.012  0.012  0.018  0.022  0.059  0.070   13   11 99.999 99.999   99  20.122162462 -19.789533224  7 23 55.81 1997  6  1 2450600.80828484     1  CLEAR                 01069774.net.fits                                  Triton                 739  1140
   0.027   0.001  301.68  590.84 1.967    181.21     29.26 99.999 99.999 99.999 13.342 13.594 99.999 99.999 99.999  0.092 99.999 99.999 99.999 99.999  99.999  99.999  99.999  99.999  0.009  0.009  0.026  0.013  0.073  0.038   13    9 99.999 99.999   99  20.122160443 -19.789544409  7 26 44.27 1997  6  1 2450600.81023461     1  CLEAR                 01069778.net.fits                                  Triton                 739  1140
  -0.042  -0.133  305.57  590.50 3.274     66.65     19.85 99.999 99.999 99.999 13.332 13.546 99.999 99.999 99.999  0.121 99.999 99.999 99.999 99.999  99.999  99.999  99.999  99.999  0.013  0.013  0.013  0.021  0.036  0.059   10    8 99.999 99.999   99  20.122158064 -19.789588236  7 28  8.87 1997  6  1 2450600.81121377     1  CLEAR                 01069780.net.fits                                  Triton                 739  1140
   0.019   0.018  282.24  592.59 2.535    151.58     26.75 99.999 99.999 99.999 13.294 13.549 99.999 99.999 99.999  0.150 99.999 99.999 99.999 99.999  99.999  99.999  99.999  99.999  0.011  0.011  0.013  0.020  0.040  0.064   14   11 99.999 99.999   99  20.122102653 -19.789914053  8 45  1.82 1997  6  1 2450600.86460440     5  CLEAR                 010697108.net.fits                                 Triton                 739  1140
  -0.042  -0.031  333.24  587.54 0.923    819.67     69.26 99.999 99.999 99.999 13.278 13.457 99.999 99.999 99.999  0.121 99.999 99.999 99.999 99.999  99.999  99.999  99.999  99.999  0.012  0.012  0.019  0.017  0.059  0.053   12   10 99.999 99.999   99  20.121184927 -19.795183306  3 21 45.06 1997  6  2 2450601.64010486     1  CLEAR                 02069701.net.fits                                  Triton                 739  1140
  -0.043  -0.058  333.27  587.23 0.876    839.66     83.08 99.999 99.999 99.999 13.264 13.391 99.999 99.999 99.999  0.090 99.999 99.999 99.999 99.999  99.999  99.999  99.999  99.999  0.013  0.013  0.022  0.019  0.066  0.057   12   10 99.999 99.999   99  20.121184234 -19.795193837  3 22 27.36 1997  6  2 2450601.64059444     1  CLEAR                 02069702.net.fits                                  Triton                 739  1140
  -0.005  -0.104  333.06  587.55 0.865    745.49    101.94 99.999 99.999 99.999 13.309 13.398 99.999 99.999 99.999  0.121 99.999 99.999 99.999 99.999  99.999  99.999  99.999  99.999  0.018  0.018  0.012  0.020  0.037  0.062   12   11 99.999 99.999   99  20.121184325 -19.795209585  3 23  9.24 1997  6  2 2450601.64107917     1  CLEAR                 02069703.net.fits                                  Triton                 739  1140
   0.022  -0.166  332.77  588.66 0.905    853.05     64.69 99.999 99.999 99.999 13.176 13.431 99.999 99.999 99.999  0.142 99.999 99.999 99.999 99.999  99.999  99.999  99.999  99.999  0.015  0.015  0.014  0.018  0.042  0.055   12   10 99.999 99.999   99  20.121181568 -19.795242560  3 26 39.69 1997  6  2 2450601.64351493     1  CLEAR                 02069708.net.fits                                  Triton                 739  1140
  -0.020  -0.002  331.59  589.19 0.941    822.29     47.51 99.999 99.999 99.999 13.238 13.370 99.999 99.999 99.999  0.099 99.999 99.999 99.999 99.999  99.999  99.999  99.999  99.999  0.023  0.023  0.012  0.011  0.039  0.034   12   11 99.999 99.999   99  20.121180070 -19.795199935  3 27 21.63 1997  6  2 2450601.64400035     1  CLEAR                 02069709.net.fits                                  Triton                 739  1140
   0.036  -0.104  335.00  589.23 0.887   1177.77     76.21 99.999 99.999 99.999 13.284 13.376 99.999 99.999 99.999  0.144 99.999 99.999 99.999 99.999  99.999  99.999  99.999  99.999  0.001  0.001  0.011  0.016  0.036  0.050   12   11 99.999 99.999   99  20.121174688 -19.795258365  3 34 17.15 1997  6  2 2450601.64880961     5  CLEAR                 02069711.net.fits                                  Triton                 739  1140
   0.028  -0.096  337.94  590.45 1.036   1108.31     17.91 99.999 99.999 99.999 13.251 13.362 99.999 99.999 99.999  0.124 99.999 99.999 99.999 99.999  99.999  99.999  99.999  99.999  0.015  0.015  0.011  0.014  0.034  0.046   12   11 99.999 99.999   99  20.121169807 -19.795277940  3 39 16.63 1997  6  2 2450601.65227581     5  CLEAR                 02069714.net.fits                                  Triton                 739  1140
  -0.067  -0.034  319.85  497.25 1.080    631.46     93.66 99.999 99.999 99.999 13.292 13.378 99.999 99.999 99.999  0.108 99.999 99.999 99.999 99.999  99.999  99.999  99.999  99.999  0.002  0.002  0.019  0.022  0.048  0.057    9    9 99.999 99.999   99  20.121042603 -19.795816547  5 50 28.68 1997  6  2 2450601.74338750     5  CLEAR                 02069730.net.fits                                  Triton                 739  1140
  -0.018  -0.021  320.64  498.17 1.224    607.73     63.24 99.999 99.999 99.999 13.257 13.412 99.999 99.999 99.999  0.104 99.999 99.999 99.999 99.999  99.999  99.999  99.999  99.999  0.021  0.021  0.018  0.017  0.044  0.040    9    8 99.999 99.999   99  20.121042097 -19.795819391  5 52  0.50 1997  6  2 2450601.74445023     5  CLEAR                 02069732.net.fits                                  Triton                 739  1140
  -0.027  -0.065  321.10  502.35 1.228    545.18     44.40 99.999 99.999 99.999 13.258 13.328 99.999 99.999 99.999  0.095 99.999 99.999 99.999 99.999  99.999  99.999  99.999  99.999  0.013  0.013  0.011  0.019  0.028  0.050    9    9 99.999 99.999   99  20.121032439 -19.795871843  6  1 47.96 1997  6  2 2450601.75124954     1  CLEAR                 02069738.net.fits                                  Triton                 739  1140
  -0.028  -0.032  321.07  501.84 0.969    882.74     47.33 99.999 99.999 99.999 13.311 13.529 99.999 99.999 99.999  0.120 99.999 99.999 99.999 99.999  99.999  99.999  99.999  99.999  0.018  0.018  0.019  0.016  0.046  0.038    9    8 99.999 99.999   99  20.121030401 -19.795871272  6  3 53.82 1997  6  2 2450601.75270625     1  CLEAR                 02069741.net.fits                                  Triton                 739  1140
   0.037  -0.101  321.71  502.15 0.977    713.51     74.01 99.999 99.999 99.999 13.262 13.390 99.999 99.999 99.999  0.147 99.999 99.999 99.999 99.999  99.999  99.999  99.999  99.999  0.009  0.009  0.009  0.022  0.023  0.056    9    9 99.999 99.999   99  20.121029636 -19.795899136  6  5 59.50 1997  6  2 2450601.75416088     1  CLEAR                 02069744.net.fits                                  Triton                 739  1140
   0.007  -0.011  339.67  521.50 0.857    919.55     87.38 99.999 99.999 99.999 13.210 13.348 99.999 99.999 99.999  0.136 99.999 99.999 99.999 99.999  99.999  99.999  99.999  99.999  0.013  0.013  0.011  0.015  0.026  0.036    9    8 99.999 99.999   99  20.120941279 -19.796235087  7 36  6.67 1997  6  2 2450601.81674387     1  CLEAR                 02069761.net.fits                                  Triton                 739  1140
  -0.007   0.001  334.90  522.45 0.740   1193.85    106.85 99.999 99.999 99.999 13.309 13.568 99.999 99.999 99.999  0.131 99.999 99.999 99.999 99.999  99.999  99.999  99.999  99.999  0.000  0.000  0.013  0.013  0.034  0.032    9    8 99.999 99.999   99  20.120938255 -19.796242652  7 38 55.20 1997  6  2 2450601.81869444     1  CLEAR                 02069765.net.fits                                  Triton                 739  1140
   0.016   0.011  329.56  522.53 1.072    624.39     58.32 99.999 99.999 99.999 13.328 13.486 99.999 99.999 99.999  0.127 99.999 99.999 99.999 99.999  99.999  99.999  99.999  99.999  0.007  0.007  0.015  0.022  0.039  0.056   10    9 99.999 99.999   99  20.120890590 -19.796429352  8 27 56.93 1997  6  2 2450601.85274225     1  CLEAR                 02069777.net.fits                                  Triton                 739  1140
   0.055  -0.033  321.56  521.50 0.874    620.39    123.53 99.999 99.999 99.999 13.226 13.459 99.999 99.999 99.999  0.222 99.999 99.999 99.999 99.999  99.999  99.999  99.999  99.999  0.014  0.014  0.013  0.021  0.035  0.054   11   10 99.999 99.999   99  20.120888585 -19.796452429  8 30 46.32 1997  6  2 2450601.85470278     1  CLEAR                 02069780.net.fits                                  Triton                 739  1140
   0.047  -0.000  320.48  522.95 0.993    652.16     83.86 99.999 99.999 99.999 13.280 13.462 99.999 99.999 99.999  0.212 99.999 99.999 99.999 99.999  99.999  99.999  99.999  99.999  0.028  0.027  0.012  0.019  0.031  0.048   11   10 99.999 99.999   99  20.120885280 -19.796455642  8 33 57.78 1997  6  2 2450601.85691875     1  CLEAR                 02069784.net.fits                                  Triton                 739  1140
   0.016   0.013  318.16  522.24 0.943    761.00     80.01 99.999 99.999 99.999 13.200 13.394 99.999 99.999 99.999  0.276 99.999 99.999 99.999 99.999  99.999  99.999  99.999  99.999  0.012  0.012  0.018  0.014  0.046  0.036   11    9 99.999 99.999   99  20.120883312 -19.796457107  8 35 21.61 1997  6  2 2450601.85788900     1  CLEAR                 02069786.net.fits                                  Triton                 739  1140
   0.018   0.030  363.46  545.84 1.118   1836.12    108.73 99.999 99.999 99.999 13.492 13.295 99.999 99.999 99.999  0.113 99.999 99.999 99.999 99.999  99.999  99.999  99.999  99.999  0.013  0.013  0.010  0.013  0.032  0.040   11   10 99.999 99.999   99  20.002144856 -20.155835870 26 18 53.25 1997  8 11 2450672.59644965     3  Clear                 11089729.net.fits                                  Triton                 739  1140
  -0.160   0.027  584.18  416.80 1.572    368.75     52.02 99.999 99.999 99.999 13.380 13.483 99.999 99.999 99.999  0.230 99.999 99.999 99.999 99.999  99.999  99.999  99.999  99.999  0.009  0.009  0.023  0.032  0.050  0.069   15    9 99.999 99.999   99  20.272069768 -19.387819674  3 58 16.46 1998  6  6 2450970.66546829     1  Clear                 06069801.net.fits                                  Triton                1024  1024
  -0.024  -0.117  584.24  419.46 1.342    654.09     41.95 99.999 99.999 99.999 13.438 13.489 99.999 99.999 99.999  0.190 99.999 99.999 99.999 99.999  99.999  99.999  99.999  99.999  0.011  0.011  0.023  0.024  0.071  0.074   16   12 99.999 99.999   99  20.272069080 -19.387883387  4  3 10.97 1998  6  6 2450970.66887697     1  Clear                 06069806.net.fits                                  Triton                1024  1024
  -0.039   0.018  585.11  419.83 1.649    448.95     30.07 99.999 99.999 99.999 13.406 13.520 99.999 99.999 99.999  0.294 99.999 99.999 99.999 99.999  99.999  99.999  99.999  99.999  0.016  0.016  0.023  0.025  0.072  0.080   16   12 99.999 99.999   99  20.272067338 -19.387856175  4  5 18.95 1998  6  6 2450970.67035822     1  Clear                 06069809.net.fits                                  Triton                1024  1024
   0.073  -0.057  581.67  413.55 1.347    617.95     47.03 99.999 99.999 99.999 13.372 13.485 99.999 99.999 99.999  0.299 99.999 99.999 99.999 99.999  99.999  99.999  99.999  99.999  0.017  0.017  0.019  0.020  0.053  0.055   16   10 99.999 99.999   99  20.272036026 -19.388111403  4 54  6.36 1998  6  6 2450970.70424028     1  Clear                 06069816.net.fits                                  Triton                1024  1024
  -0.070  -0.000  584.97  422.84 1.910    393.28     16.00 99.999 99.999 99.999 13.364 13.467 99.999 99.999 99.999  0.296 99.999 99.999 99.999 99.999  99.999  99.999  99.999  99.999  0.010  0.010  0.018  0.024  0.062  0.084   17   14 99.999 99.999   99  20.272005800 -19.388286213  5 33 26.90 1998  6  6 2450970.73156134     1  Clear                 06069837.net.fits                                  Triton                1024  1024
  -0.148  -0.060  583.86  422.12 1.417    531.11     48.73 99.999 99.999 99.999 13.356 13.452 99.999 99.999 99.999  0.283 99.999 99.999 99.999 99.999  99.999  99.999  99.999  99.999  0.017  0.017  0.019  0.024  0.049  0.062   17   11 99.999 99.999   99  20.272003786 -19.388306176  5 34  8.97 1998  6  6 2450970.73204826     1  Clear                 06069838.net.fits                                  Triton                1024  1024
   0.043   0.043  627.87  425.43 0.941   1219.67     71.20 99.999 99.999 99.999 13.333 13.433 99.999 99.999 99.999  0.276 99.999 99.999 99.999 99.999  99.999  99.999  99.999  99.999  0.013  0.013  0.021  0.023  0.063  0.070   15   12 99.999 99.999   99  20.271972231 -19.388520882  6 24 12.30 1998  6  6 2450970.76680903     1  Clear                 06069846.net.fits                                  Triton                1024  1024
  -0.003  -0.090  485.77  500.38 1.156    783.71     70.86 99.999 99.999 99.999 13.193 13.266 99.999 99.999 99.999  0.257 99.999 99.999 99.999 99.999  99.999  99.999  99.999  99.999  0.013  0.013  0.018  0.015  0.061  0.049   22   18 99.999 99.999   99  20.269469684 -19.401003119  3 57 31.90 1998  6  8 2450972.66495255     1  Clear                 08069803.net.fits                                  Triton                1024  1024
  -0.017   0.020  484.56  500.59 1.000    903.61    110.46 99.999 99.999 99.999 13.223 13.359 99.999 99.999 99.999  0.320 99.999 99.999 99.999 99.999  99.999  99.999  99.999  99.999  0.021  0.021  0.019  0.013  0.067  0.046   23   19 99.999 99.999   99  20.269464660 -19.400985082  4  1 54.94 1998  6  8 2450972.66799699     1  Clear                 08069809.net.fits                                  Triton                1024  1024
   0.043   0.024  484.35  501.99 0.992   1068.82     84.12 99.999 99.999 99.999 13.203 13.306 99.999 99.999 99.999  0.314 99.999 99.999 99.999 99.999  99.999  99.999  99.999  99.999  0.009  0.009  0.015  0.016  0.046  0.049   23   17 99.999 99.999   99  20.269464256 -19.400987932  4  3 22.93 1998  6  8 2450972.66901539     1  Clear                 08069811.net.fits                                  Triton                1024  1024
  -0.111  -0.075  484.62  501.48 0.928    905.42    142.93 99.999 99.999 99.999 13.262 13.368 99.999 99.999 99.999  0.295 99.999 99.999 99.999 99.999  99.999  99.999  99.999  99.999  0.013  0.013  0.014  0.016  0.051  0.056   23   20 99.999 99.999   99  20.269459651 -19.401019819  4  4 50.92 1998  6  8 2450972.67003380     1  Clear                 08069813.net.fits                                  Triton                1024  1024
  -0.045   0.055  484.99  502.74 1.169    818.87     57.84 99.999 99.999 99.999 13.247 13.328 99.999 99.999 99.999  0.298 99.999 99.999 99.999 99.999  99.999  99.999  99.999  99.999  0.017  0.017  0.015  0.017  0.052  0.059   23   19 99.999 99.999   99  20.269460149 -19.400985841  4  5 35.96 1998  6  8 2450972.67055509     1  Clear                 08069814.net.fits                                  Triton                1024  1024
  -0.120  -0.107  408.03  522.05 1.088    831.47     90.83 99.999 99.999 99.999 13.239 13.278 99.999 99.999 99.999  0.312 99.999 99.999 99.999 99.999  99.999  99.999  99.999  99.999  0.009  0.009  0.013  0.017  0.043  0.057   24   20 99.999 99.999   99  20.269432811 -19.401098191  4 29 27.05 1998  6  8 2450972.68711863     1  Clear                 08069816.net.fits                                  Triton                1024  1024
   0.037  -0.004  410.97  524.81 0.880   1062.57    138.25 99.999 99.999 99.999 13.322 13.357 99.999 99.999 99.999  0.247 99.999 99.999 99.999 99.999  99.999  99.999  99.999  99.999  0.010  0.010  0.018  0.019  0.051  0.054   23   18 99.999 99.999   99  20.269424700 -19.401098098  4 39 45.89 1998  6  8 2450972.69428113     1  Clear                 08069830.net.fits                                  Triton                1024  1024
   0.096  -0.144  547.83  511.22 1.186    642.93    153.80 99.999 99.999 99.999 13.294 13.297 99.999 99.999 99.999  0.124 99.999 99.999 99.999 99.999  99.999  99.999  99.999  99.999  0.007  0.007  0.022  0.018  0.052  0.042   10   10 99.999 99.999   99  20.124538510 -19.871140399 22 18 22.99 1998  9  3 2451060.42943275     1  Clear                 03099810.net.fits                                  Triton                1005  1020
  -0.075  -0.030  506.61  473.53 1.220    658.08    139.15 99.999 99.999 99.999 13.351 13.192 99.999 99.999 99.999  0.200 99.999 99.999 99.999 99.999  99.999  99.999  99.999  99.999  0.019  0.019  0.013  0.012  0.037  0.033   12   12 99.999 99.999   99  20.124447240 -19.871418953 23 35 47.99 1998  9  3 2451060.48319433     1  Clear                 03099817.net.fits                                  Triton                1005  1020
   0.140  -0.010  301.47  476.07 1.627    435.11    326.51 99.999 99.999 99.999 13.407 13.611 99.999 99.999 99.999  0.169 99.999 99.999 99.999 99.999  99.999  99.999  99.999  99.999  0.015  0.015  0.026  0.019  0.054  0.040   17   14 99.999 99.999   99  20.426482124 -18.944529238  5 53  6.45 1999  6  6 2451335.74521354     5  Clear                 06069923.net.fits                                  Triton                1005  1020
  -0.070  -0.165  553.19  548.41 2.277    319.33     79.36 99.999 99.999 99.999 13.379 13.423 99.999 99.999 99.999  0.131 99.999 99.999 99.999 99.999  99.999  99.999  99.999  99.999  0.011  0.011  0.020  0.025  0.059  0.075   11   10 99.999 99.999   99  20.264019545 -19.501510277 22 20 53.00 1999  9 17 2451439.43116898     2  Cl                    170901.ne.fits                                     Triton                1005  1020
  -0.100  -0.058  544.20  557.52 2.093    421.00     74.16 99.999 99.999 99.999 13.461 13.556 99.999 99.999 99.999  0.205 99.999 99.999 99.999 99.999  99.999  99.999  99.999  99.999  0.018  0.018  0.021  0.019  0.067  0.058   12   10 99.999 99.999   99  20.264009261 -19.501503406 22 42 26.44 1999  9 17 2451439.44613935     2  Cl                    170908.ne.fits                                     Triton                1005  1020
   0.065  -0.027  545.42  558.56 2.055    457.03     71.68 99.999 99.999 99.999 13.479 13.575 99.999 99.999 99.999  0.187 99.999 99.999 99.999 99.999  99.999  99.999  99.999  99.999  0.022  0.022  0.020  0.020  0.067  0.067   12   12 99.999 99.999   99  20.264011464 -19.501497344 22 44 44.47 1999  9 17 2451439.44773692     2  Cl                    170911.ne.fits                                     Triton                1005  1020
  -0.084  -0.090  544.06  559.43 1.629    289.74     85.39 99.999 99.999 99.999 13.389 13.437 99.999 99.999 99.999  0.147 99.999 99.999 99.999 99.999  99.999  99.999  99.999  99.999  0.008  0.008  0.012  0.018  0.028  0.041    7    7 99.999 99.999   99  20.264006464 -19.501519815 22 49 20.47 1999  9 17 2451439.45093137     2  Cl                    170917.ne.fits                                     Triton                1005  1020
  -0.005   0.073  441.28  470.22 1.005   1098.49    220.09 99.999 99.999 99.999 13.441 13.487 99.999 99.999 99.999  0.086 99.999 99.999 99.999 99.999  99.999  99.999  99.999  99.999  0.014  0.014  0.019  0.016  0.050  0.043    7    7 99.999 99.999   99  20.555010880 -18.661408487 22 15  6.89 2001 10 24 2452207.42716308     2  Clear                 net0007.fits                                       Triton                1016  1020
  -0.016   0.067  439.61  470.45 1.366    715.14    148.38 99.999 99.999 99.999 13.339 13.415 99.999 99.999 99.999  0.106 99.999 99.999 99.999 99.999  99.999  99.999  99.999  99.999  0.009  0.009  0.017  0.004  0.041  0.010    6    6 99.999 99.999   99  20.555010658 -18.661408746 22 15 57.06 2001 10 24 2452207.42774375     2  Clear                 net0008.fits                                       Triton                1016  1020
  -0.024   0.053  440.70  471.26 0.962   1017.57    253.86 99.999 99.999 99.999 13.440 13.485 99.999 99.999 99.999  0.098 99.999 99.999 99.999 99.999  99.999  99.999  99.999  99.999  0.030  0.030  0.022  0.027  0.058  0.071    7    7 99.999 99.999   99  20.555010509 -18.661410846 22 16 46.90 2001 10 24 2452207.42832060     2  Clear                 net0009.fits                                       Triton                1016  1020
   0.017  -0.028  592.05  567.04 1.060    718.43    143.15 99.999 99.999 99.999 13.459 13.509 99.999 99.999 99.999  0.146 99.999 99.999 99.999 99.999  99.999  99.999  99.999  99.999  0.011  0.011  0.018  0.015  0.046  0.038   11   10 99.999 99.999   99  20.556444388 -18.652952711 22 31 18.99 2001 10 27 2452210.43841424     2  Clear                 net0002.fits                                       Triton                1016  1020
  -0.044   0.003  589.50  569.38 1.366    624.72     76.71 99.999 99.999 99.999 13.497 13.513 99.999 99.999 99.999  0.156 99.999 99.999 99.999 99.999  99.999  99.999  99.999  99.999  0.008  0.008  0.023  0.015  0.047  0.031   10    9 99.999 99.999   99  20.556446288 -18.652950142 22 38 51.75 2001 10 27 2452210.44365451     2  Clear                 net0011.fits                                       Triton                1016  1020
  -0.040  -0.002  592.47  570.17 1.351    553.12     90.50 99.999 99.999 99.999 13.469 13.520 99.999 99.999 99.999  0.163 99.999 99.999 99.999 99.999  99.999  99.999  99.999  99.999  0.010  0.010  0.021  0.012  0.053  0.032   11   10 99.999 99.999   99  20.556447045 -18.652953037 22 40 32.81 2001 10 27 2452210.44482419     2  Clear                 net0013.fits                                       Triton                1016  1020
   0.014   0.082  593.60  571.29 1.271    643.71     92.56 99.999 99.999 99.999 13.516 13.517 99.999 99.999 99.999  0.082 99.999 99.999 99.999 99.999  99.999  99.999  99.999  99.999  0.000  0.000  0.023  0.026  0.059  0.067   10   10 99.999 99.999   99  20.556449133 -18.652931868 22 43  5.81 2001 10 27 2452210.44659502     2  Clear                 net0016.fits                                       Triton                1016  1020
  -0.125  -0.284  572.51  558.23 0.973   5455.92    470.45 99.999 99.999 99.999 12.876 12.943 99.999 99.999 99.999  0.362 99.999 99.999 99.999 99.999  99.999  99.999  99.999  99.999  0.005  0.005  0.000  0.000  0.000  0.000    3    3 99.999 99.999   99  20.912074773 -17.412379467 23 30 39.49 2003  8 23 2452875.47962373    10  Clear                 230803net0001.fits                                 Triton                1050  1050
  -0.083  -0.374  577.49  556.27 1.118   4800.17    289.17 99.999 99.999 99.999 12.955 12.954 99.999 99.999 99.999  0.322 99.999 99.999 99.999 99.999  99.999  99.999  99.999  99.999  0.014  0.014  0.268  0.142  0.134  0.071    4    4 99.999 99.999   99  20.912021826 -17.412731656  0 12 53.27 2003  8 24 2452875.50894988    10  Clear                 230803net0014.fits                                 Triton                1050  1050
   0.227  -0.207  578.29  555.97 1.096   4933.12    283.94 99.999 99.999 99.999 12.900 12.780 99.999 99.999 99.999  0.394 99.999 99.999 99.999 99.999  99.999  99.999  99.999  99.999  0.009  0.009  0.000  0.000  0.000  0.000    3    3 99.999 99.999   99  20.912015246 -17.412761509  0 22 45.81 2003  8 24 2452875.51580799    10  Clear                 230803net0019.fits                                 Triton                1050  1050
   0.266  -0.212  578.63  556.43 1.054   5102.94    366.55 99.999 99.999 99.999 13.027 13.182 99.999 99.999 99.999  0.345 99.999 99.999 99.999 99.999  99.999  99.999  99.999  99.999  0.007  0.007  0.000  0.000  0.000  0.000    3    3 99.999 99.999   99  20.912010445 -17.412796275  0 27  5.38 2003  8 24 2452875.51881227    10  Clear                 230803net0022.fits                                 Triton                1050  1050
   0.279  -0.293  575.01  555.90 1.211   3704.50    346.64 99.999 99.999 99.999 13.297 13.459 99.999 99.999 99.999  0.270 99.999 99.999 99.999 99.999  99.999  99.999  99.999  99.999  0.014  0.014  0.000  0.000  0.000  0.000    3    3 99.999 99.999   99  20.912009085 -17.412828591  0 28 21.67 2003  8 24 2452875.51969525    10  Clear                 230803net0023.fits                                 Triton                1050  1050
   0.217  -0.235  574.98  556.13 1.242   3892.03    262.03 99.999 99.999 99.999 13.202 13.380 99.999 99.999 99.999  0.296 99.999 99.999 99.999 99.999  99.999  99.999  99.999  99.999  0.007  0.007  0.000  0.000  0.000  0.000    3    3 99.999 99.999   99  20.912006154 -17.412823191  0 29 42.63 2003  8 24 2452875.52063229    10  Clear                 230803net0024.fits                                 Triton                1050  1050
   0.185  -0.339  572.13  559.38 1.244   3548.58    305.32 99.999 99.999 99.999 13.159 13.345 99.999 99.999 99.999  0.259 99.999 99.999 99.999 99.999  99.999  99.999  99.999  99.999  0.008  0.008  0.000  0.000  0.000  0.000    3    3 99.999 99.999   99  20.911999544 -17.412888093  0 34 23.93 2003  8 24 2452875.52388808    10  Clear                 230803net0027.fits                                 Triton                1050  1050
   0.300  -0.298  577.05  553.01 1.899   1407.70    151.57 99.999 99.999 99.999 13.117 13.285 99.999 99.999 99.999  0.237 99.999 99.999 99.999 99.999  99.999  99.999  99.999  99.999  0.006  0.006  0.000  0.000  0.000  0.000    3    3 99.999 99.999   99  20.911998358 -17.412896841  0 37  2.84 2003  8 24 2452875.52572731    10  Clear                 230803net0029.fits                                 Triton                1050  1050
   0.256  -0.298  574.18  553.74 1.576   2479.83    152.24 99.999 99.999 99.999 13.166 13.333 99.999 99.999 99.999  0.258 99.999 99.999 99.999 99.999  99.999  99.999  99.999  99.999  0.008  0.008  0.000  0.000  0.000  0.000    3    3 99.999 99.999   99  20.911995942 -17.412906688  0 38 16.46 2003  8 24 2452875.52657940    10  Clear                 230803net0030.fits                                 Triton                1050  1050
   0.217  -0.290  574.28  556.34 1.322   3548.01    213.68 99.999 99.999 99.999 13.231 13.415 99.999 99.999 99.999  0.243 99.999 99.999 99.999 99.999  99.999  99.999  99.999  99.999  0.006  0.006  0.000  0.000  0.000  0.000    3    3 99.999 99.999   99  20.911993408 -17.412915124  0 39 39.13 2003  8 24 2452875.52753623    10  Clear                 230803net0031.fits                                 Triton                1050  1050
   0.274  -0.284  574.40  557.37 1.208   4156.08    267.03 99.999 99.999 99.999 13.132 13.322 99.999 99.999 99.999  0.264 99.999 99.999 99.999 99.999  99.999  99.999  99.999  99.999  0.007  0.007  0.000  0.000  0.000  0.000    3    3 99.999 99.999   99  20.911992732 -17.412924107  0 41  2.95 2003  8 24 2452875.52850637    10  Clear                 230803net0032.fits                                 Triton                1050  1050
  -0.275  -0.067  508.71  559.05 0.981   3821.04    284.92 99.999 99.999 99.999 13.218 13.297 99.999 99.999 99.999  0.050 99.999 99.999 99.999 99.999  99.999  99.999  99.999  99.999  0.006  0.006  0.046  0.018  0.030  0.026    5    5 99.999 99.999   99  20.877739446 -17.554568940 23 58 47.94 2003  9 15 2452898.49916597     7  Clear                 150903net0011.fits                                 Triton                1016  1020
  -0.294  -0.053  511.99  560.16 2.025   1007.49     59.01 99.999 99.999 99.999 13.261 13.372 99.999 99.999 99.999  0.145 99.999 99.999 99.999 99.999  99.999  99.999  99.999  99.999  0.008  0.008  0.074  0.011  0.050  0.017    5    5 99.999 99.999   99  20.877692103 -17.554911300  0 55 15.45 2003  9 16 2452898.53837326     7  Clear                 li0039.fits                                        Triton                1016  1020
   0.089  -0.103  512.73  560.10 2.328    596.30     38.97 99.999 99.999 99.999 13.764 13.841 99.999 99.999 99.999  0.082 99.999 99.999 99.999 99.999  99.999  99.999  99.999  99.999  0.011  0.011  0.015  0.024  0.011  0.033    6    5 99.999 99.999   99  20.877696166 -17.554950042  0 59 17.74 2003  9 16 2452898.54117755     7  Clear                 li0042.fits                                        Triton                1016  1020
  -0.254  -0.060  513.56  562.00 2.063    579.19     72.47 99.999 99.999 99.999 13.730 13.918 99.999 99.999 99.999  0.157 99.999 99.999 99.999 99.999  99.999  99.999  99.999  99.999  0.008  0.008  0.040  0.008  0.027  0.012    5    5 99.999 99.999   99  20.877688491 -17.554945452  1  0 30.50 2003  9 16 2452898.54201968     7  Clear                 li0043.fits                                        Triton                1016  1020
   0.126  -0.118  511.44  560.46 2.415    429.39     38.26 99.999 99.999 99.999 13.952 14.037 99.999 99.999 99.999  0.265 99.999 99.999 99.999 99.999  99.999  99.999  99.999  99.999  0.011  0.011  0.054  0.023  0.037  0.032    6    5 99.999 99.999   99  20.877694002 -17.554975236  1  2 44.30 2003  9 16 2452898.54356829     7  Clear                 li0045.fits                                        Triton                1016  1020
