   0.073   0.064  480.92  495.63 1.423   8979.64   1175.43 99.999 99.999 99.999 13.183 12.901 99.999 99.999 99.999  0.108 99.999 99.999 99.999 99.999  99.999  99.999  99.999  99.999  0.005  0.005  0.000  0.000  0.000  0.000    3    3 99.999 99.999   99  20.630312786 -18.367139088  5 16 22.72 2001  8  9 2452130.71970741    60  B                     net0001.fits                                       Triton                1016  1020
  -0.010   0.074  479.59  495.02 1.884  27757.29   3414.36 99.999 99.999 99.999 12.941 12.801 99.999 99.999 99.999  0.385 99.999 99.999 99.999 99.999  99.999  99.999  99.999  99.999  0.006  0.006  0.000  0.000  0.000  0.000    3    3 99.999 99.999   99  20.630302962 -18.367158405  5 21 50.77 2001  8  9 2452130.72350428   300  B                     net0002.fits                                       Triton                1016  1020
  -0.779  -0.327  526.95  478.08 0.814   8116.30    740.54 99.999 99.999 99.999 12.339 12.472 99.999 99.999 99.999  0.598 99.999 99.999 99.999 99.999  99.999  99.999  99.999  99.999  0.000  0.000  0.000  0.000  0.000  0.000    5    3 99.999 99.999   99  20.786857114 -17.840891880 23 52 37.97 2002  8  7 2452494.49488391    20  B                     net0021.fits                                       Triton                1016  1020
  -0.713  -0.248  529.78  478.62 0.899   6788.70    630.61 99.999 99.999 99.999 12.309 12.447 99.999 99.999 99.999  0.546 99.999 99.999 99.999 99.999  99.999  99.999  99.999  99.999  0.010  0.010  0.000  0.000  0.000  0.000    6    3 99.999 99.999   99  20.786850324 -17.840902792 23 57 57.53 2002  8  7 2452494.49858252    20  B                     net0025.fits                                       Triton                1016  1020
  -0.783  -0.314  528.15  478.55 0.887   6738.04    636.79 99.999 99.999 99.999 12.316 12.487 99.999 99.999 99.999  0.547 99.999 99.999 99.999 99.999  99.999  99.999  99.999  99.999  0.009  0.009  0.000  0.000  0.000  0.000    6    3 99.999 99.999   99  20.786847203 -17.840928417 23 59  7.36 2002  8  7 2452494.49939074    20  B                     net0026.fits                                       Triton                1016  1020
  -0.854  -0.354  526.30  477.99 0.823   7680.19    724.43 99.999 99.999 99.999 12.366 12.533 99.999 99.999 99.999  0.541 99.999 99.999 99.999 99.999  99.999  99.999  99.999  99.999  0.010  0.010  0.000  0.000  0.000  0.000    6    3 99.999 99.999   99  20.786843560 -17.840948565  0  0 37.75 2002  8  8 2452494.50043692    20  B                     net0027.fits                                       Triton                1016  1020
  -0.780  -0.331  529.17  477.22 0.798   8151.30    696.70 99.999 99.999 99.999 12.429 12.460 99.999 99.999 99.999  0.617 99.999 99.999 99.999 99.999  99.999  99.999  99.999  99.999  0.012  0.012  0.102  0.009  0.138  0.012    8    4 99.999 99.999   99  20.786839751 -17.840963517  0  4  4.65 2002  8  8 2452494.50283160    20  B                     net0031.fits                                       Triton                1016  1020
  -0.723  -0.269  526.33  476.88 0.821   8155.58    733.28 99.999 99.999 99.999 12.481 12.456 99.999 99.999 99.999  0.607 99.999 99.999 99.999 99.999  99.999  99.999  99.999  99.999  0.008  0.008  0.000  0.000  0.000  0.000    8    3 99.999 99.999   99  20.786836938 -17.840962122  0  6 40.13 2002  8  8 2452494.50463113    20  B                     net0033.fits                                       Triton                1016  1020
  -0.735  -0.269  527.60  477.66 0.841   7608.23    769.38 99.999 99.999 99.999 12.541 12.516 99.999 99.999 99.999  0.586 99.999 99.999 99.999 99.999  99.999  99.999  99.999  99.999  0.010  0.010  0.000  0.000  0.000  0.000    8    3 99.999 99.999   99  20.786822738 -17.841018557  0 15 51.74 2002  8  8 2452494.51101551    20  B                     net0041.fits                                       Triton                1016  1020
  -0.732  -0.253  524.95  478.24 0.801   8489.78    783.21 99.999 99.999 99.999 12.309 12.467 99.999 99.999 99.999  0.538 99.999 99.999 99.999 99.999  99.999  99.999  99.999  99.999  0.009  0.009  0.000  0.000  0.000  0.000    7    3 99.999 99.999   99  20.786820869 -17.841021913  0 17  7.93 2002  8  8 2452494.51189734    20  B                     net0042.fits                                       Triton                1016  1020
  -0.363  -0.477  470.54  491.31 0.814   7237.46    820.94 99.999 99.999 99.999 12.492 12.909 99.999 99.999 99.999  1.015 99.999 99.999 99.999 99.999  99.999  99.999  99.999  99.999  0.012  0.012  0.059  0.067  0.113  0.129    6    4 99.999 99.999   99  20.784736301 -17.847660664 23 51 28.42 2002  8  8 2452495.49407894    20  B                     net0007.fits                                       Triton                1016  1020
  -0.356  -0.475  475.48  492.52 0.764  11086.68   1351.27 99.999 99.999 99.999 12.621 12.879 99.999 99.999 99.999  0.964 99.999 99.999 99.999 99.999  99.999  99.999  99.999  99.999  0.007  0.007  0.053  0.071  0.102  0.135    7    4 99.999 99.999   99  20.784726598 -17.847683199 23 58 19.51 2002  8  8 2452495.49883692    30  B                     net0011.fits                                       Triton                1016  1020
  -0.355  -0.491  467.90  487.87 0.828   6761.87    853.44 99.999 99.999 99.999 12.464 12.830 99.999 99.999 99.999  1.005 99.999 99.999 99.999 99.999  99.999  99.999  99.999  99.999  0.007  0.007  0.049  0.066  0.093  0.127    6    4 99.999 99.999   99  20.784719464 -17.847704772  0  3 19.38 2002  8  9 2452495.50230764    20  B                     net0015.fits                                       Triton                1016  1020
  -0.334  -0.495  467.46  488.74 0.752   7846.53    968.68 99.999 99.999 99.999 12.380 12.713 99.999 99.999 99.999  1.012 99.999 99.999 99.999 99.999  99.999  99.999  99.999  99.999  0.015  0.015  0.041  0.059  0.079  0.113    6    4 99.999 99.999   99  20.784717537 -17.847711063  0  4 56.13 2002  8  9 2452495.50342743    20  B                     net0016.fits                                       Triton                1016  1020
  -0.367  -0.500  466.04  489.40 0.830   6411.63   1009.27 99.999 99.999 99.999 12.589 13.000 99.999 99.999 99.999  1.031 99.999 99.999 99.999 99.999  99.999  99.999  99.999  99.999  0.012  0.012  0.044  0.072  0.084  0.137    6    4 99.999 99.999   99  20.784713106 -17.847721318  0  7 34.27 2002  8  9 2452495.50525775    20  B                     net0018.fits                                       Triton                1016  1020
  -0.337  -0.520  470.18  490.18 1.028   5046.84    532.24 99.999 99.999 99.999 12.719 13.055 99.999 99.999 99.999  1.002 99.999 99.999 99.999 99.999  99.999  99.999  99.999  99.999  0.009  0.009  0.034  0.058  0.065  0.110    6    4 99.999 99.999   99  20.784706278 -17.847744433  0 12 45.27 2002  8  9 2452495.50885729    20  B                     net0021.fits                                       Triton                1016  1020
  -0.380  -0.511  469.50  490.58 0.900   6257.74    661.57 99.999 99.999 99.999 12.552 12.940 99.999 99.999 99.999  1.009 99.999 99.999 99.999 99.999  99.999  99.999  99.999  99.999  0.008  0.008  0.049  0.070  0.093  0.132    6    4 99.999 99.999   99  20.784700474 -17.847753480  0 16 12.72 2002  8  9 2452495.51125833    20  B                     net0023.fits                                       Triton                1016  1020
  -0.366  -0.480  466.68  491.25 0.836  10244.98   1145.80 99.999 99.999 99.999 12.475 12.843 99.999 99.999 99.999  0.983 99.999 99.999 99.999 99.999  99.999  99.999  99.999  99.999  0.007  0.007  0.045  0.069  0.085  0.131    6    4 99.999 99.999   99  20.784692167 -17.847765037  0 22 12.01 2002  8  9 2452495.51541678    30  B                     net0026.fits                                       Triton                1016  1020
  -0.340  -0.477  468.44  491.08 0.886   9907.64    833.06 99.999 99.999 99.999 12.679 12.912 99.999 99.999 99.999  0.954 99.999 99.999 99.999 99.999  99.999  99.999  99.999  99.999  0.007  0.006  0.029  0.074  0.055  0.139    7    4 99.999 99.999   99  20.784689693 -17.847771152  0 24 16.34 2002  8  9 2452495.51685579    30  B                     net0027.fits                                       Triton                1016  1020
  -0.366  -0.519  466.85  489.72 0.786  11715.81   1234.64 99.999 99.999 99.999 12.612 12.925 99.999 99.999 99.999  0.994 99.999 99.999 99.999 99.999  99.999  99.999  99.999  99.999  0.010  0.010  0.036  0.062  0.068  0.117    6    4 99.999 99.999   99  20.784681435 -17.847800918  0 29 40.78 2002  8  9 2452495.52061088    30  B                     net0030.fits                                       Triton                1016  1020
  -0.363  -0.515  465.83  489.89 0.919   9452.04    793.53 99.999 99.999 99.999 12.694 13.029 99.999 99.999 99.999  1.002 99.999 99.999 99.999 99.999  99.999  99.999  99.999  99.999  0.005  0.005  0.030  0.071  0.056  0.134    6    4 99.999 99.999   99  20.784678939 -17.847805420  0 31 27.67 2002  8  9 2452495.52184803    30  B                     net0031.fits                                       Triton                1016  1020
  -0.357  -0.514  471.53  489.06 0.934   9157.75    849.01 99.999 99.999 99.999 12.774 13.087 99.999 99.999 99.999  1.017 99.999 99.999 99.999 99.999  99.999  99.999  99.999  99.999  0.010  0.010  0.022  0.064  0.041  0.120    6    4 99.999 99.999   99  20.784672272 -17.847820761  0 36 11.18 2002  8  9 2452495.52512940    30  B                     net0034.fits                                       Triton                1016  1020
  -0.351  -0.507  471.37  490.20 0.865  10381.09    954.14 99.999 99.999 99.999 12.708 13.045 99.999 99.999 99.999  1.003 99.999 99.999 99.999 99.999  99.999  99.999  99.999  99.999  0.011  0.011  0.010  0.068  0.018  0.128    6    4 99.999 99.999   99  20.784666079 -17.847833603  0 40 36.33 2002  8  9 2452495.52819826    30  B                     net0036.fits                                       Triton                1016  1020
  -0.368  -0.494  470.53  490.70 0.892   8990.41   1057.03 99.999 99.999 99.999 12.837 13.153 99.999 99.999 99.999  0.981 99.999 99.999 99.999 99.999  99.999  99.999  99.999  99.999  0.012  0.012  0.028  0.073  0.052  0.137    7    4 99.999 99.999   99  20.784663054 -17.847836147  0 42 28.39 2002  8  9 2452495.52949525    30  B                     net0037.fits                                       Triton                1016  1020
  -0.355  -0.477  471.72  491.22 0.765  11649.41   1389.36 99.999 99.999 99.999 12.649 12.958 99.999 99.999 99.999  1.018 99.999 99.999 99.999 99.999  99.999  99.999  99.999  99.999  0.008  0.008  0.022  0.073  0.042  0.137    6    4 99.999 99.999   99  20.784661001 -17.847836860  0 44  5.55 2002  8  9 2452495.53061979    30  B                     net0038.fits                                       Triton                1016  1020
  -0.344  -0.499  471.53  491.19 0.900  10436.57    835.71 99.999 99.999 99.999 12.772 13.114 99.999 99.999 99.999  1.029 99.999 99.999 99.999 99.999  99.999  99.999  99.999  99.999  0.010  0.010  0.007  0.073  0.013  0.136    6    4 99.999 99.999   99  20.784650037 -17.847868709  0 51 55.08 2002  8  9 2452495.53605417    30  B                     net0042.fits                                       Triton                1016  1020
  -0.374  -0.458  470.11  491.18 0.752  12477.39   1358.81 99.999 99.999 99.999 12.553 12.876 99.999 99.999 99.999  1.003 99.999 99.999 99.999 99.999  99.999  99.999  99.999  99.999  0.014  0.014  0.000  0.000  0.000  0.000    6    3 99.999 99.999   99  20.784646941 -17.847863134  0 53 39.81 2002  8  9 2452495.53726632    30  B                     net0043.fits                                       Triton                1016  1020
