   0.008  -0.013  381.72  503.83 0.713   4678.91    971.49 99.999 99.999 99.999 13.281 13.341 99.999 99.999 99.999  0.314 99.999 99.999 99.999 99.999  99.999  99.999  99.999  99.999  0.009  0.009  0.026  0.021  0.063  0.051   13   12 99.999 99.999   99  19.745346680 -20.699304164  3 31  5.37 1995  7 11 2449909.64658993     4  C                     10079501.net.fits                                  Triton                 739  1152
   0.012  -0.004  380.79  503.25 0.711   5337.26    816.49 99.999 99.999 99.999 13.173 13.217 99.999 99.999 99.999  0.306 99.999 99.999 99.999 99.999  99.999  99.999  99.999  99.999  0.009  0.009  0.020  0.017  0.056  0.046   18   15 99.999 99.999   99  19.745343383 -20.699305155  3 33 19.48 1995  7 11 2449909.64814213     4  C                     10079502.net.fits                                  Triton                 739  1152
   0.011  -0.015  381.02  501.92 0.729   4818.49    858.61 99.999 99.999 99.999 13.319 13.292 99.999 99.999 99.999  0.248 99.999 99.999 99.999 99.999  99.999  99.999  99.999  99.999  0.012  0.012  0.016  0.013  0.056  0.046   17   17 99.999 99.999   99  19.745342160 -20.699309613  3 34  6.72 1995  7 11 2449909.64868889     4  C                     10079503.net.fits                                  Triton                 739  1152
   0.026  -0.031  381.22  500.75 0.771   4931.09    672.93 99.999 99.999 99.999 13.317 13.297 99.999 99.999 99.999  0.264 99.999 99.999 99.999 99.999  99.999  99.999  99.999  99.999  0.006  0.006  0.018  0.015  0.058  0.049   19   18 99.999 99.999   99  19.745341270 -20.699315273  3 34 54.01 1995  7 11 2449909.64923623     4  C                     10079504.net.fits                                  Triton                 739  1152
   0.033   0.013  381.32  502.30 0.752   4465.88    770.37 99.999 99.999 99.999 13.254 13.313 99.999 99.999 99.999  0.323 99.999 99.999 99.999 99.999  99.999  99.999  99.999  99.999  0.007  0.007  0.020  0.012  0.065  0.040   18   16 99.999 99.999   99  19.745340204 -20.699304338  3 35 41.19 1995  7 11 2449909.64978229     4  C                     10079505.net.fits                                  Triton                 739  1152
   0.037   0.010  381.19  500.43 0.729   4776.50    731.17 99.999 99.999 99.999 13.255 13.305 99.999 99.999 99.999  0.257 99.999 99.999 99.999 99.999  99.999  99.999  99.999  99.999  0.009  0.009  0.019  0.013  0.064  0.045   18   17 99.999 99.999   99  19.745339094 -20.699306414  3 36 28.37 1995  7 11 2449909.65032836     4  C                     10079506.net.fits                                  Triton                 739  1152
   0.021   0.017  380.91  501.80 0.826   4016.66    532.18 99.999 99.999 99.999 13.171 13.233 99.999 99.999 99.999  0.333 99.999 99.999 99.999 99.999  99.999  99.999  99.999  99.999  0.010  0.010  0.013  0.011  0.052  0.042   23   19 99.999 99.999   99  19.745337601 -20.699305727  3 37 15.55 1995  7 11 2449909.65087442     4  C                     10079507.net.fits                                  Triton                 739  1152
   0.024  -0.002  381.69  500.48 0.788   4251.12    548.63 99.999 99.999 99.999 13.185 13.279 99.999 99.999 99.999  0.377 99.999 99.999 99.999 99.999  99.999  99.999  99.999  99.999  0.006  0.006  0.017  0.013  0.061  0.045   23   19 99.999 99.999   99  19.745336470 -20.699312086  3 38  2.79 1995  7 11 2449909.65142118     4  C                     10079508.net.fits                                  Triton                 739  1152
   0.051  -0.016  381.54  499.43 0.805   4302.11    449.00 99.999 99.999 99.999 13.232 13.290 99.999 99.999 99.999  0.359 99.999 99.999 99.999 99.999  99.999  99.999  99.999  99.999  0.011  0.011  0.018  0.010  0.070  0.040   23   20 99.999 99.999   99  19.745335789 -20.699317400  3 38 50.97 1995  7 11 2449909.65197882     4  C                     10079509.net.fits                                  Triton                 739  1152
   0.078  -0.012  381.89  501.52 0.784   4131.75    495.45 99.999 99.999 99.999 13.152 13.241 99.999 99.999 99.999  0.349 99.999 99.999 99.999 99.999  99.999  99.999  99.999  99.999  0.005  0.005  0.014  0.011  0.058  0.049   25   20 99.999 99.999   99  19.745335150 -20.699317391  3 39 37.15 1995  7 11 2449909.65251331     4  C                     10079510.net.fits                                  Triton                 739  1152
   0.033   0.098  383.32  402.65 2.371  33790.01   3216.93 99.999 99.999 99.999 14.886 15.069 99.999 99.999 99.999  0.934 99.999 99.999 99.999 99.999  99.999  99.999  99.999  99.999  0.019  0.019  0.021  0.017  0.066  0.055   26   19 99.999 99.999   99  19.745327828 -20.699293885  3 43 52.00 1995  7 11 2449909.65546296   300  C                     10079511.net.fits                                  Triton                 739  1152
   0.039   0.094  384.23  400.67 2.297  35422.22   2060.60 99.999 99.999 99.999 15.056 15.148 99.999 99.999 99.999  0.552 99.999 99.999 99.999 99.999  99.999  99.999  99.999  99.999  0.020  0.020  0.020  0.018  0.064  0.056   24   18 99.999 99.999   99  19.745318077 -20.699305340  3 50 22.00 1995  7 11 2449909.65997685   300  C                     10079512.net.fits                                  Triton                 739  1152
   0.036   0.097  386.19  399.22 2.464  34541.41   2700.67 99.999 99.999 99.999 15.189 15.328 99.999 99.999 99.999  0.596 99.999 99.999 99.999 99.999  99.999  99.999  99.999  99.999  0.021  0.021  0.021  0.018  0.064  0.057   24   18 99.999 99.999   99  19.745304790 -20.699318064  3 59  6.00 1995  7 11 2449909.66604167   360  C                     10079513.net.fits                                  Triton                 739  1152
   0.024   0.160  387.60  397.18 2.572  33924.79   3204.51 99.999 99.999 99.999 15.062 15.150 99.999 99.999 99.999  0.543 99.999 99.999 99.999 99.999  99.999  99.999  99.999  99.999  0.018  0.018  0.025  0.019  0.068  0.053   24   16 99.999 99.999   99  19.745293900 -20.699311447  4  6  9.00 1995  7 11 2449909.67093750   360  C                     10079514.net.fits                                  Triton                 739  1152
   0.071   0.128  390.63  397.20 2.526  33740.14   3150.92 99.999 99.999 99.999 15.046 15.142 99.999 99.999 99.999  0.535 99.999 99.999 99.999 99.999  99.999  99.999  99.999  99.999  0.019  0.019  0.025  0.018  0.068  0.050   24   16 99.999 99.999   99  19.745284514 -20.699330922  4 12 58.00 1995  7 11 2449909.67567130   360  C                     10079515.net.fits                                  Triton                 739  1152
   0.025   0.069  393.06  397.50 2.554  33861.48   3168.81 99.999 99.999 99.999 15.020 15.068 99.999 99.999 99.999  0.535 99.999 99.999 99.999 99.999  99.999  99.999  99.999  99.999  0.018  0.018  0.015  0.019  0.052  0.067   24   18 99.999 99.999   99  19.745273282 -20.699357595  4 19 48.00 1995  7 11 2449909.68041667   360  C                     10079516.net.fits                                  Triton                 739  1152
   0.065   0.105  394.85  400.25 2.679  33778.15   3118.07 99.999 99.999 99.999 14.839 14.857 99.999 99.999 99.999  0.466 99.999 99.999 99.999 99.999  99.999  99.999  99.999  99.999  0.019  0.019  0.019  0.019  0.067  0.070   26   20 99.999 99.999   99  19.745263817 -20.699357671  4 26 35.00 1995  7 11 2449909.68512731   360  C                     10079517.net.fits                                  Triton                 739  1152
   0.045   0.101  396.29  401.92 2.677  33593.50   3255.36 99.999 99.999 99.999 14.868 14.884 99.999 99.999 99.999  0.470 99.999 99.999 99.999 99.999  99.999  99.999  99.999  99.999  0.018  0.018  0.018  0.019  0.066  0.070   26   20 99.999 99.999   99  19.745253205 -20.699369161  4 33 22.00 1995  7 11 2449909.68983796   360  C                     10079518.net.fits                                  Triton                 739  1152
   0.066   0.158  398.16  402.94 2.809  33262.02   3491.52 99.999 99.999 99.999 14.803 14.823 99.999 99.999 99.999  0.455 99.999 99.999 99.999 99.999  99.999  99.999  99.999  99.999  0.017  0.017  0.018  0.021  0.065  0.075   26   19 99.999 99.999   99  19.745243199 -20.699363346  4 40 16.00 1995  7 11 2449909.69462963   360  C                     10079519.net.fits                                  Triton                 739  1152
