  -0.079   0.006 1196.64 1144.98 2.388   3292.92     32.38 99.999 99.999 99.999 13.525 13.512 99.999 99.999 99.999  0.156 99.999 99.999 99.999 99.999  99.999  99.999  99.999  99.999  0.009  0.009  0.073  0.065  0.057  0.051    4    4 99.999 99.999   99  22.065653670 -12.464645595  2 48 58.00 2011  9 19 2455823.61733796    50    I                   Netuno_saturado_0001.fits                          Triton                2048  2048     1   0.000   0.000
  -0.088  -0.015 1196.20 1147.69 2.817   2621.84     -4.64 99.999 99.999 99.999 13.498 13.389 99.999 99.999 99.999  0.170 99.999 99.999 99.999 99.999  99.999  99.999  99.999  99.999  0.009  0.009  0.068  0.052  0.053  0.041    4    4 99.999 99.999   99  22.065652729 -12.464655290  2 49 51.00 2011  9 19 2455823.61795139    50    I                   Netuno_saturado_0002.fits                          Triton                2048  2048     1   0.000   0.000
  -0.091  -0.028 1195.43 1143.58 2.529   3039.90     12.86 99.999 99.999 99.999 13.486 13.505 99.999 99.999 99.999  0.160 99.999 99.999 99.999 99.999  99.999  99.999  99.999  99.999  0.017  0.017  0.065  0.052  0.051  0.040    4    4 99.999 99.999   99  22.065651880 -12.464662547  2 50 45.00 2011  9 19 2455823.61857639    50    I                   Netuno_saturado_0003.fits                          Triton                2048  2048     1   0.000   0.000
  -0.080  -0.004 1196.09 1143.67 2.472   2920.35     76.67 99.999 99.999 99.999 13.497 13.388 99.999 99.999 99.999  0.164 99.999 99.999 99.999 99.999  99.999  99.999  99.999  99.999  0.014  0.014  0.083  0.058  0.065  0.045    4    4 99.999 99.999   99  22.065651318 -12.464659693  2 51 39.00 2011  9 19 2455823.61920139    50    I                   Netuno_saturado_0004.fits                          Triton                2048  2048     1   0.000   0.000
  -0.059  -0.008 1194.87 1146.08 2.535   2972.71     30.25 99.999 99.999 99.999 13.494 13.388 99.999 99.999 99.999  0.157 99.999 99.999 99.999 99.999  99.999  99.999  99.999  99.999  0.014  0.014  0.071  0.054  0.056  0.042    4    4 99.999 99.999   99  22.065650934 -12.464664757  2 52 33.00 2011  9 19 2455823.61982639    50    I                   Netuno_saturado_0005.fits                          Triton                2048  2048     1   0.000   0.000
  -0.080   0.001 1194.52 1143.83 2.599   3005.06    -13.18 99.999 99.999 99.999 13.495 13.517 99.999 99.999 99.999  0.158 99.999 99.999 99.999 99.999  99.999  99.999  99.999  99.999  0.018  0.018  0.080  0.050  0.063  0.040    4    4 99.999 99.999   99  22.065649768 -12.464666110  2 53 27.00 2011  9 19 2455823.62045139    50    I                   Netuno_saturado_0006.fits                          Triton                2048  2048     1   0.000   0.000
  -0.077   0.001 1196.47 1144.47 2.349   2830.32    167.17 99.999 99.999 99.999 13.501 13.524 99.999 99.999 99.999  0.154 99.999 99.999 99.999 99.999  99.999  99.999  99.999  99.999  0.016  0.016  0.069  0.059  0.054  0.046    4    4 99.999 99.999   99  22.065649058 -12.464669631  2 54 20.00 2011  9 19 2455823.62106481    50    I                   Netuno_saturado_0007.fits                          Triton                2048  2048     1   0.000   0.000
  -0.060  -0.032 1196.84 1142.26 2.434   2997.39     77.39 99.999 99.999 99.999 13.500 13.387 99.999 99.999 99.999  0.162 99.999 99.999 99.999 99.999  99.999  99.999  99.999  99.999  0.019  0.019  0.071  0.055  0.055  0.043    4    4 99.999 99.999   99  22.065648612 -12.464682783  2 55 14.00 2011  9 19 2455823.62168981    50    I                   Netuno_saturado_0008.fits                          Triton                2048  2048     1   0.000   0.000
  -0.108   0.024 1194.75 1146.21 2.472   2768.97    108.92 99.999 99.999 99.999 13.503 13.430 99.999 99.999 99.999  0.165 99.999 99.999 99.999 99.999  99.999  99.999  99.999  99.999  0.012  0.012  0.081  0.071  0.063  0.056    4    4 99.999 99.999   99  22.065646924 -12.464670959  2 56  8.00 2011  9 19 2455823.62231481    50    I                   Netuno_saturado_0009.fits                          Triton                2048  2048     1   0.000   0.000
  -0.120  -0.004 1194.16 1137.12 2.318   2848.49    179.51 99.999 99.999 99.999 13.499 13.486 99.999 99.999 99.999  0.156 99.999 99.999 99.999 99.999  99.999  99.999  99.999  99.999  0.018  0.018  0.069  0.049  0.055  0.039    4    4 99.999 99.999   99  22.065645914 -12.464682381  2 57  2.00 2011  9 19 2455823.62293981    50    I                   Netuno_saturado_0010.fits                          Triton                2048  2048     1   0.000   0.000
  -0.094  -0.008 1192.10 1141.74 2.130   3073.23    256.30 99.999 99.999 99.999 13.494 13.456 99.999 99.999 99.999  0.167 99.999 99.999 99.999 99.999  99.999  99.999  99.999  99.999  0.004  0.004  0.060  0.052  0.047  0.041    4    4 99.999 99.999   99  22.065645631 -12.464687477  2 57 56.00 2011  9 19 2455823.62356481    50    I                   Netuno_saturado_0011.fits                          Triton                2048  2048     1   0.000   0.000
  -0.088  -0.010 1193.61 1139.01 2.519   2841.35     80.60 99.999 99.999 99.999 13.503 13.381 99.999 99.999 99.999  0.158 99.999 99.999 99.999 99.999  99.999  99.999  99.999  99.999  0.013  0.013  0.051  0.051  0.040  0.040    4    4 99.999 99.999   99  22.065644971 -12.464692021  2 58 50.00 2011  9 19 2455823.62418982    50    I                   Netuno_saturado_0012.fits                          Triton                2048  2048     1   0.000   0.000
  -0.085  -0.023 1194.62 1140.77 2.586   2450.71    136.66 99.999 99.999 99.999 13.482 13.425 99.999 99.999 99.999  0.148 99.999 99.999 99.999 99.999  99.999  99.999  99.999  99.999  0.013  0.013  0.058  0.056  0.046  0.044    4    4 99.999 99.999   99  22.065644258 -12.464699293  2 59 43.00 2011  9 19 2455823.62480324    50    I                   Netuno_saturado_0013.fits                          Triton                2048  2048     1   0.000   0.000
  -0.067  -0.018 1193.91 1140.01 2.584   2861.57     23.39 99.999 99.999 99.999 13.491 13.427 99.999 99.999 99.999  0.159 99.999 99.999 99.999 99.999  99.999  99.999  99.999  99.999  0.011  0.011  0.061  0.056  0.048  0.044    4    4 99.999 99.999   99  22.065643804 -12.464701542  3  0 37.00 2011  9 19 2455823.62542824    50    I                   Netuno_saturado_0014.fits                          Triton                2048  2048     1   0.000   0.000
  -0.093   0.002 1193.82 1138.09 2.616   2875.39      9.82 99.999 99.999 99.999 13.503 13.416 99.999 99.999 99.999  0.160 99.999 99.999 99.999 99.999  99.999  99.999  99.999  99.999  0.012  0.012  0.067  0.075  0.053  0.059    4    4 99.999 99.999   99  22.065642573 -12.464700103  3  1 31.00 2011  9 19 2455823.62605324    50    I                   Netuno_saturado_0015.fits                          Triton                2048  2048     1   0.000   0.000
  -0.002  -0.031 1194.16 1141.93 2.162   2849.98    274.92 99.999 99.999 99.999 13.494 13.480 99.999 99.999 99.999  0.158 99.999 99.999 99.999 99.999  99.999  99.999  99.999  99.999  0.005  0.005  0.071  0.063  0.056  0.050    4    4 99.999 99.999   99  22.065643521 -12.464712839  3  2 25.00 2011  9 19 2455823.62667824    50    I                   Netuno_saturado_0016.fits                          Triton                2048  2048     1   0.000   0.000
  -0.080   0.004 1194.43 1136.36 2.455   2892.16     74.66 99.999 99.999 99.999 13.490 13.366 99.999 99.999 99.999  0.164 99.999 99.999 99.999 99.999  99.999  99.999  99.999  99.999  0.011  0.011  0.049  0.048  0.039  0.038    4    4 99.999 99.999   99  22.065641258 -12.464706981  3  3 19.00 2011  9 19 2455823.62730324    50    I                   Netuno_saturado_0017.fits                          Triton                2048  2048     1   0.000   0.000
  -0.075  -0.017 1191.25 1139.80 2.679   2563.71     53.56 99.999 99.999 99.999 13.489 13.479 99.999 99.999 99.999  0.168 99.999 99.999 99.999 99.999  99.999  99.999  99.999  99.999  0.013  0.013  0.074  0.055  0.058  0.043    4    4 99.999 99.999   99  22.065640571 -12.464716647  3  4 12.00 2011  9 19 2455823.62791667    50    I                   Netuno_saturado_0018.fits                          Triton                2048  2048     1   0.000   0.000
  -0.081  -0.006 1192.74 1134.86 2.691   2777.69      0.13 99.999 99.999 99.999 13.499 13.524 99.999 99.999 99.999  0.163 99.999 99.999 99.999 99.999  99.999  99.999  99.999  99.999  0.016  0.016  0.073  0.054  0.058  0.042    4    4 99.999 99.999   99  22.065639681 -12.464717174  3  5  6.00 2011  9 19 2455823.62854167    50    I                   Netuno_saturado_0019.fits                          Triton                2048  2048     1   0.000   0.000
  -0.061  -0.011 1193.01 1141.33 2.786   2648.42     -1.06 99.999 99.999 99.999 13.508 13.467 99.999 99.999 99.999  0.155 99.999 99.999 99.999 99.999  99.999  99.999  99.999  99.999  0.013  0.013  0.081  0.060  0.064  0.047    4    4 99.999 99.999   99  22.065639283 -12.464722537  3  6  0.00 2011  9 19 2455823.62916667    50    I                   Netuno_saturado_0020.fits                          Triton                2048  2048     1   0.000   0.000
  -0.079  -0.003 1194.47 1135.02 2.518   2721.65    110.33 99.999 99.999 99.999 13.508 13.525 99.999 99.999 99.999  0.155 99.999 99.999 99.999 99.999  99.999  99.999  99.999  99.999  0.016  0.016  0.053  0.045  0.042  0.036    4    4 99.999 99.999   99  22.065638174 -12.464724138  3  6 54.00 2011  9 19 2455823.62979167    50    I                   Netuno_saturado_0021.fits                          Triton                2048  2048     1   0.000   0.000
   0.044  -0.051 1341.33 1453.70 0.672   5318.88    872.83 99.999 99.999 99.999 13.476 13.409 99.999 99.999 99.999  0.149 99.999 99.999 99.999 99.999  99.999  99.999  99.999  99.999  0.003  0.003  0.038  0.025  0.060  0.039    6    6 99.999 99.999   99  22.064479090 -12.472514682  1 51 18.50 2011  9 20 2455824.57729745    15    I                   Netuno_0001.fits                                   Triton                2048  2048     1   0.000   0.000
  -0.003  -0.029 1341.89 1453.55 0.800   4451.84    580.24 99.999 99.999 99.999 13.447 13.447 99.999 99.999 99.999  0.147 99.999 99.999 99.999 99.999  99.999  99.999  99.999  99.999  0.010  0.010  0.017  0.018  0.022  0.024    5    5 99.999 99.999   99  22.064477911 -12.472511173  1 51 37.50 2011  9 20 2455824.57751736    15    I                   Netuno_0002.fits                                   Triton                2048  2048     1   0.000   0.000
   0.000  -0.014 1340.89 1457.07 0.899   4026.15    421.06 99.999 99.999 99.999 13.471 13.461 99.999 99.999 99.999  0.165 99.999 99.999 99.999 99.999  99.999  99.999  99.999  99.999  0.012  0.012  0.031  0.018  0.040  0.023    5    5 99.999 99.999   99  22.064477671 -12.472509171  1 51 56.50 2011  9 20 2455824.57773727    15    I                   Netuno_0003.fits                                   Triton                2048  2048     1   0.000   0.000
  -0.009  -0.015 1340.94 1460.47 0.745   4699.89    684.17 99.999 99.999 99.999 13.465 13.461 99.999 99.999 99.999  0.167 99.999 99.999 99.999 99.999  99.999  99.999  99.999  99.999  0.012  0.012  0.026  0.021  0.034  0.028    5    5 99.999 99.999   99  22.064477187 -12.472511540  1 52 16.50 2011  9 20 2455824.57796875    15    I                   Netuno_0004.fits                                   Triton                2048  2048     1   0.000   0.000
   0.002  -0.012 1341.21 1457.97 0.777   4634.01    636.06 99.999 99.999 99.999 13.503 13.493 99.999 99.999 99.999  0.161 99.999 99.999 99.999 99.999  99.999  99.999  99.999  99.999  0.010  0.010  0.033  0.019  0.043  0.025    5    5 99.999 99.999   99  22.064477112 -12.472513139  1 52 35.50 2011  9 20 2455824.57818866    15    I                   Netuno_0005.fits                                   Triton                2048  2048     1   0.000   0.000
   0.014  -0.025 1341.87 1453.43 0.809   4647.78    558.47 99.999 99.999 99.999 13.478 13.488 99.999 99.999 99.999  0.166 99.999 99.999 99.999 99.999  99.999  99.999  99.999  99.999  0.011  0.011  0.020  0.022  0.026  0.029    5    5 99.999 99.999   99  22.064477049 -12.472518827  1 52 54.50 2011  9 20 2455824.57840856    15    I                   Netuno_0006.fits                                   Triton                2048  2048     1   0.000   0.000
   0.042  -0.051 1341.69 1452.94 0.717   5281.89    720.00 99.999 99.999 99.999 13.506 13.524 99.999 99.999 99.999  0.149 99.999 99.999 99.999 99.999  99.999  99.999  99.999  99.999  0.004  0.004  0.045  0.027  0.071  0.043    6    6 99.999 99.999   99  22.064477265 -12.472528598  1 53 14.50 2011  9 20 2455824.57864005    15    I                   Netuno_0007.fits                                   Triton                2048  2048     1   0.000   0.000
  -0.010  -0.027 1341.92 1452.56 0.747   5142.41    610.45 99.999 99.999 99.999 13.466 13.466 99.999 99.999 99.999  0.199 99.999 99.999 99.999 99.999  99.999  99.999  99.999  99.999  0.011  0.011  0.036  0.015  0.046  0.020    5    5 99.999 99.999   99  22.064476009 -12.472524254  1 53 33.50 2011  9 20 2455824.57885995    15    I                   Netuno_0008.fits                                   Triton                2048  2048     1   0.000   0.000
   0.008  -0.011 1341.20 1454.52 1.013   3293.22    356.84 99.999 99.999 99.999 13.479 13.499 99.999 99.999 99.999  0.140 99.999 99.999 99.999 99.999  99.999  99.999  99.999  99.999  0.017  0.017  0.023  0.023  0.030  0.030    5    5 99.999 99.999   99  22.064476033 -12.472521838  1 53 52.50 2011  9 20 2455824.57907986    15    I                   Netuno_0009.fits                                   Triton                2048  2048     1   0.000   0.000
   0.001  -0.026 1340.67 1459.36 0.803   4651.55    542.11 99.999 99.999 99.999 13.532 13.573 99.999 99.999 99.999  0.184 99.999 99.999 99.999 99.999  99.999  99.999  99.999  99.999  0.010  0.010  0.030  0.022  0.039  0.029    5    5 99.999 99.999   99  22.064475604 -12.472528740  1 54 12.50 2011  9 20 2455824.57931134    15    I                   Netuno_0010.fits                                   Triton                2048  2048     1   0.000   0.000
  -0.008  -0.022 1341.53 1455.29 0.855   4492.20    422.44 99.999 99.999 99.999 13.483 13.477 99.999 99.999 99.999  0.159 99.999 99.999 99.999 99.999  99.999  99.999  99.999  99.999  0.009  0.009  0.028  0.027  0.036  0.035    5    5 99.999 99.999   99  22.064475162 -12.472529656  1 54 31.50 2011  9 20 2455824.57953125    15    I                   Netuno_0011.fits                                   Triton                2048  2048     1   0.000   0.000
  -0.001  -0.035 1342.28 1454.68 0.729   4897.24    711.97 99.999 99.999 99.999 13.441 13.449 99.999 99.999 99.999  0.173 99.999 99.999 99.999 99.999  99.999  99.999  99.999  99.999  0.011  0.011  0.025  0.019  0.033  0.024    5    5 99.999 99.999   99  22.064474979 -12.472535567  1 54 50.50 2011  9 20 2455824.57975116    15    I                   Netuno_0012.fits                                   Triton                2048  2048     1   0.000   0.000
   0.004  -0.019 1342.67 1453.31 0.773   4648.73    618.71 99.999 99.999 99.999 13.497 13.491 99.999 99.999 99.999  0.153 99.999 99.999 99.999 99.999  99.999  99.999  99.999  99.999  0.011  0.011  0.032  0.022  0.042  0.029    5    5 99.999 99.999   99  22.064474774 -12.472533418  1 55 10.50 2011  9 20 2455824.57998264    15    I                   Netuno_0013.fits                                   Triton                2048  2048     1   0.000   0.000
  -0.000  -0.026 1342.65 1452.88 0.698   4737.65    845.92 99.999 99.999 99.999 13.518 13.505 99.999 99.999 99.999  0.167 99.999 99.999 99.999 99.999  99.999  99.999  99.999  99.999  0.012  0.012  0.032  0.021  0.042  0.027    5    5 99.999 99.999   99  22.064474409 -12.472537625  1 55 29.50 2011  9 20 2455824.58020255    15    I                   Netuno_0014.fits                                   Triton                2048  2048     1   0.000   0.000
   0.045  -0.060 1342.60 1452.61 0.698   4891.54    777.36 99.999 99.999 99.999 13.494 13.512 99.999 99.999 99.999  0.173 99.999 99.999 99.999 99.999  99.999  99.999  99.999  99.999  0.012  0.012  0.039  0.030  0.063  0.048    6    6 99.999 99.999   99  22.064474968 -12.472549136  1 55 48.50 2011  9 20 2455824.58042245    15    I                   Netuno_0015.fits                                   Triton                2048  2048     1   0.000   0.000
  -0.005  -0.026 1342.60 1457.94 0.938   4161.31    316.30 99.999 99.999 99.999 13.514 13.496 99.999 99.999 99.999  0.201 99.999 99.999 99.999 99.999  99.999  99.999  99.999  99.999  0.011  0.011  0.015  0.027  0.019  0.035    5    5 99.999 99.999   99  22.064473705 -12.472542193  1 56  8.50 2011  9 20 2455824.58065394    15    I                   Netuno_0016.fits                                   Triton                2048  2048     1   0.000   0.000
   0.045  -0.040 1342.26 1457.39 1.123   3228.45    192.70 99.999 99.999 99.999 13.487 13.505 99.999 99.999 99.999  0.153 99.999 99.999 99.999 99.999  99.999  99.999  99.999  99.999  0.017  0.017  0.038  0.028  0.061  0.044    6    6 99.999 99.999   99  22.064474386 -12.472548355  1 56 27.50 2011  9 20 2455824.58087384    15    I                   Netuno_0017.fits                                   Triton                2048  2048     1   0.000   0.000
  -0.006  -0.030 1341.97 1454.48 0.937   4052.29    335.92 99.999 99.999 99.999 13.532 13.509 99.999 99.999 99.999  0.202 99.999 99.999 99.999 99.999  99.999  99.999  99.999  99.999  0.010  0.010  0.030  0.016  0.039  0.021    5    5 99.999 99.999   99  22.064473111 -12.472547656  1 56 46.50 2011  9 20 2455824.58109375    15    I                   Netuno_0018.fits                                   Triton                2048  2048     1   0.000   0.000
  -0.008  -0.040 1341.96 1452.74 0.703   5182.61    739.97 99.999 99.999 99.999 13.461 13.463 99.999 99.999 99.999  0.173 99.999 99.999 99.999 99.999  99.999  99.999  99.999  99.999  0.001  0.001  0.034  0.021  0.045  0.028    5    5 99.999 99.999   99  22.064472769 -12.472553130  1 57  6.50 2011  9 20 2455824.58132523    15    I                   Netuno_0019.fits                                   Triton                2048  2048     1   0.000   0.000
  -0.013  -0.007 1342.37 1452.40 0.634   5327.37    948.54 99.999 99.999 99.999 13.478 13.473 99.999 99.999 99.999  0.158 99.999 99.999 99.999 99.999  99.999  99.999  99.999  99.999  0.010  0.010  0.026  0.023  0.033  0.030    5    5 99.999 99.999   99  22.064472400 -12.472546063  1 57 25.50 2011  9 20 2455824.58154514    15    I                   Netuno_0020.fits                                   Triton                2048  2048     1   0.000   0.000
   0.064  -0.066 1341.66 1452.38 0.757   5055.91    622.11 99.999 99.999 99.999 13.556 13.574 99.999 99.999 99.999  0.183 99.999 99.999 99.999 99.999  99.999  99.999  99.999  99.999  0.009  0.009  0.033  0.031  0.053  0.049    6    6 99.999 99.999   99  22.064473556 -12.472564680  1 57 45.50 2011  9 20 2455824.58177662    15    I                   Netuno_0021.fits                                   Triton                2048  2048     1   0.000   0.000
   0.016  -0.021 1341.98 1457.33 0.904   3830.11    431.92 99.999 99.999 99.999 13.522 13.504 99.999 99.999 99.999  0.181 99.999 99.999 99.999 99.999  99.999  99.999  99.999  99.999  0.003  0.004  0.017  0.025  0.023  0.033    5    5 99.999 99.999   99  22.064472336 -12.472554565  1 58  4.50 2011  9 20 2455824.58199653    15    I                   Netuno_0022.fits                                   Triton                2048  2048     1   0.000   0.000
   0.004  -0.022 1341.58 1459.94 0.793   3491.56    701.15 99.999 99.999 99.999 13.514 13.452 99.999 99.999 99.999  0.175 99.999 99.999 99.999 99.999  99.999  99.999  99.999  99.999  0.010  0.010  0.029  0.023  0.038  0.030    5    5 99.999 99.999   99  22.064471830 -12.472556838  1 58 23.50 2011  9 20 2455824.58221644    15    I                   Netuno_0023.fits                                   Triton                2048  2048     1   0.000   0.000
  -0.012  -0.023 1341.71 1455.56 1.080   3544.71    166.91 99.999 99.999 99.999 13.463 13.471 99.999 99.999 99.999  0.146 99.999 99.999 99.999 99.999  99.999  99.999  99.999  99.999  0.014  0.014  0.026  0.022  0.035  0.029    5    5 99.999 99.999   99  22.064471208 -12.472559725  1 58 43.50 2011  9 20 2455824.58244792    15    I                   Netuno_0024.fits                                   Triton                2048  2048     1   0.000   0.000
   0.016  -0.030 1341.85 1452.85 0.867   4401.09    418.01 99.999 99.999 99.999 13.508 13.527 99.999 99.999 99.999  0.192 99.999 99.999 99.999 99.999  99.999  99.999  99.999  99.999  0.011  0.011  0.024  0.013  0.031  0.017    5    5 99.999 99.999   99  22.064471433 -12.472563988  1 59  2.50 2011  9 20 2455824.58266782    15    I                   Netuno_0025.fits                                   Triton                2048  2048     1   0.000   0.000
   0.005  -0.004 1341.54 1451.55 0.899   4304.73    365.95 99.999 99.999 99.999 13.549 13.534 99.999 99.999 99.999  0.228 99.999 99.999 99.999 99.999  99.999  99.999  99.999  99.999  0.009  0.009  0.032  0.023  0.042  0.030    5    5 99.999 99.999   99  22.064470963 -12.472559008  1 59 21.50 2011  9 20 2455824.58288773    15    I                   Netuno_0026.fits                                   Triton                2048  2048     1   0.000   0.000
   0.020  -0.033 1341.54 1451.48 0.851   4020.33    483.50 99.999 99.999 99.999 13.581 13.502 99.999 99.999 99.999  0.223 99.999 99.999 99.999 99.999  99.999  99.999  99.999  99.999  0.004  0.004  0.023  0.021  0.030  0.027    5    5 99.999 99.999   99  22.064470931 -12.472569454  1 59 41.50 2011  9 20 2455824.58311921    15    I                   Netuno_0027.fits                                   Triton                2048  2048     1   0.000   0.000
  -0.009  -0.014 1342.00 1453.90 0.993   3163.36    352.12 99.999 99.999 99.999 13.490 13.435 99.999 99.999 99.999  0.170 99.999 99.999 99.999 99.999  99.999  99.999  99.999  99.999  0.011  0.011  0.025  0.018  0.032  0.024    5    5 99.999 99.999   99  22.064470088 -12.472566340  2  0  0.50 2011  9 20 2455824.58333912    15    I                   Netuno_0028.fits                                   Triton                2048  2048     1   0.000   0.000
   0.007  -0.010 1341.18 1458.20 0.905   3874.48    399.49 99.999 99.999 99.999 13.493 13.478 99.999 99.999 99.999  0.184 99.999 99.999 99.999 99.999  99.999  99.999  99.999  99.999  0.010  0.010  0.023  0.027  0.030  0.035    5    5 99.999 99.999   99  22.064470107 -12.472567480  2  0 19.50 2011  9 20 2455824.58355903    15    I                   Netuno_0029.fits                                   Triton                2048  2048     1   0.000   0.000
  -0.032  -0.041 1341.62 1454.74 0.820   3238.62    668.34 99.999 99.999 99.999 13.477 13.484 99.999 99.999 99.999  0.194 99.999 99.999 99.999 99.999  99.999  99.999  99.999  99.999  0.013  0.013  0.020  0.030  0.027  0.040    5    5 99.999 99.999   99  22.064469065 -12.472578385  2  0 39.50 2011  9 20 2455824.58379051    15    I                   Netuno_0030.fits                                   Triton                2048  2048     1   0.000   0.000
   0.008  -0.022 1341.08 1450.18 0.982   3679.84    278.12 99.999 99.999 99.999 13.496 13.511 99.999 99.999 99.999  0.168 99.999 99.999 99.999 99.999  99.999  99.999  99.999  99.999  0.011  0.011  0.027  0.017  0.036  0.023    5    5 99.999 99.999   99  22.064469506 -12.472575496  2  0 58.50 2011  9 20 2455824.58401042    15    I                   Netuno_0031.fits                                   Triton                2048  2048     1   0.000   0.000
   0.001  -0.020 1341.37 1448.96 1.232   2608.68    151.35 99.999 99.999 99.999 13.239 13.527 99.999 99.999 99.999  0.708 99.999 99.999 99.999 99.999  99.999  99.999  99.999  99.999  0.016  0.016  0.033  0.026  0.044  0.034    6    5 99.999 99.999   99  22.064469068 -12.472577124  2  1 18.50 2011  9 20 2455824.58424190    15    I                   Netuno_0032.fits                                   Triton                2048  2048     1   0.000   0.000
   0.004  -0.016 1341.11 1450.73 0.984   3279.96    369.73 99.999 99.999 99.999 13.494 13.488 99.999 99.999 99.999  0.180 99.999 99.999 99.999 99.999  99.999  99.999  99.999  99.999  0.012  0.012  0.030  0.017  0.039  0.022    5    5 99.999 99.999   99  22.064468850 -12.472578283  2  1 37.50 2011  9 20 2455824.58446181    15    I                   Netuno_0033.fits                                   Triton                2048  2048     1   0.000   0.000
  -0.001  -0.024 1341.24 1451.47 0.945   3827.80    308.41 99.999 99.999 99.999 13.504 13.501 99.999 99.999 99.999  0.176 99.999 99.999 99.999 99.999  99.999  99.999  99.999  99.999  0.003  0.003  0.021  0.027  0.027  0.035    5    5 99.999 99.999   99  22.064468462 -12.472582718  2  1 56.50 2011  9 20 2455824.58468171    15    I                   Netuno_0034.fits                                   Triton                2048  2048     1   0.000   0.000
  -0.003  -0.032 1341.36 1456.32 0.990   3285.20    355.23 99.999 99.999 99.999 13.480 13.478 99.999 99.999 99.999  0.198 99.999 99.999 99.999 99.999  99.999  99.999  99.999  99.999  0.004  0.004  0.032  0.024  0.042  0.031    5    5 99.999 99.999   99  22.064468104 -12.472587362  2  2 16.50 2011  9 20 2455824.58491319    15    I                   Netuno_0035.fits                                   Triton                2048  2048     1   0.000   0.000
   0.013  -0.037 1341.19 1453.29 1.164   2974.72    154.18 99.999 99.999 99.999 13.516 13.508 99.999 99.999 99.999  0.171 99.999 99.999 99.999 99.999  99.999  99.999  99.999  99.999  0.014  0.014  0.027  0.015  0.035  0.019    5    5 99.999 99.999   99  22.064468129 -12.472591170  2  2 35.50 2011  9 20 2455824.58513310    15    I                   Netuno_0036.fits                                   Triton                2048  2048     1   0.000   0.000
   0.005  -0.012 1341.04 1449.52 1.051   3724.54    170.88 99.999 99.999 99.999 13.518 13.523 99.999 99.999 99.999  0.202 99.999 99.999 99.999 99.999  99.999  99.999  99.999  99.999  0.001  0.001  0.020  0.020  0.026  0.026    5    5 99.999 99.999   99  22.064467674 -12.472586409  2  2 54.50 2011  9 20 2455824.58535301    15    I                   Netuno_0037.fits                                   Triton                2048  2048     1   0.000   0.000
   0.004  -0.032 1340.86 1448.26 0.907   3818.10    413.71 99.999 99.999 99.999 13.463 13.453 99.999 99.999 99.999  0.180 99.999 99.999 99.999 99.999  99.999  99.999  99.999  99.999  0.012  0.012  0.021  0.020  0.028  0.027    5    5 99.999 99.999   99  22.064467349 -12.472594397  2  3 14.50 2011  9 20 2455824.58558449    15    I                   Netuno_0038.fits                                   Triton                2048  2048     1   0.000   0.000
  -0.013  -0.030 1340.96 1450.50 0.923   3799.40    372.32 99.999 99.999 99.999 13.526 13.511 99.999 99.999 99.999  0.166 99.999 99.999 99.999 99.999  99.999  99.999  99.999  99.999  0.010  0.010  0.036  0.024  0.047  0.031    5    5 99.999 99.999   99  22.064466746 -12.472596226  2  3 33.50 2011  9 20 2455824.58580440    15    I                   Netuno_0039.fits                                   Triton                2048  2048     1   0.000   0.000
  -0.006  -0.016 1340.75 1450.54 0.833   3966.32    525.50 99.999 99.999 99.999 13.459 13.475 99.999 99.999 99.999  0.183 99.999 99.999 99.999 99.999  99.999  99.999  99.999  99.999  0.004  0.004  0.028  0.018  0.036  0.024    5    5 99.999 99.999   99  22.064466581 -12.472594543  2  3 53.50 2011  9 20 2455824.58603588    15    I                   Netuno_0040.fits                                   Triton                2048  2048     1   0.000   0.000
  -0.008  -0.019 1341.62 1455.62 0.942   3048.15    477.97 99.999 99.999 99.999 13.457 13.477 99.999 99.999 99.999  0.161 99.999 99.999 99.999 99.999  99.999  99.999  99.999  99.999  0.012  0.012  0.025  0.034  0.033  0.044    5    5 99.999 99.999   99  22.064466228 -12.472597579  2  4 12.50 2011  9 20 2455824.58625579    15    I                   Netuno_0041.fits                                   Triton                2048  2048     1   0.000   0.000
   0.004  -0.010 1340.98 1453.32 1.346   2459.69     91.12 99.999 99.999 99.999 13.493 13.513 99.999 99.999 99.999  0.176 99.999 99.999 99.999 99.999  99.999  99.999  99.999  99.999  0.019  0.019  0.014  0.023  0.018  0.030    5    5 99.999 99.999   99  22.064466193 -12.472597104  2  4 31.50 2011  9 20 2455824.58647569    15    I                   Netuno_0042.fits                                   Triton                2048  2048     1   0.000   0.000
   0.008  -0.020 1340.76 1449.59 1.004   3353.06    328.45 99.999 99.999 99.999 13.510 13.503 99.999 99.999 99.999  0.215 99.999 99.999 99.999 99.999  99.999  99.999  99.999  99.999  0.005  0.005  0.027  0.029  0.035  0.037    5    5 99.999 99.999   99  22.064465950 -12.472602386  2  4 50.50 2011  9 20 2455824.58669560    15    I                   Netuno_0043.fits                                   Triton                2048  2048     1   0.000   0.000
  -0.002  -0.022 1341.21 1448.34 0.852   3526.84    556.74 99.999 99.999 99.999 13.518 13.534 99.999 99.999 99.999  0.164 99.999 99.999 99.999 99.999  99.999  99.999  99.999  99.999  0.013  0.013  0.022  0.024  0.029  0.032    5    5 99.999 99.999   99  22.064465482 -12.472605140  2  5  9.50 2011  9 20 2455824.58691551    15    I                   Netuno_0044.fits                                   Triton                2048  2048     1   0.000   0.000
  -0.004  -0.044 1341.37 1449.13 0.940   3158.11    438.33 99.999 99.999 99.999 13.507 13.452 99.999 99.999 99.999  0.168 99.999 99.999 99.999 99.999  99.999  99.999  99.999  99.999  0.009  0.009  0.025  0.013  0.032  0.017    5    5 99.999 99.999   99  22.064465147 -12.472613535  2  5 28.50 2011  9 20 2455824.58713542    15    I                   Netuno_0045.fits                                   Triton                2048  2048     1   0.000   0.000
   0.004  -0.035 1340.82 1448.15 0.783   3726.51    650.47 99.999 99.999 99.999 13.471 13.464 99.999 99.999 99.999  0.170 99.999 99.999 99.999 99.999  99.999  99.999  99.999  99.999  0.003  0.003  0.034  0.019  0.044  0.025    5    5 99.999 99.999   99  22.064465011 -12.472613252  2  5 47.50 2011  9 20 2455824.58735532    15    I                   Netuno_0046.fits                                   Triton                2048  2048     1   0.000   0.000
  -0.013  -0.032 1341.11 1454.05 0.786   3603.17    709.71 99.999 99.999 99.999 13.498 13.494 99.999 99.999 99.999  0.172 99.999 99.999 99.999 99.999  99.999  99.999  99.999  99.999  0.012  0.012  0.036  0.025  0.047  0.033    5    5 99.999 99.999   99  22.064464389 -12.472614626  2  6  6.50 2011  9 20 2455824.58757523    15    I                   Netuno_0047.fits                                   Triton                2048  2048     1   0.000   0.000
  -0.009  -0.024 1341.01 1453.65 0.902   3307.91    490.44 99.999 99.999 99.999 13.526 13.525 99.999 99.999 99.999  0.194 99.999 99.999 99.999 99.999  99.999  99.999  99.999  99.999  0.013  0.013  0.024  0.026  0.031  0.034    5    5 99.999 99.999   99  22.064464163 -12.472614805  2  6 26.50 2011  9 20 2455824.58780671    15    I                   Netuno_0048.fits                                   Triton                2048  2048     1   0.000   0.000
  -0.002  -0.023 1339.93 1451.25 1.002   3457.71    284.25 99.999 99.999 99.999 13.486 13.478 99.999 99.999 99.999  0.168 99.999 99.999 99.999 99.999  99.999  99.999  99.999  99.999  0.012  0.012  0.028  0.023  0.037  0.030    5    5 99.999 99.999   99  22.064464021 -12.472617048  2  6 45.50 2011  9 20 2455824.58802662    15    I                   Netuno_0049.fits                                   Triton                2048  2048     1   0.000   0.000
  -0.004  -0.014 1340.41 1448.47 1.097   3077.77    231.70 99.999 99.999 99.999 13.516 13.510 99.999 99.999 99.999  0.182 99.999 99.999 99.999 99.999  99.999  99.999  99.999  99.999  0.003  0.003  0.027  0.032  0.036  0.042    5    5 99.999 99.999   99  22.064463668 -12.472616702  2  7  4.50 2011  9 20 2455824.58824653    15    I                   Netuno_0050.fits                                   Triton                2048  2048     1   0.000   0.000
   0.006  -0.030 1340.38 1449.62 1.075   3381.49    207.69 99.999 99.999 99.999 13.555 13.554 99.999 99.999 99.999  0.189 99.999 99.999 99.999 99.999  99.999  99.999  99.999  99.999  0.008  0.008  0.033  0.032  0.044  0.042    5    5 99.999 99.999   99  22.064463589 -12.472623198  2  7 23.50 2011  9 20 2455824.58846644    15    I                   Netuno_0051.fits                                   Triton                2048  2048     1   0.000   0.000
  -0.017  -0.029 1340.49 1449.30 1.073   3678.73    135.71 99.999 99.999 99.999 13.495 13.494 99.999 99.999 99.999  0.194 99.999 99.999 99.999 99.999  99.999  99.999  99.999  99.999  0.009  0.009  0.032  0.023  0.042  0.031    5    5 99.999 99.999   99  22.064462840 -12.472625294  2  7 42.50 2011  9 20 2455824.58868634    15    I                   Netuno_0052.fits                                   Triton                2048  2048     1   0.000   0.000
  -0.003  -0.012 1340.50 1452.12 1.062   3578.08    181.27 99.999 99.999 99.999 13.504 13.505 99.999 99.999 99.999  0.213 99.999 99.999 99.999 99.999  99.999  99.999  99.999  99.999  0.008  0.008  0.023  0.019  0.031  0.025    5    5 99.999 99.999   99  22.064462835 -12.472622808  2  8  1.50 2011  9 20 2455824.58890625    15    I                   Netuno_0053.fits                                   Triton                2048  2048     1   0.000   0.000
  -0.011  -0.045 1340.15 1453.23 1.052   2944.31    314.88 99.999 99.999 99.999 13.479 13.478 99.999 99.999 99.999  0.180 99.999 99.999 99.999 99.999  99.999  99.999  99.999  99.999  0.012  0.012  0.025  0.025  0.033  0.033    5    5 99.999 99.999   99  22.064462383 -12.472634294  2  8 20.50 2011  9 20 2455824.58912616    15    I                   Netuno_0054.fits                                   Triton                2048  2048     1   0.000   0.000
  -0.012  -0.023 1340.80 1449.88 1.186   2885.28    155.53 99.999 99.999 99.999 13.509 13.508 99.999 99.999 99.999  0.205 99.999 99.999 99.999 99.999  99.999  99.999  99.999  99.999  0.015  0.015  0.022  0.017  0.028  0.022    5    5 99.999 99.999   99  22.064462084 -12.472630171  2  8 39.50 2011  9 20 2455824.58934606    15    I                   Netuno_0055.fits                                   Triton                2048  2048     1   0.000   0.000
  -0.019  -0.020 1339.62 1448.06 1.005   3266.51    326.79 99.999 99.999 99.999 13.490 13.488 99.999 99.999 99.999  0.191 99.999 99.999 99.999 99.999  99.999  99.999  99.999  99.999  0.013  0.013  0.032  0.023  0.042  0.030    5    5 99.999 99.999   99  22.064461642 -12.472631645  2  8 58.50 2011  9 20 2455824.58956597    15    I                   Netuno_0056.fits                                   Triton                2048  2048     1   0.000   0.000
  -0.010  -0.031 1339.77 1446.33 0.896   3275.61    536.09 99.999 99.999 99.999 13.505 13.492 99.999 99.999 99.999  0.176 99.999 99.999 99.999 99.999  99.999  99.999  99.999  99.999  0.011  0.011  0.030  0.026  0.039  0.034    5    5 99.999 99.999   99  22.064461538 -12.472637311  2  9 17.50 2011  9 20 2455824.58978588    15    I                   Netuno_0057.fits                                   Triton                2048  2048     1   0.000   0.000
  -0.002  -0.013 1340.29 1448.42 0.987   3140.96    380.89 99.999 99.999 99.999 13.475 13.497 99.999 99.999 99.999  0.161 99.999 99.999 99.999 99.999  99.999  99.999  99.999  99.999  0.012  0.012  0.028  0.028  0.037  0.037    5    5 99.999 99.999   99  22.064461374 -12.472634562  2  9 37.50 2011  9 20 2455824.59001736    15    I                   Netuno_0058.fits                                   Triton                2048  2048     1   0.000   0.000
  -0.007  -0.018 1340.34 1449.77 0.858   3676.59    523.63 99.999 99.999 99.999 13.495 13.495 99.999 99.999 99.999  0.168 99.999 99.999 99.999 99.999  99.999  99.999  99.999  99.999  0.004  0.004  0.025  0.021  0.032  0.028    5    5 99.999 99.999   99  22.064460979 -12.472638116  2  9 56.50 2011  9 20 2455824.59023727    15    I                   Netuno_0059.fits                                   Triton                2048  2048     1   0.000   0.000
  -0.005  -0.029 1339.64 1452.71 0.589   3538.84   1249.34 99.999 99.999 99.999 13.497 13.424 99.999 99.999 99.999  0.168 99.999 99.999 99.999 99.999  99.999  99.999  99.999  99.999  0.009  0.009  0.038  0.027  0.049  0.035    5    5 99.999 99.999   99  22.064460745 -12.472643312  2 10 15.50 2011  9 20 2455824.59045718    15    I                   Netuno_0060.fits                                   Triton                2048  2048     1   0.000   0.000
  -0.016  -0.014 1340.70 1451.80 0.823   3557.02    630.57 99.999 99.999 99.999 13.433 13.436 99.999 99.999 99.999  0.191 99.999 99.999 99.999 99.999  99.999  99.999  99.999  99.999  0.008  0.008  0.018  0.021  0.023  0.028    5    5 99.999 99.999   99  22.064460232 -12.472641328  2 10 34.50 2011  9 20 2455824.59067708    15    I                   Netuno_0061.fits                                   Triton                2048  2048     1   0.000   0.000
  -0.018  -0.018 1340.48 1448.18 1.043   3122.46    310.68 99.999 99.999 99.999 13.479 13.491 99.999 99.999 99.999  0.157 99.999 99.999 99.999 99.999  99.999  99.999  99.999  99.999  0.004  0.004  0.028  0.032  0.036  0.041    5    5 99.999 99.999   99  22.064459901 -12.472645116  2 10 53.50 2011  9 20 2455824.59089699    15    I                   Netuno_0062.fits                                   Triton                2048  2048     1   0.000   0.000
  -0.020  -0.025 1339.87 1447.04 0.817   3301.30    626.22 99.999 99.999 99.999 13.534 13.517 99.999 99.999 99.999  0.175 99.999 99.999 99.999 99.999  99.999  99.999  99.999  99.999  0.009  0.009  0.031  0.028  0.041  0.036    5    5 99.999 99.999   99  22.064459564 -12.472649248  2 11 12.50 2011  9 20 2455824.59111690    15    I                   Netuno_0063.fits                                   Triton                2048  2048     1   0.000   0.000
   0.014  -0.028 1339.33 1448.34 0.981   3566.69    339.64 99.999 99.999 99.999 13.516 13.506 99.999 99.999 99.999  0.211 99.999 99.999 99.999 99.999  99.999  99.999  99.999  99.999  0.012  0.012  0.026  0.029  0.034  0.037    5    5 99.999 99.999   99  22.064459930 -12.472652084  2 11 31.50 2011  9 20 2455824.59133681    15    I                   Netuno_0064.fits                                   Triton                2048  2048     1   0.000   0.000
  -0.005  -0.023 1338.76 1449.30 1.108   3199.63    185.82 99.999 99.999 99.999 13.523 13.518 99.999 99.999 99.999  0.196 99.999 99.999 99.999 99.999  99.999  99.999  99.999  99.999  0.012  0.012  0.023  0.020  0.030  0.026    5    5 99.999 99.999   99  22.064459269 -12.472653164  2 11 50.50 2011  9 20 2455824.59155671    15    I                   Netuno_0065.fits                                   Triton                2048  2048     1   0.000   0.000
   0.001  -0.022 1339.49 1452.98 1.105   2802.02    279.27 99.999 99.999 99.999 13.477 13.424 99.999 99.999 99.999  0.183 99.999 99.999 99.999 99.999  99.999  99.999  99.999  99.999  0.009  0.009  0.021  0.023  0.027  0.031    5    5 99.999 99.999   99  22.064459109 -12.472655090  2 12  9.50 2011  9 20 2455824.59177662    15    I                   Netuno_0066.fits                                   Triton                2048  2048     1   0.000   0.000
   0.016  -0.018 1338.84 1452.02 0.915   3292.61    467.02 99.999 99.999 99.999 13.490 13.479 99.999 99.999 99.999  0.180 99.999 99.999 99.999 99.999  99.999  99.999  99.999  99.999  0.010  0.010  0.024  0.021  0.032  0.028    5    5 99.999 99.999   99  22.064459079 -12.472656032  2 12 28.50 2011  9 20 2455824.59199653    15    I                   Netuno_0067.fits                                   Triton                2048  2048     1   0.000   0.000
   0.002  -0.017 1339.11 1448.47 1.042   3350.17    245.97 99.999 99.999 99.999 13.525 13.523 99.999 99.999 99.999  0.172 99.999 99.999 99.999 99.999  99.999  99.999  99.999  99.999  0.008  0.008  0.031  0.030  0.041  0.039    5    5 99.999 99.999   99  22.064458542 -12.472658021  2 12 47.50 2011  9 20 2455824.59221644    15    I                   Netuno_0068.fits                                   Triton                2048  2048     1   0.000   0.000
   0.005  -0.016 1339.67 1447.50 0.956   3922.29    294.44 99.999 99.999 99.999 13.509 13.478 99.999 99.999 99.999  0.195 99.999 99.999 99.999 99.999  99.999  99.999  99.999  99.999  0.009  0.009  0.031  0.027  0.040  0.036    5    5 99.999 99.999   99  22.064458280 -12.472660376  2 13  7.50 2011  9 20 2455824.59244792    15    I                   Netuno_0069.fits                                   Triton                2048  2048     1   0.000   0.000
   0.003  -0.016 1340.17 1446.96 1.111   2963.39    242.62 99.999 99.999 99.999 13.520 13.523 99.999 99.999 99.999  0.204 99.999 99.999 99.999 99.999  99.999  99.999  99.999  99.999  0.015  0.015  0.022  0.028  0.029  0.037    5    5 99.999 99.999   99  22.064457954 -12.472662470  2 13 26.50 2011  9 20 2455824.59266782    15    I                   Netuno_0070.fits                                   Triton                2048  2048     1   0.000   0.000
   0.002  -0.031 1339.94 1447.88 1.006   3447.45    309.18 99.999 99.999 99.999 13.517 13.511 99.999 99.999 99.999  0.233 99.999 99.999 99.999 99.999  99.999  99.999  99.999  99.999  0.014  0.014  0.019  0.025  0.025  0.032    5    5 99.999 99.999   99  22.064457649 -12.472668869  2 13 45.50 2011  9 20 2455824.59288773    15    I                   Netuno_0071.fits                                   Triton                2048  2048     1   0.000   0.000
   0.011  -0.024 1339.69 1452.14 1.192   3053.17    113.76 99.999 99.999 99.999 13.539 13.532 99.999 99.999 99.999  0.194 99.999 99.999 99.999 99.999  99.999  99.999  99.999  99.999  0.005  0.005  0.012  0.019  0.015  0.024    5    5 99.999 99.999   99  22.064457509 -12.472669240  2 14  4.50 2011  9 20 2455824.59310764    15    I                   Netuno_0072.fits                                   Triton                2048  2048     1   0.000   0.000
   0.009  -0.009 1339.93 1451.74 1.135   3052.84    180.51 99.999 99.999 99.999 13.542 13.554 99.999 99.999 99.999  0.191 99.999 99.999 99.999 99.999  99.999  99.999  99.999  99.999  0.011  0.011  0.025  0.028  0.032  0.036    5    5 99.999 99.999   99  22.064457201 -12.472667163  2 14 23.50 2011  9 20 2455824.59332755    15    I                   Netuno_0073.fits                                   Triton                2048  2048     1   0.000   0.000
   0.001  -0.011 1339.50 1448.97 1.237   3039.18     65.11 99.999 99.999 99.999 13.562 13.554 99.999 99.999 99.999  0.197 99.999 99.999 99.999 99.999  99.999  99.999  99.999  99.999  0.010  0.010  0.022  0.022  0.029  0.029    5    5 99.999 99.999   99  22.064456738 -12.472670088  2 14 42.50 2011  9 20 2455824.59354745    15    I                   Netuno_0074.fits                                   Triton                2048  2048     1   0.000   0.000
   0.007  -0.037 1339.74 1446.63 1.018   3695.81    234.41 99.999 99.999 99.999 13.547 13.579 99.999 99.999 99.999  0.200 99.999 99.999 99.999 99.999  99.999  99.999  99.999  99.999  0.009  0.009  0.021  0.031  0.027  0.040    5    5 99.999 99.999   99  22.064456581 -12.472679608  2 15  1.50 2011  9 20 2455824.59376736    15    I                   Netuno_0075.fits                                   Triton                2048  2048     1   0.000   0.000
  -0.012  -0.026 1339.70 1445.61 1.079   3262.89    215.26 99.999 99.999 99.999 13.560 13.541 99.999 99.999 99.999  0.224 99.999 99.999 99.999 99.999  99.999  99.999  99.999  99.999  0.012  0.012  0.030  0.017  0.039  0.022    5    5 99.999 99.999   99  22.064455919 -12.472678845  2 15 20.50 2011  9 20 2455824.59398727    15    I                   Netuno_0076.fits                                   Triton                2048  2048     1   0.000   0.000
   0.013  -0.014 1340.15 1446.49 1.113   3008.08    214.67 99.999 99.999 99.999 13.544 13.527 99.999 99.999 99.999  0.189 99.999 99.999 99.999 99.999  99.999  99.999  99.999  99.999  0.012  0.012  0.019  0.023  0.024  0.031    5    5 99.999 99.999   99  22.064456109 -12.472677728  2 15 39.50 2011  9 20 2455824.59420718    15    I                   Netuno_0077.fits                                   Triton                2048  2048     1   0.000   0.000
   0.042  -0.052 1338.58 1450.06 0.972   2914.44    406.73 99.999 99.999 99.999 13.519 13.515 99.999 99.999 99.999  0.169 99.999 99.999 99.999 99.999  99.999  99.999  99.999  99.999  0.014  0.014  0.036  0.028  0.058  0.044    6    6 99.999 99.999   99  22.064456359 -12.472690647  2 15 59.50 2011  9 20 2455824.59443866    15    I                   Netuno_0078.fits                                   Triton                2048  2048     1   0.000   0.000
   0.010  -0.042 1339.03 1451.06 1.312   2003.65    229.44 99.999 99.999 99.999 13.449 13.414 99.999 99.999 99.999  0.160 99.999 99.999 99.999 99.999  99.999  99.999  99.999  99.999  0.006  0.006  0.044  0.023  0.058  0.031    5    5 99.999 99.999   99  22.064455438 -12.472689916  2 16 18.50 2011  9 20 2455824.59465856    15    I                   Netuno_0079.fits                                   Triton                2048  2048     1   0.000   0.000
  -0.016  -0.024 1338.23 1448.63 0.770   3211.46    762.50 99.999 99.999 99.999 13.489 13.486 99.999 99.999 99.999  0.192 99.999 99.999 99.999 99.999  99.999  99.999  99.999  99.999  0.009  0.009  0.025  0.025  0.033  0.033    5    5 99.999 99.999   99  22.064454667 -12.472687629  2 16 37.50 2011  9 20 2455824.59487847    15    I                   Netuno_0080.fits                                   Triton                2048  2048     1   0.000   0.000
   0.045  -0.046 1337.14 1443.04 1.099  11603.67   2550.67 99.999 99.999 99.999 13.183 13.291 99.999 99.999 99.999  0.690 99.999 99.999 99.999 99.999  99.999  99.999  99.999  99.999  0.005  0.005  0.049  0.031  0.079  0.049    6    5 99.999 99.999   99  22.064444317 -12.472782601  2 29  6.00 2011  9 20 2455824.60354167    60    I                   Netuno_saturado_0001.fits                          Triton                2048  2048     1   0.000   0.000
   0.052  -0.046 1337.11 1445.95 1.194   9665.91   2515.49 99.999 99.999 99.999 13.172 13.220 99.999 99.999 99.999  0.670 99.999 99.999 99.999 99.999  99.999  99.999  99.999  99.999  0.010  0.010  0.048  0.044  0.076  0.070    6    5 99.999 99.999   99  22.064443493 -12.472790332  2 30 10.00 2011  9 20 2455824.60428241    60    I                   Netuno_saturado_0002.fits                          Triton                2048  2048     1   0.000   0.000
   0.044  -0.059 1337.68 1440.69 1.288   9191.66   2259.98 99.999 99.999 99.999 13.256 13.259 99.999 99.999 99.999  0.658 99.999 99.999 99.999 99.999  99.999  99.999  99.999  99.999  0.007  0.007  0.040  0.032  0.064  0.051    7    6 99.999 99.999   99  22.064442332 -12.472801739  2 31 15.00 2011  9 20 2455824.60503472    60    I                   Netuno_saturado_0003.fits                          Triton                2048  2048     1   0.000   0.000
   0.054  -0.049 1336.89 1445.36 1.268   8978.13   2412.86 99.999 99.999 99.999 13.258 13.205 99.999 99.999 99.999  0.622 99.999 99.999 99.999 99.999  99.999  99.999  99.999  99.999  0.012  0.012  0.041  0.031  0.065  0.049    7    6 99.999 99.999   99  22.064441519 -12.472806451  2 32 19.00 2011  9 20 2455824.60577546    60    I                   Netuno_saturado_0004.fits                          Triton                2048  2048     1   0.000   0.000
   0.044  -0.060 1336.42 1441.65 1.286   8870.62   2375.53 99.999 99.999 99.999 13.167 13.215 99.999 99.999 99.999  0.678 99.999 99.999 99.999 99.999  99.999  99.999  99.999  99.999  0.011  0.011  0.045  0.035  0.072  0.055    6    5 99.999 99.999   99  22.064440328 -12.472817150  2 33 24.00 2011  9 20 2455824.60652778    60    I                   Netuno_saturado_0005.fits                          Triton                2048  2048     1   0.000   0.000
   0.042  -0.049 1336.28 1444.60 1.091  10714.37   2844.26 99.999 99.999 99.999 13.236 13.263 99.999 99.999 99.999  0.631 99.999 99.999 99.999 99.999  99.999  99.999  99.999  99.999  0.013  0.013  0.040  0.026  0.064  0.041    7    6 99.999 99.999   99  22.064439333 -12.472821958  2 34 28.00 2011  9 20 2455824.60726852    60    I                   Netuno_saturado_0006.fits                          Triton                2048  2048     1   0.000   0.000
   0.043  -0.051 1336.46 1441.06 1.024  12781.24   2761.22 99.999 99.999 99.999 13.238 13.235 99.999 99.999 99.999  0.655 99.999 99.999 99.999 99.999  99.999  99.999  99.999  99.999  0.006  0.006  0.045  0.029  0.072  0.047    7    6 99.999 99.999   99  22.064438375 -12.472830104  2 35 32.00 2011  9 20 2455824.60800926    60    I                   Netuno_saturado_0007.fits                          Triton                2048  2048     1   0.000   0.000
   0.040  -0.052 1336.01 1443.11 1.332   9783.11   2020.35 99.999 99.999 99.999 13.283 13.295 99.999 99.999 99.999  0.637 99.999 99.999 99.999 99.999  99.999  99.999  99.999  99.999  0.012  0.012  0.042  0.030  0.066  0.048    7    6 99.999 99.999   99  22.064437318 -12.472837947  2 36 36.00 2011  9 20 2455824.60875000    60    I                   Netuno_saturado_0008.fits                          Triton                2048  2048     1   0.000   0.000
   0.043  -0.044 1336.00 1441.80 1.306   9392.70   2194.10 99.999 99.999 99.999 13.220 13.219 99.999 99.999 99.999  0.634 99.999 99.999 99.999 99.999  99.999  99.999  99.999  99.999  0.016  0.016  0.042  0.029  0.068  0.047    7    6 99.999 99.999   99  22.064436396 -12.472843358  2 37 40.00 2011  9 20 2455824.60949074    60    I                   Netuno_saturado_0009.fits                          Triton                2048  2048     1   0.000   0.000
   0.044  -0.051 1335.81 1441.67 1.330   9086.85   2146.47 99.999 99.999 99.999 13.203 13.315 99.999 99.999 99.999  0.683 99.999 99.999 99.999 99.999  99.999  99.999  99.999  99.999  0.003  0.003  0.047  0.039  0.075  0.062    6    5 99.999 99.999   99  22.064435421 -12.472853095  2 38 45.00 2011  9 20 2455824.61024306    60    I                   Netuno_saturado_0010.fits                          Triton                2048  2048     1   0.000   0.000
   0.056  -0.047 1336.08 1442.19 1.339   9353.94   2058.53 99.999 99.999 99.999 13.163 13.228 99.999 99.999 99.999  0.667 99.999 99.999 99.999 99.999  99.999  99.999  99.999  99.999  0.012  0.012  0.051  0.035  0.081  0.055    6    5 99.999 99.999   99  22.064434636 -12.472859502  2 39 49.00 2011  9 20 2455824.61098380    60    I                   Netuno_saturado_0011.fits                          Triton                2048  2048     1   0.000   0.000
   0.045  -0.052 1335.94 1440.62 1.092  11794.20   2513.51 99.999 99.999 99.999 13.201 13.262 99.999 99.999 99.999  0.683 99.999 99.999 99.999 99.999  99.999  99.999  99.999  99.999  0.009  0.009  0.049  0.040  0.079  0.064    6    5 99.999 99.999   99  22.064433457 -12.472868555  2 40 53.00 2011  9 20 2455824.61172454    60    I                   Netuno_saturado_0012.fits                          Triton                2048  2048     1   0.000   0.000
   0.049  -0.049 1335.24 1441.73 1.196  10710.25   2303.70 99.999 99.999 99.999 13.219 13.221 99.999 99.999 99.999  0.633 99.999 99.999 99.999 99.999  99.999  99.999  99.999  99.999  0.012  0.012  0.044  0.026  0.069  0.041    7    6 99.999 99.999   99  22.064432537 -12.472875658  2 41 57.00 2011  9 20 2455824.61246528    60    I                   Netuno_saturado_0013.fits                          Triton                2048  2048     1   0.000   0.000
   0.047  -0.056 1335.83 1438.95 1.035  13719.77   2470.50 99.999 99.999 99.999 13.273 13.289 99.999 99.999 99.999  0.649 99.999 99.999 99.999 99.999  99.999  99.999  99.999  99.999  0.006  0.006  0.040  0.029  0.064  0.047    7    6 99.999 99.999   99  22.064431524 -12.472885049  2 43  1.00 2011  9 20 2455824.61320602    60    I                   Netuno_saturado_0014.fits                          Triton                2048  2048     1   0.000   0.000
   0.044  -0.050 1335.20 1441.83 1.142   9466.49   2747.95 99.999 99.999 99.999 13.191 13.269 99.999 99.999 99.999  0.670 99.999 99.999 99.999 99.999  99.999  99.999  99.999  99.999  0.003  0.003  0.048  0.036  0.076  0.057    6    5 99.999 99.999   99  22.064430497 -12.472890986  2 44  5.00 2011  9 20 2455824.61394676    60    I                   Netuno_saturado_0015.fits                          Triton                2048  2048     1   0.000   0.000
  -0.007  -0.026 1334.20 1437.91 1.230   9720.75   2328.27 99.999 99.999 99.999 13.196 13.197 99.999 99.999 99.999  0.673 99.999 99.999 99.999 99.999  99.999  99.999  99.999  99.999  0.006  0.006  0.025  0.025  0.033  0.033    6    5 99.999 99.999   99  22.064428537 -12.472891954  2 45  9.00 2011  9 20 2455824.61468750    60    I                   Netuno_saturado_0016.fits                          Triton                2048  2048     1   0.000   0.000
   0.049  -0.055 1334.80 1441.39 1.143   9971.31   2629.08 99.999 99.999 99.999 13.189 13.248 99.999 99.999 99.999  0.686 99.999 99.999 99.999 99.999  99.999  99.999  99.999  99.999  0.010  0.010  0.047  0.035  0.075  0.055    6    5 99.999 99.999   99  22.064428624 -12.472907882  2 46 13.00 2011  9 20 2455824.61542824    60    I                   Netuno_saturado_0017.fits                          Triton                2048  2048     1   0.000   0.000
  -0.003  -0.017 1335.32 1437.61 1.132  11763.04   2298.27 99.999 99.999 99.999 13.212 13.256 99.999 99.999 99.999  0.694 99.999 99.999 99.999 99.999  99.999  99.999  99.999  99.999  0.006  0.006  0.025  0.025  0.033  0.032    6    5 99.999 99.999   99  22.064426634 -12.472904692  2 47 17.00 2011  9 20 2455824.61616898    60    I                   Netuno_saturado_0018.fits                          Triton                2048  2048     1   0.000   0.000
   0.004  -0.023 1334.90 1440.57 1.500   7379.80   2041.31 99.999 99.999 99.999 13.198 13.215 99.999 99.999 99.999  0.660 99.999 99.999 99.999 99.999  99.999  99.999  99.999  99.999  0.008  0.008  0.021  0.020  0.028  0.027    6    5 99.999 99.999   99  22.064425779 -12.472914199  2 48 22.00 2011  9 20 2455824.61692130    60    I                   Netuno_saturado_0019.fits                          Triton                2048  2048     1   0.000   0.000
  -0.005  -0.023 1333.80 1437.36 1.168  10348.98   2458.07 99.999 99.999 99.999 13.195 13.243 99.999 99.999 99.999  0.695 99.999 99.999 99.999 99.999  99.999  99.999  99.999  99.999  0.007  0.007  0.027  0.018  0.035  0.023    6    5 99.999 99.999   99  22.064424630 -12.472921949  2 49 26.00 2011  9 20 2455824.61766204    60    I                   Netuno_saturado_0020.fits                          Triton                2048  2048     1   0.000   0.000
   0.050  -0.055 1334.85 1440.27 1.449   7703.76   2064.84 99.999 99.999 99.999 13.254 13.263 99.999 99.999 99.999  0.629 99.999 99.999 99.999 99.999  99.999  99.999  99.999  99.999  0.011  0.011  0.038  0.028  0.062  0.044    7    6 99.999 99.999   99  22.064424677 -12.472938270  2 50 30.00 2011  9 20 2455824.61840278    60    I                   Netuno_saturado_0021.fits                          Triton                2048  2048     1   0.000   0.000
   0.049  -0.060 1334.36 1437.45 1.489   7130.00   2043.76 99.999 99.999 99.999 13.263 13.272 99.999 99.999 99.999  0.632 99.999 99.999 99.999 99.999  99.999  99.999  99.999  99.999  0.007  0.007  0.040  0.029  0.064  0.046    7    6 99.999 99.999   99  22.064423688 -12.472947377  2 51 34.00 2011  9 20 2455824.61914352    60    I                   Netuno_saturado_0022.fits                          Triton                2048  2048     1   0.000   0.000
   0.047  -0.048 1334.59 1438.48 1.528   5886.65   1557.58 99.999 99.999 99.999 13.259 13.304 99.999 99.999 99.999  0.617 99.999 99.999 99.999 99.999  99.999  99.999  99.999  99.999  0.009  0.009  0.041  0.032  0.065  0.051    7    6 99.999 99.999   99  22.064422640 -12.472952010  2 52 38.00 2011  9 20 2455824.61988426    60    I                   Netuno_saturado_0023.fits                          Triton                2048  2048     1   0.000   0.000
   0.050  -0.042 1333.62 1437.11 1.679   4894.48    502.46 99.999 99.999 99.999 13.174 13.220 99.999 99.999 99.999  0.669 99.999 99.999 99.999 99.999  99.999  99.999  99.999  99.999  0.012  0.012  0.045  0.037  0.071  0.058    6    5 99.999 99.999   99  22.064421726 -12.472957726  2 53 42.00 2011  9 20 2455824.62062500    60    I                   Netuno_saturado_0024.fits                          Triton                2048  2048     1   0.000   0.000
   0.046  -0.048 1334.04 1436.76 1.620   4686.17    598.71 99.999 99.999 99.999 13.250 13.293 99.999 99.999 99.999  0.616 99.999 99.999 99.999 99.999  99.999  99.999  99.999  99.999  0.000  0.000  0.043  0.032  0.069  0.052    7    6 99.999 99.999   99  22.064420646 -12.472967150  2 54 46.00 2011  9 20 2455824.62136574    60    I                   Netuno_saturado_0025.fits                          Triton                2048  2048     1   0.000   0.000
   0.048  -0.051 1334.21 1438.80 1.927   3891.38    397.65 99.999 99.999 99.999 13.168 13.228 99.999 99.999 99.999  0.661 99.999 99.999 99.999 99.999  99.999  99.999  99.999  99.999  0.007  0.007  0.050  0.035  0.079  0.055    6    5 99.999 99.999   99  22.064419719 -12.472975628  2 55 50.00 2011  9 20 2455824.62210648    60    I                   Netuno_saturado_0026.fits                          Triton                2048  2048     1   0.000   0.000
   0.044  -0.054 1333.35 1436.11 1.370   7291.96   2321.57 99.999 99.999 99.999 13.183 13.238 99.999 99.999 99.999  0.680 99.999 99.999 99.999 99.999  99.999  99.999  99.999  99.999  0.003  0.003  0.050  0.035  0.079  0.056    6    5 99.999 99.999   99  22.064418666 -12.472984158  2 56 54.00 2011  9 20 2455824.62284722    60    I                   Netuno_saturado_0027.fits                          Triton                2048  2048     1   0.000   0.000
   0.053  -0.051 1332.94 1438.15 1.364   7755.04   2284.02 99.999 99.999 99.999 13.165 13.226 99.999 99.999 99.999  0.674 99.999 99.999 99.999 99.999  99.999  99.999  99.999  99.999  0.007  0.007  0.049  0.031  0.079  0.049    6    5 99.999 99.999   99  22.064417819 -12.472991159  2 57 59.00 2011  9 20 2455824.62359954    60    I                   Netuno_saturado_0028.fits                          Triton                2048  2048     1   0.000   0.000
   0.003  -0.026 1333.78 1434.23 1.267   8917.73   2366.84 99.999 99.999 99.999 13.189 13.231 99.999 99.999 99.999  0.703 99.999 99.999 99.999 99.999  99.999  99.999  99.999  99.999  0.008  0.008  0.026  0.025  0.035  0.033    6    5 99.999 99.999   99  22.064415897 -12.472991954  2 59  3.00 2011  9 20 2455824.62434028    60    I                   Netuno_saturado_0029.fits                          Triton                2048  2048     1   0.000   0.000
   0.053  -0.046 1333.29 1438.03 1.432   7642.96   2151.16 99.999 99.999 99.999 13.197 13.271 99.999 99.999 99.999  0.675 99.999 99.999 99.999 99.999  99.999  99.999  99.999  99.999  0.007  0.007  0.049  0.036  0.079  0.058    6    5 99.999 99.999   99  22.064415864 -12.473004910  3  0  7.00 2011  9 20 2455824.62508102    60    I                   Netuno_saturado_0030.fits                          Triton                2048  2048     1   0.000   0.000
  -0.000  -0.035 1141.06 1082.71 1.520   3331.97    229.62 99.999 99.999 99.999 13.310 13.256 99.999 99.999 99.999  0.299 99.999 99.999 99.999 99.999  99.999  99.999  99.999  99.999  0.009  0.009  0.023  0.018  0.051  0.041    7    6 99.999 99.999   99  22.067014720 -12.459754339  1 53  7.00 2011  9 18 2455822.57855324    30    I                   Netuno_saturado_0001.fits                          Triton                2048  2048     1   0.000   0.000
   0.030  -0.024 1141.83 1089.58 1.259   4148.56    378.39 99.999 99.999 99.999 13.364 13.348 99.999 99.999 99.999  0.272 99.999 99.999 99.999 99.999  99.999  99.999  99.999  99.999  0.004  0.004  0.020  0.011  0.045  0.025    7    6 99.999 99.999   99  22.067014711 -12.459752963  1 53 41.00 2011  9 18 2455822.57894676    30    I                   Netuno_saturado_0002.fits                          Triton                2048  2048     1   0.000   0.000
   0.018  -0.043 1142.24 1085.27 1.473   3403.12    262.70 99.999 99.999 99.999 13.334 13.283 99.999 99.999 99.999  0.301 99.999 99.999 99.999 99.999  99.999  99.999  99.999  99.999  0.013  0.013  0.015  0.014  0.034  0.032    7    6 99.999 99.999   99  22.067013892 -12.459760074  1 54 15.00 2011  9 18 2455822.57934028    30    I                   Netuno_saturado_0003.fits                          Triton                2048  2048     1   0.000   0.000
   0.003  -0.045 1141.36 1080.98 1.277   3907.54    384.57 99.999 99.999 99.999 13.264 13.293 99.999 99.999 99.999  0.323 99.999 99.999 99.999 99.999  99.999  99.999  99.999  99.999  0.005  0.005  0.028  0.021  0.063  0.047    6    6 99.999 99.999   99  22.067013027 -12.459761981  1 54 48.00 2011  9 18 2455822.57972222    30    I                   Netuno_saturado_0004.fits                          Triton                2048  2048     1   0.000   0.000
   0.028  -0.062 1142.11 1086.17 1.343   3566.44    365.86 99.999 99.999 99.999 13.314 13.321 99.999 99.999 99.999  0.301 99.999 99.999 99.999 99.999  99.999  99.999  99.999  99.999  0.002  0.002  0.021  0.013  0.046  0.029    7    6 99.999 99.999   99  22.067012916 -12.459768446  1 55 22.00 2011  9 18 2455822.58011574    30    I                   Netuno_saturado_0005.fits                          Triton                2048  2048     1   0.000   0.000
   0.024  -0.024 1142.43 1088.42 1.319   3725.17    380.92 99.999 99.999 99.999 13.323 13.268 99.999 99.999 99.999  0.301 99.999 99.999 99.999 99.999  99.999  99.999  99.999  99.999  0.003  0.003  0.027  0.018  0.061  0.040    7    6 99.999 99.999   99  22.067012266 -12.459759429  1 55 56.00 2011  9 18 2455822.58050926    30    I                   Netuno_saturado_0006.fits                          Triton                2048  2048     1   0.000   0.000
   0.022  -0.040 1141.97 1082.55 1.501   3225.62    246.50 99.999 99.999 99.999 13.137 13.354 99.999 99.999 99.999  0.630 99.999 99.999 99.999 99.999  99.999  99.999  99.999  99.999  0.007  0.007  0.025  0.016  0.057  0.036    8    6 99.999 99.999   99  22.067011643 -12.459765248  1 56 30.00 2011  9 18 2455822.58090278    30    I                   Netuno_saturado_0007.fits                          Triton                2048  2048     1   0.000   0.000
   0.032  -0.042 1143.42 1082.10 1.306   3880.88    366.37 99.999 99.999 99.999 13.129 13.332 99.999 99.999 99.999  0.600 99.999 99.999 99.999 99.999  99.999  99.999  99.999  99.999  0.007  0.007  0.022  0.017  0.049  0.038    8    6 99.999 99.999   99  22.067011280 -12.459767627  1 57  4.00 2011  9 18 2455822.58129630    30    I                   Netuno_saturado_0008.fits                          Triton                2048  2048     1   0.000   0.000
   0.022  -0.024 1143.41 1089.05 1.215   4108.71    464.99 99.999 99.999 99.999 13.304 13.311 99.999 99.999 99.999  0.309 99.999 99.999 99.999 99.999  99.999  99.999  99.999  99.999  0.003  0.003  0.023  0.015  0.052  0.034    7    6 99.999 99.999   99  22.067010510 -12.459764271  1 57 38.00 2011  9 18 2455822.58168982    30    I                   Netuno_saturado_0009.fits                          Triton                2048  2048     1   0.000   0.000
   0.029  -0.046 1143.70 1085.94 1.485   3145.69    289.35 99.999 99.999 99.999 13.307 13.270 99.999 99.999 99.999  0.300 99.999 99.999 99.999 99.999  99.999  99.999  99.999  99.999  0.009  0.009  0.022  0.017  0.049  0.038    7    6 99.999 99.999   99  22.067010054 -12.459771863  1 58 12.00 2011  9 18 2455822.58208333    30    I                   Netuno_saturado_0010.fits                          Triton                2048  2048     1   0.000   0.000
   0.016  -0.042 1144.34 1080.93 1.353   3729.07    318.82 99.999 99.999 99.999 13.313 13.356 99.999 99.999 99.999  0.337 99.999 99.999 99.999 99.999  99.999  99.999  99.999  99.999  0.005  0.005  0.022  0.015  0.050  0.033    6    6 99.999 99.999   99  22.067009222 -12.459772269  1 58 46.00 2011  9 18 2455822.58247685    30    I                   Netuno_saturado_0011.fits                          Triton                2048  2048     1   0.000   0.000
  -0.007  -0.035 1144.53 1086.48 1.261   3700.85    446.05 99.999 99.999 99.999 13.310 13.310 99.999 99.999 99.999  0.301 99.999 99.999 99.999 99.999  99.999  99.999  99.999  99.999  0.007  0.007  0.018  0.015  0.040  0.034    7    6 99.999 99.999   99  22.067008204 -12.459771833  1 59 20.00 2011  9 18 2455822.58287037    30    I                   Netuno_saturado_0012.fits                          Triton                2048  2048     1   0.000   0.000
   0.005  -0.037 1145.52 1089.51 1.358   3511.52    355.81 99.999 99.999 99.999 13.268 13.278 99.999 99.999 99.999  0.313 99.999 99.999 99.999 99.999  99.999  99.999  99.999  99.999  0.003  0.003  0.020  0.014  0.044  0.031    7    6 99.999 99.999   99  22.067007852 -12.459774032  1 59 54.00 2011  9 18 2455822.58326389    30    I                   Netuno_saturado_0013.fits                          Triton                2048  2048     1   0.000   0.000
   0.015  -0.069 1145.76 1083.84 1.191   3723.20    529.01 99.999 99.999 99.999 13.327 13.326 99.999 99.999 99.999  0.274 99.999 99.999 99.999 99.999  99.999  99.999  99.999  99.999  0.004  0.004  0.021  0.031  0.053  0.078    7    7 99.999 99.999   99  22.067007473 -12.459784530  2  0 27.00 2011  9 18 2455822.58364583    30    I                   Netuno_saturado_0014.fits                          Triton                2048  2048     1   0.000   0.000
   0.002  -0.022 1146.36 1084.08 1.314   3771.34    352.65 99.999 99.999 99.999 13.286 13.284 99.999 99.999 99.999  0.306 99.999 99.999 99.999 99.999  99.999  99.999  99.999  99.999  0.004  0.004  0.024  0.017  0.054  0.037    7    6 99.999 99.999   99  22.067006655 -12.459773005  2  1  1.00 2011  9 18 2455822.58403935    30    I                   Netuno_saturado_0015.fits                          Triton                2048  2048     1   0.000   0.000
   0.010  -0.062 1146.07 1090.30 1.158   4100.29    556.49 99.999 99.999 99.999 13.297 13.287 99.999 99.999 99.999  0.312 99.999 99.999 99.999 99.999  99.999  99.999  99.999  99.999  0.002  0.002  0.019  0.030  0.047  0.076    7    7 99.999 99.999   99  22.067006210 -12.459785723  2  1 35.00 2011  9 18 2455822.58443287    30    I                   Netuno_saturado_0016.fits                          Triton                2048  2048     1   0.000   0.000
   0.030  -0.031 1152.87  781.61 1.351   3395.28    399.58 99.999 99.999 99.999 13.260 13.230 99.999 99.999 99.999  0.349 99.999 99.999 99.999 99.999  99.999  99.999  99.999  99.999  0.004  0.004  0.030  0.027  0.050  0.045    6    5 99.999 99.999   99  22.067005436 -12.459780181  2  2 43.00 2011  9 18 2455822.58521991    30    I                   Netuno_saturado_0018.fits                          Triton                2048  2048     1   0.000   0.000
   0.038  -0.051 1152.86  780.00 1.321   3646.77    376.74 99.999 99.999 99.999 13.267 13.288 99.999 99.999 99.999  0.353 99.999 99.999 99.999 99.999  99.999  99.999  99.999  99.999  0.004  0.004  0.028  0.026  0.046  0.043    6    5 99.999 99.999   99  22.067004999 -12.459787561  2  3 17.00 2011  9 18 2455822.58561343    30    I                   Netuno_saturado_0019.fits                          Triton                2048  2048     1   0.000   0.000
   0.037  -0.020 1152.90  780.83 1.647   2496.07    269.17 99.999 99.999 99.999 13.027 13.286 99.999 99.999 99.999  0.657 99.999 99.999 99.999 99.999  99.999  99.999  99.999  99.999  0.006  0.006  0.020  0.029  0.034  0.048    7    5 99.999 99.999   99  22.067004402 -12.459780618  2  3 51.00 2011  9 18 2455822.58600694    30    I                   Netuno_saturado_0020.fits                          Triton                2048  2048     1   0.000   0.000
   0.022  -0.049 1153.31  780.48 1.403   3230.57    368.48 99.999 99.999 99.999 13.022 13.225 99.999 99.999 99.999  0.669 99.999 99.999 99.999 99.999  99.999  99.999  99.999  99.999  0.007  0.007  0.030  0.031  0.049  0.050    7    5 99.999 99.999   99  22.067003530 -12.459789889  2  4 25.00 2011  9 18 2455822.58640046    30    I                   Netuno_saturado_0021.fits                          Triton                2048  2048     1   0.000   0.000
   0.052  -0.059 1153.78  781.41 1.450   2941.35    343.37 99.999 99.999 99.999 13.288 13.284 99.999 99.999 99.999  0.368 99.999 99.999 99.999 99.999  99.999  99.999  99.999  99.999  0.004  0.004  0.028  0.026  0.046  0.043    6    5 99.999 99.999   99  22.067003520 -12.459794522  2  4 59.00 2011  9 18 2455822.58679398    30    I                   Netuno_saturado_0022.fits                          Triton                2048  2048     1   0.000   0.000
   0.056  -0.027 1154.63  783.34 1.402   3195.12    353.43 99.999 99.999 99.999 13.280 13.288 99.999 99.999 99.999  0.377 99.999 99.999 99.999 99.999  99.999  99.999  99.999  99.999  0.003  0.003  0.032  0.029  0.053  0.048    6    5 99.999 99.999   99  22.067003012 -12.459787181  2  5 33.00 2011  9 18 2455822.58718750    30    I                   Netuno_saturado_0023.fits                          Triton                2048  2048     1   0.000   0.000
   0.037  -0.039 1155.66  782.76 1.241   3764.52    466.26 99.999 99.999 99.999 13.277 13.304 99.999 99.999 99.999  0.362 99.999 99.999 99.999 99.999  99.999  99.999  99.999  99.999  0.003  0.003  0.040  0.025  0.066  0.041    6    5 99.999 99.999   99  22.067002100 -12.459791873  2  6  6.00 2011  9 18 2455822.58756944    30    I                   Netuno_saturado_0024.fits                          Triton                2048  2048     1   0.000   0.000
   0.016  -0.046 1154.90  784.20 1.256   3611.78    465.12 99.999 99.999 99.999 13.264 13.217 99.999 99.999 99.999  0.353 99.999 99.999 99.999 99.999  99.999  99.999  99.999  99.999  0.002  0.002  0.035  0.030  0.057  0.050    6    5 99.999 99.999   99  22.067001110 -12.459795429  2  6 40.00 2011  9 18 2455822.58796296    30    I                   Netuno_saturado_0025.fits                          Triton                2048  2048     1   0.000   0.000
   0.025  -0.037 1155.86  783.81 1.313   3536.26    407.80 99.999 99.999 99.999 13.036 13.291 99.999 99.999 99.999  0.671 99.999 99.999 99.999 99.999  99.999  99.999  99.999  99.999  0.003  0.003  0.021  0.027  0.035  0.045    7    5 99.999 99.999   99  22.067000695 -12.459794603  2  7 14.00 2011  9 18 2455822.58835648    30    I                   Netuno_saturado_0026.fits                          Triton                2048  2048     1   0.000   0.000
   0.045  -0.055 1155.52  784.07 1.446   3182.27    321.68 99.999 99.999 99.999 13.268 13.251 99.999 99.999 99.999  0.370 99.999 99.999 99.999 99.999  99.999  99.999  99.999  99.999  0.004  0.004  0.031  0.030  0.051  0.049    6    5 99.999 99.999   99  22.067000485 -12.459801357  2  7 48.00 2011  9 18 2455822.58875000    30    I                   Netuno_saturado_0027.fits                          Triton                2048  2048     1   0.000   0.000
   0.052  -0.041 1157.08  786.13 1.552   2877.16    267.57 99.999 99.999 99.999 13.267 13.284 99.999 99.999 99.999  0.373 99.999 99.999 99.999 99.999  99.999  99.999  99.999  99.999  0.004  0.004  0.033  0.023  0.054  0.038    6    5 99.999 99.999   99  22.067000044 -12.459799024  2  8 22.00 2011  9 18 2455822.58914352    30    I                   Netuno_saturado_0028.fits                          Triton                2048  2048     1   0.000   0.000
   0.036  -0.041 1156.40  785.28 1.291   3877.41    374.84 99.999 99.999 99.999 13.016 13.268 99.999 99.999 99.999  0.671 99.999 99.999 99.999 99.999  99.999  99.999  99.999  99.999  0.004  0.004  0.033  0.028  0.054  0.047    7    5 99.999 99.999   99  22.066999162 -12.459800450  2  8 56.00 2011  9 18 2455822.58953704    30    I                   Netuno_saturado_0029.fits                          Triton                2048  2048     1   0.000   0.000
   0.017  -0.044 1156.85  784.94 1.250   3962.24    429.45 99.999 99.999 99.999 13.212 13.260 99.999 99.999 99.999  0.401 99.999 99.999 99.999 99.999  99.999  99.999  99.999  99.999  0.003  0.003  0.032  0.026  0.053  0.043    5    5 99.999 99.999   99  22.066998231 -12.459803056  2  9 30.00 2011  9 18 2455822.58993056    30    I                   Netuno_saturado_0030.fits                          Triton                2048  2048     1   0.000   0.000
