   0.014  -0.070  358.93  523.54 1.625    557.51   1751.63 99.999 99.999 99.999 13.421 13.278 99.999 99.999 99.999  0.111 99.999 99.999 99.999 99.999  99.999  99.999  99.999  99.999  0.006  0.006  0.015  0.017  0.053  0.058   16   15 99.999 99.999   99  19.539269145 -21.120720354  4  8 15.40 1994  8  5 2449569.67240046     2    -                   04089403.net.fits                                  Triton                 770  1152
  -0.029  -0.085  359.97  524.84 1.787    474.87   2007.18 99.999 99.999 99.999 13.374 13.239 99.999 99.999 99.999  0.096 99.999 99.999 99.999 99.999  99.999  99.999  99.999  99.999  0.012  0.012  0.016  0.015  0.058  0.052   17   16 99.999 99.999   99  19.539266930 -21.120724720  4  9 23.12 1994  8  5 2449569.67318426     2    -                   04089404.net.fits                                  Triton                 770  1152
  -0.024  -0.110  359.91  524.53 1.633    498.94   1693.32 99.999 99.999 99.999 13.402 13.310 99.999 99.999 99.999  0.120 99.999 99.999 99.999 99.999  99.999  99.999  99.999  99.999  0.007  0.007  0.014  0.016  0.051  0.057   17   17 99.999 99.999   99  19.539265959 -21.120731603  4 10 14.81 1994  8  5 2449569.67378252     2    -                   04089405.net.fits                                  Triton                 770  1152
  -0.036  -0.067  359.59  525.16 1.526    524.99    587.58 99.999 99.999 99.999 13.416 13.280 99.999 99.999 99.999  0.089 99.999 99.999 99.999 99.999  99.999  99.999  99.999  99.999  0.008  0.008  0.014  0.013  0.049  0.044   17   15 99.999 99.999   99  19.539264587 -21.120719897  4 11 11.27 1994  8  5 2449569.67443600     2    -                   04089406.net.fits                                  Triton                 770  1152
  -0.011  -0.095  359.26  528.17 2.108    339.43   1671.13 99.999 99.999 99.999 13.464 13.331 99.999 99.999 99.999  0.119 99.999 99.999 99.999 99.999  99.999  99.999  99.999  99.999  0.009  0.009  0.017  0.015  0.059  0.051   17   15 99.999 99.999   99  19.539264028 -21.120728131  4 12  3.45 1994  8  5 2449569.67503993     2    -                   04089407.net.fits                                  Triton                 770  1152
   0.005   0.000  359.14  527.00 1.896    395.11   1284.65 99.999 99.999 99.999 13.435 13.302 99.999 99.999 99.999  0.123 99.999 99.999 99.999 99.999  99.999  99.999  99.999  99.999  0.001  0.001  0.012  0.013  0.044  0.048   17   16 99.999 99.999   99  19.539263329 -21.120701863  4 12 55.46 1994  8  5 2449569.67564190     2    -                   04089408.net.fits                                  Triton                 770  1152
  -0.016  -0.059  359.04  528.82 1.879    339.61   1823.51 99.999 99.999 99.999 13.430 13.314 99.999 99.999 99.999  0.116 99.999 99.999 99.999 99.999  99.999  99.999  99.999  99.999  0.010  0.010  0.015  0.020  0.053  0.072   16   16 99.999 99.999   99  19.539261886 -21.120718702  4 13 45.78 1994  8  5 2449569.67622431     2    -                   04089409.net.fits                                  Triton                 770  1152
  -0.037   0.017  359.88  527.91 2.359    245.84   1261.15 99.999 99.999 99.999 13.440 13.301 99.999 99.999 99.999  0.095 99.999 99.999 99.999 99.999  99.999  99.999  99.999  99.999  0.011  0.011  0.015  0.015  0.055  0.053   17   16 99.999 99.999   99  19.539260439 -21.120697812  4 14 36.97 1994  8  5 2449569.67681678     2    -                   04089410.net.fits                                  Triton                 770  1152
  -0.022  -0.021  306.28  242.25 1.714    433.49   1825.63 99.999 99.999 99.999 13.392 13.227 99.999 99.999 99.999  0.111 99.999 99.999 99.999 99.999  99.999  99.999  99.999  99.999  0.005  0.005  0.016  0.012  0.047  0.033   17   16 99.999 99.999   99  19.539258779 -21.120708498  4 16 13.63 1994  8  5 2449569.67793553     2    -                   04089411.net.fits                                  Triton                 770  1152
  -0.002  -0.105  305.34  243.75 2.085    326.78   1265.09 99.999 99.999 99.999 13.436 13.248 99.999 99.999 99.999  0.069 99.999 99.999 99.999 99.999  99.999  99.999  99.999  99.999  0.008  0.008  0.016  0.017  0.046  0.048   15   15 99.999 99.999   99  19.539258149 -21.120732109  4 17  4.88 1994  8  5 2449569.67852870     2    -                   04089412.net.fits                                  Triton                 770  1152
  -0.058  -0.085  305.29  245.20 1.949    342.23   1814.51 99.999 99.999 99.999 13.454 13.263 99.999 99.999 99.999  0.096 99.999 99.999 99.999 99.999  99.999  99.999  99.999  99.999  0.011  0.011  0.017  0.016  0.048  0.046   15   15 99.999 99.999   99  19.539255876 -21.120726888  4 18  2.10 1994  8  5 2449569.67919097     2    -                   04089413.net.fits                                  Triton                 770  1152
