   0.024   0.003  414.86  601.32 1.227   1026.70   1765.45 99.999 99.999 99.999 13.475 13.550 99.999 99.999 99.999  0.106 99.999 99.999 99.999 99.999  99.999  99.999  99.999  99.999  0.021  0.021  0.014  0.016  0.049  0.053   15   15 99.999 99.999   99  19.483781886 -21.259233759 24  8 51.15 1994  9 21 2449617.50614757     2  Clear                 21099401.net.fits                                  Triton                 770  1152
  -0.054  -0.031  426.70  640.43 0.729   2125.19   2280.39 99.999 99.999 99.999 13.478 13.464 99.999 99.999 99.999  0.095 99.999 99.999 99.999 99.999  99.999  99.999  99.999  99.999  0.002  0.002  0.013  0.011  0.035  0.029    9    9 99.999 99.999   99  19.483777017 -21.259229725 24 41 48.65 1994  9 21 2449617.52903530     2  Clear                 21099402.net.fits                                  Triton                 770  1152
  -0.023  -0.025  427.65  643.05 0.665   2324.93   1369.98 99.999 99.999 99.999 13.413 13.540 99.999 99.999 99.999  0.100 99.999 99.999 99.999 99.999  99.999  99.999  99.999  99.999  0.019  0.019  0.013  0.014  0.036  0.040   10   10 99.999 99.999   99  19.483777426 -21.259227162 24 43 54.22 1994  9 21 2449617.53048866     2  Clear                 21099403.net.fits                                  Triton                 770  1152
  -0.042  -0.007  428.22  643.86 0.699   2331.27   2899.37 99.999 99.999 99.999 13.510 13.477 99.999 99.999 99.999  0.088 99.999 99.999 99.999 99.999  99.999  99.999  99.999  99.999  0.018  0.018  0.026  0.027  0.052  0.056    7    7 99.999 99.999   99  19.483776966 -21.259221937 24 44 53.66 1994  9 21 2449617.53117662     2  Clear                 21099404.net.fits                                  Triton                 770  1152
  -0.083  -0.064  427.93  644.78 0.727   2055.16   2249.88 99.999 99.999 99.999 13.563 13.549 99.999 99.999 99.999  0.150 99.999 99.999 99.999 99.999  99.999  99.999  99.999  99.999  0.020  0.020  0.011  0.014  0.028  0.038    9    9 99.999 99.999   99  19.483776046 -21.259237256 24 45 49.90 1994  9 21 2449617.53182755     2  Clear                 21099405.net.fits                                  Triton                 770  1152
  -0.021  -0.050  428.10  645.28 0.784   1836.17   1621.81 99.999 99.999 99.999 13.519 13.625 99.999 99.999 99.999  0.121 99.999 99.999 99.999 99.999  99.999  99.999  99.999  99.999  0.019  0.019  0.013  0.014  0.035  0.037    9    9 99.999 99.999   99  19.483777190 -21.259232986 24 46 40.65 1994  9 21 2449617.53241493     2  Clear                 21099406.net.fits                                  Triton                 770  1152
   0.010   0.010  428.62  648.12 0.879   1741.23   1609.21 99.999 99.999 99.999 13.497 13.544 99.999 99.999 99.999  0.116 99.999 99.999 99.999 99.999  99.999  99.999  99.999  99.999  0.010  0.010  0.013  0.016  0.036  0.044   11   11 99.999 99.999   99  19.483777751 -21.259216211 24 47 28.66 1994  9 21 2449617.53297060     2  Clear                 21099407.net.fits                                  Triton                 770  1152
   0.036   0.023  428.99  648.38 0.883   1415.29   1053.32 99.999 99.999 99.999 13.524 13.614 99.999 99.999 99.999  0.109 99.999 99.999 99.999 99.999  99.999  99.999  99.999  99.999  0.010  0.010  0.020  0.025  0.056  0.070   13   12 99.999 99.999   99  19.483778189 -21.259212204 24 48 17.05 1994  9 21 2449617.53353067     2  Clear                 21099408.net.fits                                  Triton                 770  1152
  -0.097   0.146  429.41  650.79 0.845   1603.35   1657.27 99.999 99.999 99.999 13.437 13.491 99.999 99.999 99.999  0.222 99.999 99.999 99.999 99.999  99.999  99.999  99.999  99.999  0.012  0.012  0.020  0.013  0.053  0.034   11    8 99.999 99.999   99  19.483775459 -21.259177710 24 49  9.13 1994  9 21 2449617.53413345     2  Clear                 21099409.net.fits                                  Triton                 770  1152
  -0.046  -0.015  429.63  650.34 0.843   1530.76   1080.72 99.999 99.999 99.999 13.508 13.529 99.999 99.999 99.999  0.126 99.999 99.999 99.999 99.999  99.999  99.999  99.999  99.999  0.019  0.019  0.019  0.007  0.054  0.019   10   10 99.999 99.999   99  19.483776398 -21.259222346 24 50  4.34 1994  9 21 2449617.53477245     2  Clear                 21099410.net.fits                                  Triton                 770  1152
  -0.005   0.137  430.25   31.63 1.982  41257.30   1192.32 99.999 99.999 99.999 13.987 14.167 99.999 99.999 99.999  0.660 99.999 99.999 99.999 99.999  99.999  99.999  99.999  99.999  0.019  0.019  0.025  0.027  0.056  0.062   23   19 99.999 99.999   99  19.483776152 -21.259175941 25  1  2.00 1994  9 21 2449617.54238426   180  Clear                 21099411.net.fits                                  Triton                 770  1152
   0.029   0.109  433.69   36.08 1.883  40969.91   1029.12 99.999 99.999 99.999 14.131 14.383 99.999 99.999 99.999  0.712 99.999 99.999 99.999 99.999  99.999  99.999  99.999  99.999  0.019  0.020  0.024  0.027  0.059  0.065   24   20 99.999 99.999   99  19.483772943 -21.259168509 25 44 17.00 1994  9 21 2449617.57241898   180  Clear                 21099412.net.fits                                  Triton                 770  1152
