   0.015  -0.069 1145.76 1083.84 1.191   3723.20    529.01 99.999 99.999 99.999 13.327 13.326 99.999 99.999 99.999  0.274 99.999 99.999 99.999 99.999  99.999  99.999  99.999  99.999  0.004  0.004  0.021  0.031  0.053  0.078    7    7 99.999 99.999   99  22.067007473 -12.459784530  2  0 27.00 2011  9 18 2455822.58364583    30    I                   Netuno_saturado_0014.fits                          Triton                2048  2048
  -0.091  -0.028 1195.43 1143.58 2.529   3039.90     12.86 99.999 99.999 99.999 13.486 13.505 99.999 99.999 99.999  0.160 99.999 99.999 99.999 99.999  99.999  99.999  99.999  99.999  0.017  0.017  0.065  0.052  0.051  0.040    4    4 99.999 99.999   99  22.065651880 -12.464662547  2 50 45.00 2011  9 19 2455823.61857639    50    I                   Netuno_saturado_0003.fits                          Triton                2048  2048
  -0.059  -0.008 1194.87 1146.08 2.535   2972.71     30.25 99.999 99.999 99.999 13.494 13.388 99.999 99.999 99.999  0.157 99.999 99.999 99.999 99.999  99.999  99.999  99.999  99.999  0.014  0.014  0.071  0.054  0.056  0.042    4    4 99.999 99.999   99  22.065650934 -12.464664757  2 52 33.00 2011  9 19 2455823.61982639    50    I                   Netuno_saturado_0005.fits                          Triton                2048  2048
  -0.060  -0.032 1196.84 1142.26 2.434   2997.39     77.39 99.999 99.999 99.999 13.500 13.387 99.999 99.999 99.999  0.162 99.999 99.999 99.999 99.999  99.999  99.999  99.999  99.999  0.019  0.019  0.071  0.055  0.055  0.043    4    4 99.999 99.999   99  22.065648612 -12.464682783  2 55 14.00 2011  9 19 2455823.62168981    50    I                   Netuno_saturado_0008.fits                          Triton                2048  2048
  -0.108   0.024 1194.75 1146.21 2.472   2768.97    108.92 99.999 99.999 99.999 13.503 13.430 99.999 99.999 99.999  0.165 99.999 99.999 99.999 99.999  99.999  99.999  99.999  99.999  0.012  0.012  0.081  0.071  0.063  0.056    4    4 99.999 99.999   99  22.065646924 -12.464670959  2 56  8.00 2011  9 19 2455823.62231481    50    I                   Netuno_saturado_0009.fits                          Triton                2048  2048
  -0.120  -0.004 1194.16 1137.12 2.318   2848.49    179.51 99.999 99.999 99.999 13.499 13.486 99.999 99.999 99.999  0.156 99.999 99.999 99.999 99.999  99.999  99.999  99.999  99.999  0.018  0.018  0.069  0.049  0.055  0.039    4    4 99.999 99.999   99  22.065645914 -12.464682381  2 57  2.00 2011  9 19 2455823.62293981    50    I                   Netuno_saturado_0010.fits                          Triton                2048  2048
  -0.067  -0.018 1193.91 1140.01 2.584   2861.57     23.39 99.999 99.999 99.999 13.491 13.427 99.999 99.999 99.999  0.159 99.999 99.999 99.999 99.999  99.999  99.999  99.999  99.999  0.011  0.011  0.061  0.056  0.048  0.044    4    4 99.999 99.999   99  22.065643804 -12.464701542  3  0 37.00 2011  9 19 2455823.62542824    50    I                   Netuno_saturado_0014.fits                          Triton                2048  2048
  -0.002  -0.031 1194.16 1141.93 2.162   2849.98    274.92 99.999 99.999 99.999 13.494 13.480 99.999 99.999 99.999  0.158 99.999 99.999 99.999 99.999  99.999  99.999  99.999  99.999  0.005  0.005  0.071  0.063  0.056  0.050    4    4 99.999 99.999   99  22.065643521 -12.464712839  3  2 25.00 2011  9 19 2455823.62667824    50    I                   Netuno_saturado_0016.fits                          Triton                2048  2048
  -0.061  -0.011 1193.01 1141.33 2.786   2648.42     -1.06 99.999 99.999 99.999 13.508 13.467 99.999 99.999 99.999  0.155 99.999 99.999 99.999 99.999  99.999  99.999  99.999  99.999  0.013  0.013  0.081  0.060  0.064  0.047    4    4 99.999 99.999   99  22.065639283 -12.464722537  3  6  0.00 2011  9 19 2455823.62916667    50    I                   Netuno_saturado_0020.fits                          Triton                2048  2048
   0.064  -0.066 1341.66 1452.38 0.757   5055.91    622.11 99.999 99.999 99.999 13.556 13.574 99.999 99.999 99.999  0.183 99.999 99.999 99.999 99.999  99.999  99.999  99.999  99.999  0.009  0.009  0.033  0.031  0.053  0.049    6    6 99.999 99.999   99  22.064473556 -12.472564680  1 57 45.50 2011  9 20 2455824.58177662    15    I                   Netuno_0021.fits                                   Triton                2048  2048
