   0.144  -0.112  558.37  495.86 1.317  11545.88    967.17 99.999 99.999 99.999 13.225 13.009 99.999 99.999 99.999  0.527 99.999 99.999 99.999 99.999  99.999  99.999  99.999  99.999  0.010  0.010  0.133  0.066  0.124  0.061    5    5 99.999 99.999   99  20.676609344 -18.187203472  1 49 42.16 2001  7 15 2452105.57618241    60  14/07/01              pro0002.fits                                       Triton                1050  1050
   0.126  -0.141  557.48  495.65 1.248  16156.69    781.46 99.999 99.999 99.999 13.310 13.341 99.999 99.999 99.999  0.781 99.999 99.999 99.999 99.999  99.999  99.999  99.999  99.999  0.009  0.009  0.127  0.056  0.117  0.052    5    5 99.999 99.999   99  20.676605481 -18.187231638  1 52 24.86 2001  7 15 2452105.57806551    60  14/07/01              pro0003.fits                                       Triton                1050  1050
   0.137  -0.095  556.38  495.09 1.289  11566.11    564.76 99.999 99.999 99.999 13.457 13.460 99.999 99.999 99.999  0.643 99.999 99.999 99.999 99.999  99.999  99.999  99.999  99.999  0.015  0.015  0.132  0.058  0.123  0.053    5    5 99.999 99.999   99  20.676602427 -18.187238137  1 54 55.77 2001  7 15 2452105.57981215    45  14/07/01              pro0004.fits                                       Triton                1050  1050
   0.230  -0.035  566.46  501.47 1.193  12180.85    853.69 99.999 99.999 99.999 13.331 13.341 99.999 99.999 99.999  0.604 99.999 99.999 99.999 99.999  99.999  99.999  99.999  99.999  0.015  0.015  0.132  0.055  0.122  0.051    5    5 99.999 99.999   99  20.676600268 -18.187244235  1 57 59.49 2001  7 15 2452105.58193854    45  14/07/01              pro0005.fits                                       Triton                1050  1050
   0.195  -0.089  561.52  499.56 1.277  22725.33   1240.02 99.999 99.999 99.999 13.153 13.240 99.999 99.999 99.999  0.942 99.999 99.999 99.999 99.999  99.999  99.999  99.999  99.999  0.011  0.011  0.129  0.068  0.119  0.063    5    5 99.999 99.999   99  20.676595490 -18.187282769  2  1  7.86 2001  7 15 2452105.58411875    90  14/07/01              pro0006.fits                                       Triton                1050  1050
   0.157  -0.097  560.41  499.17 1.300  21047.22   1386.38 99.999 99.999 99.999 13.209 13.280 99.999 99.999 99.999  0.914 99.999 99.999 99.999 99.999  99.999  99.999  99.999  99.999  0.012  0.012  0.128  0.063  0.118  0.058    5    5 99.999 99.999   99  20.676589420 -18.187315831  2  5 13.81 2001  7 15 2452105.58696539    90  14/07/01              pro0007.fits                                       Triton                1050  1050
   0.192  -0.062  559.17  497.14 1.778  11542.17    787.37 99.999 99.999 99.999 13.244 13.240 99.999 99.999 99.999  0.540 99.999 99.999 99.999 99.999  99.999  99.999  99.999  99.999  0.006  0.006  0.136  0.050  0.125  0.046    5    5 99.999 99.999   99  20.676583418 -18.187344701  2 10 22.22 2001  7 15 2452105.59053495    90  14/07/01              pro0008.fits                                       Triton                1050  1050
   0.133  -0.099  547.50  494.24 1.555  16883.46    686.82 99.999 99.999 99.999 13.284 13.330 99.999 99.999 99.999  0.802 99.999 99.999 99.999 99.999  99.999  99.999  99.999  99.999  0.009  0.009  0.136  0.060  0.125  0.055    5    5 99.999 99.999   99  20.676577315 -18.187383630  2 14  9.10 2001  7 15 2452105.59316088    90  14/07/01              pro0009.fits                                       Triton                1050  1050
   0.112  -0.088  553.66  497.64 1.300  21659.97   1315.39 99.999 99.999 99.999 13.099 13.180 99.999 99.999 99.999  0.870 99.999 99.999 99.999 99.999  99.999  99.999  99.999  99.999  0.008  0.008  0.113  0.084  0.101  0.076    5    4 99.999 99.999   99  20.676568740 -18.187427487  2 20 24.42 2001  7 15 2452105.59750486    90  14/07/01              pro0010.fits                                       Triton                1050  1050
   0.163  -0.077  560.69  496.80 1.126  24803.20   2428.85 99.999 99.999 99.999 13.059 13.143 99.999 99.999 99.999  0.944 99.999 99.999 99.999 99.999  99.999  99.999  99.999  99.999  0.011  0.011  0.135  0.056  0.124  0.051    5    5 99.999 99.999   99  20.676565822 -18.187446951  2 23 24.30 2001  7 15 2452105.59958681    90  14/07/01              pro0011.fits                                       Triton                1050  1050
