   0.034   0.007  613.47  530.88 1.152   1379.78    278.91 99.999 99.999 99.999 13.329 13.375 99.999 99.999 99.999  0.216 99.999 99.999 99.999 99.999  99.999  99.999  99.999  99.999  0.003  0.003  0.016  0.017  0.060  0.064   20   19 99.999 99.999   99  20.301041022 -19.376393217  4  9 33.20 1999  8 21 2451411.67330093     3  CuSO4                 net21089900001.fits                                Triton                1016  1020
  -0.016  -0.069  612.75  530.53 1.987   1131.21      1.11 99.999 99.999 99.999 13.323 13.390 99.999 99.999 99.999  0.227 99.999 99.999 99.999 99.999  99.999  99.999  99.999  99.999  0.030  0.030  0.017  0.018  0.061  0.063   19   17 99.999 99.999   99  20.301039051 -19.376420037  4 10 27.66 1999  8 21 2451411.67393125     3  CuSO4                 net21089900002.fits                                Triton                1016  1020
  -0.025  -0.076  612.08  532.64 2.320    942.81    -19.78 99.999 99.999 99.999 13.308 13.354 99.999 99.999 99.999  0.218 99.999 99.999 99.999 99.999  99.999  99.999  99.999  99.999  0.030  0.030  0.015  0.018  0.056  0.064   20   18 99.999 99.999   99  20.301037893 -19.376427780  4 11 21.98 1999  8 21 2451411.67455995     3  CuSO4                 net21089900003.fits                                Triton                1016  1020
  -0.024  -0.054  613.42  530.45 1.898   1174.05     12.96 99.999 99.999 99.999 13.340 13.390 99.999 99.999 99.999  0.211 99.999 99.999 99.999 99.999  99.999  99.999  99.999  99.999  0.024  0.024  0.018  0.017  0.066  0.061   20   18 99.999 99.999   99  20.301036955 -19.376427150  4 12 15.59 1999  8 21 2451411.67518044     3  CuSO4                 net21089900004.fits                                Triton                1016  1020
   0.028   0.007  612.01  531.39 1.871   1154.40     25.11 99.999 99.999 99.999 13.258 13.313 99.999 99.999 99.999  0.220 99.999 99.999 99.999 99.999  99.999  99.999  99.999  99.999  0.025  0.025  0.015  0.015  0.056  0.053   20   18 99.999 99.999   99  20.301037000 -19.376415724  4 13  8.90 1999  8 21 2451411.67579745     3  CuSO4                 net21089900005.fits                                Triton                1016  1020
  -0.019  -0.039  611.84  530.60 2.074   1092.13    -11.77 99.999 99.999 99.999 13.317 13.361 99.999 99.999 99.999  0.222 99.999 99.999 99.999 99.999  99.999  99.999  99.999  99.999  0.029  0.029  0.016  0.015  0.058  0.054   19   17 99.999 99.999   99  20.301035062 -19.376434447  4 14  3.14 1999  8 21 2451411.67642523     3  CuSO4                 net21089900006.fits                                Triton                1016  1020
   0.000   0.027  611.26  530.47 1.022   1410.77    311.66 99.999 99.999 99.999 13.341 13.401 99.999 99.999 99.999  0.225 99.999 99.999 99.999 99.999  99.999  99.999  99.999  99.999  0.014  0.014  0.014  0.015  0.053  0.058   20   18 99.999 99.999   99  20.301034476 -19.376421637  4 14 56.95 1999  8 21 2451411.67704803     3  CuSO4                 net21089900007.fits                                Triton                1016  1020
   0.014  -0.004  610.78  531.26 1.565   1225.79    106.55 99.999 99.999 99.999 13.314 13.339 99.999 99.999 99.999  0.220 99.999 99.999 99.999 99.999  99.999  99.999  99.999  99.999  0.023  0.023  0.016  0.015  0.062  0.059   20   18 99.999 99.999   99  20.301033766 -19.376436068  4 15 51.12 1999  8 21 2451411.67767500     3  CuSO4                 net21089900008.fits                                Triton                1016  1020
  -0.007  -0.013  610.49  531.04 2.098    949.48     20.94 99.999 99.999 99.999 13.344 13.406 99.999 99.999 99.999  0.210 99.999 99.999 99.999 99.999  99.999  99.999  99.999  99.999  0.030  0.030  0.019  0.016  0.064  0.054   20   18 99.999 99.999   99  20.301032398 -19.376444125  4 16 44.50 1999  8 21 2451411.67829282     3  CuSO4                 net21089900009.fits                                Triton                1016  1020
   0.029  -0.085  611.29  529.73 1.654   1139.25     92.36 99.999 99.999 99.999 13.321 13.348 99.999 99.999 99.999  0.219 99.999 99.999 99.999 99.999  99.999  99.999  99.999  99.999  0.020  0.020  0.017  0.012  0.066  0.046   20   18 99.999 99.999   99  20.301032099 -19.376469875  4 17 39.21 1999  8 21 2451411.67892604     3  CuSO4                 net21089900010.fits                                Triton                1016  1020
