  -0.052  -0.014  338.08  521.96 0.759   3144.66    307.98 99.999 99.999 99.999 13.472 13.336 99.999 99.999 99.999  0.101 99.999 99.999 99.999 99.999  99.999  99.999  99.999  99.999  0.014  0.014  0.009  0.017  0.029  0.052   12   12 99.999 99.999   99  20.002402117 -20.154987078 23 19  2.27 1997  8 11 2450672.47155405     3  Clear                 11089701.net.fits                                  Triton                 739  1140
  -0.047  -0.050  338.82  522.51 0.854   2691.05    208.22 99.999 99.999 99.999 13.495 13.357 99.999 99.999 99.999  0.082 99.999 99.999 99.999 99.999  99.999  99.999  99.999  99.999  0.011  0.011  0.009  0.017  0.029  0.054   12   12 99.999 99.999   99  20.002400844 -20.155001690 23 19 59.72 1997  8 11 2450672.47221898     3  Clear                 11089702.net.fits                                  Triton                 739  1140
  -0.006  -0.064  338.20  522.34 0.826   2600.95    258.13 99.999 99.999 99.999 13.514 13.369 99.999 99.999 99.999  0.079 99.999 99.999 99.999 99.999  99.999  99.999  99.999  99.999  0.013  0.013  0.012  0.017  0.039  0.055   12   12 99.999 99.999   99  20.002400641 -20.155009174 23 20 42.95 1997  8 11 2450672.47271933     3  Clear                 11089703.net.fits                                  Triton                 739  1140
  -0.068   0.010  338.89  523.03 0.845   2764.35    197.83 99.999 99.999 99.999 13.472 13.313 99.999 99.999 99.999  0.120 99.999 99.999 99.999 99.999  99.999  99.999  99.999  99.999  0.003  0.003  0.012  0.016  0.038  0.051   12   12 99.999 99.999   99  20.002398387 -20.154992228 23 21 26.18 1997  8 11 2450672.47321968     3  Clear                 11089704.net.fits                                  Triton                 739  1140
  -0.086   0.012  340.36  523.04 0.937   2357.67    159.60 99.999 99.999 99.999 13.491 13.354 99.999 99.999 99.999  0.082 99.999 99.999 99.999 99.999  99.999  99.999  99.999  99.999  0.008  0.008  0.013  0.019  0.039  0.061   12   12 99.999 99.999   99  20.002396961 -20.154995154 23 22  9.46 1997  8 11 2450672.47372060     3  Clear                 11089705.net.fits                                  Triton                 739  1140
  -0.027  -0.024  339.42  523.31 0.834   2733.78    231.50 99.999 99.999 99.999 13.428 13.297 99.999 99.999 99.999  0.092 99.999 99.999 99.999 99.999  99.999  99.999  99.999  99.999  0.012  0.012  0.012  0.020  0.039  0.063   12   12 99.999 99.999   99  20.002397107 -20.155008845 23 22 52.68 1997  8 11 2450672.47422083     3  Clear                 11089706.net.fits                                  Triton                 739  1140
  -0.056   0.010  339.51  524.13 0.844   2754.38    224.10 99.999 99.999 99.999 13.493 13.344 99.999 99.999 99.999  0.077 99.999 99.999 99.999 99.999  99.999  99.999  99.999  99.999  0.015  0.015  0.012  0.017  0.038  0.053   12   12 99.999 99.999   99  20.002395497 -20.155003075 23 23 35.91 1997  8 11 2450672.47472118     3  Clear                 11089707.net.fits                                  Triton                 739  1140
  -0.037  -0.039  340.20  523.70 0.845   2864.72    199.09 99.999 99.999 99.999 13.526 13.382 99.999 99.999 99.999  0.091 99.999 99.999 99.999 99.999  99.999  99.999  99.999  99.999  0.010  0.010  0.012  0.018  0.037  0.056   12   12 99.999 99.999   99  20.002394846 -20.155020257 23 24 19.14 1997  8 11 2450672.47522153     3  Clear                 11089708.net.fits                                  Triton                 739  1140
  -0.048  -0.026  340.00  523.50 0.820   3092.69    188.13 99.999 99.999 99.999 13.427 13.284 99.999 99.999 99.999  0.092 99.999 99.999 99.999 99.999  99.999  99.999  99.999  99.999  0.013  0.013  0.010  0.016  0.031  0.050   12   12 99.999 99.999   99  20.002393584 -20.155020176 23 25  3.42 1997  8 11 2450672.47573403     3  Clear                 11089709.net.fits                                  Triton                 739  1140
  -0.054  -0.029  341.91  524.08 0.853   2907.75    165.82 99.999 99.999 99.999 13.513 13.383 99.999 99.999 99.999  0.078 99.999 99.999 99.999 99.999  99.999  99.999  99.999  99.999  0.000  0.000  0.010  0.017  0.032  0.054   12   12 99.999 99.999   99  20.002392457 -20.155024721 23 25 45.64 1997  8 11 2450672.47622269     3  Clear                 11089710.net.fits                                  Triton                 739  1140
  -0.090   0.012   44.82   51.72 1.973  41695.83  -1559.83 99.999 99.999 99.999 14.784 14.726 99.999 99.999 99.999  0.570 99.999 99.999 99.999 99.999  99.999  99.999  99.999  99.999  0.021  0.021  0.039  0.036  0.064  0.058   18   16 99.999 99.999   99  20.002369385 -20.155090902 23 41 24.00 1997  8 11 2450672.48708333   240  Clear                 11089711.net.fits                                  Triton                 739  1140
  -0.103   0.005   47.10   52.54 1.844  42072.91  -1537.21 99.999 99.999 99.999 14.955 14.968 99.999 99.999 99.999  0.667 99.999 99.999 99.999 99.999  99.999  99.999  99.999  99.999  0.019  0.019  0.041  0.029  0.068  0.048   18   16 99.999 99.999   99  20.002354241 -20.155143921 23 51 48.00 1997  8 11 2450672.49430556   240  Clear                 11089713.net.fits                                  Triton                 739  1140
  -0.095  -0.003   51.05   51.21 1.816  41883.52  -1749.08 99.999 99.999 99.999 14.994 14.938 99.999 99.999 99.999  0.671 99.999 99.999 99.999 99.999  99.999  99.999  99.999  99.999  0.023  0.023  0.043  0.030  0.070  0.049   19   15 99.999 99.999   99  20.002327958 -20.155236442 24 10 14.00 1997  8 11 2450672.50710648   240  Clear                 11089715.net.fits                                  Triton                 739  1140
  -0.061  -0.028  381.24  538.88 0.583   4235.62    699.73 99.999 99.999 99.999 13.527 13.320 99.999 99.999 99.999  0.068 99.999 99.999 99.999 99.999  99.999  99.999  99.999  99.999  0.020  0.021  0.008  0.013  0.025  0.041   10   10 99.999 99.999   99  20.002302386 -20.155332152 24 28 30.73 1997  8 11 2450672.51980012     3  Clear                 11089716.net.fits                                  Triton                 739  1140
  -0.041  -0.070  382.44  539.33 0.697   4489.21    234.86 99.999 99.999 99.999 13.522 13.365 99.999 99.999 99.999  0.094 99.999 99.999 99.999 99.999  99.999  99.999  99.999  99.999  0.020  0.020  0.011  0.021  0.033  0.062    9    9 99.999 99.999   99  20.002301078 -20.155349378 24 29 41.69 1997  8 11 2450672.52062141     3  Clear                 11089717.net.fits                                  Triton                 739  1140
  -0.051  -0.064  382.87  539.56 0.688   4638.89    218.58 99.999 99.999 99.999 13.525 13.325 99.999 99.999 99.999  0.070 99.999 99.999 99.999 99.999  99.999  99.999  99.999  99.999  0.021  0.021  0.008  0.020  0.023  0.057    9    9 99.999 99.999   99  20.002299852 -20.155351485 24 30 24.92 1997  8 11 2450672.52112176     3  Clear                 11089718.net.fits                                  Triton                 739  1140
  -0.064  -0.043  382.41  539.61 0.691   4533.95    234.51 99.999 99.999 99.999 13.502 13.363 99.999 99.999 99.999  0.078 99.999 99.999 99.999 99.999  99.999  99.999  99.999  99.999  0.019  0.019  0.010  0.021  0.031  0.064   10   10 99.999 99.999   99  20.002298565 -20.155349008 24 31  8.20 1997  8 11 2450672.52162269     3  Clear                 11089719.net.fits                                  Triton                 739  1140
  -0.054  -0.046  382.99  539.84 0.662   4666.29    344.45 99.999 99.999 99.999 13.502 13.335 99.999 99.999 99.999  0.076 99.999 99.999 99.999 99.999  99.999  99.999  99.999  99.999  0.019  0.019  0.011  0.020  0.032  0.059   10   10 99.999 99.999   99  20.002297717 -20.155353309 24 31 51.43 1997  8 11 2450672.52212303     3  Clear                 11089720.net.fits                                  Triton                 739  1140
  -0.043  -0.050  382.80  540.20 0.643   4267.21    469.93 99.999 99.999 99.999 13.556 13.325 99.999 99.999 99.999  0.081 99.999 99.999 99.999 99.999  99.999  99.999  99.999  99.999  0.024  0.024  0.008  0.017  0.025  0.052   10   10 99.999 99.999   99  20.002296895 -20.155357663 24 32 34.66 1997  8 11 2450672.52262338     3  Clear                 11089721.net.fits                                  Triton                 739  1140
  -0.070  -0.024  383.15  540.51 0.656   4442.56    392.15 99.999 99.999 99.999 13.563 13.363 99.999 99.999 99.999  0.090 99.999 99.999 99.999 99.999  99.999  99.999  99.999  99.999  0.019  0.019  0.006  0.016  0.017  0.048    9    9 99.999 99.999   99  20.002295347 -20.155354038 24 33 17.88 1997  8 11 2450672.52312361     3  Clear                 11089722.net.fits                                  Triton                 739  1140
  -0.070  -0.039  383.91  540.67 0.706   4458.58    176.23 99.999 99.999 99.999 13.533 13.322 99.999 99.999 99.999  0.081 99.999 99.999 99.999 99.999  99.999  99.999  99.999  99.999  0.018  0.018  0.013  0.024  0.032  0.058    9    9 99.999 99.999   99  20.002294304 -20.155361600 24 34  1.11 1997  8 11 2450672.52362396     3  Clear                 11089723.net.fits                                  Triton                 739  1140
  -0.039  -0.078  383.20  540.87 0.740   4045.92    185.04 99.999 99.999 99.999 13.522 13.338 99.999 99.999 99.999  0.095 99.999 99.999 99.999 99.999  99.999  99.999  99.999  99.999  0.019  0.019  0.011  0.022  0.032  0.067   10   10 99.999 99.999   99  20.002293869 -20.155376134 24 34 44.39 1997  8 11 2450672.52412488     3  Clear                 11089724.net.fits                                  Triton                 739  1140
  -0.065  -0.041  384.57  540.75 0.738   3946.90    229.14 99.999 99.999 99.999 13.510 13.335 99.999 99.999 99.999  0.093 99.999 99.999 99.999 99.999  99.999  99.999  99.999  99.999  0.018  0.019  0.009  0.018  0.028  0.056   11   11 99.999 99.999   99  20.002292337 -20.155369165 24 35 27.62 1997  8 11 2450672.52462523     3  Clear                 11089725.net.fits                                  Triton                 739  1140
   0.029  -0.021  364.34  545.59 0.806   2701.86    307.20 99.999 99.999 99.999 13.467 13.293 99.999 99.999 99.999  0.102 99.999 99.999 99.999 99.999  99.999  99.999  99.999  99.999  0.014  0.014  0.007  0.017  0.023  0.053   11   11 99.999 99.999   99  20.002149358 -20.155836460 26 15 56.06 1997  8 11 2450672.59439884     3  Clear                 11089726.net.fits                                  Triton                 739  1140
   0.037   0.000  363.38  546.15 1.063   1892.48    152.75 99.999 99.999 99.999 13.518 13.341 99.999 99.999 99.999  0.106 99.999 99.999 99.999 99.999  99.999  99.999  99.999  99.999  0.014  0.014  0.008  0.017  0.025  0.053   11   11 99.999 99.999   99  20.002147307 -20.155837406 26 17 27.24 1997  8 11 2450672.59545417     3  Clear                 11089727.net.fits                                  Triton                 739  1140
   0.037  -0.030  362.90  546.82 0.827   2442.73    288.20 99.999 99.999 99.999 13.522 13.297 99.999 99.999 99.999  0.104 99.999 99.999 99.999 99.999  99.999  99.999  99.999  99.999  0.016  0.016  0.010  0.018  0.032  0.056   11   11 99.999 99.999   99  20.002146280 -20.155849127 26 18 10.24 1997  8 11 2450672.59595185     3  Clear                 11089728.net.fits                                  Triton                 739  1140
   0.018   0.030  363.46  545.84 1.118   1836.12    108.73 99.999 99.999 99.999 13.492 13.295 99.999 99.999 99.999  0.113 99.999 99.999 99.999 99.999  99.999  99.999  99.999  99.999  0.013  0.013  0.010  0.013  0.032  0.040   11   10 99.999 99.999   99  20.002144856 -20.155835870 26 18 53.25 1997  8 11 2450672.59644965     3  Clear                 11089729.net.fits                                  Triton                 739  1140
   0.044  -0.045  361.26  546.43 1.041   2183.63    103.28 99.999 99.999 99.999 13.568 13.386 99.999 99.999 99.999  0.128 99.999 99.999 99.999 99.999  99.999  99.999  99.999  99.999  0.015  0.015  0.010  0.017  0.033  0.055   11   11 99.999 99.999   99  20.002144348 -20.155859953 26 19 36.26 1997  8 11 2450672.59694745     3  Clear                 11089730.net.fits                                  Triton                 739  1140
   0.027   0.007  367.56  547.05 0.951   2375.05    165.34 99.999 99.999 99.999 13.452 13.319 99.999 99.999 99.999  0.096 99.999 99.999 99.999 99.999  99.999  99.999  99.999  99.999  0.016  0.016  0.010  0.015  0.031  0.047   11   11 99.999 99.999   99  20.002142979 -20.155848563 26 20 19.21 1997  8 11 2450672.59744456     3  Clear                 11089731.net.fits                                  Triton                 739  1140
   0.037  -0.014  368.23  547.17 0.816   2484.19    351.85 99.999 99.999 99.999 13.553 13.362 99.999 99.999 99.999  0.094 99.999 99.999 99.999 99.999  99.999  99.999  99.999  99.999  0.014  0.014  0.009  0.014  0.030  0.045   11   11 99.999 99.999   99  20.002142141 -20.155857743 26 21  2.27 1997  8 11 2450672.59794294     3  Clear                 11089732.net.fits                                  Triton                 739  1140
   0.034  -0.015  372.58  547.13 0.934   2694.08    119.20 99.999 99.999 99.999 13.574 13.409 99.999 99.999 99.999  0.089 99.999 99.999 99.999 99.999  99.999  99.999  99.999  99.999  0.013  0.013  0.010  0.020  0.033  0.063   11   11 99.999 99.999   99  20.002141030 -20.155861384 26 21 45.17 1997  8 11 2450672.59843947     3  Clear                 11089733.net.fits                                  Triton                 739  1140
   0.046  -0.014  371.76  547.18 0.909   2201.92    246.12 99.999 99.999 99.999 13.529 13.372 99.999 99.999 99.999  0.120 99.999 99.999 99.999 99.999  99.999  99.999  99.999  99.999  0.012  0.012  0.008  0.014  0.026  0.043   11   10 99.999 99.999   99  20.002140241 -20.155864331 26 22 28.23 1997  8 11 2450672.59893785     3  Clear                 11089734.net.fits                                  Triton                 739  1140
   0.035   0.022  371.71  547.87 0.910   2365.00    204.62 99.999 99.999 99.999 13.490 13.307 99.999 99.999 99.999  0.090 99.999 99.999 99.999 99.999  99.999  99.999  99.999  99.999  0.016  0.016  0.013  0.012  0.042  0.039   11   11 99.999 99.999   99  20.002138992 -20.155857873 26 23 11.18 1997  8 11 2450672.59943495     3  Clear                 11089735.net.fits                                  Triton                 739  1140
