   0.046  -0.002  397.73  521.53 1.336    543.74    131.90 99.999 99.999 99.999 13.347 13.235 99.999 99.999 99.999  0.056 99.999 99.999 99.999 99.999  99.999  99.999  99.999  99.999  0.012  0.012  0.012  0.038  0.028  0.088    8    7 99.999 99.999   99  19.825223721 -20.575399481  3 43 44.63 1996  8 24 2450319.65537766     2                        24089601.net.fits                                  Triton                 739  1140
   0.020   0.041  396.45  519.25 1.445    522.80    115.81 99.999 99.999 99.999 13.394 13.318 99.999 99.999 99.999  0.088 99.999 99.999 99.999 99.999  99.999  99.999  99.999  99.999  0.015  0.015  0.030  0.034  0.074  0.084    8    8 99.999 99.999   99  19.825220893 -20.575396306  3 45 40.91 1996  8 24 2450319.65672350     2                        24089602.net.fits                                  Triton                 739  1140
   0.140  -0.015  392.55  518.65 1.475    429.03    121.12 99.999 99.999 99.999 13.400 13.324 99.999 99.999 99.999  0.130 99.999 99.999 99.999 99.999  99.999  99.999  99.999  99.999  0.008  0.008  0.012  0.015  0.029  0.037    8    8 99.999 99.999   99  19.825222456 -20.575414851  3 46 20.90 1996  8 24 2450319.65718634     2                        24089603.net.fits                                  Triton                 739  1140
   0.107  -0.025  393.08  519.77 1.428    555.63    107.19 99.999 99.999 99.999 13.416 13.355 99.999 99.999 99.999  0.097 99.999 99.999 99.999 99.999  99.999  99.999  99.999  99.999  0.010  0.010  0.027  0.023  0.082  0.069   10   10 99.999 99.999   99  19.825221037 -20.575420595  3 47  0.83 1996  8 24 2450319.65764850     2                        24089604.net.fits                                  Triton                 739  1140
   0.174  -0.093  391.40  518.94 1.744    374.44     93.89 99.999 99.999 99.999 13.366 13.289 99.999 99.999 99.999  0.132 99.999 99.999 99.999 99.999  99.999  99.999  99.999  99.999  0.008  0.008  0.017  0.033  0.043  0.080    8    8 99.999 99.999   99  19.825221547 -20.575442623  3 47 40.87 1996  8 24 2450319.65811192     2                        24089605.net.fits                                  Triton                 739  1140
   0.071  -0.066  388.68  519.76 1.864    334.90     91.21 99.999 99.999 99.999 13.542 13.429 99.999 99.999 99.999  0.073 99.999 99.999 99.999 99.999  99.999  99.999  99.999  99.999  0.004  0.004  0.024  0.038  0.055  0.088    8    7 99.999 99.999   99  19.825218733 -20.575437839  3 48 19.92 1996  8 24 2450319.65856389     2                        24089606.net.fits                                  Triton                 739  1140
  -0.031  -0.074  390.29  518.67 1.448    463.89    116.45 99.999 99.999 99.999 13.376 13.264 99.999 99.999 99.999  0.104 99.999 99.999 99.999 99.999  99.999  99.999  99.999  99.999  0.013  0.013  0.012  0.013  0.033  0.036    8    8 99.999 99.999   99  19.825215878 -20.575442986  3 49  0.84 1996  8 24 2450319.65903750     2                        24089608.net.fits                                  Triton                 739  1140
   0.004  -0.015  391.28  519.96 1.446    512.57    111.27 99.999 99.999 99.999 13.410 13.311 99.999 99.999 99.999  0.089 99.999 99.999 99.999 99.999  99.999  99.999  99.999  99.999  0.013  0.013  0.019  0.025  0.056  0.073   10   10 99.999 99.999   99  19.825216573 -20.575426850  3 49  0.89 1996  8 24 2450319.65903808     2                        24089607.net.fits                                  Triton                 739  1140
   0.032  -0.086  388.15  519.21 1.455    492.99    113.02 99.999 99.999 99.999 13.357 13.270 99.999 99.999 99.999  0.150 99.999 99.999 99.999 99.999  99.999  99.999  99.999  99.999  0.012  0.012  0.017  0.018  0.046  0.050    9    8 99.999 99.999   99  19.825215585 -20.575452096  3 50 18.89 1996  8 24 2450319.65994086     2                        24089609.net.fits                                  Triton                 739  1140
   0.157   0.011  387.67  520.61 1.576    474.61     96.88 99.999 99.999 99.999 13.244 13.157 99.999 99.999 99.999  0.109 99.999 99.999 99.999 99.999  99.999  99.999  99.999  99.999  0.007  0.007  0.030  0.029  0.075  0.072    9    8 99.999 99.999   99  19.825217252 -20.575428308  3 50 59.92 1996  8 24 2450319.66041574     2                        24089610.net.fits                                  Triton                 739  1140
