  -0.095  -0.003  619.54  510.29 1.364    107.86     29.01 99.999 99.999 99.999 13.545 13.465 99.999 99.999 99.999  0.198 99.999 99.999 99.999 99.999  99.999  99.999  99.999  99.999  0.008  0.008  0.017  0.015  0.050  0.045   13   13 99.999 99.999   99  19.934311961 -20.262900198  4 58 59.91 1996  6 23 2450257.70763785     5  CLEAR                 22069603.net.fits                                  Triton                1024  1024
  -0.057  -0.082  621.10  510.63 1.498     22.90     26.68 99.999 99.999 99.999 13.558 13.055 99.999 99.999 99.999  0.147 99.999 99.999 99.999 99.999  99.999  99.999  99.999  99.999  0.025  0.025  0.042  0.065  0.039  0.060    4    4 99.999 99.999   99  19.934311908 -20.262922947  4 59 45.66 1996  6 23 2450257.70816736     5  CLEAR                 22069604.net.fits                                  Triton                1024  1024
  -0.037   0.000  619.99  510.10 1.420    580.02     56.23 99.999 99.999 99.999 13.379 13.227 99.999 99.999 99.999  0.209 99.999 99.999 99.999 99.999  99.999  99.999  99.999  99.999  0.006  0.006  0.017  0.015  0.051  0.046   13   13 99.999 99.999   99  19.934310705 -20.262901830  5  1 17.17 1996  6 23 2450257.70922650     5  CLEAR                 22069606.net.fits                                  Triton                1024  1024
  -0.028   0.031  621.84  509.02 1.403    520.01     48.46 99.999 99.999 99.999 13.427 13.346 99.999 99.999 99.999  0.140 99.999 99.999 99.999 99.999  99.999  99.999  99.999  99.999  0.007  0.007  0.018  0.018  0.055  0.053   13   13 99.999 99.999   99  19.934310107 -20.262894156  5  2  2.87 1996  6 23 2450257.70975544     5  CLEAR                 22069607.net.fits                                  Triton                1024  1024
  -0.082  -0.066  622.52  508.75 1.290    144.93     30.08 99.999 99.999 99.999 13.536 13.502 99.999 99.999 99.999  0.172 99.999 99.999 99.999 99.999  99.999  99.999  99.999  99.999  0.010  0.010  0.016  0.014  0.049  0.043   13   13 99.999 99.999   99  19.934307436 -20.262922643  5  3 35.32 1996  6 23 2450257.71082546     5  CLEAR                 22069609.net.fits                                  Triton                1024  1024
  -0.076  -0.024  624.57  506.11 1.090    866.42     78.79 99.999 99.999 99.999 13.434 13.322 99.999 99.999 99.999  0.157 99.999 99.999 99.999 99.999  99.999  99.999  99.999  99.999  0.009  0.009  0.014  0.012  0.043  0.036   13   13 99.999 99.999   99  19.934297839 -20.262920733  5 12 55.23 1996  6 23 2450257.71730590    10  CLEAR                 22069612.net.fits                                  Triton                1024  1024
  -0.076  -0.019  626.53  505.38 1.271    538.16     64.31 99.999 99.999 99.999 13.470 13.351 99.999 99.999 99.999  0.143 99.999 99.999 99.999 99.999  99.999  99.999  99.999  99.999  0.006  0.006  0.018  0.011  0.053  0.033   13   13 99.999 99.999   99  19.934296936 -20.262920146  5 13 46.98 1996  6 23 2450257.71790486    10  CLEAR                 22069613.net.fits                                  Triton                1024  1024
  -0.082  -0.032  627.08  504.82 1.249    374.73     70.86 99.999 99.999 99.999 13.344 13.296 99.999 99.999 99.999  0.168 99.999 99.999 99.999 99.999  99.999  99.999  99.999  99.999  0.009  0.009  0.014  0.015  0.042  0.045   13   13 99.999 99.999   99  19.934295052 -20.262925525  5 15 28.49 1996  6 23 2450257.71907975    10  CLEAR                 22069615.net.fits                                  Triton                1024  1024
  -0.080  -0.022  626.62  504.88 1.282    322.86     61.38 99.999 99.999 99.999 13.421 13.400 99.999 99.999 99.999  0.220 99.999 99.999 99.999 99.999  99.999  99.999  99.999  99.999  0.006  0.006  0.013  0.012  0.039  0.035   13   13 99.999 99.999   99  19.934294233 -20.262923592  5 16 18.24 1996  6 23 2450257.71965556    10  CLEAR                 22069616.net.fits                                  Triton                1024  1024
  -0.108   0.032  625.80  503.55 1.339     28.72     41.87 99.999 99.999 99.999 13.437 13.216 99.999 99.999 99.999  0.179 99.999 99.999 99.999 99.999  99.999  99.999  99.999  99.999  0.021  0.021  0.026  0.005  0.047  0.009    7    7 99.999 99.999   99  19.934292781 -20.262909814  5 17  9.93 1996  6 23 2450257.72025382    10  CLEAR                 22069617.net.fits                                  Triton                1024  1024
  -0.087  -0.030  625.77  503.47 1.306    171.69     43.22 99.999 99.999 99.999 13.470 13.366 99.999 99.999 99.999  0.125 99.999 99.999 99.999 99.999  99.999  99.999  99.999  99.999  0.009  0.009  0.019  0.023  0.043  0.055   11   11 99.999 99.999   99  19.934291453 -20.262928473  5 18 51.49 1996  6 23 2450257.72142928    10  CLEAR                 22069619.net.fits                                  Triton                1024  1024
   0.007  -0.044  626.80  501.40 1.302     17.34     41.52 99.999 99.999 99.999 13.451 12.948 99.999 99.999 99.999  0.070 99.999 99.999 99.999 99.999  99.999  99.999  99.999  99.999  0.003  0.003  0.018  0.032  0.017  0.029    4    4 99.999 99.999   99  19.934284398 -20.262941269  5 27 25.98 1996  6 23 2450257.72738403    10  CLEAR                 22069623.net.fits                                  Triton                1024  1024
  -0.135  -0.053  627.05  500.81 1.206     15.41     42.11 99.999 99.999 99.999 13.491 12.987 99.999 99.999 99.999  0.097 99.999 99.999 99.999 99.999  99.999  99.999  99.999  99.999  0.004  0.004  0.062  0.044  0.057  0.040    4    4 99.999 99.999   99  19.934279841 -20.262945770  5 29  7.37 1996  6 23 2450257.72855752    10  CLEAR                 22069625.net.fits                                  Triton                1024  1024
  -0.054   0.020  627.29  500.96 1.176    437.45     58.67 99.999 99.999 99.999 13.425 13.336 99.999 99.999 99.999  0.125 99.999 99.999 99.999 99.999  99.999  99.999  99.999  99.999  0.008  0.008  0.019  0.010  0.045  0.024   11   11 99.999 99.999   99  19.934280581 -20.262926349  5 29 58.12 1996  6 23 2450257.72914491    10  CLEAR                 22069626.net.fits                                  Triton                1024  1024
  -0.052   0.017  625.04  499.83 1.287   1443.84     96.49 99.999 99.999 99.999 13.506 13.250 99.999 99.999 99.999  0.130 99.999 99.999 99.999 99.999  99.999  99.999  99.999  99.999  0.007  0.007  0.019  0.016  0.044  0.037   11   11 99.999 99.999   99  19.934277980 -20.262929922  5 32 30.43 1996  6 23 2450257.73090775    10  CLEAR                 22069629.net.fits                                  Triton                1024  1024
  -0.048  -0.015  626.10  499.60 1.142    594.09     92.16 99.999 99.999 99.999 13.460 13.343 99.999 99.999 99.999  0.135 99.999 99.999 99.999 99.999  99.999  99.999  99.999  99.999  0.006  0.006  0.016  0.017  0.038  0.039   11   11 99.999 99.999   99  19.934277155 -20.262939816  5 33 21.18 1996  6 23 2450257.73149514    10  CLEAR                 22069630.net.fits                                  Triton                1024  1024
