   0.059  -0.071  480.58  465.91 1.210   1150.69   8399.38 99.999 99.999 99.999 13.465 13.144 99.999 99.999 99.999  0.097 99.999 99.999 99.999 99.999  99.999  99.999  99.999  99.999  0.026  0.026  0.035  0.022  0.091  0.055    8    7 99.999 99.999   99  20.403909848 -19.113584896 23 47 33.89 2000 10  9 2451827.49136447     3  filtro desconhecido   netuno00.fits                                      Triton                1024  1024
   0.035  -0.024  478.40  468.02 1.272   1302.61  13707.90 99.999 99.999 99.999 13.433 13.046 99.999 99.999 99.999  0.123 99.999 99.999 99.999 99.999  99.999  99.999  99.999  99.999  0.028  0.028  0.035  0.028  0.090  0.071    7    7 99.999 99.999   99  20.403909857 -19.113570639 23 54 15.68 2000 10  9 2451827.49601481     3  filtro desconhecido   netuno09.fits                                      Triton                1024  1024
   0.003  -0.005  478.36  469.86 1.559    872.40  11482.22 99.999 99.999 99.999 13.453 13.132 99.999 99.999 99.999  0.110 99.999 99.999 99.999 99.999  99.999  99.999  99.999  99.999  0.017  0.017  0.026  0.021  0.059  0.046    8    7 99.999 99.999   99  20.403909288 -19.113565222 23 55  1.41 2000 10  9 2451827.49654410     3  filtro desconhecido   netuno10.fits                                      Triton                1024  1024
   0.034  -0.061  477.44  472.09 1.421    984.99  11187.74 99.999 99.999 99.999 13.522 13.135 99.999 99.999 99.999  0.101 99.999 99.999 99.999 99.999  99.999  99.999  99.999  99.999  0.023  0.023  0.034  0.028  0.088  0.073    7    7 99.999 99.999   99  20.403910057 -19.113580142 23 57 14.70 2000 10  9 2451827.49808681     3  filtro desconhecido   netuno13.fits                                      Triton                1024  1024
   0.110  -0.158  476.65  481.25 1.159   1185.59   6513.75 99.999 99.999 99.999 13.510 13.114 99.999 99.999 99.999  0.152 99.999 99.999 99.999 99.999  99.999  99.999  99.999  99.999  0.032  0.033  0.026  0.033  0.060  0.076    7    6 99.999 99.999   99  20.403911804 -19.113606574 24  0 59.49 2000 10  9 2451827.50068854     3  filtro desconhecido   netuno18.fits                                      Triton                1024  1024
   0.057  -0.051  475.34  481.43 1.278   1051.66  13747.78 99.999 99.999 99.999 13.556 13.229 99.999 99.999 99.999  0.102 99.999 99.999 99.999 99.999  99.999  99.999  99.999  99.999  0.019  0.019  0.026  0.028  0.065  0.071    8    7 99.999 99.999   99  20.403910819 -19.113576831 24  1 44.25 2000 10  9 2451827.50120660     3  filtro desconhecido   netuno19.fits                                      Triton                1024  1024
   0.053  -0.019  475.08  484.33 1.413    979.20  13708.61 99.999 99.999 99.999 13.563 13.237 99.999 99.999 99.999  0.099 99.999 99.999 99.999 99.999  99.999  99.999  99.999  99.999  0.009  0.009  0.033  0.037  0.094  0.103    8    8 99.999 99.999   99  20.403910794 -19.113567829 24  2 29.02 2000 10  9 2451827.50172477     3  filtro desconhecido   netuno20.fits                                      Triton                1024  1024
   0.075  -0.016  474.55  482.42 1.137   1154.57  10310.43 99.999 99.999 99.999 13.535 13.209 99.999 99.999 99.999  0.091 99.999 99.999 99.999 99.999  99.999  99.999  99.999  99.999  0.025  0.025  0.034  0.024  0.095  0.067    8    8 99.999 99.999   99  20.403911336 -19.113566593 24  3 57.54 2000 10  9 2451827.50274931     3  filtro desconhecido   netuno22.fits                                      Triton                1024  1024
   0.029  -0.054  474.72  481.24 1.418    898.58  12460.30 99.999 99.999 99.999 13.573 13.299 99.999 99.999 99.999  0.128 99.999 99.999 99.999 99.999  99.999  99.999  99.999  99.999  0.027  0.027  0.029  0.031  0.073  0.077    9    8 99.999 99.999   99  20.403910514 -19.113576918 24  5 28.07 2000 10  9 2451827.50379711     3  filtro desconhecido   netuno24.fits                                      Triton                1024  1024
   0.009  -0.035  473.95  481.75 1.360    949.93  13721.68 99.999 99.999 99.999 13.629 13.504 99.999 99.999 99.999  0.114 99.999 99.999 99.999 99.999  99.999  99.999  99.999  99.999  0.028  0.028  0.030  0.029  0.075  0.073    8    7 99.999 99.999   99  20.403910240 -19.113571328 24  6 56.59 2000 10  9 2451827.50482164     3  filtro desconhecido   netuno26.fits                                      Triton                1024  1024
   0.068  -0.002  473.80  480.07 1.079   1118.15   6550.15 99.999 99.999 99.999 13.551 13.169 99.999 99.999 99.999  0.082 99.999 99.999 99.999 99.999  99.999  99.999  99.999  99.999  0.026  0.026  0.044  0.019  0.098  0.043    6    5 99.999 99.999   99  20.403911445 -19.113562361 24  7 42.36 2000 10  9 2451827.50535139     3  filtro desconhecido   netuno27.fits                                      Triton                1024  1024
   0.180  -0.283  473.94  481.92 0.931   1102.50   9433.18 99.999 99.999 99.999 13.584 13.264 99.999 99.999 99.999  0.186 99.999 99.999 99.999 99.999  99.999  99.999  99.999  99.999  0.003  0.003  0.000  0.036  0.001  0.071    7    4 99.999 99.999   99  20.403913691 -19.113640399 24  8 27.12 2000 10  9 2451827.50586944     3  filtro desconhecido   netuno28.fits                                      Triton                1024  1024
   0.014  -0.031  473.77  481.85 0.819   1275.74   8835.89 99.999 99.999 99.999 13.627 13.483 99.999 99.999 99.999  0.191 99.999 99.999 99.999 99.999  99.999  99.999  99.999  99.999  0.021  0.020  0.014  0.031  0.027  0.058    5    5 99.999 99.999   99  20.403910504 -19.113569908 24  9 11.86 2000 10  9 2451827.50638727     3  filtro desconhecido   netuno29.fits                                      Triton                1024  1024
