  -0.001  -0.084  425.70  503.38 0.857   2883.59    538.51 99.999 99.999 99.999 13.345 13.627 99.999 99.999 99.999  0.173 99.999 99.999 99.999 99.999  99.999  99.999  99.999  99.999  0.012  0.012  0.012  0.014  0.041  0.050   15   14 99.999 99.999   99  19.793773847 -20.569348816  6  3 17.71 1995  6 13 2449881.75228831     4  C                     13069501.net.fits                                  Triton                 739  1152
  -0.005  -0.027  426.24  504.57 0.853   4336.92    290.03 99.999 99.999 99.999 13.399 13.604 99.999 99.999 99.999  0.106 99.999 99.999 99.999 99.999  99.999  99.999  99.999  99.999  0.014  0.014  0.011  0.014  0.037  0.047   11   11 99.999 99.999   99  19.793772479 -20.569334304  6  4 41.71 1995  6 13 2449881.75326053     4  C                     13069502.net.fits                                  Triton                 739  1152
   0.033  -0.044  427.12  503.99 1.205   2622.52    130.03 99.999 99.999 99.999 13.338 13.579 99.999 99.999 99.999  0.101 99.999 99.999 99.999 99.999  99.999  99.999  99.999  99.999  0.032  0.032  0.012  0.014  0.042  0.048   14   14 99.999 99.999   99  19.793772575 -20.569339700  6  5 27.01 1995  6 13 2449881.75378484     4  C                     13069503.net.fits                                  Triton                 739  1152
   0.015  -0.063  427.36  505.13 1.044   3101.22    209.91 99.999 99.999 99.999 13.425 13.669 99.999 99.999 99.999  0.117 99.999 99.999 99.999 99.999  99.999  99.999  99.999  99.999  0.010  0.010  0.013  0.015  0.046  0.053   13   13 99.999 99.999   99  19.793771489 -20.569345562  6  6 14.31 1995  6 13 2449881.75433229     4  C                     13069504.net.fits                                  Triton                 739  1152
  -0.001  -0.061  427.50  505.03 0.980   3244.31    273.69 99.999 99.999 99.999 13.374 13.619 99.999 99.999 99.999  0.119 99.999 99.999 99.999 99.999  99.999  99.999  99.999  99.999  0.013  0.013  0.013  0.011  0.045  0.037   13   12 99.999 99.999   99  19.793770482 -20.569345694  6  7  0.62 1995  6 13 2449881.75486829     4  C                     13069505.net.fits                                  Triton                 739  1152
  -0.003  -0.040  427.69  505.16 1.157   2654.25    164.09 99.999 99.999 99.999 13.436 13.678 99.999 99.999 99.999  0.110 99.999 99.999 99.999 99.999  99.999  99.999  99.999  99.999  0.014  0.014  0.011  0.016  0.037  0.055   14   14 99.999 99.999   99  19.793769755 -20.569340409  6  7 46.92 1995  6 13 2449881.75540417     4  C                     13069506.net.fits                                  Triton                 739  1152
   0.020  -0.034  428.15  504.69 0.807   2970.16    597.43 99.999 99.999 99.999 13.397 13.639 99.999 99.999 99.999  0.132 99.999 99.999 99.999 99.999  99.999  99.999  99.999  99.999  0.016  0.016  0.011  0.015  0.039  0.052   14   14 99.999 99.999   99  19.793769513 -20.569339030  6  8 33.22 1995  6 13 2449881.75594005     4  C                     13069507.net.fits                                  Triton                 739  1152
  -0.018  -0.048  427.34  505.55 0.974   2937.95    329.39 99.999 99.999 99.999 13.441 13.686 99.999 99.999 99.999  0.117 99.999 99.999 99.999 99.999  99.999  99.999  99.999  99.999  0.014  0.014  0.013  0.010  0.045  0.035   13   12 99.999 99.999   99  19.793768059 -20.569343658  6  9 19.52 1995  6 13 2449881.75647593     4  C                     13069508.net.fits                                  Triton                 739  1152
   0.039  -0.008  429.06  505.98 0.925   2702.60    436.99 99.999 99.999 99.999 13.436 13.695 99.999 99.999 99.999  0.140 99.999 99.999 99.999 99.999  99.999  99.999  99.999  99.999  0.020  0.020  0.011  0.016  0.040  0.058   14   14 99.999 99.999   99  19.793768517 -20.569333288  6 10  5.82 1995  6 13 2449881.75701181     4  C                     13069509.net.fits                                  Triton                 739  1152
   0.025  -0.079  428.64  506.52 1.266   2341.49    144.59 99.999 99.999 99.999 13.454 13.682 99.999 99.999 99.999  0.120 99.999 99.999 99.999 99.999  99.999  99.999  99.999  99.999  0.022  0.022  0.015  0.012  0.055  0.046   15   15 99.999 99.999   99  19.793767552 -20.569353510  6 10 51.13 1995  6 13 2449881.75753623     4  C                     13069510.net.fits                                  Triton                 739  1152
   0.003  -0.043  429.06  505.44 1.234   2370.86    156.30 99.999 99.999 99.999 13.412 13.656 99.999 99.999 99.999  0.110 99.999 99.999 99.999 99.999  99.999  99.999  99.999  99.999  0.016  0.016  0.014  0.018  0.049  0.064   13   13 99.999 99.999   99  19.793766416 -20.569344073  6 11 38.43 1995  6 13 2449881.75808368     4  C                     13069511.net.fits                                  Triton                 739  1152
  -0.032  -0.039  429.82  507.44 1.216   2294.73    181.13 99.999 99.999 99.999 13.466 13.694 99.999 99.999 99.999  0.113 99.999 99.999 99.999 99.999  99.999  99.999  99.999  99.999  0.014  0.014  0.011  0.013  0.041  0.050   15   15 99.999 99.999   99  19.793765039 -20.569343745  6 12 24.73 1995  6 13 2449881.75861956     4  C                     13069512.net.fits                                  Triton                 739  1152
  -0.037  -0.063  430.27  507.28 1.046   2968.55    240.87 99.999 99.999 99.999 13.384 13.613 99.999 99.999 99.999  0.130 99.999 99.999 99.999 99.999  99.999  99.999  99.999  99.999  0.014  0.014  0.013  0.014  0.049  0.051   14   14 99.999 99.999   99  19.793764237 -20.569350728  6 13 10.03 1995  6 13 2449881.75914387     4  C                     13069513.net.fits                                  Triton                 739  1152
  -0.021  -0.087  429.88  508.10 1.223   2358.08    170.29 99.999 99.999 99.999 13.490 13.732 99.999 99.999 99.999  0.120 99.999 99.999 99.999 99.999  99.999  99.999  99.999  99.999  0.008  0.008  0.014  0.013  0.051  0.047   15   15 99.999 99.999   99  19.793763869 -20.569358326  6 13 57.34 1995  6 13 2449881.75969144     4  C                     13069514.net.fits                                  Triton                 739  1152
   0.011  -0.020  430.84  508.09 0.966   2851.63    374.34 99.999 99.999 99.999 13.402 13.618 99.999 99.999 99.999  0.123 99.999 99.999 99.999 99.999  99.999  99.999  99.999  99.999  0.017  0.017  0.014  0.015  0.051  0.057   14   14 99.999 99.999   99  19.793763797 -20.569340277  6 14 43.64 1995  6 13 2449881.76022731     4  C                     13069515.net.fits                                  Triton                 739  1152
