   0.360   0.126  480.19  497.63 2.009    378.20     66.78 99.999 99.999 99.999 13.126 12.853 99.999 99.999 99.999  0.194 99.999 99.999 99.999 99.999  99.999  99.999  99.999  99.999  0.009  0.009  0.000  0.000  0.000  0.000    3    3 99.999 99.999   99  20.630266670 -18.367260005  5 51  0.20 2001  8  9 2452130.74375231     5  B                     net0005.fits                                       Triton                1016  1020
   0.351   0.051  479.29  497.41 2.146    318.19     62.57 99.999 99.999 99.999 13.128 12.900 99.999 99.999 99.999  0.217 99.999 99.999 99.999 99.999  99.999  99.999  99.999  99.999  0.007  0.008  0.000  0.000  0.000  0.000    3    3 99.999 99.999   99  20.630260930 -18.367295559  5 54 43.30 2001  8  9 2452130.74633449     5  B                     net0007.fits                                       Triton                1016  1020
   0.222   0.112  527.24  477.21 0.894   2935.71    460.22 99.999 99.999 99.999 12.694 12.838 99.999 99.999 99.999  0.911 99.999 99.999 99.999 99.999  99.999  99.999  99.999  99.999  0.012  0.012  0.000  0.000  0.000  0.000    4    3 99.999 99.999   99  20.786930742 -17.840547828 23 16 53.46 2002  8  7 2452494.47006319    10  B                     net0001.fits                                       Triton                1016  1020
   0.183   0.111  527.12  480.12 1.108   2139.98    321.97 99.999 99.999 99.999 12.703 12.787 99.999 99.999 99.999  0.900 99.999 99.999 99.999 99.999  99.999  99.999  99.999  99.999  0.011  0.011  0.000  0.000  0.000  0.000    4    3 99.999 99.999   99  20.786905753 -17.840647973 23 32 54.28 2002  8  7 2452494.48118380    10  B                     net0002.fits                                       Triton                1016  1020
   0.537   0.685  525.07  478.78 0.765    456.64    409.48 99.999 99.999 99.999 12.345 12.219 99.999 99.999 99.999  0.830 99.999 99.999 99.999 99.999  99.999  99.999  99.999  99.999  0.014  0.014  0.000  0.000  0.000  0.000    3    3 99.999 99.999   99  20.786897715 -17.840549397 23 42 44.38 2002  8  7 2452494.48801366     1  B                     net0008.fits                                       Triton                1016  1020
   0.099  -0.347  543.18  479.13 0.757    412.04    360.94 99.999 99.999 99.999 12.383 12.311 99.999 99.999 99.999  0.573 99.999 99.999 99.999 99.999  99.999  99.999  99.999  99.999  0.019  0.019  0.087  0.008  0.097  0.009    5    4 99.999 99.999   99  20.786887339 -17.840844018 23 43 58.28 2002  8  7 2452494.48886898     1  B                     net0010.fits                                       Triton                1016  1020
   0.049  -0.684  534.64  479.34 0.679    467.83    410.12 99.999 99.999 99.999 12.345 12.455 99.999 99.999 99.999  0.054 99.999 99.999 99.999 99.999  99.999  99.999  99.999  99.999  0.013  0.013  0.000  0.000  0.000  0.000    3    3 99.999 99.999   99  20.786885537 -17.840940695 23 44 31.40 2002  8  7 2452494.48925231     1  B                     net0011.fits                                       Triton                1016  1020
  -0.082  -0.667  530.66  478.79 0.671    427.98    549.28 99.999 99.999 99.999 12.022 12.214 99.999 99.999 99.999  0.353 99.999 99.999 99.999 99.999  99.999  99.999  99.999  99.999  0.020  0.020  0.000  0.000  0.000  0.000    3    3 99.999 99.999   99  20.786881407 -17.840942694 23 45 34.18 2002  8  7 2452494.48997894     1  B                     net0013.fits                                       Triton                1016  1020
   0.422   0.722  528.14  479.50 0.815    403.43    933.18 99.999 99.999 99.999 12.470 12.343 99.999 99.999 99.999  0.888 99.999 99.999 99.999 99.999  99.999  99.999  99.999  99.999  0.014  0.014  0.000  0.000  0.000  0.000    3    3 99.999 99.999   99  20.786885463 -17.840580145 23 49 21.89 2002  8  7 2452494.49261447     1  B                     net0016.fits                                       Triton                1016  1020
   0.602  -0.485  526.89  479.59 0.634    498.96    415.61 99.999 99.999 99.999 11.831 11.905 99.999 99.999 99.999  0.162 99.999 99.999 99.999 99.999  99.999  99.999  99.999  99.999  0.020  0.020  0.000  0.000  0.000  0.000    3    3 99.999 99.999   99  20.786887218 -17.840922673 23 50 30.71 2002  8  7 2452494.49341100     1  B                     net0018.fits                                       Triton                1016  1020
   0.029  -0.777  531.00  477.36 0.671    474.13    483.84 99.999 99.999 99.999 12.195 12.336 99.999 99.999 99.999  0.068 99.999 99.999 99.999 99.999  99.999  99.999  99.999  99.999  0.004  0.004  0.000  0.000  0.000  0.000    3    3 99.999 99.999   99  20.786873985 -17.841012094 23 51 53.57 2002  8  7 2452494.49437002     1  B                     net0020.fits                                       Triton                1016  1020
  -0.742  -0.253  528.49  478.49 0.774   4128.92    653.24 99.999 99.999 99.999 12.242 12.433 99.999 99.999 99.999  0.572 99.999 99.999 99.999 99.999  99.999  99.999  99.999  99.999  0.013  0.013  0.000  0.000  0.000  0.000    6    3 99.999 99.999   99  20.786855754 -17.840879633 23 54  0.86 2002  8  7 2452494.49584329    10  B                     net0022.fits                                       Triton                1016  1020
   0.039  -0.722  529.65  476.55 0.811    409.27    444.00 99.999 99.999 99.999 12.264 12.455 99.999 99.999 99.999  0.430 99.999 99.999 99.999 99.999  99.999  99.999  99.999  99.999  0.010  0.010  0.016  0.043  0.018  0.048    4    4 99.999 99.999   99  20.786856867 -17.841067096  0  3 18.11 2002  8  8 2452494.50229294     1  B                     net0030.fits                                       Triton                1016  1020
   0.443   0.682  531.00  477.10 0.613    513.63    465.11 99.999 99.999 99.999 12.322 12.196 99.999 99.999 99.999  0.912 99.999 99.999 99.999 99.999  99.999  99.999  99.999  99.999  0.010  0.010  0.000  0.000  0.000  0.000    3    3 99.999 99.999   99  20.786852561 -17.840726757  0 11 18.87 2002  8  8 2452494.50785729     1  B                     net0037.fits                                       Triton                1016  1020
  -0.100   0.010  470.87  491.64 0.977   2546.18    431.04 99.999 99.999 99.999 12.624 13.020 99.999 99.999 99.999  1.098 99.999 99.999 99.999 99.999  99.999  99.999  99.999  99.999  0.008  0.008  0.000  0.000  0.000  0.000    6    3 99.999 99.999   99  20.784738469 -17.847532155 23 53 31.58 2002  8  8 2452495.49550440    10  B                     net0008.fits                                       Triton                1016  1020
  -0.104   0.184  471.59  493.45 0.801    314.88   1153.75 99.999 99.999 99.999 13.100 12.900 99.999 99.999 99.999  0.293 99.999 99.999 99.999 99.999  99.999  99.999  99.999  99.999  0.012  0.012  0.000  0.000  0.000  0.000    3    3 99.999 99.999   99  20.784729400 -17.847505172 23 59 47.96 2002  8  8 2452495.49986065     1  B                     net0012.fits                                       Triton                1016  1020
   0.057  -0.780  468.00  487.05 1.029    272.45    429.59 99.999 99.999 99.999 13.013 13.172 99.999 99.999 99.999  0.303 99.999 99.999 99.999 99.999  99.999  99.999  99.999  99.999  0.014  0.014  0.000  0.000  0.000  0.000    4    3 99.999 99.999   99  20.784731303 -17.847775839  0  0 38.66 2002  8  9 2452495.50044745     1  B                     net0013.fits                                       Triton                1016  1020
   0.064   0.057 1114.95  882.10 0.925    405.23     38.53 99.999 99.999 99.999 13.409 13.513 99.999 99.999 99.999  0.309 99.999 99.999 99.999 99.999  99.999  99.999  99.999  99.999  0.009  0.009  0.000  0.000  0.000  0.000    3    3 99.999 99.999   99  22.483308980 -10.218068651  8 21  9.13 2013  6  8 2456451.84802233     5    B                   Netuno_08.21.17_0002.fits                          Triton                2048  2048
   0.094   0.037 1113.91  881.23 0.680    511.33     92.82 99.999 99.999 99.999 13.369 13.472 99.999 99.999 99.999  0.333 99.999 99.999 99.999 99.999  99.999  99.999  99.999  99.999  0.011  0.011  0.000  0.000  0.000  0.000    3    3 99.999 99.999   99  22.483310683 -10.218047444  8 33 19.09 2013  6  8 2456451.85647097     5    B                   Netuno_08.33.27_0070.fits                          Triton                2048  2048
   0.038   0.051 1111.33  880.93 0.944    439.85     28.16 99.999 99.999 99.999 13.432 13.536 99.999 99.999 99.999  0.287 99.999 99.999 99.999 99.999  99.999  99.999  99.999  99.999  0.003  0.003  0.000  0.000  0.000  0.000    3    3 99.999 99.999   99  22.483309666 -10.218043429  8 33 29.86 2013  6  8 2456451.85659558     5    B                   Netuno_08.33.38_0071.fits                          Triton                2048  2048
   0.070   0.069 1111.02  881.15 0.871    479.90     39.84 99.999 99.999 99.999 13.390 13.494 99.999 99.999 99.999  0.332 99.999 99.999 99.999 99.999  99.999  99.999  99.999  99.999  0.016  0.016  0.000  0.000  0.000  0.000    3    3 99.999 99.999   99  22.483310618 -10.218029772  8 37 25.94 2013  6  8 2456451.85932806     5    B                   Netuno_08.37.34_0093.fits                          Triton                2048  2048
