   0.090  -0.094  868.74  918.35 1.374    318.62    501.81 99.999 99.999 99.999 13.463 13.509 99.999 99.999 99.999  0.138 99.999 99.999 99.999 99.999  99.999  99.999  99.999  99.999  0.008  0.008  0.000  0.000  0.000  0.000    3    3 99.999 99.999   99  21.903396290 -13.170468763  7  8 36.23 2009  6 23 2455005.79764155    60  Metano                netuno0001.fits                                    Triton                2045  2050     1   0.000   0.000
   0.065  -0.062  869.25  916.25 1.356   1034.18    420.62 99.999 99.999 99.999 13.649 13.368 99.999 99.999 99.999  0.348 99.999 99.999 99.999 99.999  99.999  99.999  99.999  99.999  0.009  0.009  0.276  0.517  0.063  0.118    4    4 99.999 99.999   99  21.903393045 -13.170462356  7 13 56.84 2009  6 23 2455005.80135231   200  Metano                netuno0002.fits                                    Triton                2045  2050     1   0.000   0.000
   0.012  -0.094  869.19  915.36 1.404    894.32    571.85 99.999 99.999 99.999 13.590 13.296 99.999 99.999 99.999  0.351 99.999 99.999 99.999 99.999  99.999  99.999  99.999  99.999  0.008  0.008  0.009  0.026  0.008  0.023    4    4 99.999 99.999   99  21.903389971 -13.170472468  7 17 51.77 2009  6 23 2455005.80407141   200  Metano                netuno0003.fits                                    Triton                2045  2050     1   0.000   0.000
  -0.005  -0.154  869.25  914.37 1.403    819.08    500.74 99.999 99.999 99.999 13.620 13.379 99.999 99.999 99.999  0.308 99.999 99.999 99.999 99.999  99.999  99.999  99.999  99.999  0.001  0.001  0.046  0.089  0.046  0.089    5    5 99.999 99.999   99  21.903387593 -13.170490564  7 21 46.83 2009  6 23 2455005.80679201   200  Metano                netuno0004.fits                                    Triton                2045  2050     1   0.000   0.000
   0.142  -0.048  869.34  913.21 1.263   1043.67    467.22 99.999 99.999 99.999 13.631 13.344 99.999 99.999 99.999  0.359 99.999 99.999 99.999 99.999  99.999  99.999  99.999  99.999  0.009  0.009  0.311  0.482  0.071  0.110    4    4 99.999 99.999   99  21.903388338 -13.170462885  7 25 41.90 2009  6 23 2455005.80951273   200  Metano                netuno0005.fits                                    Triton                2045  2050     1   0.000   0.000
   0.010  -0.141  869.40  912.26 1.169   1199.11    546.52 99.999 99.999 99.999 13.607 13.420 99.999 99.999 99.999  0.302 99.999 99.999 99.999 99.999  99.999  99.999  99.999  99.999  0.009  0.009  0.055  0.091  0.055  0.091    5    5 99.999 99.999   99  21.903383800 -13.170489953  7 29 36.91 2009  6 23 2455005.81223275   200  Metano                netuno0006.fits                                    Triton                2045  2050     1   0.000   0.000
   0.062  -0.037  869.73  911.90 1.633    558.96    463.07 99.999 99.999 99.999 13.652 13.421 99.999 99.999 99.999  0.361 99.999 99.999 99.999 99.999  99.999  99.999  99.999  99.999  0.007  0.007  0.313  0.569  0.072  0.130    4    4 99.999 99.999   99  21.903382741 -13.170462681  7 33 31.96 2009  6 23 2455005.81495324   200  Metano                netuno0007.fits                                    Triton                2045  2050     1   0.000   0.000
   0.025  -0.045  869.17  911.08 2.195    330.06    486.87 99.999 99.999 99.999 13.619 13.472 99.999 99.999 99.999  0.332 99.999 99.999 99.999 99.999  99.999  99.999  99.999  99.999  0.006  0.006  0.269  0.523  0.061  0.120    4    4 99.999 99.999   99  21.903380000 -13.170466368  7 37 26.99 2009  6 23 2455005.81767350   200  Metano                netuno0008.fits                                    Triton                2045  2050     1   0.000   0.000
  -0.016  -0.143  869.05  910.07 1.748    525.97    515.54 99.999 99.999 99.999 13.587 13.335 99.999 99.999 99.999  0.309 99.999 99.999 99.999 99.999  99.999  99.999  99.999  99.999  0.006  0.006  0.047  0.086  0.047  0.086    5    5 99.999 99.999   99  21.903377164 -13.170495186  7 41 21.97 2009  6 23 2455005.82039317   200  Metano                netuno0009.fits                                    Triton                2045  2050     1   0.000   0.000
   0.087  -0.022  868.91  909.29 1.606    647.17    494.39 99.999 99.999 99.999 13.622 13.348 99.999 99.999 99.999  0.349 99.999 99.999 99.999 99.999  99.999  99.999  99.999  99.999  0.006  0.006  0.351  0.472  0.080  0.108    4    4 99.999 99.999   99  21.903377099 -13.170463047  7 45 15.78 2009  6 23 2455005.82309931   200  Metano                netuno0010.fits                                    Triton                2045  2050     1   0.000   0.000
  -0.011  -0.148  869.09  907.80 1.435    798.15    353.00 99.999 99.999 99.999 13.606 13.313 99.999 99.999 99.999  0.308 99.999 99.999 99.999 99.999  99.999  99.999  99.999  99.999  0.008  0.008  0.043  0.082  0.043  0.081    5    5 99.999 99.999   99  21.903373199 -13.170499604  7 49 10.55 2009  6 23 2455005.82581655   200  Metano                netuno0011.fits                                    Triton                2045  2050     1   0.000   0.000
   0.140   0.091  528.77  508.82 0.947   4975.78    229.46 99.999 99.999 99.999 13.428 13.239 99.999 99.999 99.999  0.387 99.999 99.999 99.999 99.999  99.999  99.999  99.999  99.999  0.000  0.000  0.049  0.051  0.093  0.096    6    5 99.999 99.999   99  22.053297349 -12.438279688  8 43  9.00 2010  6 16 2455363.86329861   120    Metano              tritao22_08.44.10_0001.fits                        Triton                1024  1024     1   0.000   0.000
   0.124   0.066  528.97  508.76 0.870   5593.53    285.58 99.999 99.999 99.999 13.455 13.178 99.999 99.999 99.999  0.390 99.999 99.999 99.999 99.999  99.999  99.999  99.999  99.999  0.010  0.010  0.070  0.047  0.123  0.083    6    4 99.999 99.999   99  22.053296244 -12.438285711  8 45 11.00 2010  6 16 2455363.86471065   120    Metano              tritao22_08.46.12_0002.fits                        Triton                1024  1024     1   0.000   0.000
   0.139   0.091  529.17  508.80 0.903   4671.71    453.46 99.999 99.999 99.999 13.432 13.269 99.999 99.999 99.999  0.375 99.999 99.999 99.999 99.999  99.999  99.999  99.999  99.999  0.015  0.015  0.054  0.056  0.102  0.105    6    5 99.999 99.999   99  22.053295695 -12.438278012  8 47 13.00 2010  6 16 2455363.86612269   120    Metano              tritao22_08.48.14_0003.fits                        Triton                1024  1024     1   0.000   0.000
   0.141   0.089  529.39  508.77 0.989   4618.48    268.50 99.999 99.999 99.999 13.423 13.220 99.999 99.999 99.999  0.381 99.999 99.999 99.999 99.999  99.999  99.999  99.999  99.999  0.014  0.014  0.053  0.057  0.099  0.106    6    5 99.999 99.999   99  22.053294930 -12.438277655  8 49 15.00 2010  6 16 2455363.86753472   120    Metano              tritao22_08.50.16_0004.fits                        Triton                1024  1024     1   0.000   0.000
   0.143   0.098  529.57  508.73 0.845   5405.08    486.45 99.999 99.999 99.999 13.414 13.241 99.999 99.999 99.999  0.382 99.999 99.999 99.999 99.999  99.999  99.999  99.999  99.999  0.005  0.005  0.053  0.059  0.100  0.112    6    5 99.999 99.999   99  22.053294124 -12.438274400  8 51 17.00 2010  6 16 2455363.86894676   120    Metano              tritao22_08.52.18_0005.fits                        Triton                1024  1024     1   0.000   0.000
   0.141   0.090  529.76  508.77 0.925   4883.86    415.46 99.999 99.999 99.999 13.425 13.226 99.999 99.999 99.999  0.374 99.999 99.999 99.999 99.999  99.999  99.999  99.999  99.999  0.000  0.000  0.050  0.057  0.094  0.107    6    5 99.999 99.999   99  22.053293279 -12.438275711  8 53 18.00 2010  6 16 2455363.87034722   120    Metano              tritao22_08.54.20_0006.fits                        Triton                1024  1024     1   0.000   0.000
   0.138   0.089  529.85  508.76 0.982   4515.43    451.44 99.999 99.999 99.999 13.449 13.235 99.999 99.999 99.999  0.365 99.999 99.999 99.999 99.999  99.999  99.999  99.999  99.999  0.017  0.017  0.050  0.051  0.095  0.096    6    5 99.999 99.999   99  22.053292397 -12.438275401  8 55 20.00 2010  6 16 2455363.87175926   120    Metano              tritao22_08.56.22_0007.fits                        Triton                1024  1024     1   0.000   0.000
   0.132   0.098  529.99  508.65 0.958   4861.15    512.63 99.999 99.999 99.999 13.428 13.231 99.999 99.999 99.999  0.342 99.999 99.999 99.999 99.999  99.999  99.999  99.999  99.999  0.014  0.014  0.047  0.060  0.089  0.112    7    5 99.999 99.999   99  22.053291478 -12.438271621  8 57 23.00 2010  6 16 2455363.87318287   120    Metano              tritao22_08.58.24_0008.fits                        Triton                1024  1024     1   0.000   0.000
   0.123   0.081  530.21  508.63 1.091   4011.27    566.53 99.999 99.999 99.999 13.419 13.242 99.999 99.999 99.999  0.355 99.999 99.999 99.999 99.999  99.999  99.999  99.999  99.999  0.012  0.012  0.045  0.048  0.085  0.090    7    5 99.999 99.999   99  22.053290493 -12.438275421  8 59 24.00 2010  6 16 2455363.87458333   120    Metano              tritao22_09.00.26_0009.fits                        Triton                1024  1024     1   0.000   0.000
   0.070   0.031  530.43  508.62 1.138   4120.03    618.75 99.999 99.999 99.999 13.386 13.177 99.999 99.999 99.999  0.446 99.999 99.999 99.999 99.999  99.999  99.999  99.999  99.999  0.016  0.016  0.005  0.043  0.007  0.059    5    4 99.999 99.999   99  22.053288669 -12.438288586  9  1 26.00 2010  6 16 2455363.87599537   120    Metano              tritao22_09.02.28_0010.fits                        Triton                1024  1024     1   0.000   0.000
   0.139   0.094  530.72  508.60 1.076   4030.02   1047.29 99.999 99.999 99.999 13.451 13.237 99.999 99.999 99.999  0.384 99.999 99.999 99.999 99.999  99.999  99.999  99.999  99.999  0.015  0.015  0.053  0.052  0.099  0.098    6    5 99.999 99.999   99  22.053289167 -12.438270324  9  3 28.00 2010  6 16 2455363.87740741   120    Metano              tritao22_09.04.30_0011.fits                        Triton                1024  1024     1   0.000   0.000
   0.086  -0.004  491.36  441.53 1.224   2611.63    210.58 99.999 99.999 99.999 13.453 13.334 99.999 99.999 99.999  0.361 99.999 99.999 99.999 99.999  99.999  99.999  99.999  99.999  0.016  0.016  0.019  0.000  0.037  0.000    5    4 99.999 99.999   99  22.052603262 -12.439599135  7 22 30.00 2010  6 18 2455365.80729167   120    Metano              tritao22_07.23.32_0001.fits                        Triton                1024  1024     1   0.000   0.000
   0.082  -0.009  491.34  441.48 1.147   2914.16    215.13 99.999 99.999 99.999 13.416 13.337 99.999 99.999 99.999  0.399 99.999 99.999 99.999 99.999  99.999  99.999  99.999  99.999  0.012  0.012  0.020  0.002  0.037  0.003    5    4 99.999 99.999   99  22.052602688 -12.439606382  7 24 32.00 2010  6 18 2455365.80870370   120    Metano              tritao22_07.25.34_0002.fits                        Triton                1024  1024     1   0.000   0.000
   0.064   0.003  491.62  441.64 1.152   3116.21    174.74 99.999 99.999 99.999 13.373 13.313 99.999 99.999 99.999  0.468 99.999 99.999 99.999 99.999  99.999  99.999  99.999  99.999  0.009  0.009  0.009  0.009  0.017  0.016    5    4 99.999 99.999   99  22.052601860 -12.439608985  7 26 34.00 2010  6 18 2455365.81011574   120    Metano              tritao22_07.27.36_0003.fits                        Triton                1024  1024     1   0.000   0.000
   0.088  -0.009  491.76  441.67 1.125   3163.92    198.27 99.999 99.999 99.999 13.423 13.403 99.999 99.999 99.999  0.391 99.999 99.999 99.999 99.999  99.999  99.999  99.999  99.999  0.013  0.013  0.029  0.001  0.056  0.002    5    4 99.999 99.999   99  22.052601811 -12.439617854  7 28 36.00 2010  6 18 2455365.81152778   120    Metano              tritao22_07.29.38_0004.fits                        Triton                1024  1024     1   0.000   0.000
   0.081   0.008  491.87  441.77 1.005   3673.68    313.08 99.999 99.999 99.999 13.367 13.314 99.999 99.999 99.999  0.517 99.999 99.999 99.999 99.999  99.999  99.999  99.999  99.999  0.016  0.016  0.015  0.023  0.028  0.044    5    4 99.999 99.999   99  22.052601173 -12.439618773  7 30 38.00 2010  6 18 2455365.81293981   120    Metano              tritao22_07.31.39_0005.fits                        Triton                1024  1024     1   0.000   0.000
   0.077  -0.003  491.98  441.89 1.018   3824.71    253.37 99.999 99.999 99.999 13.417 13.334 99.999 99.999 99.999  0.445 99.999 99.999 99.999 99.999  99.999  99.999  99.999  99.999  0.015  0.015  0.012  0.006  0.022  0.012    5    4 99.999 99.999   99  22.052600593 -12.439627690  7 32 40.00 2010  6 18 2455365.81435185   120    Metano              tritao22_07.33.42_0006.fits                        Triton                1024  1024     1   0.000   0.000
   0.089  -0.007  492.15  441.92 1.045   3930.00    170.06 99.999 99.999 99.999 13.422 13.307 99.999 99.999 99.999  0.396 99.999 99.999 99.999 99.999  99.999  99.999  99.999  99.999  0.014  0.014  0.023  0.000  0.043  0.000    5    4 99.999 99.999   99  22.052600319 -12.439634699  7 34 42.00 2010  6 18 2455365.81576389   120    Metano              tritao22_07.35.43_0007.fits                        Triton                1024  1024     1   0.000   0.000
   0.077  -0.001  492.19  442.05 1.053   3715.66    216.69 99.999 99.999 99.999 13.412 13.323 99.999 99.999 99.999  0.417 99.999 99.999 99.999 99.999  99.999  99.999  99.999  99.999  0.018  0.018  0.015  0.006  0.029  0.011    5    4 99.999 99.999   99  22.052599594 -12.439638977  7 36 44.00 2010  6 18 2455365.81717593   120    Metano              tritao22_07.37.45_0008.fits                        Triton                1024  1024     1   0.000   0.000
   0.086  -0.011  492.45  442.05 1.075   3714.01    198.78 99.999 99.999 99.999 13.474 13.399 99.999 99.999 99.999  0.381 99.999 99.999 99.999 99.999  99.999  99.999  99.999  99.999  0.015  0.015  0.023  0.002  0.044  0.004    5    4 99.999 99.999   99  22.052599267 -12.439647617  7 38 46.00 2010  6 18 2455365.81858796   120    Metano              tritao22_07.39.47_0009.fits                        Triton                1024  1024     1   0.000   0.000
   0.085  -0.009  492.57  442.19 1.021   3717.77    279.03 99.999 99.999 99.999 13.449 13.338 99.999 99.999 99.999  0.397 99.999 99.999 99.999 99.999  99.999  99.999  99.999  99.999  0.021  0.021  0.015  0.001  0.028  0.001    5    4 99.999 99.999   99  22.052598720 -12.439652839  7 40 48.00 2010  6 18 2455365.82000000   120    Metano              tritao22_07.41.49_0010.fits                        Triton                1024  1024     1   0.000   0.000
   0.084  -0.013  492.66  442.24 1.012   4020.63    252.47 99.999 99.999 99.999 13.455 13.366 99.999 99.999 99.999  0.382 99.999 99.999 99.999 99.999  99.999  99.999  99.999  99.999  0.013  0.013  0.024  0.005  0.045  0.009    5    4 99.999 99.999   99  22.052598201 -12.439659809  7 42 50.00 2010  6 18 2455365.82141204   120    Metano              tritao22_07.43.51_0011.fits                        Triton                1024  1024     1   0.000   0.000
   0.078   0.013  492.80  442.38 1.060   3755.96    203.59 99.999 99.999 99.999 13.380 13.330 99.999 99.999 99.999  0.505 99.999 99.999 99.999 99.999  99.999  99.999  99.999  99.999  0.016  0.016  0.017  0.025  0.032  0.048    5    4 99.999 99.999   99  22.052597598 -12.439658405  7 44 52.00 2010  6 18 2455365.82282407   120    Metano              tritao22_07.45.53_0012.fits                        Triton                1024  1024     1   0.000   0.000
   0.075  -0.001  493.05  442.41 1.046   3905.46    213.89 99.999 99.999 99.999 13.390 13.299 99.999 99.999 99.999  0.441 99.999 99.999 99.999 99.999  99.999  99.999  99.999  99.999  0.020  0.020  0.023  0.014  0.044  0.027    5    4 99.999 99.999   99  22.052597042 -12.439668047  7 46 54.00 2010  6 18 2455365.82423611   120    Metano              tritao22_07.47.55_0013.fits                        Triton                1024  1024     1   0.000   0.000
   0.081  -0.003  493.27  442.59 1.046   4131.22    132.78 99.999 99.999 99.999 13.411 13.337 99.999 99.999 99.999  0.448 99.999 99.999 99.999 99.999  99.999  99.999  99.999  99.999  0.016  0.016  0.019  0.012  0.037  0.024    5    4 99.999 99.999   99  22.052596641 -12.439674858  7 48 56.00 2010  6 18 2455365.82564815   120    Metano              tritao22_07.49.57_0014.fits                        Triton                1024  1024     1   0.000   0.000
   0.071  -0.006  493.32  442.46 1.055   4028.49    145.43 99.999 99.999 99.999 13.534 13.382 99.999 99.999 99.999  0.348 99.999 99.999 99.999 99.999  99.999  99.999  99.999  99.999  0.018  0.018  0.000  0.000  0.000  0.000    4    3 99.999 99.999   99  22.052595954 -12.439681457  7 50 58.00 2010  6 18 2455365.82706019   120    Metano              tritao22_07.51.59_0015.fits                        Triton                1024  1024     1   0.000   0.000
   0.083  -0.017  493.56  442.66 1.017   4077.64    219.96 99.999 99.999 99.999 13.443 13.336 99.999 99.999 99.999  0.386 99.999 99.999 99.999 99.999  99.999  99.999  99.999  99.999  0.017  0.017  0.023  0.000  0.044  0.001    5    4 99.999 99.999   99  22.052595689 -12.439690307  7 52 59.00 2010  6 18 2455365.82846065   120    Metano              tritao22_07.54.01_0016.fits                        Triton                1024  1024     1   0.000   0.000
   0.061  -0.016  493.59  442.66 1.019   4070.66    219.67 99.999 99.999 99.999 13.556 13.369 99.999 99.999 99.999  0.364 99.999 99.999 99.999 99.999  99.999  99.999  99.999  99.999  0.018  0.018  0.000  0.000  0.000  0.000    4    3 99.999 99.999   99  22.052594774 -12.439695783  7 55  1.00 2010  6 18 2455365.82987269   120    Metano              tritao22_07.56.03_0017.fits                        Triton                1024  1024     1   0.000   0.000
   0.084  -0.023  493.84  442.81 1.014   3824.68    286.56 99.999 99.999 99.999 13.460 13.374 99.999 99.999 99.999  0.360 99.999 99.999 99.999 99.999  99.999  99.999  99.999  99.999  0.019  0.019  0.025  0.012  0.047  0.022    5    4 99.999 99.999   99  22.052594698 -12.439703717  7 57  3.00 2010  6 18 2455365.83128472   120    Metano              tritao22_07.58.05_0018.fits                        Triton                1024  1024     1   0.000   0.000
   0.090  -0.008  493.90  442.78 1.202   3192.31    142.67 99.999 99.999 99.999 13.454 13.375 99.999 99.999 99.999  0.386 99.999 99.999 99.999 99.999  99.999  99.999  99.999  99.999  0.011  0.011  0.025  0.007  0.049  0.013    5    4 99.999 99.999   99  22.052594287 -12.439705531  7 59  7.00 2010  6 18 2455365.83271991   120    Metano              tritao22_08.00.08_0019.fits                        Triton                1024  1024     1   0.000   0.000
   0.091  -0.010  494.11  442.86 1.064   3589.04    249.09 99.999 99.999 99.999 13.460 13.371 99.999 99.999 99.999  0.365 99.999 99.999 99.999 99.999  99.999  99.999  99.999  99.999  0.018  0.018  0.032  0.005  0.061  0.010    5    4 99.999 99.999   99  22.052593816 -12.439711852  8  1  9.00 2010  6 18 2455365.83413194   120    Metano              tritao22_08.02.10_0020.fits                        Triton                1024  1024     1   0.000   0.000
