  -0.155   0.155  438.32   51.28 2.116  37707.28   1845.60 99.999 99.999 99.999 13.621 13.809 99.999 99.999 99.999  0.518 99.999 99.999 99.999 99.999  99.999  99.999  99.999  99.999  0.003  0.003  0.020  0.021  0.050  0.052   27   19 99.999 99.999   99  19.483767528 -21.259149495 26  4 56.00 1994  9 21 2449617.58675926   180  Clear                 21099413.net.fits                                  Triton                 770  1152
   0.096  -0.029  264.55  596.12 2.106  40346.54  -1839.58 99.999 99.999 99.999 14.887 15.166 99.999 99.999 99.999  0.903 99.999 99.999 99.999 99.999  99.999  99.999  99.999  99.999  0.022  0.022  0.030  0.022  0.065  0.049   10    8 99.999 99.999   99  19.771394826 -20.630974328  5 50 42.00 1995  6 27 2449895.74354167   300  C                     26069511.net.fits                                  Triton                 770  1152
   0.065  -0.050  463.18  632.82 1.960    264.69     32.21 99.999 99.999 99.999 13.666 13.629 99.999 99.999 99.999  0.257 99.999 99.999 99.999 99.999  99.999  99.999  99.999  99.999  0.009  0.009  0.014  0.016  0.051  0.058   15   15 99.999 99.999   99  19.643355848 -20.966004311 24 39  1.00 1995  9 16 2449977.52709491    90  clear                 16099512.net.fits                                  Triton                 770  1152
   0.004  -0.073  467.86  651.74 2.286    217.43     26.45 99.999 99.999 99.999 13.658 13.619 99.999 99.999 99.999  0.234 99.999 99.999 99.999 99.999  99.999  99.999  99.999  99.999  0.013  0.013  0.014  0.014  0.046  0.047   15   13 99.999 99.999   99  19.643347990 -20.966076346 24 57  9.00 1995  9 16 2449977.53968750    90  clear                 16099520.net.fits                                  Triton                 770  1152
  -0.927  -0.087  493.75  502.58 4.044  34964.82  -3579.68 99.999 99.999 99.999 14.257 13.947 99.999 99.999 99.999  0.471 99.999 99.999 99.999 99.999  99.999  99.999  99.999  99.999  0.120  0.087  0.013  0.011  0.042  0.037   15   15 99.999 99.999   99  19.932785261 -20.266547553  7 29  1.00 1996  6 24 2450258.81181713   240  CLEAR                 23069615.net.fits                                  Triton                1024  1024
  -0.608  -0.113  486.33  502.10 3.162  33189.67   1003.50 99.999 99.999 99.999 14.251 13.954 99.999 99.999 99.999  0.447 99.999 99.999 99.999 99.999  99.999  99.999  99.999  99.999  0.093  0.077  0.016  0.011  0.053  0.035   15   15 99.999 99.999   99  19.932787076 -20.266571996  7 33 44.00 1996  6 24 2450258.81509259   240  CLEAR                 23069616.net.fits                                  Triton                1024  1024
  -0.002  -0.032   57.46  592.93 2.502  12762.04   1847.69 99.999 99.999 99.999 13.262 13.162 99.999 99.999 99.999  0.219 99.999 99.999 99.999 99.999  99.999  99.999  99.999  99.999  0.004  0.004  0.018  0.035  0.028  0.056   12   11 99.999 99.999   99  20.122153936 -19.789592372  7 34 53.85 1997  6  1 2450600.81590104   120  CLEAR                 01069781.net.fits                                  Triton                 739  1140
  -0.064  -0.048  123.57  594.12 2.250  25264.10   2949.71 99.999 99.999 99.999 13.311 13.152 99.999 99.999 99.999  0.106 99.999 99.999 99.999 99.999  99.999  99.999  99.999  99.999  0.008  0.008  0.024  0.039  0.037  0.060    9    9 99.999 99.999   99  20.122147314 -19.789632333  7 42 14.95 1997  6  1 2450600.82100637   180  CLEAR                 01069782.net.fits                                  Triton                 739  1140
  -0.033  -0.058  127.13  592.66 2.761  17248.40   2204.68 99.999 99.999 99.999 13.316 13.149 99.999 99.999 99.999  0.102 99.999 99.999 99.999 99.999  99.999  99.999  99.999  99.999  0.008  0.008  0.026  0.037  0.040  0.056    9    9 99.999 99.999   99  20.122123629 -19.789793173  8 15 17.05 1997  6  1 2450600.84394734   180  CLEAR                 01069790.net.fits                                  Triton                 739  1140
  -0.371  -0.023  144.94  593.42 2.109  41657.13  -1535.13 99.999 99.999 99.999 14.014 14.212 99.999 99.999 99.999  0.606 99.999 99.999 99.999 99.999  99.999  99.999  99.999  99.999  0.020  0.020  0.053  0.044  0.066  0.055   12    8 99.999 99.999   99  20.121115224 -19.795470344  4 28 35.71 1997  6  2 2450601.68652442   200  CLEAR                 02069724.net.fits                                  Triton                 739  1140
  -0.386  -0.061  146.20  593.43 2.138  41397.34  -1554.32 99.999 99.999 99.999 13.961 14.115 99.999 99.999 99.999  0.583 99.999 99.999 99.999 99.999  99.999  99.999  99.999  99.999  0.023  0.023  0.060  0.041  0.075  0.052   12    8 99.999 99.999   99  20.121111070 -19.795497705  4 32 37.44 1997  6  2 2450601.68932222   200  CLEAR                 02069725.net.fits                                  Triton                 739  1140
  -0.147  -0.058  128.29  503.66 1.906  41354.82  -1255.46 99.999 99.999 99.999 14.140 14.327 99.999 99.999 99.999  0.669 99.999 99.999 99.999 99.999  99.999  99.999  99.999  99.999  0.017  0.017  0.057  0.030  0.085  0.044   12   10 99.999 99.999   99  20.121006381 -19.795969751  6 26 14.45 1997  6  2 2450601.76822280   180  CLEAR                 02069748.net.fits                                  Triton                 739  1140
  -0.220  -0.081  128.16  503.28 1.941  41438.10  -1559.95 99.999 99.999 99.999 14.113 14.267 99.999 99.999 99.999  0.654 99.999 99.999 99.999 99.999  99.999  99.999  99.999  99.999  0.018  0.018  0.043  0.037  0.057  0.049   12    8 99.999 99.999   99  20.121001359 -19.795990711  6 29 55.34 1997  6  2 2450601.77077940   180  CLEAR                 02069749.net.fits                                  Triton                 739  1140
  -0.191  -0.052  129.66  502.93 1.902  41198.25  -1391.08 99.999 99.999 99.999 14.134 14.325 99.999 99.999 99.999  0.663 99.999 99.999 99.999 99.999  99.999  99.999  99.999  99.999  0.019  0.019  0.040  0.037  0.054  0.049   12    8 99.999 99.999   99  20.120994767 -19.796012685  6 37 18.04 1997  6  2 2450601.77590324   180  CLEAR                 02069751.net.fits                                  Triton                 739  1140
  -0.225  -0.108  130.49  502.35 2.057  41511.81  -1562.10 99.999 99.999 99.999 13.870 13.930 99.999 99.999 99.999  0.536 99.999 99.999 99.999 99.999  99.999  99.999  99.999  99.999  0.017  0.017  0.046  0.039  0.062  0.052   12    8 99.999 99.999   99  20.120986933 -19.796057827  6 44 39.91 1997  6  2 2450601.78101748   180  CLEAR                 02069753.net.fits                                  Triton                 739  1140
  -0.228  -0.064  132.50  502.25 1.900  41018.58  -1220.43 99.999 99.999 99.999 14.091 14.268 99.999 99.999 99.999  0.645 99.999 99.999 99.999 99.999  99.999  99.999  99.999  99.999  0.020  0.020  0.044  0.037  0.059  0.049   12    8 99.999 99.999   99  20.120979712 -19.796075349  6 52  1.90 1997  6  2 2450601.78613310   180  CLEAR                 02069755.net.fits                                  Triton                 739  1140
  -0.019   0.008  137.61  524.10 2.068  41283.46  -1723.86 99.999 99.999 99.999 13.922 14.059 99.999 99.999 99.999  0.561 99.999 99.999 99.999 99.999  99.999  99.999  99.999  99.999  0.019  0.019  0.040  0.030  0.063  0.047   12   10 99.999 99.999   99  20.120921511 -19.796306301  7 55 44.43 1997  6  2 2450601.83037535   180  CLEAR                 02069768.net.fits                                  Triton                 739  1140
   0.118  -0.086  140.75  523.25 1.923  39429.43  -1067.93 99.999 99.999 99.999 14.213 14.456 99.999 99.999 99.999  0.707 99.999 99.999 99.999 99.999  99.999  99.999  99.999  99.999  0.027  0.027  0.037  0.034  0.060  0.055   12   12 99.999 99.999   99  20.120909769 -19.796389486  8 10 28.83 1997  6  2 2450601.84061146   180  CLEAR                 02069772.net.fits                                  Triton                 739  1140
   0.154  -0.076  631.21  429.07 2.665  39840.45  -1032.37 99.999 99.999 99.999 14.928 14.970 99.999 99.999 99.999  0.612 99.999 99.999 99.999 99.999  99.999  99.999  99.999  99.999  0.049  0.052  0.025  0.020  0.076  0.061   15   10 99.999 99.999   99  20.271964134 -19.388624414  6 38 39.00 1998  6  6 2450970.77684028   240  Clear                 06069852.net.fits                                  Triton                1024  1024
   0.116  -0.069  632.70  430.20 2.731  39895.37  -1217.64 99.999 99.999 99.999 14.780 14.774 99.999 99.999 99.999  0.567 99.999 99.999 99.999 99.999  99.999  99.999  99.999  99.999  0.049  0.053  0.023  0.022  0.067  0.064   15    9 99.999 99.999   99  20.271960030 -19.388645599  6 43 22.00 1998  6  6 2450970.78011574   240  Clear                 06069853.net.fits                                  Triton                1024  1024
   0.019  -0.025  634.14  430.92 2.700  37648.03    384.23 99.999 99.999 99.999 14.868 14.912 99.999 99.999 99.999  0.608 99.999 99.999 99.999 99.999  99.999  99.999  99.999  99.999  0.057  0.057  0.024  0.022  0.070  0.064   14   10 99.999 99.999   99  20.271954753 -19.388656394  6 48  6.00 1998  6  6 2450970.78340278   240  Clear                 06069854.net.fits                                  Triton                1024  1024
  -0.403  -0.165  841.98  287.67 0.849   9376.24    640.16 99.999 99.999 99.999 13.499 13.642 99.999 99.999 99.999  0.241 99.999 99.999 99.999 99.999  99.999  99.999  99.999  99.999  0.008  0.008  0.000  0.000  0.000  0.000    4    3 99.999 99.999   99  20.829755398 -17.666489705  6 38 33.86 2002  7 15 2452470.77678079    20  clear                 net0001.fits                                       Triton                1050  1050
   0.344  -0.579  732.95  513.38 0.857  10719.22    973.82 99.999 99.999 99.999 12.915 12.703 99.999 99.999 99.999  0.460 99.999 99.999 99.999 99.999  99.999  99.999  99.999  99.999  0.009  0.009  0.000  0.000  0.000  0.000    3    3 99.999 99.999   99  20.829768076 -17.666612754  6 39 50.29 2002  7 15 2452470.77766539    20  clear                 net0002.fits                                       Triton                1050  1050
  -0.158   0.134  595.55  514.28 0.908  10145.72    778.12 99.999 99.999 99.999 13.310 13.545 99.999 99.999 99.999  0.270 99.999 99.999 99.999 99.999  99.999  99.999  99.999  99.999  0.019  0.019  0.025  0.037  0.029  0.043    5    4 99.999 99.999   99  20.829756951 -17.666420772  6 40 47.37 2002  7 15 2452470.77832604    20  clear                 net0003.fits                                       Triton                1050  1050
  -0.208   0.204  564.15  508.04 0.862   9750.12   1221.72 99.999 99.999 99.999 13.126 13.302 99.999 99.999 99.999  0.348 99.999 99.999 99.999 99.999  99.999  99.999  99.999  99.999  0.018  0.018  0.019  0.128  0.021  0.145    4    4 99.999 99.999   99  20.829754481 -17.666408127  6 41 50.98 2002  7 15 2452470.77906227    20  clear                 net0004.fits                                       Triton                1050  1050
   1.026   1.465  548.36  508.08 0.935  10180.08    706.60 99.999 99.999 99.999 13.326 13.380 99.999 99.999 99.999  0.326 99.999 99.999 99.999 99.999  99.999  99.999  99.999  99.999  0.017  0.017  0.000  0.000  0.000  0.000    3    3 99.999 99.999   99  20.829774740 -17.666074434  6 44 26.13 2002  7 15 2452470.78085799    20  clear                 net0006.fits                                       Triton                1050  1050
  -0.286   0.169  549.39  504.17 0.869   9665.51   1177.32 99.999 99.999 99.999 13.122 13.420 99.999 99.999 99.999  0.315 99.999 99.999 99.999 99.999  99.999  99.999  99.999  99.999  0.026  0.026  0.026  0.118  0.030  0.135    4    4 99.999 99.999   99  20.829743056 -17.666461879  6 48 45.99 2002  7 15 2452470.78386563    20  clear                 net0009.fits                                       Triton                1050  1050
   1.268   1.344  550.26  504.00 0.848   9659.73   1231.82 99.999 99.999 99.999 13.198 13.225 99.999 99.999 99.999  0.387 99.999 99.999 99.999 99.999  99.999  99.999  99.999  99.999  0.026  0.026  0.000  0.000  0.000  0.000    3    3 99.999 99.999   99  20.829772010 -17.666141185  6 49 38.54 2002  7 15 2452470.78447384    20  clear                 net0010.fits                                       Triton                1050  1050
   1.180   1.485  548.41  504.33 0.855  11299.70    866.57 99.999 99.999 99.999 13.265 13.289 99.999 99.999 99.999  0.361 99.999 99.999 99.999 99.999  99.999  99.999  99.999  99.999  0.011  0.011  0.000  0.000  0.000  0.000    3    3 99.999 99.999   99  20.829769092 -17.666107235  6 50 28.31 2002  7 15 2452470.78504988    20  clear                 net0011.fits                                       Triton                1050  1050
  -0.265   0.185  549.00  504.57 0.836  10843.98   1229.21 99.999 99.999 99.999 13.125 13.351 99.999 99.999 99.999  0.364 99.999 99.999 99.999 99.999  99.999  99.999  99.999  99.999  0.023  0.023  0.008  0.127  0.009  0.146    4    4 99.999 99.999   99  20.829739210 -17.666476454  6 51 44.00 2002  7 15 2452470.78592593    20  clear                 net0012.fits                                       Triton                1050  1050
   1.216   1.304  549.63  504.35 0.933   9890.92    724.88 99.999 99.999 99.999 13.314 13.264 99.999 99.999 99.999  0.347 99.999 99.999 99.999 99.999  99.999  99.999  99.999  99.999  0.010  0.010  0.000  0.000  0.000  0.000    3    3 99.999 99.999   99  20.829765721 -17.666175496  6 53 18.70 2002  7 15 2452470.78702199    20  clear                 net0013.fits                                       Triton                1050  1050
   1.128   1.330  547.30  504.46 1.011   8679.02    517.95 99.999 99.999 99.999 13.323 13.288 99.999 99.999 99.999  0.314 99.999 99.999 99.999 99.999  99.999  99.999  99.999  99.999  0.018  0.018  0.000  0.000  0.000  0.000    3    3 99.999 99.999   99  20.829762056 -17.666177027  6 54 39.79 2002  7 15 2452470.78796053    20  clear                 net0014.fits                                       Triton                1050  1050
   1.111   1.465  541.73  496.31 0.799  16711.97   1999.74 99.999 99.999 99.999 13.159 13.168 99.999 99.999 99.999  0.386 99.999 99.999 99.999 99.999  99.999  99.999  99.999  99.999  0.028  0.028  0.000  0.000  0.000  0.000    3    3 99.999 99.999   99  20.829753618 -17.666175494  7  0 20.27 2002  7 15 2452470.79190127    30  clear                 net0016.fits                                       Triton                1050  1050
   1.410   1.426  557.64  496.33 0.821  16930.54   1774.49 99.999 99.999 99.999 13.238 13.211 99.999 99.999 99.999  0.364 99.999 99.999 99.999 99.999  99.999  99.999  99.999  99.999  0.012  0.012  0.000  0.000  0.000  0.000    3    3 99.999 99.999   99  20.829756765 -17.666198057  7  2 10.95 2002  7 15 2452470.79318229    30  clear                 net0017.fits                                       Triton                1050  1050
   1.275   1.361  549.26  495.83 0.905  13681.06   1608.35 99.999 99.999 99.999 13.235 13.211 99.999 99.999 99.999  0.357 99.999 99.999 99.999 99.999  99.999  99.999  99.999  99.999  0.021  0.021  0.000  0.000  0.000  0.000    3    3 99.999 99.999   99  20.829751642 -17.666227393  7  3 56.59 2002  7 15 2452470.79440498    30  clear                 net0018.fits                                       Triton                1050  1050
  -0.215   0.191  553.53  498.25 0.874  16412.87   1168.95 99.999 99.999 99.999 12.989 13.155 99.999 99.999 99.999  0.414 99.999 99.999 99.999 99.999  99.999  99.999  99.999  99.999  0.014  0.014  0.026  0.137  0.030  0.162    5    4 99.999 99.999   99  20.829714827 -17.666586813  7  9 25.31 2002  7 15 2452470.79820961    30  clear                 net0021.fits                                       Triton                1050  1050
   1.261   1.439  550.91  498.36 0.944  14478.09   1027.27 99.999 99.999 99.999 13.157 13.092 99.999 99.999 99.999  0.365 99.999 99.999 99.999 99.999  99.999  99.999  99.999  99.999  0.014  0.014  0.000  0.000  0.000  0.000    3    3 99.999 99.999   99  20.829740807 -17.666252331  7 11 17.70 2002  7 15 2452470.79951042    30  clear                 net0022.fits                                       Triton                1050  1050
   1.330   1.455  551.62  498.17 0.811  16816.18   1691.92 99.999 99.999 99.999 13.125 13.096 99.999 99.999 99.999  0.357 99.999 99.999 99.999 99.999  99.999  99.999  99.999  99.999  0.016  0.016  0.000  0.000  0.000  0.000    3    3 99.999 99.999   99  20.829739993 -17.666257401  7 12 48.71 2002  7 15 2452470.80056377    30  clear                 net0023.fits                                       Triton                1050  1050
   1.313   1.267  553.02  498.69 0.907   9218.29    942.28 99.999 99.999 99.999 13.133 13.121 99.999 99.999 99.999  0.402 99.999 99.999 99.999 99.999  99.999  99.999  99.999  99.999  0.016  0.016  0.000  0.000  0.000  0.000    3    3 99.999 99.999   99  20.829737188 -17.666320437  7 14 31.84 2002  7 15 2452470.80175741    20  clear                 net0024.fits                                       Triton                1050  1050
  -0.139   0.089  549.68  499.52 1.059   7517.54    575.40 99.999 99.999 99.999 13.316 13.351 99.999 99.999 99.999  0.280 99.999 99.999 99.999 99.999  99.999  99.999  99.999  99.999  0.008  0.008  0.142  0.138  0.115  0.112    4    4 99.999 99.999   99  20.829706935 -17.666656543  7 15 57.14 2002  7 15 2452470.80274468    20  clear                 net0025.fits                                       Triton                1050  1050
   1.301   1.484  547.58  497.47 0.774  11575.51   1351.59 99.999 99.999 99.999 13.085 13.046 99.999 99.999 99.999  0.375 99.999 99.999 99.999 99.999  99.999  99.999  99.999  99.999  0.015  0.015  0.000  0.000  0.000  0.000    3    3 99.999 99.999   99  20.829730711 -17.666287815  7 18 53.08 2002  7 15 2452470.80478102    20  clear                 net0027.fits                                       Triton                1050  1050
   1.389   1.338  553.53  498.02 0.936   6107.03    782.24 99.999 99.999 99.999 13.175 13.104 99.999 99.999 99.999  0.385 99.999 99.999 99.999 99.999  99.999  99.999  99.999  99.999  0.011  0.011  0.000  0.000  0.000  0.000    3    3 99.999 99.999   99  20.829721360 -17.666376857  7 26 35.93 2002  7 15 2452470.81013808    15  clear                 net0031.fits                                       Triton                1050  1050
  -0.135   0.091  552.27  498.88 0.982   6780.40    397.82 99.999 99.999 99.999 13.223 13.298 99.999 99.999 99.999  0.278 99.999 99.999 99.999 99.999  99.999  99.999  99.999  99.999  0.018  0.018  0.153  0.152  0.126  0.125    4    4 99.999 99.999   99  20.829655371 -17.666882211  7 51 58.10 2002  7 15 2452470.82775579    15  clear                 net0046.fits                                       Triton                1050  1050
   1.353   1.438  550.85  495.54 0.865   7437.27    762.12 99.999 99.999 99.999 13.047 13.040 99.999 99.999 99.999  0.393 99.999 99.999 99.999 99.999  99.999  99.999  99.999  99.999  0.019  0.019  0.000  0.000  0.000  0.000    3    3 99.999 99.999   99  20.829673906 -17.666553378  7 59 13.16 2002  7 15 2452470.83279120    15  clear                 net0050.fits                                       Triton                1050  1050
  -0.174   0.128  553.52  500.59 0.809   7337.18    941.31 99.999 99.999 99.999 13.007 13.220 99.999 99.999 99.999  0.418 99.999 99.999 99.999 99.999  99.999  99.999  99.999  99.999  0.018  0.018  0.078  0.052  0.102  0.068    5    5 99.999 99.999   99  20.829636225 -17.666951912  8  4 48.27 2002  7 15 2452470.83666979    15  clear                 net0053.fits                                       Triton                1050  1050
  -0.189   0.154  553.78  500.57 0.822   6769.53    993.39 99.999 99.999 99.999 13.035 13.196 99.999 99.999 99.999  0.393 99.999 99.999 99.999 99.999  99.999  99.999  99.999  99.999  0.018  0.018  0.086  0.071  0.113  0.093    5    5 99.999 99.999   99  20.829630914 -17.666966501  8  8 18.11 2002  7 15 2452470.83909850    15  clear                 net0055.fits                                       Triton                1050  1050
  -0.208   0.136  545.80  501.07 0.803   7752.58    811.04 99.999 99.999 99.999 12.961 13.176 99.999 99.999 99.999  0.433 99.999 99.999 99.999 99.999  99.999  99.999  99.999  99.999  0.022  0.022  0.082  0.070  0.108  0.092    5    5 99.999 99.999   99  20.829623758 -17.667000879  8 13  1.83 2002  7 15 2452470.84238229    15  clear                 net0058.fits                                       Triton                1050  1050
   1.378   1.267  546.49  500.76 0.925   6815.68    447.15 99.999 99.999 99.999 12.891 12.921 99.999 99.999 99.999  0.438 99.999 99.999 99.999 99.999  99.999  99.999  99.999  99.999  0.018  0.018  0.000  0.000  0.000  0.000    3    3 99.999 99.999   99  20.829652791 -17.666694499  8 14 17.83 2002  7 15 2452470.84326192    15  clear                 net0059.fits                                       Triton                1050  1050
  -0.873   0.729  545.29  500.33 2.190   2077.95    -23.61 99.999 99.999 99.999 13.631 13.340 99.999 99.999 99.999  0.120 99.999 99.999 99.999 99.999  99.999  99.999  99.999  99.999  0.028  0.028  0.000  0.000  0.000  0.000    3    3 99.999 99.999   99  20.829602776 -17.666871023  8 18 39.64 2002  7 15 2452470.84629213    15  clear                 net0060.fits                                       Triton                1050  1050
  -0.220  -0.000  432.92  557.96 1.178   3618.87    421.38 99.999 99.999 99.999 13.399 13.354 99.999 99.999 99.999  0.118 99.999 99.999 99.999 99.999  99.999  99.999  99.999  99.999  0.011  0.011  0.035  0.048  0.077  0.106    6    5 99.999 99.999   99  20.782785531 -17.851466113  0 58 43.21 2002  8 10 2452496.54077789    20  clear                 net0001.fits                                       Triton                1016  1020
  -0.217  -0.006  431.72  558.63 1.246   3407.09    416.48 99.999 99.999 99.999 13.478 13.421 99.999 99.999 99.999  0.094 99.999 99.999 99.999 99.999  99.999  99.999  99.999  99.999  0.013  0.013  0.035  0.049  0.077  0.108    6    5 99.999 99.999   99  20.782783309 -17.851472507  1  0 37.67 2002  8 10 2452496.54210266    20  clear                 net0002.fits                                       Triton                1016  1020
  -0.223   0.007  427.68  556.95 1.355   3027.88    326.80 99.999 99.999 99.999 13.506 13.588 99.999 99.999 99.999  0.096 99.999 99.999 99.999 99.999  99.999  99.999  99.999  99.999  0.013  0.013  0.037  0.050  0.082  0.112    6    5 99.999 99.999   99  20.782773667 -17.851488571  1  8 40.31 2002  8 10 2452496.54768877    20  clear                 net0006.fits                                       Triton                1016  1020
  -0.240   0.038  431.29  557.70 1.315   2910.29    412.63 99.999 99.999 99.999 13.478 13.428 99.999 99.999 99.999  0.093 99.999 99.999 99.999 99.999  99.999  99.999  99.999  99.999  0.013  0.013  0.035  0.054  0.078  0.120    6    5 99.999 99.999   99  20.782770977 -17.851484948  1 10 38.99 2002  8 10 2452496.54906238    20  clear                 net0007.fits                                       Triton                1016  1020
  -0.212   0.003  431.70  558.10 1.345   2282.05    336.90 99.999 99.999 99.999 13.526 13.573 99.999 99.999 99.999  0.102 99.999 99.999 99.999 99.999  99.999  99.999  99.999  99.999  0.014  0.014  0.033  0.041  0.073  0.090    6    5 99.999 99.999   99  20.782753431 -17.851532350  1 25 54.94 2002  8 10 2452496.55966366    15  clear                 net0015.fits                                       Triton                1016  1020
  -0.210   0.002  429.28  559.19 1.298   3055.38    399.04 99.999 99.999 99.999 13.445 13.507 99.999 99.999 99.999  0.120 99.999 99.999 99.999 99.999  99.999  99.999  99.999  99.999  0.011  0.011  0.030  0.047  0.068  0.104    6    5 99.999 99.999   99  20.782751213 -17.851537215  1 27 49.81 2002  8 10 2452496.56099317    20  clear                 net0016.fits                                       Triton                1016  1020
  -0.220   0.037  430.30  559.54 1.300   3321.30    362.09 99.999 99.999 99.999 13.508 13.453 99.999 99.999 99.999  0.119 99.999 99.999 99.999 99.999  99.999  99.999  99.999  99.999  0.014  0.014  0.033  0.049  0.073  0.110    6    5 99.999 99.999   99  20.782749239 -17.851531485  1 29 19.27 2002  8 10 2452496.56202859    20  clear                 net0017.fits                                       Triton                1016  1020
  -0.194   0.039  432.71  558.63 1.419   3083.64    254.90 99.999 99.999 99.999 13.615 13.659 99.999 99.999 99.999  0.103 99.999 99.999 99.999 99.999  99.999  99.999  99.999  99.999  0.016  0.016  0.028  0.043  0.063  0.097    6    5 99.999 99.999   99  20.782725867 -17.851580682  1 49 32.63 2002  8 10 2452496.57607211    20  clear                 net0027.fits                                       Triton                1016  1020
  -0.187   0.042  430.87  559.21 1.361   3275.51    285.83 99.999 99.999 99.999 13.623 13.555 99.999 99.999 99.999  0.115 99.999 99.999 99.999 99.999  99.999  99.999  99.999  99.999  0.019  0.019  0.028  0.044  0.063  0.098    6    5 99.999 99.999   99  20.782719943 -17.851592465  1 54 41.09 2002  8 10 2452496.57964225    20  clear                 net0029.fits                                       Triton                1016  1020
  -0.187   0.041  430.04  558.75 1.476   2811.08    232.69 99.999 99.999 99.999 13.573 13.503 99.999 99.999 99.999  0.100 99.999 99.999 99.999 99.999  99.999  99.999  99.999  99.999  0.015  0.015  0.029  0.040  0.064  0.090    6    5 99.999 99.999   99  20.782717751 -17.851597135  1 56 32.13 2002  8 10 2452496.58092743    20  clear                 net0030.fits                                       Triton                1016  1020
  -0.089  -0.021  439.49  555.23 2.244   1102.10    239.92 99.999 99.999 99.999 13.222 13.187 99.999 99.999 99.999  0.101 99.999 99.999 99.999 99.999  99.999  99.999  99.999  99.999  0.025  0.025  0.028  0.015  0.065  0.036    6    6 99.999 99.999   99  20.782600326 -17.851867056  3 38 27.22 2002  8 10 2452496.65170394    20  clear                 net0041.fits                                       Triton                1016  1020
  -0.063  -0.028  441.56  551.36 1.207   3374.60    404.22 99.999 99.999 99.999 13.261 13.229 99.999 99.999 99.999  0.134 99.999 99.999 99.999 99.999  99.999  99.999  99.999  99.999  0.011  0.011  0.026  0.021  0.061  0.049    6    6 99.999 99.999   99  20.782598971 -17.851872712  3 40  2.45 2002  8 10 2452496.65280613    20  clear                 net0042.fits                                       Triton                1016  1020
  -0.060  -0.005  439.42  555.72 1.463   2153.94    472.05 99.999 99.999 99.999 13.230 13.200 99.999 99.999 99.999  0.110 99.999 99.999 99.999 99.999  99.999  99.999  99.999  99.999  0.018  0.018  0.026  0.017  0.061  0.040    6    6 99.999 99.999   99  20.782596826 -17.851871013  3 41 56.95 2002  8 10 2452496.65413137    20  clear                 net0043.fits                                       Triton                1016  1020
  -0.070  -0.001  445.06  554.73 0.987   5267.12    514.87 99.999 99.999 99.999 13.315 13.377 99.999 99.999 99.999  0.113 99.999 99.999 99.999 99.999  99.999  99.999  99.999  99.999  0.015  0.015  0.029  0.018  0.068  0.043    6    6 99.999 99.999   99  20.782590246 -17.851883527  3 47 25.85 2002  8 10 2452496.65793808    20  clear                 net0045.fits                                       Triton                1016  1020
  -0.072   0.042  447.19  558.62 0.919   5685.57    574.04 99.999 99.999 99.999 13.341 13.406 99.999 99.999 99.999  0.125 99.999 99.999 99.999 99.999  99.999  99.999  99.999  99.999  0.005  0.005  0.034  0.023  0.080  0.052    6    6 99.999 99.999   99  20.782582051 -17.851889539  3 54 29.54 2002  8 10 2452496.66284190    20  clear                 net0049.fits                                       Triton                1016  1020
  -0.089   0.048  448.22  558.91 0.886   6008.77    567.28 99.999 99.999 99.999 13.327 13.401 99.999 99.999 99.999  0.128 99.999 99.999 99.999 99.999  99.999  99.999  99.999  99.999  0.016  0.016  0.032  0.022  0.075  0.050    6    6 99.999 99.999   99  20.782580220 -17.851890721  3 55 46.55 2002  8 10 2452496.66373322    20  clear                 net0050.fits                                       Triton                1016  1020
  -0.027  -0.009  451.20  560.95 0.987   4850.31    607.91 99.999 99.999 99.999 13.320 13.365 99.999 99.999 99.999  0.138 99.999 99.999 99.999 99.999  99.999  99.999  99.999  99.999  0.015  0.015  0.034  0.020  0.077  0.046    7    6 99.999 99.999   99  20.782557165 -17.851958907  4 16 44.31 2002  8 10 2452496.67829063    20  clear                 net0062.fits                                       Triton                1016  1020
   0.002   0.011  450.87  561.22 0.981   4918.87    556.20 99.999 99.999 99.999 13.265 13.309 99.999 99.999 99.999  0.149 99.999 99.999 99.999 99.999  99.999  99.999  99.999  99.999  0.000  0.000  0.036  0.020  0.082  0.046    7    6 99.999 99.999   99  20.782544422 -17.851982295  4 28 16.18 2002  8 10 2452496.68629838    20  clear                 net0069.fits                                       Triton                1016  1020
   0.001   0.032  454.79  562.47 1.239   2970.97    441.03 99.999 99.999 99.999 13.341 13.262 99.999 99.999 99.999  0.112 99.999 99.999 99.999 99.999  99.999  99.999  99.999  99.999  0.006  0.006  0.043  0.023  0.099  0.053    7    6 99.999 99.999   99  20.782542018 -17.851981591  4 30 20.04 2002  8 10 2452496.68773194    20  clear                 net0070.fits                                       Triton                1016  1020
  -0.014  -0.012  451.74  559.56 1.071   4182.31    465.55 99.999 99.999 99.999 13.350 13.270 99.999 99.999 99.999  0.113 99.999 99.999 99.999 99.999  99.999  99.999  99.999  99.999  0.007  0.007  0.031  0.022  0.071  0.051    7    6 99.999 99.999   99  20.782539787 -17.851998194  4 32  0.81 2002  8 10 2452496.68889826    20  clear                 net0071.fits                                       Triton                1016  1020
   0.019   0.015  452.37  560.70 0.919   5255.20    647.74 99.999 99.999 99.999 13.282 13.314 99.999 99.999 99.999  0.119 99.999 99.999 99.999 99.999  99.999  99.999  99.999  99.999  0.012  0.012  0.035  0.023  0.080  0.052    6    6 99.999 99.999   99  20.782538588 -17.851994852  4 33 37.13 2002  8 10 2452496.69001308    20  clear                 net0072.fits                                       Triton                1016  1020
   0.016  -0.285  499.14  593.18 1.676   1952.77    398.25 99.999 99.999 99.999 13.327 13.014 99.999 99.999 99.999  0.139 99.999 99.999 99.999 99.999  99.999  99.999  99.999  99.999  0.003  0.003  0.000  0.000  0.000  0.000    3    3 99.999 99.999   99  20.781012866 -17.857192274  4 39 45.91 2002  8 11 2452497.69428137    30  clear                 net0002.fits                                       Triton                1016  1020
  -0.046  -0.361  504.59  591.85 1.500   2576.96    464.68 99.999 99.999 99.999 13.331 13.028 99.999 99.999 99.999  0.170 99.999 99.999 99.999 99.999  99.999  99.999  99.999  99.999  0.007  0.007  0.000  0.000  0.000  0.000    3    3 99.999 99.999   99  20.780985991 -17.857331724  5  4 31.09 2002  8 11 2452497.71147095    30  clear                 net0014.fits                                       Triton                1016  1020
  -0.049  -0.354  502.31  590.37 1.370   4063.51    570.52 99.999 99.999 99.999 13.334 12.858 99.999 99.999 99.999  0.187 99.999 99.999 99.999 99.999  99.999  99.999  99.999  99.999  0.008  0.008  0.000  0.000  0.000  0.000    3    3 99.999 99.999   99  20.780976305 -17.857374262  5 13 47.53 2002  8 11 2452497.71791123    40  clear                 net0018.fits                                       Triton                1016  1020
  -0.265  -0.071  508.54  559.88 1.055   9807.03    644.22 99.999 99.999 99.999 13.168 13.090 99.999 99.999 99.999  0.091 99.999 99.999 99.999 99.999  99.999  99.999  99.999  99.999  0.004  0.004  0.000  0.000  0.000  0.000    4    4 99.999 99.999   99  20.877745097 -17.554529684 23 52 11.28 2003  9 15 2452898.49457500    20  Clear                 150903net0007.fits                                 Triton                1016  1020
  -0.290  -0.064  509.17  560.28 0.981  10707.37    807.65 99.999 99.999 99.999 13.207 13.276 99.999 99.999 99.999  0.095 99.999 99.999 99.999 99.999  99.999  99.999  99.999  99.999  0.004  0.005  0.068  0.014  0.045  0.021    5    5 99.999 99.999   99  20.877742975 -17.554539681 23 54  9.36 2003  9 15 2452898.49594167    20  Clear                 150903net0008.fits                                 Triton                1016  1020
  -0.293  -0.073  509.78  561.00 0.827  10596.18    957.40 99.999 99.999 99.999 13.184 13.250 99.999 99.999 99.999  0.098 99.999 99.999 99.999 99.999  99.999  99.999  99.999  99.999  0.006  0.006  0.063  0.012  0.041  0.018    5    5 99.999 99.999   99  20.877737587 -17.554581716  0  0 36.52 2003  9 16 2452898.50042269    15  Clear                 150903net0012.fits                                 Triton                1016  1020
  -0.282  -0.069  509.41  560.03 0.862   9060.84    973.26 99.999 99.999 99.999 13.173 13.268 99.999 99.999 99.999  0.103 99.999 99.999 99.999 99.999  99.999  99.999  99.999  99.999  0.003  0.003  0.085  0.006  0.055  0.009    5    5 99.999 99.999   99  20.877735907 -17.554594577  0  2 53.09 2003  9 16 2452898.50200336    15  Clear                 150903net0013.fits                                 Triton                1016  1020
  -0.288  -0.069  509.66  558.77 1.005   7508.63    618.97 99.999 99.999 99.999 13.212 13.300 99.999 99.999 99.999  0.086 99.999 99.999 99.999 99.999  99.999  99.999  99.999  99.999  0.003  0.003  0.066  0.012  0.043  0.017    5    5 99.999 99.999   99  20.877734236 -17.554606099  0  4 45.80 2003  9 16 2452898.50330787    15  Clear                 150903net0014.fits                                 Triton                1016  1020
   0.129  -0.053  509.70  559.28 0.944  11065.96    954.64 99.999 99.999 99.999 13.161 13.189 99.999 99.999 99.999  0.103 99.999 99.999 99.999 99.999  99.999  99.999  99.999  99.999  0.004  0.004  0.104  0.003  0.070  0.004    6    5 99.999 99.999   99  20.877741066 -17.554611130  0  6 17.86 2003  9 16 2452898.50437338    20  Clear                 150903net0015.fits                                 Triton                1016  1020
  -0.294  -0.067  510.47  560.48 0.957  10000.94   1064.89 99.999 99.999 99.999 13.207 13.271 99.999 99.999 99.999  0.071 99.999 99.999 99.999 99.999  99.999  99.999  99.999  99.999  0.004  0.004  0.068  0.014  0.045  0.021    5    5 99.999 99.999   99  20.877729702 -17.554637961  0 10  5.29 2003  9 16 2452898.50700567    20  Clear                 150903net0017.fits                                 Triton                1016  1020
   0.125  -0.083  510.79  558.52 1.170   7142.35    626.34 99.999 99.999 99.999 13.210 13.133 99.999 99.999 99.999  0.086 99.999 99.999 99.999 99.999  99.999  99.999  99.999  99.999  0.005  0.005  0.104  0.004  0.070  0.006    6    5 99.999 99.999   99  20.877734312 -17.554668550  0 14 19.99 2003  9 16 2452898.50995359    20  Clear                 150903net0019.fits                                 Triton                1016  1020
  -0.286  -0.071  507.94  558.70 1.157   7352.10    637.95 99.999 99.999 99.999 13.201 13.076 99.999 99.999 99.999  0.098 99.999 99.999 99.999 99.999  99.999  99.999  99.999  99.999  0.003  0.003  0.071  0.016  0.047  0.024    5    5 99.999 99.999   99  20.877725163 -17.554673917  0 15 45.10 2003  9 16 2452898.51093866    20  Clear                 150903net0020.fits                                 Triton                1016  1020
  -0.243  -0.086  507.64  559.92 1.084   8054.57    764.02 99.999 99.999 99.999 13.175 12.858 99.999 99.999 99.999  0.082 99.999 99.999 99.999 99.999  99.999  99.999  99.999  99.999  0.002  0.002  0.000  0.000  0.000  0.000    4    4 99.999 99.999   99  20.877724608 -17.554688413  0 17 25.59 2003  9 16 2452898.51210174    20  Clear                 150903net0021.fits                                 Triton                1016  1020
  -0.262  -0.101  508.68  559.23 1.105   8221.39    667.64 99.999 99.999 99.999 13.228 13.259 99.999 99.999 99.999  0.044 99.999 99.999 99.999 99.999  99.999  99.999  99.999  99.999  0.002  0.002  0.000  0.000  0.000  0.000    4    4 99.999 99.999   99  20.877721724 -17.554711306  0 20 28.89 2003  9 16 2452898.51422326    20  Clear                 150903net0023.fits                                 Triton                1016  1020
  -0.275  -0.076  509.49  559.32 1.111  21322.30   1515.45 99.999 99.999 99.999 13.225 13.100 99.999 99.999 99.999  0.086 99.999 99.999 99.999 99.999  99.999  99.999  99.999  99.999  0.004  0.004  0.056  0.012  0.037  0.017    5    5 99.999 99.999   99  20.877714485 -17.554755603  0 28 51.31 2003  9 16 2452898.52003831    50  Clear                 150903net0027.fits                                 Triton                1016  1020
  -0.449  -0.119  511.31  558.84 1.193  10869.71    826.49 99.999 99.999 99.999 13.264 12.889 99.999 99.999 99.999  0.051 99.999 99.999 99.999 99.999  99.999  99.999  99.999  99.999  0.005  0.005  0.000  0.000  0.000  0.000    4    4 99.999 99.999   99  20.877702753 -17.554829178  0 38 53.26 2003  9 16 2452898.52700532    30  Clear                 150903net0030.fits                                 Triton                1016  1020
  -0.278  -0.081  510.19  557.48 1.480  14123.01   1096.54 99.999 99.999 99.999 13.234 13.097 99.999 99.999 99.999  0.078 99.999 99.999 99.999 99.999  99.999  99.999  99.999  99.999  0.004  0.004  0.056  0.010  0.037  0.014    5    5 99.999 99.999   99  20.877696512 -17.554888784  0 50 20.42 2003  9 16 2452898.53495856    60  Clear                 150903net0034.fits                                 Triton                1016  1020
