  -0.058  -0.119  347.55  597.28 1.699    386.10     27.15 99.999 99.999 99.999 13.257 13.498 99.999 99.999 99.999  0.105 99.999 99.999 99.999 99.999  99.999  99.999  99.999  99.999  0.007  0.007  0.023  0.022  0.077  0.074   13   12 99.999 99.999   99  20.122309239 -19.788563073  3 54 36.66 1997  6  1 2450600.66292431     5  filtro desconhecido   01069701.net.fits                                  Triton                 739  1140
  -0.085  -0.138  348.99  597.68 1.649    354.74     37.83 99.999 99.999 99.999 13.264 13.557 99.999 99.999 99.999  0.086 99.999 99.999 99.999 99.999  99.999  99.999  99.999  99.999  0.006  0.006  0.018  0.022  0.055  0.068   13   10 99.999 99.999   99  20.122306240 -19.788585491  3 58 13.35 1997  6  1 2450600.66543229     5  filtro desconhecido   01069702.net.fits                                  Triton                 739  1140
  -0.075  -0.145  346.30  598.16 1.573    438.76     29.51 99.999 99.999 99.999 13.274 13.444 99.999 99.999 99.999  0.108 99.999 99.999 99.999 99.999  99.999  99.999  99.999  99.999  0.011  0.011  0.017  0.026  0.054  0.083   13   11 99.999 99.999   99  20.122305907 -19.788591018  3 58 59.05 1997  6  1 2450600.66596123     5  filtro desconhecido   01069703.net.fits                                  Triton                 739  1140
  -0.097  -0.098  348.56  598.01 1.623    414.53     27.98 99.999 99.999 99.999 13.275 13.509 99.999 99.999 99.999  0.100 99.999 99.999 99.999 99.999  99.999  99.999  99.999  99.999  0.009  0.009  0.012  0.018  0.038  0.057   13   10 99.999 99.999   99  20.122304989 -19.788581550  3 59 43.64 1997  6  1 2450600.66647731     5  filtro desconhecido   01069704.net.fits                                  Triton                 739  1140
  -0.077  -0.129  348.69  598.76 1.418    479.10     40.88 99.999 99.999 99.999 13.309 13.582 99.999 99.999 99.999  0.121 99.999 99.999 99.999 99.999  99.999  99.999  99.999  99.999  0.009  0.009  0.025  0.023  0.071  0.067   13   10 99.999 99.999   99  20.122304845 -19.788593940  4  0 30.28 1997  6  1 2450600.66701713     5  filtro desconhecido   01069705.net.fits                                  Triton                 739  1140
  -0.057  -0.146  347.44  599.22 1.439    443.09     43.87 99.999 99.999 99.999 13.280 13.556 99.999 99.999 99.999  0.107 99.999 99.999 99.999 99.999  99.999  99.999  99.999  99.999  0.008  0.008  0.019  0.023  0.058  0.071   13   10 99.999 99.999   99  20.122304720 -19.788602302  4  1 15.92 1997  6  1 2450600.66754537     5  filtro desconhecido   01069706.net.fits                                  Triton                 739  1140
  -0.071  -0.125  352.27  598.91 1.424    420.33     51.24 99.999 99.999 99.999 13.220 13.442 99.999 99.999 99.999  0.200 99.999 99.999 99.999 99.999  99.999  99.999  99.999  99.999  0.010  0.010  0.013  0.022  0.039  0.068   13   10 99.999 99.999   99  20.122303932 -19.788599909  4  2  0.57 1997  6  1 2450600.66806215     5  filtro desconhecido   01069707.net.fits                                  Triton                 739  1140
  -0.065  -0.114  351.88  599.19 1.588    358.69     44.97 99.999 99.999 99.999 13.235 13.546 99.999 99.999 99.999  0.175 99.999 99.999 99.999 99.999  99.999  99.999  99.999  99.999  0.008  0.008  0.023  0.019  0.063  0.051   13    9 99.999 99.999   99  20.122303492 -19.788600536  4  2 47.21 1997  6  1 2450600.66860197     5  filtro desconhecido   01069708.net.fits                                  Triton                 739  1140
  -0.079  -0.150  353.37  600.06 1.538    384.77     45.89 99.999 99.999 99.999 13.300 13.548 99.999 99.999 99.999  0.107 99.999 99.999 99.999 99.999  99.999  99.999  99.999  99.999  0.010  0.010  0.016  0.024  0.048  0.074   12   10 99.999 99.999   99  20.122302190 -19.788617914  4  4 17.50 1997  6  1 2450600.66964699     5  filtro desconhecido   01069710.net.fits                                  Triton                 739  1140
  -0.105  -0.197  362.73  603.68 1.635    534.84     24.56 99.999 99.999 99.999 13.254 13.439 99.999 99.999 99.999  0.115 99.999 99.999 99.999 99.999  99.999  99.999  99.999  99.999  0.011  0.011  0.017  0.024  0.055  0.078   13   11 99.999 99.999   99  20.122291330 -19.788702593  4 19 19.38 1997  6  1 2450600.68008542     1  filtro desconhecido   01069712.net.fits                                  Triton                 739  1140
  -0.074  -0.167  362.81  604.19 1.248    582.00    107.72 99.999 99.999 99.999 13.305 13.503 99.999 99.999 99.999  0.107 99.999 99.999 99.999 99.999  99.999  99.999  99.999  99.999  0.017  0.017  0.018  0.026  0.053  0.075   13   10 99.999 99.999   99  20.122291435 -19.788697709  4 20  2.56 1997  6  1 2450600.68058519     1  filtro desconhecido   01069713.net.fits                                  Triton                 739  1140
  -0.112  -0.153  362.88  604.09 1.616    544.77     24.36 99.999 99.999 99.999 13.351 13.543 99.999 99.999 99.999  0.133 99.999 99.999 99.999 99.999  99.999  99.999  99.999  99.999  0.019  0.019  0.015  0.021  0.050  0.069   13   11 99.999 99.999   99  20.122290211 -19.788697037  4 20 43.75 1997  6  1 2450600.68106192     1  filtro desconhecido   01069714.net.fits                                  Triton                 739  1140
  -0.095  -0.150  363.55  604.26 1.234    616.88     79.08 99.999 99.999 99.999 13.260 13.530 99.999 99.999 99.999  0.149 99.999 99.999 99.999 99.999  99.999  99.999  99.999  99.999  0.018  0.018  0.017  0.023  0.057  0.074   13   11 99.999 99.999   99  20.122290055 -19.788699606  4 21 25.93 1997  6  1 2450600.68155012     1  filtro desconhecido   01069715.net.fits                                  Triton                 739  1140
  -0.115  -0.103  363.07  604.07 1.373    598.38     57.12 99.999 99.999 99.999 13.300 13.513 99.999 99.999 99.999  0.132 99.999 99.999 99.999 99.999  99.999  99.999  99.999  99.999  0.017  0.017  0.016  0.021  0.053  0.070   13   11 99.999 99.999   99  20.122289185 -19.788689874  4 22  8.11 1997  6  1 2450600.68203831     1  filtro desconhecido   01069716.net.fits                                  Triton                 739  1140
  -0.100  -0.173  364.04  604.38 1.280    566.38     76.43 99.999 99.999 99.999 13.276 13.531 99.999 99.999 99.999  0.137 99.999 99.999 99.999 99.999  99.999  99.999  99.999  99.999  0.020  0.020  0.018  0.026  0.060  0.085   13   11 99.999 99.999   99  20.122288985 -19.788712895  4 22 50.29 1997  6  1 2450600.68252650     1  filtro desconhecido   01069717.net.fits                                  Triton                 739  1140
  -0.113  -0.136  364.40  604.40 1.557    376.75     58.76 99.999 99.999 99.999 13.283 13.519 99.999 99.999 99.999  0.138 99.999 99.999 99.999 99.999  99.999  99.999  99.999  99.999  0.012  0.012  0.020  0.021  0.066  0.069   13   11 99.999 99.999   99  20.122288243 -19.788705728  4 23 32.48 1997  6  1 2450600.68301481     1  filtro desconhecido   01069718.net.fits                                  Triton                 739  1140
  -0.135  -0.141  363.01  604.94 1.472    472.43     56.89 99.999 99.999 99.999 13.286 13.557 99.999 99.999 99.999  0.132 99.999 99.999 99.999 99.999  99.999  99.999  99.999  99.999  0.023  0.023  0.015  0.022  0.050  0.072   13   11 99.999 99.999   99  20.122287318 -19.788710543  4 24 15.60 1997  6  1 2450600.68351389     1  filtro desconhecido   01069719.net.fits                                  Triton                 739  1140
  -0.100  -0.142  364.91  604.87 1.240    612.04     81.69 99.999 99.999 99.999 13.307 13.436 99.999 99.999 99.999  0.118 99.999 99.999 99.999 99.999  99.999  99.999  99.999  99.999  0.016  0.016  0.018  0.020  0.057  0.065   13   11 99.999 99.999   99  20.122287528 -19.788714186  4 24 56.79 1997  6  1 2450600.68399063     1  filtro desconhecido   01069720.net.fits                                  Triton                 739  1140
  -0.107  -0.157  366.24  604.80 1.733    455.73     29.98 99.999 99.999 99.999 13.234 13.507 99.999 99.999 99.999  0.125 99.999 99.999 99.999 99.999  99.999  99.999  99.999  99.999  0.017  0.017  0.019  0.022  0.061  0.071   13   11 99.999 99.999   99  20.122286887 -19.788721736  4 25 38.97 1997  6  1 2450600.68447882     1  filtro desconhecido   01069721.net.fits                                  Triton                 739  1140
  -0.127  -0.108  367.16  606.24 1.621    453.67     41.80 99.999 99.999 99.999 13.245 13.525 99.999 99.999 99.999  0.134 99.999 99.999 99.999 99.999  99.999  99.999  99.999  99.999  0.018  0.018  0.014  0.023  0.043  0.073   13   10 99.999 99.999   99  20.122285527 -19.788714662  4 27  3.34 1997  6  1 2450600.68545532     1  filtro desconhecido   01069723.net.fits                                  Triton                 739  1140
  -0.111  -0.156  366.44  605.09 1.634    426.37     48.76 99.999 99.999 99.999 13.306 13.540 99.999 99.999 99.999  0.134 99.999 99.999 99.999 99.999  99.999  99.999  99.999  99.999  0.015  0.015  0.018  0.023  0.058  0.076   13   11 99.999 99.999   99  20.122285334 -19.788731616  4 27 46.52 1997  6  1 2450600.68595509     1  filtro desconhecido   01069724.net.fits                                  Triton                 739  1140
  -0.163  -0.155  365.12  605.32 1.624    447.21     43.06 99.999 99.999 99.999 13.287 13.527 99.999 99.999 99.999  0.110 99.999 99.999 99.999 99.999  99.999  99.999  99.999  99.999  0.018  0.018  0.017  0.025  0.057  0.082   13   11 99.999 99.999   99  20.122283847 -19.788734649  4 28 28.70 1997  6  1 2450600.68644329     1  filtro desconhecido   01069725.net.fits                                  Triton                 739  1140
  -0.135  -0.131  366.91  606.18 1.522    478.21     55.00 99.999 99.999 99.999 13.341 13.538 99.999 99.999 99.999  0.135 99.999 99.999 99.999 99.999  99.999  99.999  99.999  99.999  0.007  0.007  0.011  0.020  0.035  0.064   13   11 99.999 99.999   99  20.122283934 -19.788731077  4 29  9.88 1997  6  1 2450600.68691991     1  filtro desconhecido   01069726.net.fits                                  Triton                 739  1140
  -0.101  -0.156  367.08  607.17 1.651    409.30     49.04 99.999 99.999 99.999 13.281 13.519 99.999 99.999 99.999  0.157 99.999 99.999 99.999 99.999  99.999  99.999  99.999  99.999  0.002  0.002  0.019  0.025  0.063  0.081   13   11 99.999 99.999   99  20.122284097 -19.788741581  4 29 52.07 1997  6  1 2450600.68740822     1  filtro desconhecido   01069727.net.fits                                  Triton                 739  1140
  -0.137  -0.135  366.41  606.55 1.227    551.68     88.90 99.999 99.999 99.999 13.297 13.523 99.999 99.999 99.999  0.127 99.999 99.999 99.999 99.999  99.999  99.999  99.999  99.999  0.005  0.005  0.020  0.021  0.066  0.067   13   11 99.999 99.999   99  20.122282415 -19.788742530  4 31 16.43 1997  6  1 2450600.68838461     1  filtro desconhecido   01069729.net.fits                                  Triton                 739  1140
  -0.160  -0.200  334.11  604.58 1.639    107.94     19.83 99.999 99.999 99.999 13.328 13.510 99.999 99.999 99.999  0.129 99.999 99.999 99.999 99.999  99.999  99.999  99.999  99.999  0.014  0.014  0.014  0.017  0.046  0.056   12   11 99.999 99.999   99  20.122238094 -19.789059377  5 33 45.92 1997  6  1 2450600.73178148     1  filtro desconhecido   01069742.net.fits                                  Triton                 739  1140
  -0.159  -0.102  337.11  605.65 1.517    112.96     23.80 99.999 99.999 99.999 13.276 13.516 99.999 99.999 99.999  0.140 99.999 99.999 99.999 99.999  99.999  99.999  99.999  99.999  0.014  0.014  0.017  0.018  0.049  0.051   11    9 99.999 99.999   99  20.122237611 -19.789035495  5 34 28.16 1997  6  1 2450600.73227037     1  filtro desconhecido   01069743.net.fits                                  Triton                 739  1140
  -0.097  -0.177  335.25  605.04 1.544    110.45     22.60 99.999 99.999 99.999 13.256 13.483 99.999 99.999 99.999  0.142 99.999 99.999 99.999 99.999  99.999  99.999  99.999  99.999  0.013  0.013  0.016  0.021  0.049  0.065   13   10 99.999 99.999   99  20.122238337 -19.789059819  5 35 10.34 1997  6  1 2450600.73275856     1  filtro desconhecido   01069744.net.fits                                  Triton                 739  1140
  -0.168  -0.094  337.55  606.05 1.509    131.13     19.45 99.999 99.999 99.999 13.327 13.570 99.999 99.999 99.999  0.119 99.999 99.999 99.999 99.999  99.999  99.999  99.999  99.999  0.011  0.011  0.013  0.020  0.033  0.051   11    8 99.999 99.999   99  20.122235980 -19.789043424  5 36 34.71 1997  6  1 2450600.73373507     1  filtro desconhecido   01069746.net.fits                                  Triton                 739  1140
  -0.107  -0.166  335.79  603.14 1.617    119.26     18.74 99.999 99.999 99.999 13.325 13.512 99.999 99.999 99.999  0.132 99.999 99.999 99.999 99.999  99.999  99.999  99.999  99.999  0.011  0.011  0.020  0.020  0.065  0.065   12   11 99.999 99.999   99  20.122236679 -19.789066751  5 37 16.89 1997  6  1 2450600.73422326     1  filtro desconhecido   01069747.net.fits                                  Triton                 739  1140
  -0.138  -0.124  335.68  605.30 1.645    110.48     19.50 99.999 99.999 99.999 13.333 13.556 99.999 99.999 99.999  0.139 99.999 99.999 99.999 99.999  99.999  99.999  99.999  99.999  0.015  0.015  0.016  0.025  0.051  0.080   12   10 99.999 99.999   99  20.122235568 -19.789058418  5 37 59.07 1997  6  1 2450600.73471146     1  filtro desconhecido   01069748.net.fits                                  Triton                 739  1140
  -0.089  -0.188  337.71  605.66 1.999     72.26     17.59 99.999 99.999 99.999 13.305 13.561 99.999 99.999 99.999  0.148 99.999 99.999 99.999 99.999  99.999  99.999  99.999  99.999  0.012  0.012  0.019  0.027  0.058  0.082   11   10 99.999 99.999   99  20.122236024 -19.789079420  5 38 41.26 1997  6  1 2450600.73519977     1  filtro desconhecido   01069749.net.fits                                  Triton                 739  1140
  -0.128  -0.112  336.56  604.51 1.644     89.62     22.06 99.999 99.999 99.999 13.237 13.466 99.999 99.999 99.999  0.130 99.999 99.999 99.999 99.999  99.999  99.999  99.999  99.999  0.012  0.012  0.021  0.024  0.065  0.074   12   10 99.999 99.999   99  20.122234753 -19.789061855  5 39 23.38 1997  6  1 2450600.73568727     1  filtro desconhecido   01069750.net.fits                                  Triton                 739  1140
  -0.133  -0.160  338.57  610.31 1.313    687.56     48.40 99.999 99.999 99.999 13.321 13.585 99.999 99.999 99.999  0.100 99.999 99.999 99.999 99.999  99.999  99.999  99.999  99.999  0.008  0.008  0.015  0.027  0.049  0.086   12   11 99.999 99.999   99  20.122230935 -19.789100304  5 44 37.78 1997  6  1 2450600.73932616     1  filtro desconhecido   01069751.net.fits                                  Triton                 739  1140
  -0.146  -0.156  338.52  610.13 1.241    706.85     64.93 99.999 99.999 99.999 13.313 13.572 99.999 99.999 99.999  0.129 99.999 99.999 99.999 99.999  99.999  99.999  99.999  99.999  0.008  0.008  0.020  0.018  0.067  0.060   13   11 99.999 99.999   99  20.122228790 -19.789111972  5 47 17.29 1997  6  1 2450600.74117234     1  filtro desconhecido   01069752.net.fits                                  Triton                 739  1140
  -0.103  -0.188  338.33  609.70 1.231    695.85     67.14 99.999 99.999 99.999 13.251 13.525 99.999 99.999 99.999  0.144 99.999 99.999 99.999 99.999  99.999  99.999  99.999  99.999  0.007  0.007  0.022  0.020  0.070  0.064   12   11 99.999 99.999   99  20.122229448 -19.789121854  5 47 32.67 1997  6  1 2450600.74135035     1  filtro desconhecido   01069753.net.fits                                  Triton                 739  1140
  -0.089  -0.188  340.62  609.32 1.154    767.06     72.99 99.999 99.999 99.999 13.270 13.495 99.999 99.999 99.999  0.106 99.999 99.999 99.999 99.999  99.999  99.999  99.999  99.999  0.007  0.007  0.018  0.023  0.059  0.075   12   11 99.999 99.999   99  20.122229558 -19.789123470  5 47 48.00 1997  6  1 2450600.74152778     1  filtro desconhecido   01069754.net.fits                                  Triton                 739  1140
  -0.161  -0.155  341.04  608.76 1.253    677.29     61.64 99.999 99.999 99.999 13.296 13.555 99.999 99.999 99.999  0.149 99.999 99.999 99.999 99.999  99.999  99.999  99.999  99.999  0.005  0.005  0.016  0.022  0.053  0.071   12   11 99.999 99.999   99  20.122227950 -19.789115352  5 48  3.32 1997  6  1 2450600.74170509     1  filtro desconhecido   01069755.net.fits                                  Triton                 739  1140
  -0.093  -0.156  340.43  609.79 1.100    767.00     94.62 99.999 99.999 99.999 13.255 13.507 99.999 99.999 99.999  0.136 99.999 99.999 99.999 99.999  99.999  99.999  99.999  99.999  0.011  0.011  0.014  0.023  0.047  0.076   12   11 99.999 99.999   99  20.122229090 -19.789116653  5 48 18.70 1997  6  1 2450600.74188310     1  filtro desconhecido   01069756.net.fits                                  Triton                 739  1140
  -0.139  -0.171  340.33  610.16 1.010   1018.19     90.48 99.999 99.999 99.999 13.243 13.518 99.999 99.999 99.999  0.137 99.999 99.999 99.999 99.999  99.999  99.999  99.999  99.999  0.009  0.009  0.018  0.020  0.059  0.063   12   11 99.999 99.999   99  20.122228018 -19.789122338  5 48 34.02 1997  6  1 2450600.74206042     1  filtro desconhecido   01069757.net.fits                                  Triton                 739  1140
  -0.111  -0.161  338.55  610.66 1.416    519.19     55.02 99.999 99.999 99.999 13.253 13.503 99.999 99.999 99.999  0.125 99.999 99.999 99.999 99.999  99.999  99.999  99.999  99.999  0.009  0.009  0.019  0.021  0.060  0.066   12   11 99.999 99.999   99  20.122228377 -19.789120681  5 48 49.35 1997  6  1 2450600.74223785     1  filtro desconhecido   01069758.net.fits                                  Triton                 739  1140
  -0.120  -0.124  339.31  610.23 1.315    690.40     52.01 99.999 99.999 99.999 13.281 13.541 99.999 99.999 99.999  0.108 99.999 99.999 99.999 99.999  99.999  99.999  99.999  99.999  0.009  0.009  0.020  0.023  0.065  0.075   12   11 99.999 99.999   99  20.122228021 -19.789111772  5 49  4.67 1997  6  1 2450600.74241516     1  filtro desconhecido   01069759.net.fits                                  Triton                 739  1140
  -0.122  -0.167  338.07  610.11 1.266    679.40     58.86 99.999 99.999 99.999 13.280 13.564 99.999 99.999 99.999  0.148 99.999 99.999 99.999 99.999  99.999  99.999  99.999  99.999  0.011  0.011  0.015  0.019  0.052  0.065   13   12 99.999 99.999   99  20.122227790 -19.789124746  5 49 20.00 1997  6  1 2450600.74259259     1  filtro desconhecido   01069760.net.fits                                  Triton                 739  1140
  -0.097  -0.178  340.23  610.75 1.056    615.91     65.14 99.999 99.999 99.999 13.288 13.443 99.999 99.999 99.999  0.130 99.999 99.999 99.999 99.999  99.999  99.999  99.999  99.999  0.012  0.012  0.020  0.023  0.065  0.074   12   11 99.999 99.999   99  20.122226638 -19.789138964  5 51 39.42 1997  6  1 2450600.74420625     1  filtro desconhecido   01069761.net.fits                                  Triton                 739  1140
  -0.157  -0.152  341.32  611.28 1.139    520.28     61.33 99.999 99.999 99.999 13.271 13.548 99.999 99.999 99.999  0.121 99.999 99.999 99.999 99.999  99.999  99.999  99.999  99.999  0.016  0.016  0.011  0.013  0.034  0.037   12    9 99.999 99.999   99  20.122224971 -19.789135116  5 52 20.94 1997  6  1 2450600.74468681     1  filtro desconhecido   01069762.net.fits                                  Triton                 739  1140
  -0.151  -0.116  339.09  612.01 1.235    465.57     46.58 99.999 99.999 99.999 13.293 13.523 99.999 99.999 99.999  0.121 99.999 99.999 99.999 99.999  99.999  99.999  99.999  99.999  0.012  0.012  0.017  0.021  0.055  0.069   12   11 99.999 99.999   99  20.122224591 -19.789128371  5 53  2.41 1997  6  1 2450600.74516678     1  filtro desconhecido   01069763.net.fits                                  Triton                 739  1140
  -0.122  -0.185  342.68  611.75 1.232    437.81     53.98 99.999 99.999 99.999 13.252 13.523 99.999 99.999 99.999  0.116 99.999 99.999 99.999 99.999  99.999  99.999  99.999  99.999  0.013  0.013  0.013  0.024  0.043  0.079   12   11 99.999 99.999   99  20.122224649 -19.789150904  5 53 43.88 1997  6  1 2450600.74564676     1  filtro desconhecido   01069764.net.fits                                  Triton                 739  1140
  -0.154  -0.136  340.13  610.87 1.233    498.48     46.38 99.999 99.999 99.999 13.298 13.462 99.999 99.999 99.999  0.122 99.999 99.999 99.999 99.999  99.999  99.999  99.999  99.999  0.010  0.010  0.022  0.025  0.072  0.082   12   11 99.999 99.999   99  20.122223556 -19.789140460  5 54 25.41 1997  6  1 2450600.74612743     1  filtro desconhecido   01069765.net.fits                                  Triton                 739  1140
  -0.147  -0.121  342.63  611.73 1.186    499.89     55.66 99.999 99.999 99.999 13.295 13.531 99.999 99.999 99.999  0.138 99.999 99.999 99.999 99.999  99.999  99.999  99.999  99.999  0.009  0.008  0.018  0.023  0.059  0.075   12   11 99.999 99.999   99  20.122222689 -19.789142919  5 55 48.34 1997  6  1 2450600.74708727     1  filtro desconhecido   01069767.net.fits                                  Triton                 739  1140
  -0.132  -0.185  341.45  611.71 0.973    593.50     88.57 99.999 99.999 99.999 13.278 13.491 99.999 99.999 99.999  0.117 99.999 99.999 99.999 99.999  99.999  99.999  99.999  99.999  0.001  0.001  0.017  0.023  0.054  0.075   12   11 99.999 99.999   99  20.122222490 -19.789163935  5 56 29.81 1997  6  1 2450600.74756725     1  filtro desconhecido   01069768.net.fits                                  Triton                 739  1140
  -0.164  -0.157  340.34  611.21 1.264    533.46     31.79 99.999 99.999 99.999 13.267 13.549 99.999 99.999 99.999  0.107 99.999 99.999 99.999 99.999  99.999  99.999  99.999  99.999  0.011  0.011  0.017  0.022  0.054  0.072   12   11 99.999 99.999   99  20.122221387 -19.789159561  5 57 11.28 1997  6  1 2450600.74804722     1  filtro desconhecido   01069769.net.fits                                  Triton                 739  1140
  -0.105  -0.191  342.42  610.88 1.271    455.05     46.53 99.999 99.999 99.999 13.290 13.528 99.999 99.999 99.999  0.111 99.999 99.999 99.999 99.999  99.999  99.999  99.999  99.999  0.013  0.013  0.017  0.023  0.055  0.075   12   11 99.999 99.999   99  20.122222053 -19.789172120  5 57 52.80 1997  6  1 2450600.74852778     1  filtro desconhecido   01069770.net.fits                                  Triton                 739  1140
