   0.073   0.065  426.18  556.18 1.036   1244.78    115.63 99.999 99.999 99.999 13.386 13.224 99.999 99.999 99.999  0.138 99.999 99.999 99.999 99.999  99.999  99.999  99.999  99.999  0.009  0.009  0.016  0.019  0.044  0.052   10   10 99.999 99.999   99  20.000046386 -20.160550891  3  2 11.40 1997  8 13 2450673.62652083     2  Clear                 13089701.net.fits                                  Triton                 739  1140
   0.047   0.036  429.99  554.56 0.957   1576.92    101.59 99.999 99.999 99.999 13.521 13.345 99.999 99.999 99.999  0.103 99.999 99.999 99.999 99.999  99.999  99.999  99.999  99.999  0.008  0.008  0.014  0.020  0.036  0.054    9    9 99.999 99.999   99  20.000042973 -20.160562867  3  4 16.74 1997  8 13 2450673.62797153     2  Clear                 13089702.net.fits                                  Triton                 739  1140
   0.073   0.055  429.53  554.78 0.955   1526.93    114.32 99.999 99.999 99.999 13.478 13.301 99.999 99.999 99.999  0.095 99.999 99.999 99.999 99.999  99.999  99.999  99.999  99.999  0.007  0.007  0.014  0.018  0.037  0.048    9    9 99.999 99.999   99  20.000042505 -20.160558591  3  4 59.75 1997  8 13 2450673.62846933     2  Clear                 13089703.net.fits                                  Triton                 739  1140
   0.013   0.040  428.27  554.58 1.150   1045.03     93.87 99.999 99.999 99.999 13.430 13.269 99.999 99.999 99.999  0.121 99.999 99.999 99.999 99.999  99.999  99.999  99.999  99.999  0.013  0.013  0.025  0.021  0.068  0.057   10   10 99.999 99.999   99  20.000040343 -20.160564085  3  5 41.71 1997  8 13 2450673.62895498     2  Clear                 13089704.net.fits                                  Triton                 739  1140
   0.089   0.014  432.81  554.70 1.070   1186.92    106.28 99.999 99.999 99.999 13.504 13.327 99.999 99.999 99.999  0.117 99.999 99.999 99.999 99.999  99.999  99.999  99.999  99.999  0.009  0.009  0.026  0.019  0.071  0.051    9    9 99.999 99.999   99  20.000040890 -20.160572503  3  6 23.67 1997  8 13 2450673.62944063     2  Clear                 13089705.net.fits                                  Triton                 739  1140
   0.028   0.067  431.51  555.11 0.989   1395.73    123.08 99.999 99.999 99.999 13.494 13.332 99.999 99.999 99.999  0.123 99.999 99.999 99.999 99.999  99.999  99.999  99.999  99.999  0.006  0.006  0.017  0.019  0.047  0.052   10   10 99.999 99.999   99  20.000038713 -20.160559269  3  7  5.69 1997  8 13 2450673.62992697     2  Clear                 13089706.net.fits                                  Triton                 739  1140
   0.027   0.034  429.83  554.42 1.000   1355.05    115.92 99.999 99.999 99.999 13.470 13.313 99.999 99.999 99.999  0.105 99.999 99.999 99.999 99.999  99.999  99.999  99.999  99.999  0.000  0.000  0.021  0.019  0.051  0.047    9    8 99.999 99.999   99  20.000037718 -20.160569388  3  7 47.71 1997  8 13 2450673.63041331     2  Clear                 13089707.net.fits                                  Triton                 739  1140
   0.016  -0.008  429.33  555.27 0.833   1666.40    204.43 99.999 99.999 99.999 13.420 13.243 99.999 99.999 99.999  0.100 99.999 99.999 99.999 99.999  99.999  99.999  99.999  99.999  0.007  0.007  0.015  0.021  0.039  0.055    9    9 99.999 99.999   99  20.000036955 -20.160581869  3  8 11.71 1997  8 13 2450673.63069109     2  Clear                 13089709.net.fits                                  Triton                 739  1140
   0.072  -0.020  431.69  554.74 0.826   1737.47    182.18 99.999 99.999 99.999 13.392 13.231 99.999 99.999 99.999  0.120 99.999 99.999 99.999 99.999  99.999  99.999  99.999  99.999  0.008  0.008  0.016  0.018  0.045  0.050   10   10 99.999 99.999   99  20.000037652 -20.160585961  3  8 29.67 1997  8 13 2450673.63089896     2  Clear                 13089708.net.fits                                  Triton                 739  1140
   0.062   0.032  431.97  555.46 0.789   2032.84    179.40 99.999 99.999 99.999 13.512 13.346 99.999 99.999 99.999  0.094 99.999 99.999 99.999 99.999  99.999  99.999  99.999  99.999  0.007  0.007  0.017  0.013  0.041  0.030    8    8 99.999 99.999   99  20.000035498 -20.160573904  3  9 53.71 1997  8 13 2450673.63187164     2  Clear                 13089710.net.fits                                  Triton                 739  1140
   0.071   0.034  431.97  556.21 0.867   1558.63    186.20 99.999 99.999 99.999 13.479 13.302 99.999 99.999 99.999  0.091 99.999 99.999 99.999 99.999  99.999  99.999  99.999  99.999  0.007  0.007  0.016  0.021  0.043  0.055    9    9 99.999 99.999   99  20.000034725 -20.160574815  3 10 35.67 1997  8 13 2450673.63235729     2  Clear                 13089711.net.fits                                  Triton                 739  1140
   0.075   0.060  428.91  553.78 0.949   1504.73    117.73 99.999 99.999 99.999 13.455 13.279 99.999 99.999 99.999  0.116 99.999 99.999 99.999 99.999  99.999  99.999  99.999  99.999  0.006  0.006  0.018  0.024  0.049  0.064    9    9 99.999 99.999   99  20.000033833 -20.160568712  3 11 17.69 1997  8 13 2450673.63284363     2  Clear                 13089712.net.fits                                  Triton                 739  1140
   0.088   0.032  432.99  554.06 0.961   1310.61    147.14 99.999 99.999 99.999 13.469 13.307 99.999 99.999 99.999  0.094 99.999 99.999 99.999 99.999  99.999  99.999  99.999  99.999  0.006  0.006  0.016  0.017  0.045  0.047   10   10 99.999 99.999   99  20.000033125 -20.160577669  3 11 59.71 1997  8 13 2450673.63332998     2  Clear                 13089713.net.fits                                  Triton                 739  1140
   0.115  -0.009  432.40  554.55 0.913   1510.48    146.01 99.999 99.999 99.999 13.325 13.163 99.999 99.999 99.999  0.101 99.999 99.999 99.999 99.999  99.999  99.999  99.999  99.999  0.005  0.005  0.011  0.016  0.031  0.044   10   10 99.999 99.999   99  20.000032691 -20.160590182  3 12 41.72 1997  8 13 2450673.63381620     2  Clear                 13089714.net.fits                                  Triton                 739  1140
   0.045   0.048  430.89  555.22 0.947   1593.69    102.72 99.999 99.999 99.999 13.460 13.298 99.999 99.999 99.999  0.086 99.999 99.999 99.999 99.999  99.999  99.999  99.999  99.999  0.007  0.007  0.023  0.017  0.063  0.047   10   10 99.999 99.999   99  20.000030329 -20.160575737  3 13 23.69 1997  8 13 2450673.63430197     2  Clear                 13089715.net.fits                                  Triton                 739  1140
