  -0.039  -0.048  375.23  554.62 1.086    400.65   1315.13 99.999 99.999 99.999 13.556 13.610 99.999 99.999 99.999  0.197 99.999 99.999 99.999 99.999  99.999  99.999  99.999  99.999  0.019  0.019  0.009  0.010  0.041  0.048   30   29 99.999 99.999   99  19.483153994 -21.268673310 22 22 43.24 1994  9 24 2449620.43244491     5  C                     24099401.net.fits                                  Triton                 770  1152
  -0.034  -0.023  377.32  553.34 0.910    474.02   1134.51 99.999 99.999 99.999 13.550 13.592 99.999 99.999 99.999  0.216 99.999 99.999 99.999 99.999  99.999  99.999  99.999  99.999  0.008  0.008  0.009  0.012  0.040  0.057   31   28 99.999 99.999   99  19.483153102 -21.268671288 22 25  4.60 1994  9 24 2449620.43408102     5  C                     24099402.net.fits                                  Triton                 770  1152
  -0.033  -0.036  377.86  553.22 0.787    488.56   1017.57 99.999 99.999 99.999 13.574 13.671 99.999 99.999 99.999  0.204 99.999 99.999 99.999 99.999  99.999  99.999  99.999  99.999  0.009  0.009  0.010  0.011  0.048  0.052   32   30 99.999 99.999   99  19.483152372 -21.268678665 22 26 50.94 1994  9 24 2449620.43531181     5  C                     24099403.net.fits                                  Triton                 770  1152
  -0.053  -0.049  378.86  553.01 0.899    496.26    671.92 99.999 99.999 99.999 13.511 13.589 99.999 99.999 99.999  0.207 99.999 99.999 99.999 99.999  99.999  99.999  99.999  99.999  0.007  0.007  0.008  0.009  0.039  0.044   31   28 99.999 99.999   99  19.483151178 -21.268686308 22 28 46.72 1994  9 24 2449620.43665185     5  C                     24099405.net.fits                                  Triton                 770  1152
  -0.027  -0.054  379.31  553.31 1.051    437.69   1162.64 99.999 99.999 99.999 13.570 13.653 99.999 99.999 99.999  0.225 99.999 99.999 99.999 99.999  99.999  99.999  99.999  99.999  0.011  0.011  0.012  0.009  0.055  0.041   33   30 99.999 99.999   99  19.483150965 -21.268691283 22 30 31.74 1994  9 24 2449620.43786736     5  C                     24099407.net.fits                                  Triton                 770  1152
  -0.055  -0.056  380.09  552.18 0.722    600.73    869.80 99.999 99.999 99.999 13.484 13.592 99.999 99.999 99.999  0.224 99.999 99.999 99.999 99.999  99.999  99.999  99.999  99.999  0.013  0.013  0.010  0.011  0.046  0.047   30   29 99.999 99.999   99  19.483149988 -21.268694180 22 31 31.55 1994  9 24 2449620.43855961     5  C                     24099408.net.fits                                  Triton                 770  1152
  -0.045  -0.040  380.05  552.95 0.731    571.72   1698.46 99.999 99.999 99.999 13.578 13.672 99.999 99.999 99.999  0.221 99.999 99.999 99.999 99.999  99.999  99.999  99.999  99.999  0.011  0.011  0.011  0.009  0.050  0.040   32   30 99.999 99.999   99  19.483149712 -21.268691982 22 32 36.32 1994  9 24 2449620.43930926     5  C                     24099409.net.fits                                  Triton                 770  1152
  -0.057   0.059  317.35   67.25 1.228  27100.42   1813.26 99.999 99.999 99.999 13.326 13.464 99.999 99.999 99.999  0.371 99.999 99.999 99.999 99.999  99.999  99.999  99.999  99.999  0.015  0.015  0.015  0.022  0.042  0.061   28   24 99.999 99.999   99  19.483132895 -21.268745548 23 11 59.00 1994  9 24 2449620.46665509   360  C                     24099411.net.fits                                  Triton                 770  1152
  -0.040   0.104  319.71   69.67 1.222  35729.46   1043.43 99.999 99.999 99.999 13.393 13.547 99.999 99.999 99.999  0.423 99.999 99.999 99.999 99.999  99.999  99.999  99.999  99.999  0.010  0.010  0.013  0.017  0.035  0.047   28   21 99.999 99.999   99  19.483129571 -21.268750349 23 20 37.00 1994  9 24 2449620.47265046   360  C                     24099412.net.fits                                  Triton                 770  1152
  -0.045   0.051  325.17   74.15 1.342  26974.98   1671.23 99.999 99.999 99.999 13.343 13.470 99.999 99.999 99.999  0.375 99.999 99.999 99.999 99.999  99.999  99.999  99.999  99.999  0.005  0.005  0.013  0.022  0.036  0.062   27   24 99.999 99.999   99  19.483123108 -21.268794906 23 35 39.00 1994  9 24 2449620.48309028   360  C                     24099414.net.fits                                  Triton                 770  1152
  -0.060   0.054  327.78   76.62 1.296  27662.46   1941.54 99.999 99.999 99.999 13.330 13.465 99.999 99.999 99.999  0.388 99.999 99.999 99.999 99.999  99.999  99.999  99.999  99.999  0.015  0.015  0.015  0.021  0.041  0.058   26   23 99.999 99.999   99  19.483119926 -21.268807597 23 42 27.00 1994  9 24 2449620.48781250   360  C                     24099415.net.fits                                  Triton                 770  1152
