   0.090  -0.094  868.74  918.35 1.374    318.62    501.81 99.999 99.999 99.999 13.463 13.509 99.999 99.999 99.999  0.138 99.999 99.999 99.999 99.999  99.999  99.999  99.999  99.999  0.008  0.008  0.000  0.000  0.000  0.000    3    3 99.999 99.999   99  21.903396290 -13.170468763  7  8 36.23 2009  6 23 2455005.79764155    60  Metano                netuno0001.fits                                    Triton                2045  2050
   0.065  -0.062  869.25  916.25 1.356   1034.18    420.62 99.999 99.999 99.999 13.649 13.368 99.999 99.999 99.999  0.348 99.999 99.999 99.999 99.999  99.999  99.999  99.999  99.999  0.009  0.009  0.276  0.517  0.063  0.118    4    4 99.999 99.999   99  21.903393045 -13.170462356  7 13 56.84 2009  6 23 2455005.80135231   200  Metano                netuno0002.fits                                    Triton                2045  2050
   0.012  -0.094  869.19  915.36 1.404    894.32    571.85 99.999 99.999 99.999 13.590 13.296 99.999 99.999 99.999  0.351 99.999 99.999 99.999 99.999  99.999  99.999  99.999  99.999  0.008  0.008  0.009  0.026  0.008  0.023    4    4 99.999 99.999   99  21.903389971 -13.170472468  7 17 51.77 2009  6 23 2455005.80407141   200  Metano                netuno0003.fits                                    Triton                2045  2050
  -0.005  -0.154  869.25  914.37 1.403    819.08    500.74 99.999 99.999 99.999 13.620 13.379 99.999 99.999 99.999  0.308 99.999 99.999 99.999 99.999  99.999  99.999  99.999  99.999  0.001  0.001  0.046  0.089  0.046  0.089    5    5 99.999 99.999   99  21.903387593 -13.170490564  7 21 46.83 2009  6 23 2455005.80679201   200  Metano                netuno0004.fits                                    Triton                2045  2050
   0.142  -0.048  869.34  913.21 1.263   1043.67    467.22 99.999 99.999 99.999 13.631 13.344 99.999 99.999 99.999  0.359 99.999 99.999 99.999 99.999  99.999  99.999  99.999  99.999  0.009  0.009  0.311  0.482  0.071  0.110    4    4 99.999 99.999   99  21.903388338 -13.170462885  7 25 41.90 2009  6 23 2455005.80951273   200  Metano                netuno0005.fits                                    Triton                2045  2050
   0.010  -0.141  869.40  912.26 1.169   1199.11    546.52 99.999 99.999 99.999 13.607 13.420 99.999 99.999 99.999  0.302 99.999 99.999 99.999 99.999  99.999  99.999  99.999  99.999  0.009  0.009  0.055  0.091  0.055  0.091    5    5 99.999 99.999   99  21.903383800 -13.170489953  7 29 36.91 2009  6 23 2455005.81223275   200  Metano                netuno0006.fits                                    Triton                2045  2050
   0.062  -0.037  869.73  911.90 1.633    558.96    463.07 99.999 99.999 99.999 13.652 13.421 99.999 99.999 99.999  0.361 99.999 99.999 99.999 99.999  99.999  99.999  99.999  99.999  0.007  0.007  0.313  0.569  0.072  0.130    4    4 99.999 99.999   99  21.903382741 -13.170462681  7 33 31.96 2009  6 23 2455005.81495324   200  Metano                netuno0007.fits                                    Triton                2045  2050
   0.025  -0.045  869.17  911.08 2.195    330.06    486.87 99.999 99.999 99.999 13.619 13.472 99.999 99.999 99.999  0.332 99.999 99.999 99.999 99.999  99.999  99.999  99.999  99.999  0.006  0.006  0.269  0.523  0.061  0.120    4    4 99.999 99.999   99  21.903380000 -13.170466368  7 37 26.99 2009  6 23 2455005.81767350   200  Metano                netuno0008.fits                                    Triton                2045  2050
  -0.016  -0.143  869.05  910.07 1.748    525.97    515.54 99.999 99.999 99.999 13.587 13.335 99.999 99.999 99.999  0.309 99.999 99.999 99.999 99.999  99.999  99.999  99.999  99.999  0.006  0.006  0.047  0.086  0.047  0.086    5    5 99.999 99.999   99  21.903377164 -13.170495186  7 41 21.97 2009  6 23 2455005.82039317   200  Metano                netuno0009.fits                                    Triton                2045  2050
   0.087  -0.022  868.91  909.29 1.606    647.17    494.39 99.999 99.999 99.999 13.622 13.348 99.999 99.999 99.999  0.349 99.999 99.999 99.999 99.999  99.999  99.999  99.999  99.999  0.006  0.006  0.351  0.472  0.080  0.108    4    4 99.999 99.999   99  21.903377099 -13.170463047  7 45 15.78 2009  6 23 2455005.82309931   200  Metano                netuno0010.fits                                    Triton                2045  2050
  -0.011  -0.148  869.09  907.80 1.435    798.15    353.00 99.999 99.999 99.999 13.606 13.313 99.999 99.999 99.999  0.308 99.999 99.999 99.999 99.999  99.999  99.999  99.999  99.999  0.008  0.008  0.043  0.082  0.043  0.081    5    5 99.999 99.999   99  21.903373199 -13.170499604  7 49 10.55 2009  6 23 2455005.82581655   200  Metano                netuno0011.fits                                    Triton                2045  2050
