2000QC243-21Ago2015   2 16 50.8348   33 38 10.604  MagR=12.4
2004UX10-12Set2015    2 41 18.8286    6  3 36.634  MagR=14.3
2004TY364-03Mar2015   2 41 44.2617   -9 20 24.806  MagR=16.6
1995GO-15Fev2015      3 53 32.9866   36 17 15.615  MagR=16.7
1995GO-20Jan2015      3 54 28.2196   36 38 47.597  MagR=15.4
1995GO-05Jan2105      3 56 19.7269   36 52 47.651  MagR=17.8
1995GO-16Nov2015      4 23 17.6245   38 28 53.780  MagR=15.8
2007UK126-14Fev2015   4 24 23.3637   -0 14  5.529  MagR=12.9
2005RM43-10Nov2015    4 35 58.6902   13  9 55.479  MagR=16.4
2003VS2-28Jan2015     4 40 40.2603   33 36 25.458  MagR=16.6
2003VS2-10Dez2015     4 53 22.3121   33 48 46.585  MagR=15.9
2002WC19-11Dez2015    5 34  2.0076   19  8 49.965  MagR=14.9
2002VE95-03Dez2015    5 37 38.5567    8  5  9.503  MagR=14.5
2002VE95-15Nov2015    5 39 27.6556    8 10 48.875  MagR=14.9
2002VE95-03Set2015    5 40 56.5960    8 48  4.687  MagR=15.7
1999DE9-28Fev2015    12  4 21.2057   -5 56  4.512  MagR=14.5
2003FY128-26Fev2015  13 13 27.5452  -16 13 38.065  MagR=18.4
2005CC79-03Jan2015   13 17 23.2789  -27 34 28.217  MagR=16.3
2005CC79-31Jan2015   13 18  7.5742  -28  1 54.365  MagR=11.2
2000EB173-09Jan2015  15 54 33.6117   -6  0 48.090  MagR=16.6
2007JJ43-19Jun2015   16 21 44.9740  -26 39 45.765  MagR=16.4
2007JJ43-28Mai2015   16 23 38.7216  -26 45 26.930  MagR=11.2
2002KX14-14Jul2015   16 47 38.3933  -22 37 13.491  MagR=18.2
2002KX14-07Jul2015   16 48  4.8289  -22 38  0.229  MagR=15.6
2002KX14-22Jun2015   16 49 21.8129  -22 40 14.838  MagR=18.8
2002KX14-27Fev2015   16 55 24.4414  -22 49 46.522  MagR=15.5
1997CU26-31Ago2015   17 47  8.0388  -35 42 32.972  MagR=15.2
1997CU26-21Set2015   17 47 48.3983  -35 18 12.050  MagR=14.2
1997CU26-04Ago2015   17 49 31.4548  -36 11 24.629  MagR=14.2
1997CU26-22Jul2015   17 52  0.4032  -36 24 28.110  MagR=15.5
1997CU26-18Jul2015   17 52 47.3567  -36 27 35.816  MagR=14.0
2002GB10-08Set2015   17 53  1.1784  -32 54 41.502  MagR=13.1
1997CU26-15Jul2015   17 53 28.6030  -36 30  3.496  MagR=15.2
2002GB10-20Ago2015   17 53 35.7633  -33  6 22.543  MagR=15.1
1997CU26-12Jul2015   17 54 10.5454  -36 32 20.718  MagR=15.0
2002GB10-06Out2015   17 54 44.4209  -32 38 31.635  MagR=12.0
2002GB10-04Ago2015   17 55  7.0902  -33 15  3.277  MagR=15.2
2002GB10-21Jul2015   17 57  9.8700  -33 21 34.779  MagR=15.5
2002GB10-23Out2015   17 57 14.7079  -32 29 21.719  MagR=15.7
1997CU26-24Jun2015   17 58 42.2399  -36 42 50.236  MagR=14.4
2002GB10-31Out2015   17 58 45.3015  -32 25 27.310  MagR=13.5
1997CU26-29Jan2015   17 59 33.3145  -36  2 22.019  MagR=13.8
2002GB10-24Jun2015   18  2  4.4173  -33 28 54.037  MagR=15.4
2002GB10-18Jun2015   18  3 11.4596  -33 29 30.137  MagR=14.9
1997CU26-05Jun2015   18  3 22.2885  -36 47 25.259  MagR=15.3
2002GB10-16Jun2015   18  3 37.7476  -33 29 39.184  MagR=15.6
2002GB10-07Jun2015   18  5 20.9112  -33 29 40.611  MagR=14.3
2002GB10-05Jun2015   18  5 41.1500  -33 29 35.027  MagR=15.9
2002GB10-04Jun2015   18  5 52.2885  -33 29 30.697  MagR=15.7
1997CU26-22Mai2015   18  6 40.4387  -36 46 57.182  MagR=14.3
1997CU26-12Mai2015   18  8 29.2898  -36 44 56.883  MagR=14.3
1997CU26-26Abr2015   18 10 46.1470  -36 38 56.350  MagR=11.2
2002GB10-26Abr2015   18 11  6.9593  -33 20 43.182  MagR=13.7
1997CU26-04Abr2015   18 11 38.3566  -36 28 19.478  MagR=13.1
2002GB10-14Abr2015   18 11 46.0197  -33 16 11.210  MagR=13.1
2002MS4-31Out2015    18 26 18.2262   -7 44 59.970  MagR=16.7
2002MS4-16Jul2015    18 27 46.4350   -7 16 57.919  MagR=17.1
2002GO9-13Jul2015    19 55  4.4831  -20 33 44.877  MagR=15.4
2002GO9-09Jul2015    19 55 46.9909  -20 31  3.034  MagR=15.5
2008OG19-25Set2015   20 32 26.9587  -10 48 34.854  MagR=17.3
2008OG19-16Set2015   20 32 47.8643  -10 45 23.428  MagR=14.9
2008OG19-15Abr2015   20 39 47.7595  -10 21 36.986  MagR=13.7
2004NT33-03Nov2015   21 19 46.7706   17 38 56.152  MagR=12.4
2004NT33-27Set2015   21 20 41.9435   18  9 40.639  MagR=14.7
2004NT33-09Jun2015   21 28 24.1550   18 26 14.552  MagR=15.8
Triton-23Ago2014     22 32 47.2547   -9 57  4.339  MagR=15.2
2000QC243-16Jul2015   2 15 14.9393   32 41 19.462  MagR=16.2
2000QC243-11Ago2015   2 17  0.1060   33 24 56.320  MagR=15.4
2000QC243-16Set2015   2 14 16.4913   34  1 14.450  MagR=15.4
2000QC243-01Dez2015   1 58 34.4418   33 15  8.467  MagR=13.2
2000QC243-05Dez2015   1 57 53.7767   33  9 23.852  MagR=15.7
2002GO9-05Mar2015    19 56  4.8306  -20  9 25.528  MagR=14.3
2002GO9-10Mar2015    19 57  0.4675  -20  7 32.086  MagR=17.4
2002GO9-12Jun2015    20  0  0.4347  -20 14 18.730  MagR=15.8
2002TC302-20Out2015   2 20 18.0487   26 51 35.110  MagR=15.5
2002TC302-13Dez2015   2 16  5.7278   26 34 34.860  MagR=11.2
2002UX25-16Jun2015    2 40  5.3194   10  7 55.210  MagR=10.2
2003MW12-23Mai2015   17 10 12.8653   -1 51 48.970  MagR=13.5
2003MW12-20Jun2015   17  8 15.2731   -1 48 11.274  MagR=14.7
2003MW12-04Set2015   17  5 12.1727   -2  6 17.180  MagR=15.8
2003OP32-08Set2015   22 11 17.6636    3  5 58.525  MagR=17.8
2003OP32-30Nov2015   22  8 49.3007    2 22 44.040  MagR=16.4
2004TY364-30Nov2015   2 48 43.8420   -9 46 58.530  MagR=16.5
2007JH43-15Jan2015   16 14 25.3099  -21 10 49.940  MagR=13.9
2007JH43-13Mai2015   16 12 56.4373  -21 15 39.300  MagR=17.8
2007OR10-09Jul2015   22 23 31.6047  -12 50 45.190  MagR=17.6
Chiron-29Jul2014     23  3 50.9291   -0 28 29.486  MagR=17.7
Chiron-19Set2014     22 55 39.3896   -1 19  2.414  MagR=14.5
Chiron-29Out2014     22 50 23.8680   -2  1 16.480  MagR=16.2
Chiron-26Abr2015     23 15 43.6627    0  5 13.216  MagR=16.6
Chiron-21Mai2015     23 19  9.6094    0 31 10.079  MagR=16.4
