2005UQ513-19Nov2014    0 29 40.4806   30 41 23.327  MagR=15.8
2002TX300-27Jun2014    1  6 49.7135   32  6 29.904  MagR=15.6
Bienor-30Dez2014       1 32 39.0946   29 22 13.440  MagR=11.4
Bienor-25Dez2014       1 32 48.4206   29 28 11.106  MagR=15.4
Bienor-23Out2014       1 42 36.4641   30 45 53.876  MagR=18.5
Bienor-20Out2014       1 43 10.9175   30 48  2.109  MagR=17.5
Bienor-11Out2014       1 45 14.5002   30 54 19.128  MagR=15.2
1999TC36-24Ago2014     2 11 31.0777    4 54 50.567  MagR=16.9
2002TC302-24Dez2014    2 12 10.2932   25 29 38.012  MagR=13.9
2002TC302-16Out2014    2 17 11.9289   25 51 11.020  MagR=16.7
2002TC302-27Set2014    2 18 37.6857   25 53 23.918  MagR=20.0
2004UX10-04Nov2014     2 31 44.0941    5 15 54.571  MagR=19.1
2002UX25-03Nov2014     2 32 55.9469    9 37 12.734  MagR=20.0
2004TY364-07Nov2014    2 44 41.2566  -10  2 20.604  MagR=14.6
1995SM55-25Nov2014     2 48  5.9854   30 45 45.840  MagR=17.5
2004TY364-24Jul2014    2 48 41.1490   -8 57 43.012  MagR=14.0
2003UZ413-14Ago2014    3 28 18.4730    6 28 49.177  MagR=11.5
Absolus-27Nov2014      4  4  7.2213   37 21 20.372  MagR=17.5
Absolus-26Out2014      4 11 11.1694   37 26 18.293  MagR=17.7
Asbolus-28Jul2014      4 12 39.3000   36 13 22.605  MagR=15.8
2007UK126-15Nov2014    4 29 30.6121    0 28 20.905  MagR=15.8
2003VS2-25Nov2014      4 46 35.5399   33 56 46.452  MagR=18.2
2003VS2-07Nov2014      4 48 32.1457   33 58 36.365  MagR=15.3
2003VS2-01Out2014      4 50 57.1503   33 55 23.021  MagR=18.6
2002WC19-10Dez2014     5 28  1.9013   18 52  6.919  MagR=17.0
2002VE95-13Nov2014     5 29 13.0794    8 23 55.860  MagR=19.3
2002WC19-16Nov2014     5 30  2.4118   18 53 36.288  MagR=13.6
2002VE95-26Out2014     5 30 34.9087    8 31 57.400  MagR=18.5
2002WC19-10Set2014     5 31 57.8038   18 58 49.634  MagR=16.6
Haumea-08Jun2014      13 54 58.1247   18 18 40.109  MagR=19.3
Huya-25Mai2014        15 41 18.5163   -4 37  6.222  MagR=15.6
2007JH43-28Jun2014    16  3 48.3595  -20 28  0.613  MagR=16.8
2002KX14-12Jul2014    16 41 22.3639  -22 26 29.214  MagR=13.3
2002KX14-03Jul2014    16 42  2.0339  -22 27 46.131  MagR=17.8
2002KX14-06Jun2014    16 44 17.0312  -22 31 58.174  MagR=18.1
2002KX14-01Jun2014    16 44 44.8194  -22 32 48.335  MagR=17.6
2003MW12-18Out2014    17  2 28.1268   -2 26 41.623  MagR=17.7
2003MW12-19Jun2014    17  3 52.9409   -1 49 23.734  MagR=18.7
2003MW12-03Jun2014    17  5  0.0469   -1 50 50.056  MagR=17.7
Ixion-17Ago2014       17 14 19.1501  -26 38 18.203  MagR=17.3
Ixion-14Jul2014       17 16 14.1629  -26 40  3.457  MagR=18.1
Chariklo-13Ago2014    17 16 47.1841  -37 50 20.109  MagR=14.8
Ixion-24Jun2014       17 17 54.2272  -26 40 55.179  MagR=15.2
Ixion-30Mai2014       17 20 17.6014  -26 41 14.957  MarR=18.2
Chariklo-14Jul2014    17 21 17.3307  -38 26 45.120  MagR=12.2
Chariklo-05Jul2014    17 23 16.4773  -38 35 32.109  MagR=16.1
Chariklo-28Jun2014    17 24 50.3821  -38 41  5.609  MagR=15.1
Chariklo-13Jun2014    17 28 55.1574  -38 51 22.134  MagR=16.5
Amycus-23Ago2014      17 30 50.2461  -33 38 24.999  MagR=14.8
Chariklo-05Jun2014    17 31  2.5396  -38 54 39.708  MagR=16.1
Chariklo-04Jun2014    17 31 20.8108  -38 55  2.212  MagR=14.9
Chariklo-02Jun2014-2  17 31 40.7615  -38 55 23.793  MagR=16.0
Chariklo-02Jun2014-1  17 31 46.9617  -38 55 29.811  MagR=15.3
Amycus-18Out2014      17 35 18.4247  -33  5 25.472  MagR=15.1
Amycus-09Jul2014      17 36  0.6836  -34  4 58.294  MagR=17.5
Quaoar-24Jul2014      17 39  1.3347  -15 24 48.468  MagR=17.1
Quaoar-23Jul2014      17 39  7.3403  -15 24 41.174  MagR=17.3
Quaoar-22Jul2014      17 39 11.4150  -15 24 36.798  MagR=17.2
Quaoar-10Jul2014      17 40  1.7520  -15 24  1.559  MagR=18.3
Quaoar-05Jul2014      17 40 24.6668  -15 23 55.368  MagR=17.6
Amycus-10Jun2014-2    17 41 29.6926  -34 13 16.936  MagR=15.2
Amycus-10Jun2014-1    17 41 36.3090  -34 13 20.713  MagR=16.0
Amycus-07Jun2014      17 42  3.4053  -34 13 36.558  MagR=12.5
Quaoar-11Jun2014      17 42 19.1454  -15 24 32.146  MagR=18.4
Amycus-05Jun2014      17 42 28.0119  -34 13 47.214  MagR=14.8
Amycus-31Mai2014      17 43 30.9092  -34 14  0.713  MagR=14.9
Amycus-30Mai2014      17 43 40.9603  -34 14  0.677  MagR=17.3
Amycus-29Mai2014      17 43 53.2498  -34 14  0.641  MagR=17.1
Amycus-23Mai2014      17 44 52.6163  -34 13 45.342  MagR=16.7
Amycus-22Mai2014      17 45  8.1510  -34 13 37.745  MagR=17.2 prioridade
2002MS4-23Ago2014     18 21 27.7162   -7 37 19.945  MagR=16.2
2002MS4-21Ago2014     18 21 31.8923   -7 36 49.440  MagR=17.1
2002MS4-16Jul2014     18 23 33.6616   -7 29 26.992  MagR=17.6
2002MS4-07Jul2014     18 24 11.8510   -7 28 34.550  MagR=18.7
2002MS4-27Jun2014     18 24 56.7435   -7 28  7.503  MagR=18.4
2002MS4-02Jun2014     18 26 39.3190   -7 29 28.322  MagR=17.3
Hydra-23Set2014       18 46  6.0178  -20 36 12.110  MagR=12.5
Nix-06Out2014         18 46 17.8456  -20 38  4.568  MagR=13.3
PlutoCharon-13Ago2014 18 47 42.4232  -20 27 28.155  MagR=16.4
Pluto-31Jul2014       18 48 48.2519  -20 24 16.547  MagR=12.3
Pluto-27Jul2014       18 49 10.1760  -20 23 18.561  MagR=16.1
Nix-23Jul2014         18 49 33.6229  -20 22 17.147  MagR=15.0
Hydra-18Jul2014       18 50  0.9125  -20 21 14.606  MagR=15.8
HydraP4-15Jul2014     18 50 22.3049  -20 20 23.115  MagR=16.7
PlutoCharonNixP4-05Jul2014       18 51 20.7906  -20 18  6.871  MagR=15.9
Nix-31Mai2014         18 54 52.3702  -20 10 43.376  MagR=15.6
PlutoCharon-24Mai2014 18 55 22.7341  -20  9 44.454  MagR=16.2
Crantor-09Out2014     19 23 18.3353  -20 58 35.021  MagR=13.9
Crantor-05Set2014     19 23 53.2783  -20 48 46.477  MagR=15.3
Crantor-04Set2014     19 23 57.8303  -20 48 23.939  MagR=16.1
Crantor-13Nov2014     19 27 30.9537  -20 58 26.295  MagR=16.8
Crantor-07Ago2014     19 27 38.2350  -20 33 48.772  MagR=14.4
Crantor-14Jul2014     19 31 55.2570  -20 19 22.587  MagR=15.1
Crantor-08Jul2014     19 33 10.6589  -20 15 15.451  MagR=17.3
Crantor-04Jul2014     19 33 44.4159  -20 13 25.030  MagR=15.8
Crantor-17Jun2014     19 36 48.8986  -20  3 20.846  MagR=15.7
Crantor-13Jun2014     19 37 27.3768  -20  1 12.914  MagR=17.4
Crantor-09Jun2014     19 38  5.6765  -19 59  4.036  MagR=14.4
2008OG19-07Dez2014    20 27  5.8998  -11  7  5.054  MagR=17.8
2008OG19-25Jul2014    20 29  7.2610  -10 31 19.959  MagR=18.9
2004NT33-09Out2014    21 14  0.4814   17 24  1.981  MagR=16.8
2004NT33-21Dez2014    21 16  5.7997   16 37  7.678  MagR=17.3
2003OP32-14Out2014    22  3 47.2236    2 48 13.924  MagR=18.9
2003OP32-26Ago2014    22  6 45.0663    3 16 44.963  MagR=18.0
Triton-23Ago2014      22 32 47.2547   -9 57  4.339  MagR=15.2
Triton-20Ago2014      22 33  6.1889   -9 55 33.109  MagR=17.6
Chiron-29Out2014      22 50 23.8680   -2  1 16.480  MagR=16.2
Chiron-19Set2014      22 55 39.3896   -1 19  2.414  MagR=14.5
Chiron-29Jul2014      23  3 50.9291   -0 28 29.486  MagR=17.7
