2450256.55099537 -150 -070
2450256.55334491 -132 -078
2450256.55458333 -119 -081
2450256.55596065 -126 -093
2450259.56603009 -725 -174
2450259.56921296 -772 -195
2450259.57179398 -721 -190
2450259.57437500 -725 -196
2450260.59775463 -128 -035
2450260.60706019 -155 -047
2450260.60964120 -040 -031
2450260.61222222 -091 -048
2450289.51206782 +004 -074
2450289.51308102 +028 -054
2450289.51368241 +029 -059
2450289.51428438 +007 -033
2450289.51488646 +030 -042
2450289.51548773 +004 -025
2450289.51608981 +011 -059
2450289.51669178 +029 -059
2450289.51729387 +011 -069
2450289.51789525 +028 -041
2450289.51849722 +004 -049
2450289.51908785 +007 -057
2450289.52071968 -001 -038
2450291.58577778 +080 -063
2450291.58637917 +068 -043
2450291.58698183 +069 -036
2450291.58758380 +072 -041
2450291.58999063 +087 -059
2450291.59059271 +074 -061
2450358.42094144 +049 -032
2450358.44318750 -012 -024
2450358.44380035 -048 -021
2450674.59410880 -088 -047
2450674.59525463 -142 -061
2450674.70431713 -194 -106
2450674.70685185 -228 -157
2450675.59714120 +060 +032
2450675.59968750 -016 -113
2450675.69612268 +060 +030
2450675.69866898 +030 -005
2453464.60203148 -070 +041
2453464.60325891 +033 +060
2453464.60694965 -019 +031
2453464.60818611 -126 +022
2453464.60942303 -156 +025
2453464.61066111 -042 +009
2453464.61189826 -072 -042
2453794.74704664 -050 -012
2453794.74813646 +014 -005
2453794.74921644 -032 -047
2453794.75029236 +017 +007
2453794.75137164 -036 -002
2453794.75464028 -039 -022
2453794.75571991 -037 -035
2453794.75679954 +004 -037
2453794.75787292 -013 -013
2453794.75895243 -023 -018
2453794.76004167 -045 +006
2453794.76113113 -022 -062
2453794.76222037 -017 +001
2453794.76330961 +013 -045
2453794.76438970 -032 -017
2453794.76546921 -037 -044
2453794.76765174 -019 -048
2453795.74559826 -072 -026
2453795.74702998 -055 -009
2453795.75098299 -063 +000
2453795.75240475 -079 -006
2453795.75382778 -074 -007
2453795.75525926 -074 -025
2453795.75667604 -052 -003
2453795.75810752 -065 -016
2453795.76237211 -056 -006
2453795.76380370 -055 +003
2453795.76522766 -074 -016
2453795.76666030 -048 -016
2453795.76808218 -059 +005
2453795.77092523 -049 -001
2453795.77234560 -049 -009
2453795.77377674 -046 -026
2453797.74673368 -009 -024
2453797.74815544 -055 -008
2453797.74958681 -009 -003
2453797.75101539 +004 -021
2453797.75244722 -013 -014
2453797.75386887 -050 +006
2453797.75529086 +019 +009
2453797.75671215 -009 -018
2453797.75813380 -032 -010
2453797.75956539 -019 -022
2453797.76099155 -001 -006
2453797.76384514 -020 -024
2453797.76526759 -040 +004
2453797.76668715 +000 -026
2453797.76811019 -029 -011
2453797.76954236 -019 -018
2453803.73087431 +009 -028
2453803.73345208 +001 -013
2453803.73640625 -010 -038
2453803.73922373 -006 -048
2453804.70536933 -040 -027
2453804.70894873 -012 -017
2453804.71014664 -010 -037
2453804.71133669 +040 -002
2453804.71252674 -023 -086
2453804.71372685 -007 -043
2453804.71492650 -025 -058
2453804.71611678 +009 -026
2453804.71850255 +038 -037
2453804.71969294 -065 -073
2453804.72088299 -013 -022
2453804.72327303 -027 +006
2453804.72446343 +003 -097
2453804.72684387 -058 -106
2453804.72924502 +026 -009
2453804.73043507 +000 -072
2453808.69527512 -043 -050
2453808.69941852 +009 -056
2453808.70384896 -006 -049
2453808.70696030 +017 -047
2453808.70846736 -045 -041
2453808.70965775 +023 -051
2453808.71084803 +033 -066
2453808.71323866 -017 -025
2453808.71443877 +016 -038
2453808.71562905 -022 -059
2453808.71681875 +006 -084
2453808.71800868 +040 -079
2453894.51511319 -076 -023
2453894.51703958 -117 -012
2453894.51800914 -069 -003
2453894.52091539 -063 -015
2453894.52188310 -095 -047
2453894.52285093 -061 -042
2453894.52381887 -013 -035
2453894.52428970 -060 +024
2453894.52525822 -105 +004
2453894.52720486 +003 -042
2453894.52817257 +004 +010
2453894.52913229 +079 -027
2453894.53010000 +048 -043
2453894.53203218 +026 -028
2453894.53561319 -047 -051
2453894.53657627 -009 +022
2453894.53849375 -035 -018
2453894.53945683 +044 -009
2453894.54041979 +020 -019
2453894.54331181 -099 +007
2453894.54427488 +019 -054
2453894.54620127 +022 +005
2453894.54909352 -028 +002
2453894.55100961 -088 -027
2453894.55197257 -010 -021
2453920.53311863 +010 -085
2453920.53465590 +006 -061
2453920.53619329 +000 -054
2453920.53773090 +015 -062
2453920.53926817 +031 -052
2453920.54081551 +012 -064
2453920.54235336 +031 -076
2453920.54389074 +019 -066
2453920.54696551 -004 -090
2453920.54851285 +007 -069
2453920.55006019 +013 -080
2453920.55160775 +001 -094
2453920.55314514 +015 -113
2453920.55469248 -003 -083
2453920.55622998 +028 -104
2453920.55776725 +009 -133
2453920.55930451 +013 -136
2453920.56085174 +020 -147
2453920.56814711 +017 -140
2453920.56968449 +025 -139
2453920.57276910 +044 -120
2453920.57738125 +041 -098
2453920.57892847 +029 -109
2453920.58046586 +041 -059
2453978.43073056 +111 +038
2453978.43316319 +062 +030
2453978.43459502 +103 +004
2453978.43743831 +069 +008
2453978.43885995 +054 +003
2453978.44172384 +123 +004
2453978.44314560 +058 +043
2453978.44456725 +014 -010
2453978.44598935 +040 +013
2453978.45169583 +085 -018
2453979.44100313 +080 +050
2453979.44254109 +082 +020
2453979.44408831 +126 +018
2453979.44716308 +127 +028
2453979.45023808 +123 +049
2453979.45178530 +139 +038
2453979.45333264 +134 +023
2453979.45487002 +103 +025
2453979.45640752 +107 +021
2453979.45794491 +097 +012
2453979.45949213 +087 +019
2454208.67818241 -084 -057
2454208.67891655 -104 -096
2454208.67964225 -100 -096
2454208.68037662 -053 -067
2454208.68112176 -059 -124
2454208.68185683 -100 -118
2454208.68258194 -065 -084
2454208.68331667 -077 -082
2454208.68406146 -066 -111
2454208.68479711 -075 -063
2454334.54048322 +138 +018
2454334.54155579 +112 -011
2454334.54371273 +120 -040
2454334.54478495 +034 -054
2454334.54586389 +137 -033
2454334.54694248 +103 +009
2454334.54802095 +085 -046
2454334.55016852 +099 +010
2454334.55124711 +141 +009
2454334.55232581 +034 -029
2454334.55339468 +169 -036
2454334.55663067 +011 -008
2454334.55770926 +154 +011
2454334.55878924 +013 -005
2454334.55987245 +173 -004
2454334.56096516 +108 -013
2454335.49991748 +074 +031
2454335.50750891 +022 +006
2454335.51075394 +134 -007
2454335.51400023 -001 -022
2454336.50675556 +087 +001
2454336.50892095 +064 -001
2454336.50999410 +096 -040
2454336.51107743 +113 +045
2454336.51323079 +056 -027
2454336.51539456 +088 +002
2454336.51862951 +089 -058
2454336.51970914 +130 -042
2454336.52078854 +073 +035
2454336.52186713 +088 -012
2454336.52294630 +063 +046
2454337.49888518 +067 -006
2454337.50642361 +043 -008
2454337.50750220 +087 -007
2454337.50858102 +060 -015
2454337.50965486 +084 -018
2454337.51073368 +070 -027
2454337.51180266 +053 -024
2454337.51396007 +024 -009
2454337.51503924 +074 -017
2454337.51827546 +046 -015
2454574.75515509 +086 -053
2454574.75796562 +004 -062
2454574.76359664 +081 -084
2454574.76641713 +036 -051
2454574.76922766 +060 -023
2454574.77203819 +004 -001
2454574.77485208 +045 -076
2454612.77008796 -033 -033
2454612.77359028 +123 +011
2454612.77644132 -008 -023
2454612.77929965 +024 -002
2454612.78216667 +096 -006
2454612.78359514 -149 -026
2454612.78502373 -045 -019
2454612.78788137 +014 -039
2454612.79072870 +039 -046
2454612.79215822 -119 -053
2454729.47887488 -036 -002
2454729.47983079 -014 -025
2454729.48080127 -073 +012
2454729.48405139 +015 +017
2454729.48524676 +007 +064
2454729.48764502 +036 +086
2454729.48884248 +028 +054
2454729.49541725 -037 +041
2454729.49661574 +030 +083
2454729.49831227 +045 +019
2454729.49950961 -050 +052
2454729.50071539 -029 +010
2454729.50190255 -063 -022
2454729.50310012 -039 +024
2454729.50550509 -039 -027
2454729.50669502 +076 +009
2454729.50789259 -018 -015
2454729.50909537 +015 -010
2454729.51679884 +011 +016
2454729.51857465 -006 +015
2454729.52035081 +040 +027
2454729.52212685 -054 +044
2454729.52389259 -056 -003
2454729.52567014 +003 +086
2454729.53100197 +048 +066
2454729.58334537 +017 +051
2454729.58512245 -078 +005
2455003.74997755 -022 -036
2455003.75305521 -029 -047
2455003.75657350 -026 -016
2455003.75832245 -010 -036
2455003.76007407 -004 -028
2455003.76189757 -013 -035
2455003.76385914 -013 -036
2455003.76530000 +004 -025
2455003.76677812 +001 -024
2455003.76823333 -007 -043
2455003.76967731 -013 -027
2455003.77112234 -004 -029
2455003.77256725 -007 -036
2455003.77401238 -010 -043
2455004.76173125 +047 -033
2455004.76307824 +042 -019
2455004.76497581 +044 -040
2455004.76561343 +052 -046
2455004.76688669 +055 -023
2455004.76752338 +051 -044
2455004.76815984 +045 -037
2455004.76879711 +041 -039
2455004.76945891 +041 -025
2455004.77015613 +036 -048
2455004.77079282 +047 -043
2455004.77206690 +063 -052
2455004.77271319 +060 -051
2455004.77529190 +035 -059
2455004.77591840 +058 -043
2455004.77660845 +047 -037
2455004.77730231 +029 -022
2455004.77869225 +054 -038
2455004.77939630 +055 -051
2455004.78003044 +039 -041
2455004.78131007 +045 -027
2455004.78193738 +032 -036
2455004.78262477 +029 -018
2455004.78332755 +044 -039
2455004.78398333 +044 -036
2455006.81971273 +004 -005
2455006.82085544 +010 -005
2455006.82195255 +020 +000
2455006.82639884 -004 -002
2455006.82859826 +020 -002
2455006.82971389 +009 -010
2455006.83200289 -001 -006
2455006.83310220 +009 -008
2455006.83420185 -004 +002
2455006.83530127 +006 +004
2455006.83640046 +004 +005
2455006.84015498 +010 -005
2455030.81335799 +097 -030
2455030.81455544 +086 -004
2455030.81575266 +077 -020
2455030.81814792 +083 -037
2455030.82054132 +076 -006
2455030.82172893 +096 -011
2455030.82292581 +109 +007
2455030.82412245 +064 -027
2455383.82543981 +019 -001
2455383.82659722 +015 -048
2455383.82719907 +010 -009
2455383.82780093 +021 -011
2455383.82840278 +027 -014
2455383.83020833 -013 -035
2455383.83081019 +016 +006
2455383.83202546 +006 -031
2455383.83262731 +030 -014
2455383.83322917 +036 -032
2455383.83383102 +003 -006
2455383.83443287 -001 -016
2455383.83564815 -001 +005
2455383.83685185 +036 -004
2455383.83745370 +006 -032
2455384.83496528 +036 +009
2455384.83605324 +087 -070
2455384.83665509 +027 -081
2455384.83724537 +001 +017
2455384.83784722 +028 +048
2455384.83844907 -006 +017
2455384.84025463 +027 -013
2455384.84085648 +069 -053
2455489.63581019 -272 +342
2455489.63868056 -272 +281
2455489.63918981 -268 +222
2455489.64019676 -316 +283
2455489.64221065 -262 +308
2455489.64371528 -307 +280
2456698.54518453 +148 +034
2456698.54755707 +131 +052
2456698.54992925 +071 -021
2456698.55230161 -003 +007
2456698.55467398 -004 -055
2456698.55704634 -004 -017
2456698.55941870 +092 -015
2456698.56179125 +052 -059
2456698.56416380 +000 -075
2456698.56653597 +078 -016
2451040.60173819 +064 +004
2451040.60725255 +051 +008
2451040.61099514 +070 +029
2451040.61472616 +046 +002
2451040.61971725 +112 +007
2451040.62630486 +124 +003
2451040.63140660 +115 +006
2451040.63444201 +118 +030
2451040.63747986 +094 +000
2451040.64063576 +144 -011
2451045.42909826 +004 -039
2451045.43463958 -018 -059
2451045.43923056 -015 -048
2451045.44388021 -040 -058
2451045.44622037 -010 -022
2451045.44856424 -039 -071
2451045.45091123 -027 -048
2451045.45325370 -036 -063
2451045.45559132 -033 -041
2451045.45793542 -019 -026
2451045.46028194 -001 -084
2451045.46496632 -018 -015
2451163.32825660 +060 +026
2451163.33152951 +037 +047
2451163.33671979 +031 -023
2451163.33999456 +039 +028
2451163.34326574 +067 +044
2451163.34654086 +030 -043
2451163.34980498 +075 +017
2451460.41066250 +044 +002
2451460.41467303 -012 -016
2451460.41908113 -006 -014
2451460.42176493 -018 +008
2451460.42444988 -024 -039
2451460.42714410 -007 -025
2451460.42982569 +016 -015
2451460.43251238 -054 +006
2451460.43520463 -028 -041
2451460.43723183 +028 -014
2451460.44424074 +019 -054
2451463.41359120 -003 -020
2451463.41667581 +049 -021
2451463.42071528 +007 -008
2451463.42939630 -018 -022
2451463.43244352 +007 +005
2451463.43548021 +018 -025
2451463.43851551 +032 -039
2451463.44154965 +001 -056
2451463.44458854 +044 -044
2451492.55056134 -086 +131
2451492.55394016 -035 +070
2451492.55604838 -037 +052
2451492.55816007 -068 +083
2451492.56026956 +021 +124
2451497.34833900 +044 +031
2451497.35050625 +006 +010
2451497.35453588 -009 -006
2451497.35723299 +001 +009
2451497.35992442 +101 +014
2451497.36224815 +053 +032
2451497.41222685 +003 +004
2451497.41491296 +009 +007
2451497.41845775 +056 +000
2451497.42114583 +006 -012
2451497.42404954 +056 +026
2451497.42673356 -043 +018
2451515.45262025 -188 -073
2451515.45520845 -129 -075
2451515.46071644 -145 -043
2451515.46271482 -194 -063
2451515.46471030 -176 -115
2451515.46670289 -182 -108
2451515.46869595 -201 -028
2451515.47088310 -224 +006
2451516.34870440 -096 +020
2451516.35385579 -062 +012
2451516.35606424 -096 +005
2451516.35817176 -133 -020
2451516.36028206 -096 -024
2451516.36470440 -086 -016
2451516.36682049 -096 -006
2451518.45116505 -027 -020
2451518.45598900 -013 -020
2451518.45810266 +015 -006
2451518.46021250 -009 -024
2451518.46443125 +000 +001
2451869.48693542 +121 -063
2451869.49420046 +109 -050
2451869.64729595 +082 -032
2451869.65075046 +073 -076
2451869.65310312 +069 -043
2451869.65667384 +080 -053
2451869.66014259 +056 -006
2451869.66258877 +073 -033
2451869.66510278 +117 -011
2451873.41782407 -007 -026
2451873.42099005 -035 +003
2451873.42309931 -024 +026
2451873.42520463 -017 +019
2451873.42731863 -006 -003
2451873.42942720 -038 -009
2451873.43153449 -014 +034
2451873.43364028 -034 +038
2451877.43967187 +041 -015
2451877.44226053 +048 +015
2451877.44436887 +058 -014
2451877.44647222 +088 -014
2451877.44858206 +045 -018
2451877.45069734 +032 -038
2452263.47157350 +032 +000
2452263.47617662 +086 -036
2452263.47852870 +046 -037
2452263.48088125 +051 -026
2452263.48323252 +030 -064
2452263.48558090 +077 -012
2452263.48793947 +022 -045
2452263.49029363 +025 -017
2452263.49499803 +035 -029
2452263.49735590 +033 -028
2452285.38389225 +059 +028
2452285.38859572 +083 +019
2452285.39095081 +055 +014
2452285.39329977 +072 +018
2452285.39565451 +067 +011
2452285.39800833 +074 +025
2452285.40036400 +062 +020
2452285.40271458 +074 +032
2452313.31101007 -036 -032
2452313.37087292 -055 -024
2452313.37762836 -047 -027
2452313.38437627 -015 -027
2452313.39254687 +016 -025
2452313.39929201 -096 -048
2452314.36196887 +010 +000
2452314.36432106 +045 -076
2452314.36903368 -044 -026
2452668.47382616 -021 +008
2452668.47617650 -032 -060
2452668.47852558 -087 +021
2452668.48087859 -020 +046
2452668.48322766 +072 +038
2452669.46310069 -063 -021
2452669.47218090 -066 +039
2452669.47453299 -030 -005
2452669.47689062 -095 -007
2452669.47923912 -072 +022
2452669.48159074 -059 +019
2452723.29539514 +060 +048
2452723.29951273 -026 +019
2452723.30543900 +020 +012
2452723.31211458 +006 +010
2452723.32615463 +031 -019
2452725.48138646 -007 +011
2452725.48466620 -020 -005
2452725.48974201 +087 -004
2452725.49301979 +038 -026
2452725.49629340 +055 +005
2452725.50285023 +017 -019
2452725.50612407 +010 -006
2452725.50940301 +057 -015
2452725.51267697 +079 +020
2452725.51595093 +027 -031
2453026.62202986 -009 -046
2453026.62472488 +101 -024
2453026.62742789 +082 -023
2453026.63552118 +046 -064
2453116.31832107 -080 +097
2453116.32474525 -034 +123
2453116.32709988 -073 +093
2453116.33180799 -067 +110
2453116.33651933 -053 +123
2453116.33887153 -049 +120
2453116.34122454 -110 +108
2453473.38537720 -007 +094
2453473.38924144 -052 +084
2453473.39310324 -009 +082
2453473.39696053 +037 +078
2453473.40082581 +027 +032
2453473.40468947 -084 +013
2453473.40855660 -063 +097
2453494.40697859 -018 -066
2453494.41315995 +045 -092
2453494.42158171 +079 -059
2453494.42578611 -078 -059
2453494.42999028 +022 -058
2453494.43420289 +040 -049
2453494.43840845 -007 -070
2454353.48345198 +088 +058
2454353.48452182 +074 +052
2454353.48559421 +091 +065
2454353.48674128 +092 +056
2454353.48786369 +089 +066
2454353.48897243 +084 +050
2454353.49009472 +096 +046
2454353.49120636 +091 +049
2454353.49233618 +087 +055
2454353.49411346 -045 +157
2454353.49524328 -041 +159
2454353.49747003 -038 +157
2454353.50085797 -047 +156
2454353.50198651 -050 +156
2454353.50311992 -034 +153
2454353.58938916 +113 -042
2454353.59144976 +126 -043
2454353.59349936 +130 -045
2454353.59555626 +119 -042
2454353.59754010 +130 -025
2454353.59959317 +141 -031
2454353.60158303 +137 -045
2454353.60361967 +144 -048
2454353.60560721 +142 -051
2454618.74278898 -174 -087
2454618.74827064 -262 -095
2454618.75276894 -107 -082
2454621.81553304 -029 -044
2454621.81988766 -033 -054
2454974.86827824 +026 +048
2454974.87227624 +028 +049
2454974.87754880 +068 +055
2454974.87984847 +039 +074
2454974.88311258 +039 +079
2454974.90695453 +044 +065
2454974.90923765 +031 +066
2454974.91243510 +051 +080
2454974.91426377 +055 +069
2454974.91608167 +071 +073
2454974.91791069 +064 +065
2454974.91965798 +052 +062
2454974.92193566 +023 +046
2454974.92396076 +048 +063
2454974.92577947 +032 +042
2454974.92762076 +020 +059
2454974.92936713 +023 +049
