2449877.66006910 +046 -094
2449877.66104051 +072 -081
2449877.66211806 +029 -123
2450255.56083565 -591 -004
2450255.56273264 -614 +008
2450255.56363993 -606 -002
2450255.56453993 -601 +001
2450258.55265046 -214 +032
2450258.55432870 -219 +048
2450258.55552083 -217 +040
2450258.55671296 -223 +045
2450260.58834491 -188 +036
2450260.59045139 -210 +033
2450260.59164352 -198 +040
2450260.59283565 -228 +030
2450289.50114977 -087 -039
2450289.50221829 -091 -033
2450289.50280949 -077 -050
2450289.50300521 -071 -029
2450289.50320231 -094 -019
2450289.50359641 -084 -026
2450289.50379225 -076 -024
2450289.50398935 -072 -022
2450289.50418646 -076 -009
2450289.50438287 -094 -005
2450289.50457928 -094 -028
2450289.50477639 -086 -041
2450289.50536632 -087 -039
2450289.50556400 -083 -024
2450289.50575984 -087 -032
2450290.60347778 +010 -039
2450290.60460289 +007 -048
2450290.60514641 +015 -036
2450290.60569132 +012 -038
2450290.60622338 +011 -048
2450290.60732315 +015 -059
2450290.60786736 +010 -032
2450290.60841088 +019 -029
2450290.60895498 +006 -051
2450291.57708032 -012 -018
2450291.57762315 -014 +036
2450291.57816806 -028 -031
2450291.57871157 -028 +011
2450291.57925567 -021 +025
2450291.57979919 -019 +004
2450291.58034410 -021 -028
2450291.58088819 -017 +029
2450357.45423576 +066 -016
2450357.45517465 +017 -002
2450357.50933935 +066 -015
2450675.59245370 +030 -021
2450675.59359954 +046 -021
2450675.69005787 +052 -012
2450675.69120370 +044 -011
2450745.49646991 +037 -086
2450745.49850694 +000 -163
2450745.49982639 +019 -151
2450745.50112269 +013 -161
2453463.51414919 +022 +051
2453463.51538692 +025 +017
2453463.51662442 +061 +009
2453463.51786192 +072 +020
2453463.51910104 +078 +036
2453463.52033889 +040 +040
2453463.52157662 +040 +039
2453463.52281285 +063 +018
2453463.52404942 +037 +031
2453463.52529630 +024 +025
2453464.53765752 +034 +027
2453464.53890567 +040 +047
2453464.54138044 +042 +070
2453464.54261852 +067 +040
2453464.54385544 +046 +054
2453464.54509352 +057 +045
2453464.54756690 +081 +057
2453464.55229803 +055 +017
2453464.55353600 +078 +028
2453464.55600995 +055 +036
2453464.55726227 +063 +026
2453464.55973738 +036 +052
2453464.56096377 +082 +035
2453894.45998681 +020 -016
2453894.46323403 +017 -058
2453894.46396551 +054 -041
2453894.46468727 +041 -009
2453894.46615197 -004 -040
2453894.46688970 +038 -024
2453894.46835324 +004 -052
2453894.46909456 +019 -049
2453894.47125139 +029 -025
2453894.47198299 +058 -028
2453894.47271042 +052 -014
2453894.47344190 -012 -064
2453894.47416539 +055 -037
2453894.47489688 +047 -036
2453894.47562824 +041 -068
2453894.47635984 +013 -048
2453894.47709120 -010 -058
2453918.45419815 -016 -059
2453918.45505093 -010 -072
2453918.47199931 -013 -064
2453918.47370590 -012 -055
2453918.47454884 +003 -070
2453918.52129583 -004 -064
2453918.52384468 -009 -056
2453918.52468750 -007 -051
2453918.52891204 +017 -077
2453918.53059838 +009 -082
2453918.53145116 +004 -059
2453918.53230394 +031 -059
2453918.53314687 -023 -047
2453918.53653877 -010 -088
2453918.53738171 -012 -050
2453918.53822535 +026 -064
2453918.53907824 +001 -061
2453918.53992106 -017 -053
2453918.54161725 +001 -076
2453918.54247083 -004 -076
2453918.54332373 +012 -049
2453918.54416667 -004 -055
2453918.54500949 -007 -065
2453918.54585255 +010 -087
2453918.54840498 +010 -083
2453918.54959525 -006 -053
2453918.55078542 +010 -063
2453918.55197546 +028 -075
2453918.55317558 +015 -062
2453918.55437558 +009 -051
2453918.55556505 +007 -050
2453918.55675521 +019 -079
2453918.55795556 +019 -077
2453918.55914560 +022 -075
2453978.49562431 +029 -031
2453978.49646748 -025 +006
2453978.49731065 +003 +016
2453978.49815370 +065 -008
2453978.49900660 +023 -044
2453978.49985937 +001 +020
2453978.50066933 +017 +009
2453978.50151227 +084 +028
2453978.50235544 -004 +046
2453978.50320822 +012 +024
2453978.50406111 +038 -057
2453978.50490405 -030 -028
2453978.50574722 +068 +048
2453979.46969850 +042 +021
2453979.47223819 +049 +039
2453979.47309097 +043 +005
2453979.47393391 +059 +011
2453979.47561979 +067 +029
2453979.47647269 +054 +040
2453979.47731563 +059 +065
2453979.47815868 +052 +014
2453979.47900162 +059 -013
2453979.47984456 +051 +011
2454147.77243970 -095 -068
2454147.77335312 -096 -078
2454147.77517465 -129 -092
2454147.77697650 -093 -077
2454147.77788762 -107 -073
2454147.77879884 -086 -091
2454147.78060069 -075 -064
2454147.78150231 -124 -084
2454147.78241319 -096 -087
2454147.78332384 -096 -085
2454147.78422477 -093 -052
2454147.78602662 -134 -061
2454147.78693750 -088 -071
2454205.63885463 -141 -114
2454205.63959167 -199 -072
2454205.64031875 -173 -050
2454205.64104583 -221 -094
2454205.64177303 -198 -066
2454208.63043472 -152 -093
2454208.63117049 -192 -107
2454208.63190463 -189 -098
2454208.63263900 -145 -099
2454208.63337373 -155 -082
2454208.63410822 -142 -119
2454208.63484282 -196 -119
2454208.63528356 -165 -103
2454208.63601806 -176 -113
2454208.63676250 -163 -121
2454334.56437106 +140 -061
2454334.56692245 +133 -047
2454334.56777257 +136 -056
2454334.56862303 +119 -078
2454334.56947350 +160 -064
2454334.57032407 +134 -085
2454334.57202593 +144 -071
2454334.57287650 +118 -045
2454334.57372708 +126 -086
2454334.57457697 +139 -058
2454334.57542731 +151 -074
2454335.52081412 +102 -027
2454335.52155856 +104 -030
2454335.52229317 +091 -074
2454335.52302581 +140 -052
2454335.52448542 +167 -097
2454335.52521991 +195 -074
2454335.52814815 +168 -092
2454336.52740880 +105 -022
2454336.52910660 +106 -043
2454336.52995370 +123 -034
2454336.53080069 +076 -035
2454336.53164803 +125 -054
2454336.53250498 +083 -014
2454336.53335220 +050 -009
2454336.53419919 +095 -011
2454336.53504630 +069 -023
2454336.53674444 +094 -030
2454336.53759155 +067 -047
2454336.53843900 +095 -036
2454336.53928600 +081 -014
2454336.54181736 +101 +002
2454336.54266458 +083 -041
2454337.47952384 +048 -015
2454337.48205556 +057 -009
2454337.48375058 +050 -016
2454337.48460775 +046 -006
2454337.48544780 +050 +005
2454337.48629514 +056 -016
2454337.48714248 +056 -003
2454337.48798970 +043 -024
2454337.48883727 +036 -010
2454337.48968634 +042 -014
2454337.49052292 +038 +007
2454337.49137037 +043 +005
2454337.49221794 +049 -012
2454337.49306123 +041 +002
2454337.49390857 +052 +001
2454337.49474745 +059 -024
2454337.53887500 +057 -052
2454337.53966042 +091 -045
2454337.54045579 +097 -047
2454337.54125116 +094 -062
2454337.54282199 +105 -069
2454337.54360752 +130 -049
2454337.54440289 +132 -043
2454337.54519815 +081 -053
2454337.54598357 +095 -080
2454337.54676898 +077 -061
2454337.54755417 +090 -072
2454337.54834954 +088 -058
2454337.54914479 +088 -056
2454337.54992998 +123 -063
2454337.55071551 +091 -048
2454337.55150116 +084 -075
2454337.55229641 +060 -061
2454337.55309178 +109 -059
2454337.55387720 +060 -061
2454356.46089236 -020 +028
2454356.46589572 +046 +059
2454356.47014931 +029 +091
2454356.47173380 +014 +050
2454356.47505787 +045 +056
2454356.47737500 -014 -005
2454356.47857211 -020 +083
2454356.48215532 +095 +105
2454356.48336250 +004 +066
2454356.48455949 +117 -013
2454356.48575799 +067 -006
2454356.48695498 +046 +052
2454356.48815324 +038 +014
2454356.48935035 +060 +023
2454356.49054826 +056 +021
2454356.49174525 +112 +059
2454356.49293310 +049 -004
2454574.72409282 -131 -077
2454574.72551458 -110 -041
2454574.72835810 -112 -043
2454574.72977986 -127 -050
2454574.73263322 -113 -055
2454574.73547708 -120 -066
2454574.73689884 -124 -050
2454574.77724884 -085 -027
2454574.77869294 -056 -029
2454574.78013715 -105 -044
2454574.78303553 -057 -001
2454574.78447975 -078 -050
2454574.78592315 -050 -012
2454574.78736713 -095 -016
2454574.78881134 -070 -021
2454574.79025243 -041 +002
2454574.79337882 -038 -008
2454574.79626713 -112 -029
2454601.64209491 -180 +018
2454601.64714120 -215 +047
2454601.65083333 -108 +088
2454601.65335648 -060 -030
2454601.65774306 -177 +103
2454601.65831019 -067 +167
2454601.66054398 -035 +024
2454601.66109954 -067 -013
2454601.66165509 -135 +028
2454601.66277778 -119 +113
2454601.66390046 -142 +054
2454601.66445602 -045 +084
2454601.66501157 -088 +034
2454601.66613426 -195 +065
2454601.66781250 -159 +162
2454601.66836806 -120 +051
2454610.74403218 -091 +023
2454610.74697361 -052 +017
2454610.74817095 -080 -011
2454610.74936840 -059 +023
2454610.75056597 -056 +010
2454610.75416840 -046 -030
2454610.75536609 -095 -007
2454610.75776192 -093 -036
2454610.75894931 -080 +018
2454610.76014711 -080 -052
2454610.76133484 -082 +000
2454610.76253218 -103 -001
2454610.76371944 -082 -028
2454610.76491690 -089 -037
2454610.76611470 -067 -048
2454610.76731192 -078 -007
2454610.76969757 -078 -026
2454610.77089514 -054 -032
2454610.77209236 -084 -016
2454610.77329005 -045 -040
2454610.77448785 -060 -035
2454610.77567558 -084 +017
2454610.77687292 -096 -033
2454610.78045544 -113 -008
2454610.78286019 -081 -019
2454610.78405787 -093 +017
2454610.78525521 -096 -011
2454610.78645301 -092 +005
2454612.79442951 -066 -055
2454612.79584954 -064 -054
2454612.79658438 -073 -058
2454612.79731875 -073 -022
2454612.79805093 -073 -048
2454612.79877627 -098 -060
2454612.79951065 -093 -039
2454612.80023565 -092 -073
2454612.80097002 -071 -047
2454612.80170706 -074 -034
2454612.80244190 -092 -056
2454612.80317731 -086 -065
2454612.80390278 -075 -067
2454612.80463900 -077 -083
2454612.80537361 -071 -032
2454612.80611088 -092 -036
2454612.80684549 -089 -042
2454612.80758021 -080 -081
2454612.80831632 -103 -087
2454612.80905174 -100 -016
2454612.80978576 -061 -015
2454612.81052025 -099 -072
2454612.81125463 -073 -045
2454612.81199028 -099 -053
2454612.81272512 -088 -058
2454612.81346019 -063 -044
2454678.44292072 -087 +035
2454678.44385602 -080 +035
2454678.44478993 -103 +032
2454678.44571539 -095 +030
2454678.44664051 -088 +047
2454678.44756551 -077 +027
2454678.44849051 -114 +032
2454678.45034838 -091 +027
2454678.45219803 -103 +019
2454678.45312384 -114 +029
2454678.46669063 -076 +039
2454678.46772778 -114 +030
2454678.47085752 -076 +036
2454678.47189664 -099 +034
2454678.47398241 -072 +026
2454678.48022014 -106 +025
2454678.48126100 -106 +047
2454678.48230058 -085 +038
2454678.48334063 -077 +029
2454678.48646146 -077 +031
2454678.48750197 -073 +020
2454678.48853194 -079 +040
2454678.48958414 -088 +039
2454678.49167801 -087 +027
2454678.49271782 -099 +021
2454678.49479954 -076 +033
2454678.49687963 -092 +040
2454678.49792940 -088 +046
2454678.49896898 -076 +022
2454678.50000903 -068 +033
2454678.50208819 -094 +041
2454678.50313796 -079 +037
2454690.46375671 -047 +011
2454690.46731736 -044 +021
2454690.46892766 -041 +003
2454690.47011794 -032 +008
2454690.47250891 -045 +040
2454690.47370914 -034 +022
2454690.53115417 -034 -008
2454690.53235440 -039 +025
2454690.53473484 -033 -006
2454729.47887488 -008 -015
2454729.47983079 -017 -029
2454729.48080127 -001 -014
2454729.48405139 -001 -037
2454729.48524676 -022 -019
2454729.48644699 -007 +002
2454729.48764502 +007 +012
2454729.48884248 -017 -003
2454729.49541725 -012 -025
2454729.49661574 -023 -015
2454729.49831227 -021 +003
2454729.49950961 -014 -022
2454729.50071539 +011 -032
2454729.50190255 -012 -007
2454729.50310012 -019 +014
2454729.50430752 +004 +010
2454729.50550509 +006 -033
2454729.50669502 -030 +012
2454729.50789259 -001 -007
2454729.50909537 +000 -004
2454729.51679884 -014 -001
2454729.51857465 -022 -017
2454729.52212685 -037 -034
2454729.52389259 -015 -030
2454729.52922338 -030 -036
2454729.53100197 -021 +000
2454729.53277824 -025 -028
2454729.57979363 -029 -049
2454729.58334537 -008 -044
2454729.58512245 -022 -045
2454729.58689815 -001 -028
2455003.82432940 -077 +012
2455003.82612419 -082 -006
2455003.82797928 -096 -009
2455003.82982755 -069 -002
2455003.83161921 -080 +002
2455003.83348113 -082 +005
2455003.83527384 -074 +006
2455003.83711458 -079 +006
2455003.84070116 -077 +010
2455003.84250359 -076 +002
2455003.84429687 -079 +005
2455003.84721678 -082 +009
2455003.84906875 -095 -003
2455003.85087581 -115 -010
2455003.85353322 -077 +001
2455003.85534306 -111 +002
2455003.85714120 -112 -007
2455004.84839062 -114 +001
2455004.84901539 -115 -009
2455004.84965324 -114 -001
2455004.85092650 -120 -009
2455004.85156331 -121 -004
2455004.85219896 -112 -024
2455004.85283565 -115 -019
2455004.85538299 -109 -005
2455004.85737697 -118 -007
2455004.85808171 -118 -007
2455004.86003924 -111 -011
2455004.86068600 -118 -008
2455004.86131898 -118 -008
2455004.86367593 -114 -018
2455004.86431250 -117 -009
2455004.86494965 -118 -007
2455004.86558727 -115 -023
2455004.86750359 -121 -019
2455004.86815012 -114 -001
2455004.86878646 -109 -014
2455004.86948507 -112 -011
2455004.87289259 -118 -002
2455004.87474352 -114 -023
2455005.83898796 -092 -042
2455005.83967211 -086 -037
2455005.84030660 -086 -039
2455005.84165023 -083 -046
2455005.84362269 -092 -038
2455005.84568183 -086 -035
2455005.84638102 -093 -036
2455005.84773148 -104 -045
2455005.85051019 -095 -048
2455005.85115104 -098 -041
2455005.85180174 -104 -039
2455005.85245139 -098 -043
2455005.85381308 -091 -042
2455005.85445185 -102 -045
2455005.85660752 -092 -040
2455005.85789456 -088 -043
2455005.85857153 -086 -038
2455005.85922130 -102 -039
2455005.85986053 -086 -040
2455005.86054051 -095 -038
2455005.86117488 -095 -045
2455005.86253345 -096 -047
2455005.86329861 -092 -038
2455005.86399954 -098 -044
2455005.86464595 -099 -040
2455005.86663738 -095 -038
2455006.84438912 -127 -028
2455006.84561192 -139 -026
2455006.84656354 -140 -023
2455006.84763623 -136 -013
2455006.84851389 -136 -028
2455006.84942222 -145 -024
2455006.85030810 -131 -013
2455006.85125266 -136 -026
2455006.85214537 -137 -026
2455006.85389051 -139 -012
2455006.85475926 -140 -018
2455006.85562743 -140 -019
2455006.85649375 -140 -026
2455006.85736227 -146 -030
2455006.85822882 -140 -019
2455006.85913727 -134 -018
2455006.86002731 -134 -019
2455006.86186204 -137 -025
2455006.86274086 -145 -018
2455006.86359896 -147 -019
2455006.86446690 -128 -028
2455006.86536192 -139 -022
2455006.86628681 -146 -017
2455006.86714444 -149 -015
2455006.86803657 -137 -016
2455006.87071100 -143 -024
2455006.87348900 -133 -029
2455030.75558275 +069 -024
2455030.75666736 +023 -005
2455030.75774896 +044 -010
2455030.76100475 +039 -014
2455030.76207662 +025 -007
2455030.76424028 +023 -019
2455030.76640394 +044 -001
2455030.76748519 +038 -015
2455030.76963877 +032 -007
2455030.77071042 +020 -003
2455030.77179178 +055 -001
2455030.77288356 +048 -012
2455030.77504745 +054 +000
2455382.82018519 -127 -021
2455382.82067130 -108 +005
2455382.82115741 -136 -012
2455382.82212963 -141 -017
2455382.82261574 -120 +011
2455382.82310185 -109 +000
2455382.82358796 -142 +019
2455382.82454861 -120 -036
2455382.82503472 -136 +024
2455382.82552083 -118 +014
2455382.82600694 -111 -003
2455382.82697917 -117 +016
2455382.82746528 -127 -021
2455382.82795139 -126 +035
2455382.82843750 -126 +029
2455382.82892361 -121 +024
2455382.82989583 -132 +032
2455382.83038194 -115 -012
2455382.83085648 -129 -022
2455382.83134259 -147 +010
2455382.83182870 -133 +019
2455382.83231481 -121 +009
2455382.83280093 -121 -030
2455382.83377315 -138 +004
2455382.83425926 -142 +021
2455383.84916667 -139 +022
2455383.85052083 -151 +008
2455383.85197917 -193 -015
2455383.85246528 -099 -040
2455383.85295139 -138 -039
2455383.85343750 -121 -005
2455383.85393519 -175 +004
2455383.85442130 -139 +014
2455384.84953704 -175 -007
2455384.85131944 -132 -009
2455384.85157407 -174 -049
2455384.85182870 -156 -027
2455384.85233796 -120 -014
2455384.85261574 -130 -008
2455384.85285880 -153 -039
2455384.85311343 -138 -037
2455489.62443287 -012 -030
2455489.62531250 +018 -043
2455489.62613426 +003 -051
2455489.62640046 +012 -041
2455489.62667824 +004 -041
2455489.62694444 +021 -018
2455489.62748843 +000 -028
2455489.62776620 +000 -053
2455489.62803241 -006 -046
2455489.62831019 -019 -027
2455489.62857639 -022 -019
2455489.62885417 +004 -036
2455489.62912037 +009 -059
2455489.62939815 +001 -033
2455489.62994213 -022 -029
2455489.63020833 -007 -045
2455489.63048611 +007 -020
2455489.63075231 -003 -050
2455489.63129630 +009 -039
2455489.63157407 +006 -051
2455489.63211806 +025 -054
2455489.63238426 -003 -035
2455489.63265046 -004 -032
2455489.63292824 -007 -046
2455489.63319444 -007 -049
2455807.84625000 -028 -010
2455807.84839120 +010 +077
2455807.85052083 -013 -025
2455807.85265046 -055 -010
2455807.85478009 +028 -017
2455808.77120370 +000 +053
2455808.77239583 -017 +020
2455808.77479167 -031 +049
2455808.77836806 +006 +068
2455808.77956019 +025 +023
2455808.78076389 +003 +057
2455808.78195602 -032 +026
2455808.78434028 +019 +080
2455808.78673611 +012 +081
2455808.79151620 -022 +100
2455808.79489583 -009 +033
2455808.79608796 -025 +101
2455808.79848380 +003 +039
2455808.79967593 -003 +052
2455808.80086806 -016 +094
2455808.80206019 -032 +022
2455808.80326389 -026 +100
2455808.80445602 -009 +036
2455808.80564815 -003 +051
2455808.80685185 -016 +014
2455808.80804398 -017 +092
2455808.80923611 +019 +092
2455808.81042824 +000 +059
2455808.81163194 +012 +044
2455808.81282407 +001 +084
2455808.81520833 -010 +080
2455808.81641204 -010 +075
2455808.81760417 +020 +059
2455808.81879630 +007 +087
2455808.81998843 +003 +083
2455808.82119213 -004 +034
2455808.82357639 -004 +104
2455808.82476852 +019 +111
2455808.82596065 -007 +049
2455808.82715278 -001 +065
2455808.82835648 +003 +027
2455808.82954861 +019 +069
2455808.83261574 -019 +116
2455808.83380787 -017 +064
2455808.83500000 -022 +093
2455808.83739583 -009 +105
2455808.83858796 +004 +064
2455808.84098380 -012 +103
2455808.84336806 +028 +079
2455808.84576389 -025 +077
2455808.84695602 +006 +077
2455808.84815972 +017 +047
2455808.84935185 -010 +033
2455808.85054398 +000 +090
2455808.85174769 -009 +059
2455808.85413194 +017 +026
2456186.78288943 +075 -042
2456186.78365153 +088 -058
2456186.78441362 +024 -053
2456186.78517572 +004 -046
2456186.78593800 +073 -043
2456186.78670028 +027 -062
2456186.78746273 +061 -023
2456186.78822573 +056 -014
2456186.78898854 +057 -075
2456186.78975082 +084 -033
2456186.79051256 +017 -048
2456186.79127483 +022 -022
2456186.79203692 +050 -063
2456186.79279920 +035 -062
2456186.79356220 +021 -050
2456186.79432520 +038 -013
2456186.79508765 +070 -024
2456186.79585010 +000 -057
2456186.79661237 +018 -052
2456186.79737465 +036 -043
2456187.80746902 +081 -017
2456187.80799963 +024 -043
2456187.80853024 +056 -053
2456187.80906122 -013 -031
2456187.80959200 -001 -066
2456187.81012369 +052 -011
2456187.81065466 -004 -055
2456187.81171606 +001 -080
2456187.81224685 +029 -057
2456187.81277747 +059 -075
2456187.81383904 +014 -063
2456187.81437020 +042 -080
2456187.81490080 -004 -053
2456187.81543159 +042 -063
2456187.81596220 +063 -037
2456187.81649280 -006 -082
2456187.81702341 +032 -019
2456187.81755475 +036 -043
2456188.77394646 +085 +017
2456188.77436169 +011 -090
2456188.77477728 +040 -027
2456188.77519251 +061 -082
2456188.77560810 +034 -065
2456188.77602387 +080 +019
2456188.77643964 +059 -062
2456188.77685505 +061 -077
2456188.77727064 +039 -060
2456188.77768550 +066 -067
2456188.77810109 +096 -087
2456188.77851632 +059 +019
2456188.77893155 +073 -056
2456188.77934660 +102 -065
2456188.77976236 +022 +018
2456188.78017850 +021 -094
2456188.78059373 +013 -011
2456188.78142418 +045 -119
2456188.78183940 +068 +028
2456189.76593168 +099 -065
2456189.76669449 +061 -047
2456189.76745767 +101 -056
2456189.76821977 +070 -066
2456189.76898241 +046 -055
2456189.76974486 +042 -070
2456189.77050733 +034 -074
2456189.77126959 +063 -067
2456189.77203223 +078 -063
2456189.77279469 +056 -083
2456189.77355678 +035 -061
2456189.77431851 +070 -058
2456189.77584360 +070 -070
2456189.77660588 +043 -052
2456189.77736852 +059 -040
2456189.77813116 +077 -082
2456189.77889433 +070 -082
2456189.77965751 +035 -056
2456219.67893587 -029 -048
2456219.68068067 +098 -164
2456219.68143228 -063 -102
2456219.68218388 -006 -138
2456219.68293566 +064 -118
2456219.68368744 -116 -006
2456219.68443922 +101 -074
2456219.68519101 -032 -095
2456219.68594279 +106 -092
2456219.68669439 -075 -116
2456219.68744617 +082 -150
2456219.69103236 +063 +001
2456219.69178397 +109 -012
2456219.69554270 +022 -055
2456219.69629375 +099 -149
2456219.71870633 -008 -035
2456219.71945811 +013 -046
2456219.72020917 -071 -059
2456219.72096095 -036 -051
2456219.72171273 -045 -135
2456219.72246451 +032 -125
2456219.72321611 -035 -136
2456219.72396771 -066 -093
2456219.72471968 -035 -115
2456219.72547127 -082 -136
2456571.79947713 +026 +055
2456571.80182287 +040 +059
2456571.80257476 +040 +067
2456571.80332682 +062 +083
2456571.80483066 +057 +074
2456571.80633483 +096 +051
2456571.80708671 +044 +060
2456571.80859056 +047 +057
2456571.80934255 +050 +080
2456571.81009446 +028 +069
2456571.81084627 +082 +076
2456571.81159791 +119 +068
2456571.81234987 +072 +082
2456571.81310148 +076 +067
2456571.81385332 +119 +054
2456571.81460501 +110 +078
2456571.81535703 +087 +070
2456571.81610894 +060 +060
2456571.81761284 +094 +077
2456571.81911682 +068 +078
2456571.81986868 +054 +075
2456571.82062059 +057 +066
2456571.82137257 +110 +066
2456571.82949188 +047 +062
2456571.83024390 +078 +056
2456571.83249975 +044 +079
2456571.83475505 +047 +047
2456571.83625898 +096 +046
2456605.73660663 +011 +017
2456605.73744330 +022 -014
2456605.73784742 +021 +056
2456605.73825153 +006 +006
2456605.73865564 -001 +018
2456605.73905969 -003 +029
2456605.73946375 +031 -008
2456605.74027193 +017 +005
2456605.74067602 +031 +014
2456605.74108010 -004 +022
2456605.74148419 -004 +022
2456605.74188853 +001 +038
2456605.74229262 +010 +002
2456605.74269668 +022 +047
2456605.74310074 +013 +030
2456605.74350484 +004 -011
2456605.74431300 +025 -008
2456605.74471708 +026 +047
2456605.74552523 +011 +050
2456605.74592929 +011 +036
2456605.74673743 +004 +039
2456605.74714150 -008 +018
2456605.74754557 +001 +025
2456605.74794966 -006 +060
2456605.74835374 +010 -001
2456605.74875789 +010 +043
2456697.48442665 +051 -029
2456697.48569856 +042 -022
2456697.48760597 +064 -020
2456697.48824183 +043 -048
2456697.48887751 +030 -043
2456697.48951338 +047 -043
2456697.49014924 +051 -044
2456697.49078510 +071 +006
2456697.49142079 +069 -058
2456697.49205647 +037 -048
2456697.49269233 +057 -003
2456697.49332801 +037 -021
2456697.49396388 +040 -021
2456697.49523542 +040 -014
2456697.49587110 +053 -013
2456697.49650697 +054 -054
2456697.49714282 +062 -010
2456697.49777869 +035 -031
2456697.49905023 +036 -027
2456697.50095782 +054 -010
2456697.50159351 +047 -024
2456697.50222936 +073 -071
2456697.50286505 +053 -028
2456697.50350091 +064 -032
2456697.50413660 +071 -036
2456697.50477245 +066 -063
2456697.50540814 +029 -015
2456697.50604400 +076 -031
2456697.50667969 +064 -069
2456697.50795141 +040 +000
2456697.50922278 +032 -027
2456697.50985863 +029 -055
2456697.51049450 +058 -044
2456697.51113036 +071 -011
2456697.51176623 +046 +001
2456697.51240191 +035 -001
2456697.51303777 +071 -047
2456697.51430932 +051 -051
2456697.51494500 +035 -041
2456697.51558068 +036 +006
2451037.46378438 -084 -049
2451037.46754711 -177 +001
2451037.46952373 -057 -103
2451037.47246250 -187 -039
2451037.47553067 -124 -110
2451037.47805602 -106 -058
2451037.48116829 -144 -043
2451037.48326389 -130 -040
2451037.48574433 -069 -048
2451037.48798553 -085 -081
2451037.49060810 -172 -008
2451038.47741146 -133 +025
2451038.49300069 -090 -036
2451038.49757662 -139 +029
2451038.50175150 -117 -037
2451038.50409375 -081 -011
2451038.50643218 -084 -046
2451038.50877269 -126 -012
2451038.51345498 -126 -051
2451038.51580498 -060 -070
2451038.51814907 -136 -025
2451038.52048773 -088 -095
2451038.52283773 -096 -037
2451038.52518044 -061 -023
2451038.52751690 -087 -040
2451038.52986250 -078 -082
2451038.53220995 -079 -068
2451038.53455613 -094 -102
2451164.23281574 -063 +026
2451164.23982546 -045 -021
2451164.24399132 -090 -017
2451164.24633310 -019 +020
2451164.25101748 -009 -022
2451164.25336701 -067 -024
2451164.25570775 -040 -012
2451164.25805440 -034 +001
2451164.26040116 +004 -012
2451164.26273924 -039 -036
2451164.26508403 -024 -004
2451460.57602442 +004 +057
2451460.57957072 +022 +040
2451460.58121852 +041 +061
2451460.58286319 +013 +053
2451460.58615903 +013 +052
2451460.58945509 +038 +061
2451460.59109711 +038 +063
2451460.59274537 -018 +042
2451460.59438819 +024 +074
2451463.38622095 -012 +050
2451463.38902928 +019 +031
2451463.39112870 -015 +044
2451463.39690197 -004 +051
2451463.39838808 +003 +037
2451463.40003264 +015 +008
2451463.40138576 +021 +050
2451463.40268495 +021 +071
2451463.40397951 +031 +000
2451516.29178762 -030 -052
2451516.29387373 +006 -040
2451516.29735914 -027 -017
2451516.29900313 -025 -046
2451516.30065521 -033 -013
2451516.30230405 -013 -045
2451516.30395116 -043 -033
2451516.33515880 -015 -037
2451516.33682164 -025 -045
2451518.39629734 -059 -011
2451518.39800382 -102 -003
2451518.39942407 -039 -054
2451518.40107384 -021 -046
2451518.40272546 -036 -051
2451518.40437569 -055 -046
2451518.40601979 -065 -055
2451519.36051227 -027 -046
2451519.36335984 -016 -025
2451519.36711597 -049 -036
2451519.37053588 -043 -037
2451519.37337465 -040 -044
2451519.37602234 -064 -049
2451519.37829225 -040 -053
2451519.38051493 -046 -066
2451519.38278843 -040 -055
2451519.38503530 -053 -052
2451519.38644630 -047 -030
2451519.38785729 -033 -052
2451519.39077639 -062 -062
2451521.25416470 -012 +045
2451521.25691678 -004 +020
2451521.25867870 +001 -010
2451521.26043889 +028 +038
2451521.26220069 -006 +034
2451858.52772419 -017 -003
2451858.53269282 -045 +010
2451858.53746227 -038 +018
2451858.54265081 -027 +010
2451858.54591343 -052 -013
2451858.54918160 +003 +006
2451858.55244433 -006 +006
2451858.55897581 -036 +016
2451868.51083009 -060 +019
2451868.51438345 -055 +046
2451868.51993947 -071 +036
2451869.52227812 -038 +050
2451869.52407002 -006 +022
2451869.52598171 +028 +054
2451869.52878148 +020 +001
2451869.53042558 +013 +039
2451869.53207558 +036 +031
2451869.53371956 -035 +032
2451869.53912535 +024 +055
2451869.54157454 +004 +046
2451869.54468218 +013 +018
2451869.60589722 -034 -004
2451869.63062164 -001 +003
2451869.63332037 -001 +056
2451869.63830683 -018 -007
2451869.64151042 +020 +042
2451873.43963565 -006 +020
2451873.44128160 -008 +017
2451873.44293218 -017 +013
2451873.44457940 +003 +030
2451873.44622130 +000 +021
2451873.44786829 -013 +021
2451873.44951331 -011 +022
2451873.45115521 -014 +021
2452231.62693611 +018 -050
2452231.62824618 -047 -039
2452231.63077558 -069 -080
2452231.63409653 +031 -106
2452233.61417940 -003 -049
2452233.61650150 -040 -013
2452233.61816100 +004 -016
2452233.61982025 +011 -054
2452233.62147546 -018 -011
2452233.62313056 -001 -046
2452233.62481088 -018 -003
2452233.62647199 -024 -030
2452233.62813275 -014 -039
2452233.62979734 -011 -026
2452236.47917593 +014 -113
2452236.48458623 +001 -075
2452236.48728021 -018 -049
2452236.48997847 -011 -043
2452236.49267141 +019 -051
2452236.49537685 +004 -023
2452236.50076817 -033 -009
2452263.58550359 +028 +007
2452263.59143461 +044 +023
2452263.59332986 +040 +036
2452263.59522292 +037 +035
2452263.59710880 +022 +037
2452263.59900231 +048 +027
2452263.60089074 +046 +013
2452263.60277998 +035 +029
2452263.60466609 +040 +021
2452265.38305058 +041 +045
2452265.38653738 +030 +033
2452265.38819248 +029 +034
2452265.38985220 +023 +035
2452265.39150729 +017 +052
2452265.39317002 +026 +028
2452285.37628403 +022 +019
2452285.43843137 +023 -009
2452285.44065856 +040 +008
2452285.44254653 +039 +005
2452285.44443391 +029 -010
2452285.44632431 +030 -001
2452285.44821146 +028 -013
2452285.45010278 +051 +012
2452285.45388484 +029 +000
2452285.45577569 +050 +008
2452285.45767002 +023 +005
2452313.24401192 +014 +029
2452313.24612928 +015 +027
2452313.24825231 -005 +023
2452313.25036921 +016 +035
2452313.25248449 +018 +013
2452314.31349919 +025 +025
2452314.31684502 +015 +009
2452314.32016053 -019 -018
2452314.32181366 +049 +036
2452358.37302500 -040 -044
2452358.37468681 +012 -003
2452358.37634178 -012 -016
2452358.37799711 +003 -017
2452358.37966262 -007 -022
2452358.38131539 -004 -009
2452358.38296632 -021 -050
2452358.38462917 +003 -052
2452358.38628148 +027 -024
2452358.38794410 +047 -014
2452361.32201007 +045 -023
2452361.32575787 +030 -010
2452361.32742211 -014 -024
2452361.33645278 +010 +007
2452361.33811586 +052 -002
2452361.33976933 +004 +001
2452361.35563032 -018 -021
2452361.35729097 +030 -010
2452362.36452894 -037 -006
2452362.37005625 -065 +066
2452362.37194954 -008 -005
2452362.37383935 +025 +009
2452362.37572963 +015 +011
2452362.37761354 -001 +030
2452637.49886100 -033 -076
2452637.50310428 -024 -057
2452637.50522083 +000 -060
2452637.50734167 -020 -059
2452637.50946412 +042 -062
2452637.51159375 -010 -078
2452638.49939965 +001 -028
2452638.50720949 +023 -025
2452638.50956343 +000 -030
2452638.51426725 +016 -027
2452638.51661447 +013 -027
2452638.51896285 +001 -025
2452638.52367292 +020 -023
2452638.52602419 +022 -025
2452654.41626875 +022 +091
2452654.41912720 +082 +035
2452654.42339745 +134 -013
2452654.42720671 +122 -007
2452654.43121123 +083 -061
2452654.43394699 +040 +036
2452654.43830694 +042 -017
2452654.43996285 +055 -007
2452654.44146181 -020 +057
2452654.44435127 +078 +003
2452654.44660729 +105 +010
2452654.44872187 +029 +020
2452654.45038194 +065 -001
2452654.45203426 +039 +040
2452654.45368565 +006 +074
2452655.48363646 +020 -011
2452655.48655116 +083 +037
2452655.48846019 +047 +050
2452655.49066181 +073 -001
2452655.49174468 +053 -003
2452655.49282083 +089 +008
2452655.49389630 +089 +023
2452655.49497269 +046 +013
2452675.37783160 -042 -010
2452675.38546146 -087 +001
2452675.38665602 -042 -016
2452675.38784780 -080 +025
2452675.41733241 -031 -010
2452731.29180035 +040 +018
2452731.29421921 +016 -006
2452731.29727361 +013 +011
2452731.30032060 +003 -006
2452731.30337431 -010 -001
2452731.30642708 -004 +007
2452772.35277685 +082 +015
2452772.35501933 +018 +043
2452772.35667292 +011 -022
2452772.35832593 +006 -068
2452772.35998032 -003 -080
2452772.36163669 +037 -036
2452772.36329456 +011 -034
2452772.36495486 +026 -020
2452772.36661667 +082 +001
2452773.34150984 +060 +003
2452773.34715405 +061 +002
2452773.35185324 +031 -009
2452773.35421030 +058 +004
2452773.35656655 +048 -028
2452773.35891505 +011 -017
2452773.36126516 +001 -036
2452773.36361563 +014 +000
2452773.36597025 +061 +004
2452773.36832731 +014 -003
2453115.33396400 -021 +076
2453115.34158495 -016 +089
2453115.34544572 +010 +097
2453115.34849456 -027 +110
2453115.35459803 -055 +086
2453115.35764896 -062 +129
2453115.36072176 -025 +110
2453116.31832107 -086 +110
2453116.32709988 -052 +116
2453116.32945579 -013 +127
2453116.33180799 -043 +122
2453116.33416447 -038 +116
2453116.33651933 -033 +110
2453116.33887153 -018 +121
2453116.34122454 -086 +095
2453143.33360521 -065 +074
2453143.33672882 -071 +072
2453143.34722720 -034 +081
2453143.34958194 -027 +093
2453143.35193704 -022 +101
2453143.35429282 -025 +104
2453143.35665359 -037 +100
2453143.35900590 -041 +057
2453143.36136667 -034 +037
2453143.36371968 -006 +081
2453143.36607558 -043 +033
2453146.37346505 -003 +045
2453146.37581991 -006 +068
2453146.37818044 -037 +084
2453146.38054178 -024 +040
2453146.38289514 -028 +057
2453146.38525498 -033 +037
2453146.38996088 -027 +079
2453146.39231389 -028 +031
2453437.44406863 +009 -039
2453437.44979757 -046 -049
2453437.45192928 -052 -087
2453437.45405139 -015 -100
2453437.45830150 -019 -080
2453437.46042257 +030 -138
2453437.46254468 -081 -034
2453437.46467118 -033 -051
2453437.46679340 -098 +004
2453437.46891863 -052 -086
2453438.47192176 +001 -092
2453438.47427789 +010 -103
2453438.47664028 -069 -083
2453438.47899884 -009 -108
2453438.48135231 -057 -119
2453438.48370556 -055 -088
2453438.48606435 +010 -097
2453438.48842292 -061 -072
2453440.47511076 -021 -059
2453440.47913519 +028 -067
2453440.48161100 +031 -106
2453440.48373692 -001 -067
2453440.48589653 +049 -076
2453440.48802211 -003 -068
2453440.49014792 +001 -072
2453440.49230787 +024 -071
2453440.49443218 -010 -102
2453440.49655787 +027 -097
2453440.49868391 +037 -073
2453467.46438171 -033 +034
2453467.46914271 +067 -005
2453467.47184155 +049 +021
2453467.47454109 -001 -008
2453467.47724016 +028 +012
2453474.39482234 -100 +063
2453474.39867292 -090 +087
2453474.40371377 -090 +096
2453474.46626053 -099 +047
2453474.47336030 -118 +080
2453474.47640868 -103 +085
2453475.36601481 -138 +075
2453475.39241748 +007 +055
2453475.39546852 -105 +068
2453475.39852674 -060 +054
2453475.40157708 -099 +079
2453475.40463148 -130 +080
2453475.40768403 -121 +060
2454704.34217789 +166 -333
2454704.34594919 +131 -294
2454704.34872488 +168 -256
2454353.48345198 -020 +041
2454353.48452182 -013 +036
2454353.48559421 -010 +032
2454353.48674128 -020 +038
2454353.48786369 -010 +040
2454353.48897243 -008 +047
2454353.49009472 -013 +042
2454353.49120636 +001 +036
2454353.49233618 -020 +033
2454353.49524328 -175 +048
2454353.49635607 -165 +043
2454353.49747003 -155 +048
2454353.49859452 -148 +046
2454353.49971449 -159 +041
2454353.50085797 -152 +044
2454353.50198651 -154 +048
2454353.50311992 -144 +036
2454974.93116082 +026 -049
2454974.93231812 +019 -079
2454974.93348190 +010 -065
2454974.93523892 +039 -071
2454974.93637214 +039 -078
2454974.93755282 +017 -083
