2449877.66006910 +038 -120
2449877.66104051 +063 -107
2449877.66211806 +021 -149
2450255.56083565 -509 -022
2450255.56273264 -531 -010
2450255.56363993 -524 -019
2450255.56453993 -519 -016
2450258.55265046 -127 +010
2450258.55432870 -130 +026
2450258.55552083 -129 +017
2450258.55671296 -134 +023
2450260.58834491 -097 +011
2450260.59045139 -118 +008
2450260.59164352 -107 +015
2450260.59283565 -136 +005
2450289.50114977 +028 -090
2450289.50221829 +024 -083
2450289.50280949 +036 -101
2450289.50300521 +043 -080
2450289.50320231 +021 -070
2450289.50359641 +030 -077
2450289.50379225 +039 -075
2450289.50398935 +043 -073
2450289.50418646 +039 -060
2450289.50438287 +019 -056
2450289.50457928 +021 -078
2450289.50477639 +029 -091
2450289.50536632 +026 -090
2450289.50556400 +032 -075
2450289.50575984 +028 -083
2450290.60347778 +123 -090
2450290.60460289 +120 -099
2450290.60514641 +129 -087
2450290.60569132 +126 -089
2450290.60622338 +124 -099
2450290.60732315 +129 -110
2450290.60786736 +123 -083
2450290.60841088 +133 -080
2450290.60895498 +119 -102
2450291.57708032 +101 -069
2450291.57762315 +098 -015
2450291.57816806 +086 -082
2450291.57871157 +084 -040
2450291.57925567 +093 -026
2450291.57979919 +093 -047
2450291.58034410 +091 -079
2450291.58088819 +097 -022
2450357.45423576 +086 -041
2450357.45517465 +036 -026
2450357.50933935 +084 -039
2450675.59245370 +090 -019
2450675.59359954 +105 -019
2450675.69005787 +110 -010
2450675.69120370 +105 -009
2450745.49646991 +083 -087
2450745.49850694 +046 -164
2450745.49982639 +063 -152
2450745.50112269 +057 -162
2453463.51414919 +010 +078
2453463.51538692 +013 +044
2453463.51662442 +051 +036
2453463.51786192 +060 +047
2453463.51910104 +066 +064
2453463.52033889 +028 +068
2453463.52157662 +028 +067
2453463.52281285 +051 +046
2453463.52404942 +025 +059
2453463.52529630 +012 +053
2453464.53765752 +022 +055
2453464.53890567 +028 +075
2453464.54138044 +030 +098
2453464.54261852 +055 +068
2453464.54385544 +034 +082
2453464.54509352 +046 +073
2453464.54756690 +070 +085
2453464.55229803 +043 +045
2453464.55353600 +066 +056
2453464.55600995 +043 +063
2453464.55726227 +052 +054
2453464.55973738 +024 +080
2453464.56096377 +070 +063
2453894.45998681 -007 -012
2453894.46323403 -010 -054
2453894.46396551 +026 -036
2453894.46468727 +013 -005
2453894.46615197 -032 -036
2453894.46688970 +010 -019
2453894.46835324 -023 -047
2453894.46909456 -009 -044
2453894.47125139 +001 -021
2453894.47198299 +031 -023
2453894.47271042 +025 -009
2453894.47344190 -039 -059
2453894.47416539 +028 -032
2453894.47489688 +019 -031
2453894.47562824 +013 -063
2453894.47635984 -015 -043
2453894.47709120 -038 -053
2453918.45419815 -017 -058
2453918.45505093 -012 -071
2453918.47199931 -015 -064
2453918.47370590 -013 -055
2453918.47454884 +001 -070
2453918.52129583 -004 -064
2453918.52384468 -009 -056
2453918.52468750 -007 -051
2453918.52891204 +016 -077
2453918.53059838 +007 -082
2453918.53145116 +003 -058
2453918.53230394 +029 -059
2453918.53314687 -023 -047
2453918.53653877 -012 -088
2453918.53738171 -012 -050
2453918.53822535 +025 -064
2453918.53907824 +000 -061
2453918.53992106 -017 -053
2453918.54161725 +000 -076
2453918.54247083 -004 -075
2453918.54332373 +010 -049
2453918.54416667 -004 -055
2453918.54500949 -009 -065
2453918.54585255 +010 -087
2453918.54840498 +009 -082
2453918.54959525 -006 -053
2453918.55078542 +009 -063
2453918.55197546 +026 -074
2453918.55317558 +015 -061
2453918.55437558 +009 -050
2453918.55556505 +007 -050
2453918.55675521 +019 -079
2453918.55795556 +017 -077
2453918.55914560 +020 -075
2453978.49562431 +036 -009
2453978.49646748 -019 +028
2453978.49731065 +010 +038
2453978.49815370 +072 +014
2453978.49900660 +030 -022
2453978.49985937 +009 +041
2453978.50066933 +023 +030
2453978.50151227 +091 +050
2453978.50235544 +001 +068
2453978.50320822 +019 +046
2453978.50406111 +045 -036
2453978.50490405 -025 -006
2453978.50574722 +075 +070
2453979.46969850 +049 +043
2453979.47223819 +056 +061
2453979.47309097 +051 +026
2453979.47393391 +067 +033
2453979.47561979 +074 +051
2453979.47647269 +061 +062
2453979.47731563 +065 +087
2453979.47815868 +059 +036
2453979.47900162 +067 +008
2453979.47984456 +056 +032
2454147.77243970 -095 -069
2454147.77335312 -095 -079
2454147.77517465 -129 -094
2454147.77697650 -092 -078
2454147.77788762 -107 -074
2454147.77879884 -086 -092
2454147.78060069 -075 -065
2454147.78150231 -124 -085
2454147.78241319 -096 -088
2454147.78332384 -096 -086
2454147.78422477 -092 -054
2454147.78602662 -134 -062
2454147.78693750 -088 -072
2454205.63885463 -090 -098
2454205.63959167 -148 -056
2454205.64031875 -122 -034
2454205.64104583 -169 -078
2454205.64177303 -147 -050
2454208.63043472 -101 -075
2454208.63117049 -141 -090
2454208.63190463 -138 -080
2454208.63263900 -094 -081
2454208.63337373 -104 -064
2454208.63410822 -091 -101
2454208.63484282 -144 -101
2454208.63528356 -113 -085
2454208.63601806 -124 -095
2454208.63676250 -112 -103
2454334.56437106 +125 -078
2454334.56692245 +118 -063
2454334.56777257 +122 -073
2454334.56862303 +104 -095
2454334.56947350 +144 -080
2454334.57032407 +120 -102
2454334.57202593 +129 -088
2454334.57287650 +102 -062
2454334.57372708 +112 -103
2454334.57457697 +123 -075
2454334.57542731 +136 -090
2454335.52081412 +087 -043
2454335.52155856 +087 -046
2454335.52229317 +074 -090
2454335.52302581 +123 -067
2454335.52448542 +151 -113
2454335.52521991 +179 -090
2454335.52814815 +153 -108
2454336.52740880 +088 -038
2454336.52910660 +090 -059
2454336.52995370 +106 -049
2454336.53080069 +059 -050
2454336.53164803 +108 -069
2454336.53250498 +066 -029
2454336.53335220 +034 -024
2454336.53419919 +078 -026
2454336.53504630 +052 -038
2454336.53674444 +077 -046
2454336.53759155 +050 -062
2454336.53843900 +077 -051
2454336.53928600 +064 -029
2454336.54181736 +084 -014
2454336.54266458 +066 -056
2454337.47952384 +029 -029
2454337.48205556 +039 -023
2454337.48375058 +032 -031
2454337.48460775 +028 -021
2454337.48544780 +032 -010
2454337.48629514 +039 -030
2454337.48714248 +039 -017
2454337.48798970 +025 -039
2454337.48883727 +018 -024
2454337.48968634 +024 -028
2454337.49052292 +021 -007
2454337.49137037 +027 -009
2454337.49221794 +032 -027
2454337.49306123 +022 -013
2454337.49390857 +034 -013
2454337.49474745 +041 -039
2454337.53887500 +041 -066
2454337.53966042 +073 -059
2454337.54045579 +078 -061
2454337.54125116 +077 -076
2454337.54282199 +087 -083
2454337.54360752 +112 -063
2454337.54440289 +115 -057
2454337.54519815 +063 -067
2454337.54598357 +078 -094
2454337.54676898 +059 -076
2454337.54755417 +071 -086
2454337.54834954 +070 -072
2454337.54914479 +071 -071
2454337.54992998 +105 -077
2454337.55071551 +073 -062
2454337.55150116 +066 -090
2454337.55229641 +043 -075
2454337.55309178 +092 -073
2454337.55387720 +042 -076
2454356.46089236 -046 +025
2454356.46589572 +020 +056
2454356.47014931 +003 +088
2454356.47173380 -013 +046
2454356.47505787 +018 +052
2454356.47737500 -040 -009
2454356.47857211 -046 +080
2454356.48215532 +068 +102
2454356.48336250 -022 +063
2454356.48455949 +091 -017
2454356.48575799 +042 -009
2454356.48695498 +020 +048
2454356.48815324 +011 +011
2454356.48935035 +034 +020
2454356.49054826 +029 +017
2454356.49174525 +087 +056
2454356.49293310 +022 -007
2454574.72409282 -061 -092
2454574.72551458 -042 -056
2454574.72835810 -042 -058
2454574.72977986 -059 -065
2454574.73263322 -045 -069
2454574.73547708 -052 -081
2454574.73689884 -054 -064
2454574.77724884 -015 -041
2454574.77869294 +014 -044
2454574.78013715 -035 -059
2454574.78303553 +013 -016
2454574.78447975 -010 -065
2454574.78592315 +018 -027
2454574.78736713 -025 -031
2454574.78881134 -001 -036
2454574.79025243 +029 -013
2454574.79337882 +031 -022
2454574.79626713 -043 -044
2454601.64209491 -137 +013
2454601.64714120 -173 +042
2454601.65083333 -066 +083
2454601.65335648 -017 -036
2454601.65774306 -134 +098
2454601.65831019 -024 +162
2454601.66054398 +007 +019
2454601.66109954 -024 -018
2454601.66165509 -092 +023
2454601.66277778 -075 +108
2454601.66390046 -099 +048
2454601.66445602 -001 +079
2454601.66501157 -045 +029
2454601.66613426 -152 +059
2454601.66781250 -116 +156
2454601.66836806 -077 +045
2454610.74403218 -057 +020
2454610.74697361 -018 +014
2454610.74817095 -047 -014
2454610.74936840 -025 +020
2454610.75056597 -022 +007
2454610.75416840 -014 -033
2454610.75536609 -061 -010
2454610.75776192 -060 -039
2454610.75894931 -046 +016
2454610.76014711 -046 -055
2454610.76133484 -050 -003
2454610.76253218 -071 -004
2454610.76371944 -049 -031
2454610.76491690 -057 -040
2454610.76611470 -035 -051
2454610.76731192 -046 -010
2454610.76969757 -045 -029
2454610.77089514 -022 -035
2454610.77209236 -052 -019
2454610.77329005 -013 -043
2454610.77448785 -028 -038
2454610.77567558 -050 +014
2454610.77687292 -063 -036
2454610.78045544 -080 -010
2454610.78286019 -049 -022
2454610.78405787 -061 +014
2454610.78525521 -064 -013
2454610.78645301 -060 +002
2454612.79442951 -035 -057
2454612.79584954 -033 -056
2454612.79658438 -040 -061
2454612.79731875 -042 -025
2454612.79805093 -042 -050
2454612.79877627 -067 -062
2454612.79951065 -063 -042
2454612.80023565 -061 -075
2454612.80097002 -040 -049
2454612.80170706 -043 -037
2454612.80244190 -061 -059
2454612.80317731 -056 -067
2454612.80390278 -045 -069
2454612.80463900 -046 -086
2454612.80537361 -040 -035
2454612.80611088 -061 -038
2454612.80684549 -059 -044
2454612.80758021 -049 -083
2454612.80831632 -073 -089
2454612.80905174 -070 -018
2454612.80978576 -031 -017
2454612.81052025 -068 -074
2454612.81125463 -042 -047
2454612.81199028 -067 -055
2454612.81272512 -056 -060
2454612.81346019 -032 -046
2454678.44292072 -043 +050
2454678.44385602 -034 +050
2454678.44478993 -058 +047
2454678.44571539 -051 +045
2454678.44664051 -044 +062
2454678.44756551 -033 +042
2454678.44849051 -069 +047
2454678.45034838 -045 +042
2454678.45219803 -059 +034
2454678.45312384 -069 +044
2454678.46669063 -032 +054
2454678.46772778 -070 +045
2454678.47085752 -032 +051
2454678.47189664 -054 +049
2454678.47398241 -026 +041
2454678.48022014 -061 +040
2454678.48126100 -062 +062
2454678.48230058 -040 +054
2454678.48334063 -032 +044
2454678.48646146 -032 +046
2454678.48750197 -028 +035
2454678.48853194 -034 +055
2454678.48958414 -043 +054
2454678.49167801 -041 +042
2454678.49271782 -054 +036
2454678.49479954 -030 +048
2454678.49687963 -047 +055
2454678.49792940 -043 +061
2454678.49896898 -030 +037
2454678.50000903 -022 +048
2454678.50208819 -048 +056
2454678.50313796 -033 +052
2454690.46375671 +008 +032
2454690.46731736 +011 +042
2454690.46892766 +012 +025
2454690.47011794 +022 +030
2454690.47250891 +008 +061
2454690.47370914 +019 +043
2454690.53115417 +019 +013
2454690.53235440 +015 +046
2454690.53473484 +021 +016
2454729.47887488 +039 +022
2454729.47983079 +029 +007
2454729.48080127 +044 +022
2454729.48405139 +044 -001
2454729.48524676 +025 +018
2454729.48644699 +040 +039
2454729.48764502 +052 +048
2454729.48884248 +029 +034
2454729.49541725 +033 +011
2454729.49661574 +022 +022
2454729.49831227 +025 +040
2454729.49950961 +032 +015
2454729.50071539 +056 +005
2454729.50190255 +033 +030
2454729.50310012 +026 +051
2454729.50430752 +051 +047
2454729.50550509 +051 +004
2454729.50669502 +015 +049
2454729.50789259 +045 +029
2454729.50909537 +047 +033
2454729.51679884 +033 +035
2454729.51857465 +025 +020
2454729.52212685 +008 +002
2454729.52389259 +030 +007
2454729.52922338 +015 +001
2454729.53100197 +025 +036
2454729.53277824 +021 +008
2454729.57979363 +018 -012
2454729.58334537 +037 -007
2454729.58512245 +023 -008
2454729.58689815 +044 +009
2455003.82432940 -044 +046
2455003.82612419 -050 +028
2455003.82797928 -063 +025
2455003.82982755 -035 +032
2455003.83161921 -047 +037
2455003.83348113 -050 +039
2455003.83527384 -042 +040
2455003.83711458 -047 +040
2455003.84070116 -044 +045
2455003.84250359 -042 +036
2455003.84429687 -047 +039
2455003.84721678 -050 +044
2455003.84906875 -063 +032
2455003.85087581 -083 +024
2455003.85353322 -044 +035
2455003.85534306 -077 +036
2455003.85714120 -080 +027
2455004.84839062 -082 +034
2455004.84901539 -082 +024
2455004.84965324 -082 +032
2455004.85092650 -086 +024
2455004.85156331 -089 +029
2455004.85219896 -080 +009
2455004.85283565 -082 +014
2455004.85538299 -077 +028
2455004.85737697 -085 +026
2455004.85808171 -085 +026
2455004.86003924 -079 +022
2455004.86068600 -086 +025
2455004.86131898 -086 +025
2455004.86367593 -082 +015
2455004.86431250 -083 +024
2455004.86494965 -086 +026
2455004.86558727 -082 +010
2455004.86750359 -088 +014
2455004.86815012 -082 +032
2455004.86878646 -077 +019
2455004.86948507 -079 +022
2455004.87289259 -085 +031
2455004.87474352 -082 +010
2455005.83898796 -060 -010
2455005.83967211 -054 -004
2455005.84030660 -054 -007
2455005.84165023 -051 -014
2455005.84362269 -060 -006
2455005.84568183 -054 -003
2455005.84638102 -061 -004
2455005.84773148 -070 -013
2455005.85051019 -063 -016
2455005.85115104 -066 -008
2455005.85180174 -072 -007
2455005.85245139 -066 -011
2455005.85381308 -057 -010
2455005.85445185 -070 -013
2455005.85660752 -060 -008
2455005.85789456 -055 -011
2455005.85857153 -054 -006
2455005.85922130 -070 -007
2455005.85986053 -054 -008
2455005.86054051 -063 -006
2455005.86117488 -063 -013
2455005.86253345 -063 -015
2455005.86329861 -058 -006
2455005.86399954 -064 -012
2455005.86464595 -067 -007
2455005.86663738 -063 -006
2455006.84438912 -095 +003
2455006.84561192 -105 +006
2455006.84656354 -108 +008
2455006.84763623 -104 +019
2455006.84851389 -104 +003
2455006.84942222 -111 +007
2455006.85030810 -099 +018
2455006.85125266 -104 +005
2455006.85214537 -105 +005
2455006.85389051 -107 +019
2455006.85475926 -108 +013
2455006.85562743 -108 +012
2455006.85649375 -107 +006
2455006.85736227 -114 +001
2455006.85822882 -108 +012
2455006.85913727 -102 +013
2455006.86002731 -102 +012
2455006.86186204 -105 +006
2455006.86274086 -112 +013
2455006.86359896 -115 +012
2455006.86446690 -096 +003
2455006.86536192 -107 +009
2455006.86628681 -112 +014
2455006.86714444 -117 +016
2455006.86803657 -104 +015
2455006.87071100 -109 +007
2455006.87348900 -101 +003
2455030.75558275 +124 -019
2455030.75666736 +080 +001
2455030.75774896 +101 -005
2455030.76100475 +096 -009
2455030.76207662 +082 -002
2455030.76424028 +079 -013
2455030.76640394 +101 +004
2455030.76748519 +093 -010
2455030.76963877 +087 -002
2455030.77071042 +076 +002
2455030.77179178 +112 +004
2455030.77288356 +104 -006
2455030.77504745 +109 +005
2455382.82018519 -073 +001
2455382.82067130 -054 +026
2455382.82115741 -081 +009
2455382.82212963 -087 +004
2455382.82261574 -064 +032
2455382.82310185 -055 +021
2455382.82358796 -088 +040
2455382.82454861 -066 -015
2455382.82503472 -082 +046
2455382.82552083 -063 +035
2455382.82600694 -057 +019
2455382.82697917 -061 +038
2455382.82746528 -072 +000
2455382.82795139 -072 +057
2455382.82843750 -072 +050
2455382.82892361 -066 +046
2455382.82989583 -078 +054
2455382.83038194 -060 +009
2455382.83085648 -073 +000
2455382.83134259 -093 +031
2455382.83182870 -079 +041
2455382.83231481 -066 +030
2455382.83280093 -067 -009
2455382.83377315 -084 +025
2455382.83425926 -087 +043
2455383.84916667 -085 +043
2455383.85052083 -097 +029
2455383.85197917 -139 +006
2455383.85246528 -046 -018
2455383.85295139 -085 -018
2455383.85343750 -069 +016
2455383.85393519 -121 +025
2455383.85442130 -085 +036
2455384.84953704 -123 +014
2455384.85131944 -079 +012
2455384.85157407 -121 -028
2455384.85182870 -103 -006
2455384.85233796 -067 +007
2455384.85261574 -078 +014
2455384.85285880 -100 -018
2455384.85311343 -085 -015
2455489.62443287 +012 +015
2455489.62531250 +042 +001
2455489.62613426 +027 -007
2455489.62640046 +036 +003
2455489.62667824 +030 +003
2455489.62694444 +045 +026
2455489.62748843 +024 +016
2455489.62776620 +024 -008
2455489.62803241 +019 -002
2455489.62831019 +004 +017
2455489.62857639 +001 +025
2455489.62885417 +028 +008
2455489.62912037 +033 -015
2455489.62939815 +025 +011
2455489.62994213 +003 +015
2455489.63020833 +016 -001
2455489.63048611 +031 +024
2455489.63075231 +021 -006
2455489.63129630 +033 +005
2455489.63157407 +030 -007
2455489.63211806 +049 -010
2455489.63238426 +022 +009
2455489.63265046 +019 +012
2455489.63292824 +018 -002
2455489.63319444 +016 -005
2455807.84625000 +003 -033
2455807.84839120 +041 +053
2455807.85052083 +017 -048
2455807.85265046 -025 -033
2455807.85478009 +057 -041
2455808.77120370 +032 +030
2455808.77239583 +015 -003
2455808.77479167 +000 +026
2455808.77836806 +036 +045
2455808.77956019 +055 +000
2455808.78076389 +035 +034
2455808.78195602 +000 +003
2455808.78434028 +051 +057
2455808.78673611 +042 +058
2455808.79151620 +010 +077
2455808.79489583 +023 +010
2455808.79608796 +007 +078
2455808.79848380 +035 +016
2455808.79967593 +029 +029
2455808.80086806 +016 +071
2455808.80206019 -001 -001
2455808.80326389 +006 +077
2455808.80445602 +023 +013
2455808.80564815 +029 +028
2455808.80685185 +016 -009
2455808.80804398 +015 +069
2455808.80923611 +051 +069
2455808.81042824 +031 +036
2455808.81163194 +044 +021
2455808.81282407 +033 +061
2455808.81520833 +020 +057
2455808.81641204 +022 +052
2455808.81760417 +052 +036
2455808.81879630 +038 +064
2455808.81998843 +035 +060
2455808.82119213 +028 +011
2455808.82357639 +026 +081
2455808.82476852 +051 +088
2455808.82596065 +025 +026
2455808.82715278 +031 +042
2455808.82835648 +033 +004
2455808.82954861 +049 +047
2455808.83261574 +013 +093
2455808.83380787 +015 +041
2455808.83500000 +010 +070
2455808.83739583 +023 +082
2455808.83858796 +036 +041
2455808.84098380 +020 +080
2455808.84336806 +060 +056
2455808.84576389 +007 +054
2455808.84695602 +038 +054
2455808.84815972 +049 +024
2455808.84935185 +022 +010
2455808.85054398 +032 +067
2455808.85174769 +023 +036
2455808.85413194 +049 +003
2456186.78288943 +040 -026
2456186.78365153 +053 -043
2456186.78441362 -011 -037
2456186.78517572 -031 -030
2456186.78593800 +038 -028
2456186.78670028 -007 -047
2456186.78746273 +027 -007
2456186.78822573 +021 +002
2456186.78898854 +024 -059
2456186.78975082 +049 -018
2456186.79051256 -018 -033
2456186.79127483 -013 -007
2456186.79203692 +015 -047
2456186.79279920 +000 -046
2456186.79356220 -014 -034
2456186.79432520 +003 +003
2456186.79508765 +035 -008
2456186.79585010 -035 -042
2456186.79661237 -017 -037
2456186.79737465 +001 -028
2456187.80746902 +045 -001
2456187.80799963 -013 -028
2456187.80853024 +020 -037
2456187.80906122 -047 -015
2456187.80959200 -038 -050
2456187.81012369 +015 +005
2456187.81065466 -040 -040
2456187.81171606 -034 -064
2456187.81224685 -007 -041
2456187.81277747 +022 -059
2456187.81383904 -022 -047
2456187.81437020 +006 -065
2456187.81490080 -039 -037
2456187.81543159 +007 -047
2456187.81596220 +027 -021
2456187.81649280 -042 -066
2456187.81702341 -004 -003
2456187.81755475 +000 -027
2456188.77394646 +049 +034
2456188.77436169 -025 -074
2456188.77477728 +004 -011
2456188.77519251 +024 -066
2456188.77560810 -003 -048
2456188.77602387 +043 +035
2456188.77643964 +022 -046
2456188.77685505 +024 -061
2456188.77727064 +003 -044
2456188.77768550 +029 -051
2456188.77810109 +060 -071
2456188.77851632 +021 +036
2456188.77893155 +035 -040
2456188.77934660 +064 -049
2456188.77976236 -014 +035
2456188.78017850 -015 -078
2456188.78059373 -025 +005
2456188.78142418 +007 -103
2456188.78183940 +032 +044
2456189.76593168 +061 -048
2456189.76669449 +024 -030
2456189.76745767 +063 -039
2456189.76821977 +032 -049
2456189.76898241 +008 -039
2456189.76974486 +004 -054
2456189.77050733 -004 -058
2456189.77126959 +024 -050
2456189.77203223 +040 -046
2456189.77279469 +018 -066
2456189.77355678 -003 -044
2456189.77431851 +032 -041
2456189.77584360 +031 -053
2456189.77660588 +006 -035
2456189.77736852 +021 -023
2456189.77813116 +039 -066
2456189.77889433 +032 -065
2456189.77965751 -003 -039
2456219.67893587 -075 -012
2456219.68068067 +050 -128
2456219.68143228 -109 -066
2456219.68218388 -052 -103
2456219.68293566 +017 -082
2456219.68368744 -162 +030
2456219.68443922 +055 -038
2456219.68519101 -078 -060
2456219.68594279 +059 -056
2456219.68669439 -122 -080
2456219.68744617 +036 -114
2456219.69103236 +017 +037
2456219.69178397 +063 +024
2456219.69554270 -024 -020
2456219.69629375 +053 -114
2456219.71870633 -055 +001
2456219.71945811 -035 -011
2456219.72020917 -117 -023
2456219.72096095 -082 -015
2456219.72171273 -092 -099
2456219.72246451 -014 -089
2456219.72321611 -081 -100
2456219.72396771 -112 -057
2456219.72471968 -081 -079
2456219.72547127 -130 -101
2456571.79947713 -033 +045
2456571.80182287 -021 +050
2456571.80257476 -019 +057
2456571.80332682 +003 +073
2456571.80483066 -004 +064
2456571.80633483 +035 +041
2456571.80708671 -017 +050
2456571.80859056 -014 +048
2456571.80934255 -011 +070
2456571.81009446 -032 +059
2456571.81084627 +021 +066
2456571.81159791 +060 +058
2456571.81234987 +011 +072
2456571.81310148 +017 +057
2456571.81385332 +058 +044
2456571.81460501 +050 +068
2456571.81535703 +026 +060
2456571.81610894 +000 +050
2456571.81761284 +035 +067
2456571.81911682 +007 +068
2456571.81986868 -006 +065
2456571.82062059 -004 +056
2456571.82137257 +050 +056
2456571.82949188 -014 +052
2456571.83024390 +017 +046
2456571.83249975 -017 +069
2456571.83475505 -014 +037
2456571.83625898 +035 +036
2456605.73660663 -026 +025
2456605.73744330 -015 -006
2456605.73784742 -017 +063
2456605.73825153 -032 +013
2456605.73865564 -038 +025
2456605.73905969 -040 +036
2456605.73946375 -007 -001
2456605.74027193 -021 +012
2456605.74067602 -006 +021
2456605.74108010 -042 +029
2456605.74148419 -042 +029
2456605.74188853 -036 +045
2456605.74229262 -028 +010
2456605.74269668 -015 +055
2456605.74310074 -025 +037
2456605.74350484 -032 -004
2456605.74431300 -013 -001
2456605.74471708 -011 +054
2456605.74552523 -026 +058
2456605.74592929 -026 +044
2456605.74673743 -032 +046
2456605.74714150 -046 +025
2456605.74754557 -036 +032
2456605.74794966 -043 +067
2456605.74835374 -028 +006
2456605.74875789 -028 +050
2456697.48442665 +004 +006
2456697.48569856 -006 +013
2456697.48760597 +017 +015
2456697.48824183 -004 -013
2456697.48887751 -017 -008
2456697.48951338 +001 -008
2456697.49014924 +006 -009
2456697.49078510 +025 +041
2456697.49142079 +022 -023
2456697.49205647 -010 -013
2456697.49269233 +010 +032
2456697.49332801 -010 +014
2456697.49396388 -007 +014
2456697.49523542 -007 +021
2456697.49587110 +006 +022
2456697.49650697 +007 -019
2456697.49714282 +015 +025
2456697.49777869 -012 +004
2456697.49905023 -011 +008
2456697.50095782 +008 +025
2456697.50159351 +000 +011
2456697.50222936 +026 -036
2456697.50286505 +006 +007
2456697.50350091 +017 +003
2456697.50413660 +024 -001
2456697.50477245 +019 -029
2456697.50540814 -018 +020
2456697.50604400 +029 +004
2456697.50667969 +017 -035
2456697.50795141 -007 +035
2456697.50922278 -015 +008
2456697.50985863 -018 -020
2456697.51049450 +012 -009
2456697.51113036 +025 +023
2456697.51176623 -001 +036
2456697.51240191 -012 +034
2456697.51303777 +024 -012
2456697.51430932 +004 -016
2456697.51494500 -012 -006
2456697.51558068 -011 +041
2451037.46378438 +006 -077
2451037.46754711 -087 -028
2451037.46952373 +033 -132
2451037.47246250 -097 -067
2451037.47553067 -033 -138
2451037.47805602 -016 -086
2451037.48116829 -054 -072
2451037.48326389 -040 -068
2451037.48574433 +021 -077
2451037.48798553 +004 -109
2451037.49060810 -082 -036
2451038.47741146 -040 -002
2451038.49300069 +003 -063
2451038.49757662 -046 +002
2451038.50175150 -024 -065
2451038.50409375 +012 -039
2451038.50643218 +009 -073
2451038.50877269 -033 -039
2451038.51345498 -033 -079
2451038.51580498 +033 -098
2451038.51814907 -043 -052
2451038.52048773 +004 -123
2451038.52283773 -003 -065
2451038.52518044 +031 -051
2451038.52751690 +006 -067
2451038.52986250 +015 -109
2451038.53220995 +013 -096
2451038.53455613 -001 -129
2451164.23281574 -027 +019
2451164.23982546 -010 -028
2451164.24399132 -055 -024
2451164.24633310 +015 +013
2451164.25101748 +025 -029
2451164.25336701 -033 -031
2451164.25570775 -006 -019
2451164.25805440 +000 -006
2451164.26040116 +039 -019
2451164.26273924 -004 -043
2451164.26508403 +010 -011
2451460.57602442 -001 +069
2451460.57957072 +018 +052
2451460.58121852 +035 +073
2451460.58286319 +009 +064
2451460.58615903 +007 +063
2451460.58945509 +033 +072
2451460.59109711 +034 +074
2451460.59274537 -024 +053
2451460.59438819 +019 +086
2451463.38622095 -018 +063
2451463.38902928 +013 +044
2451463.39112870 -021 +057
2451463.39690197 -010 +064
2451463.39838808 -003 +050
2451463.40003264 +009 +021
2451463.40138576 +015 +063
2451463.40268495 +015 +084
2451463.40397951 +025 +013
2451516.29178762 -040 -104
2451516.29387373 -004 -092
2451516.29735914 -037 -069
2451516.29900313 -036 -098
2451516.30065521 -043 -065
2451516.30230405 -024 -097
2451516.30395116 -053 -084
2451516.33515880 -025 -089
2451516.33682164 -036 -097
2451518.39629734 -065 -064
2451518.39800382 -108 -056
2451518.39942407 -046 -107
2451518.40107384 -027 -099
2451518.40272546 -041 -104
2451518.40437569 -062 -100
2451518.40601979 -071 -108
2451519.36051227 -031 -099
2451519.36335984 -021 -078
2451519.36711597 -053 -089
2451519.37053588 -047 -090
2451519.37337465 -044 -097
2451519.37602234 -068 -102
2451519.37829225 -044 -106
2451519.38051493 -050 -119
2451519.38278843 -044 -108
2451519.38503530 -058 -106
2451519.38644630 -052 -083
2451519.38785729 -037 -105
2451519.39077639 -067 -116
2451521.25416470 -012 -007
2451521.25691678 -004 -032
2451521.25867870 +001 -063
2451521.26043889 +028 -015
2451521.26220069 -006 -018
2451858.52772419 +014 -019
2451858.53269282 -014 -007
2451858.53746227 -007 +002
2451858.54265081 +004 -006
2451858.54591343 -020 -030
2451858.54918160 +034 -011
2451858.55244433 +025 -010
2451858.55897581 -006 +000
2451868.51083009 -029 +006
2451868.51438345 -024 +033
2451868.51993947 -041 +023
2451869.52227812 -007 +038
2451869.52407002 +025 +009
2451869.52598171 +059 +041
2451869.52878148 +049 -012
2451869.53042558 +043 +026
2451869.53207558 +066 +018
2451869.53371956 -004 +019
2451869.53912535 +055 +042
2451869.54157454 +034 +033
2451869.54468218 +042 +005
2451869.60589722 -003 -017
2451869.63062164 +028 -009
2451869.63332037 +028 +043
2451869.63830683 +011 -020
2451869.64151042 +049 +029
2451873.43963565 +022 +008
2451873.44128160 +020 +005
2451873.44293218 +011 +001
2451873.44457940 +031 +018
2451873.44622130 +028 +009
2451873.44786829 +015 +009
2451873.44951331 +015 +010
2451873.45115521 +014 +008
2452231.62693611 -033 -023
2452231.62824618 -099 -012
2452231.63077558 -121 -053
2452231.63409653 -021 -079
2452233.61417940 -053 -023
2452233.61650150 -090 +013
2452233.61816100 -046 +010
2452233.61982025 -038 -028
2452233.62147546 -068 +015
2452233.62313056 -051 -020
2452233.62481088 -068 +023
2452233.62647199 -074 -004
2452233.62813275 -064 -013
2452233.62979734 -061 +000
2452236.47917593 -035 -088
2452236.48458623 -046 -049
2452236.48728021 -065 -024
2452236.48997847 -060 -018
2452236.49267141 -028 -025
2452236.49537685 -043 +002
2452236.50076817 -081 +017
2452263.58550359 -036 -002
2452263.59143461 -021 +015
2452263.59332986 -025 +028
2452263.59522292 -026 +026
2452263.59710880 -041 +028
2452263.59900231 -017 +018
2452263.60089074 -019 +004
2452263.60277998 -030 +020
2452263.60466609 -025 +012
2452265.38305058 -025 +033
2452265.38653738 -036 +021
2452265.38819248 -037 +022
2452265.38985220 -044 +024
2452265.39150729 -050 +040
2452265.39317002 -040 +017
2452285.37628403 -065 -016
2452285.43843137 -065 -044
2452285.44065856 -048 -027
2452285.44254653 -050 -031
2452285.44443391 -059 -045
2452285.44632431 -058 -036
2452285.44821146 -059 -048
2452285.45010278 -036 -024
2452285.45388484 -058 -035
2452285.45577569 -037 -028
2452285.45767002 -063 -030
2452313.24401192 -059 -010
2452313.24612928 -058 -012
2452313.24825231 -078 -016
2452313.25036921 -056 -004
2452313.25248449 -054 -026
2452314.31349919 -047 -014
2452314.31684502 -056 -029
2452314.32016053 -089 -057
2452314.32181366 -021 -003
2452358.37302500 -052 -059
2452358.37468681 +000 -018
2452358.37634178 -025 -031
2452358.37799711 -011 -032
2452358.37966262 -021 -037
2452358.38131539 -018 -024
2452358.38296632 -033 -065
2452358.38462917 -010 -067
2452358.38628148 +015 -039
2452358.38794410 +034 -029
2452361.32201007 +034 -037
2452361.32575787 +018 -024
2452361.32742211 -026 -038
2452361.33645278 -001 -006
2452361.33811586 +041 -016
2452361.33976933 -007 -013
2452361.35563032 -029 -035
2452361.35729097 +019 -024
2452362.36452894 -048 -019
2452362.37005625 -076 +052
2452362.37194954 -019 -018
2452362.37383935 +014 -004
2452362.37572963 +004 -003
2452362.37761354 -012 +016
2452637.49886100 -075 -074
2452637.50310428 -066 -056
2452637.50522083 -042 -058
2452637.50734167 -060 -057
2452637.50946412 +000 -060
2452637.51159375 -050 -076
2452638.49939965 -039 -026
2452638.50720949 -017 -023
2452638.50956343 -040 -028
2452638.51426725 -024 -025
2452638.51661447 -027 -025
2452638.51896285 -039 -023
2452638.52367292 -020 -021
2452638.52602419 -019 -023
2452654.41626875 -016 +096
2452654.41912720 +043 +039
2452654.42339745 +096 -008
2452654.42720671 +085 -003
2452654.43121123 +046 -057
2452654.43394699 +003 +041
2452654.43830694 +003 -013
2452654.43996285 +017 -003
2452654.44146181 -059 +061
2452654.44435127 +040 +007
2452654.44660729 +068 +014
2452654.44872187 -010 +024
2452654.45038194 +027 +004
2452654.45203426 +000 +045
2452654.45368565 -033 +079
2452655.48363646 -019 -007
2452655.48655116 +046 +042
2452655.48846019 +009 +054
2452655.49066181 +036 +004
2452655.49174468 +014 +001
2452655.49282083 +050 +012
2452655.49389630 +052 +028
2452655.49497269 +007 +018
2452675.37783160 -087 +003
2452675.38546146 -133 +014
2452675.38665602 -089 -003
2452675.38784780 -126 +039
2452675.41733241 -079 +004
2452731.29180035 +001 +046
2452731.29421921 -024 +022
2452731.29727361 -026 +039
2452731.30032060 -035 +022
2452731.30337431 -048 +027
2452731.30642708 -044 +035
2452772.35277685 +026 +008
2452772.35501933 -038 +036
2452772.35667292 -045 -028
2452772.35832593 -051 -074
2452772.35998032 -060 -086
2452772.36163669 -020 -043
2452772.36329456 -045 -041
2452772.36495486 -031 -026
2452772.36661667 +026 -005
2452773.34150984 +001 -004
2452773.34715405 +003 -005
2452773.35185324 -026 -016
2452773.35421030 +000 -003
2452773.35656655 -010 -035
2452773.35891505 -047 -024
2452773.36126516 -055 -043
2452773.36361563 -044 -007
2452773.36597025 +003 -003
2452773.36832731 -044 -010
2453115.33396400 -090 +087
2453115.34158495 -086 +100
2453115.34544572 -059 +107
2453115.34849456 -096 +120
2453115.35459803 -124 +096
2453115.35764896 -132 +139
2453115.36072176 -095 +121
2453116.31832107 -154 +120
2453116.32709988 -120 +126
2453116.32945579 -081 +137
2453116.33180799 -111 +133
2453116.33416447 -107 +126
2453116.33651933 -101 +120
2453116.33887153 -086 +131
2453116.34122454 -154 +105
2453143.33360521 -104 +079
2453143.33672882 -110 +077
2453143.34722720 -074 +086
2453143.34958194 -067 +098
2453143.35193704 -061 +106
2453143.35429282 -064 +109
2453143.35665359 -076 +105
2453143.35900590 -080 +062
2453143.36136667 -073 +043
2453143.36371968 -046 +086
2453143.36607558 -083 +038
2453146.37346505 -039 +050
2453146.37581991 -043 +073
2453146.37818044 -074 +089
2453146.38054178 -059 +044
2453146.38289514 -065 +062
2453146.38525498 -070 +042
2453146.38996088 -064 +083
2453146.39231389 -064 +036
2453437.44406863 +000 -030
2453437.44979757 -055 -040
2453437.45192928 -061 -078
2453437.45405139 -024 -091
2453437.45830150 -027 -071
2453437.46042257 +022 -129
2453437.46254468 -090 -025
2453437.46467118 -040 -042
2453437.46679340 -107 +013
2453437.46891863 -061 -077
2453438.47192176 -007 -083
2453438.47427789 +001 -094
2453438.47664028 -076 -073
2453438.47899884 -016 -098
2453438.48135231 -064 -109
2453438.48370556 -064 -079
2453438.48606435 +001 -087
2453438.48842292 -070 -063
2453440.47511076 -030 -048
2453440.47913519 +021 -055
2453440.48161100 +022 -095
2453440.48373692 -010 -055
2453440.48589653 +040 -065
2453440.48802211 -012 -056
2453440.49014792 -007 -061
2453440.49230787 +016 -060
2453440.49443218 -019 -091
2453440.49655787 +018 -085
2453440.49868391 +028 -062
2453467.46438171 -045 +063
2453467.46914271 +055 +024
2453467.47184155 +037 +050
2453467.47454109 -013 +021
2453467.47724016 +016 +041
2453474.39482234 -111 +092
2453474.39867292 -099 +115
2453474.40371377 -099 +125
2453474.46626053 -109 +076
2453474.47336030 -129 +109
2453474.47640868 -112 +114
2453475.36601481 -147 +104
2453475.39241748 -003 +083
2453475.39546852 -115 +097
2453475.39852674 -070 +083
2453475.40157708 -108 +108
2453475.40463148 -139 +109
2453475.40768403 -132 +089
2454704.34217789 +226 -304
2454704.34594919 +190 -265
2454704.34872488 +227 -227
2454353.48345198 -045 +036
2454353.48452182 -039 +031
2454353.48559421 -035 +028
2454353.48674128 -046 +033
2454353.48786369 -035 +035
2454353.48897243 -034 +042
2454353.49009472 -038 +038
2454353.49120636 -025 +031
2454353.49233618 -045 +028
2454353.49524328 -201 +043
2454353.49635607 -191 +039
2454353.49747003 -180 +043
2454353.49859452 -173 +041
2454353.49971449 -184 +036
2454353.50085797 -177 +039
2454353.50198651 -180 +043
2454353.50311992 -169 +031
2454974.93116082 +070 -001
2454974.93231812 +063 -031
2454974.93348190 +054 -017
2454974.93523892 +083 -023
2454974.93637214 +083 -031
2454974.93755282 +061 -035
