2450258.64486111 -015 +017
2450258.64883102 -069 +053
2454656.76664294 +185 +059
2454656.76988472 +108 +031
2454656.77713970 +192 +113
2454656.78037037 +108 -021
2451462.52513229 +427 +174
2451462.55286782 +165 +052
2451462.55800208 +341 +097
2451462.56314028 +311 +081
2451462.56827847 +363 +245
2451493.40137674 -047 +271
2451493.40785255 +158 +269
2451493.41458762 -120 +212
2451493.42806852 +026 +105
2451493.44171817 +002 +049
2451493.44729873 -098 +082
2451493.45288530 +058 +152
2451493.45846817 +038 +133
2451512.33279676 +068 +290
2451512.33838275 -033 +188
2451512.34396100 -012 +277
2451512.34953692 -054 +212
2451512.37155359 +041 +065
2451512.38251331 +057 +167
2451512.38809120 -077 -001
2451512.39849144 -078 +179
2451512.40407836 +011 +091
2451512.40965706 -095 +076
2451513.29366389 +099 +197
2451513.29669016 +140 +201
2451513.30424271 +082 +058
2451513.31097917 +116 +257
2451513.31771910 +022 +111
2451513.32446435 +062 +080
2451513.33119896 +080 +113
2451513.33793542 +043 +184
2451513.34467535 +111 +134
2451513.45851921 +058 +194
2451513.46641262 +067 +160
2451514.31280058 +046 +276
2451514.31954595 -068 +264
2451514.32628206 -139 +153
2451514.39125104 -057 +135
2451515.33889421 +025 +180
2451515.34679306 -050 +093
2451515.35469502 -039 +195
2451515.36259236 -024 +128
2451515.37049329 +054 +229
2451520.37451921 -065 +087
2451520.38364954 +026 +067
2451520.39688090 +061 +107
2451520.40594317 +181 +183
2451520.44878889 +076 +164
2454621.82626131 -048 -047
2454621.84082848 -020 -022
2454973.82829289 +373 +115
2454973.82945459 +365 +129
2454973.83061247 +369 +137
2454973.83177312 +367 +091
2454973.83292533 +331 +148
2454973.84461827 +245 +058
2454973.84656987 +271 +048
2454973.84850306 +291 +032
2454973.85044239 +274 +043
2454973.85230463 +246 +045
2454973.85423852 +278 +032
2454973.85611673 +272 +053
2454973.85825214 +274 +038
2454973.86085995 +296 +011
2454973.86280657 +294 +015
2454973.86474092 +283 +006
2454973.86667956 +312 -006
2454973.86854492 +285 +002
2454973.87428731 +266 -005
2454975.81946680 +326 +089
2454975.82367466 +340 +141
2454975.82480094 +305 +144
2454975.82592872 +343 +148
2454975.82960400 +338 +079
2454975.83302856 +342 +109
2454975.83557779 +368 +004
2454975.83673787 +339 +045
2454975.83904680 +363 +057
2454975.84018153 +362 +063
2454975.84134531 +347 +129
2454975.84249590 +330 +155
2454975.84476570 +326 +099
2454975.87414178 +356 -039
2454975.87529919 +315 -085
2454975.87645534 +347 -099
2454975.87761576 +316 -121
2454975.87871918 +336 -074
2454975.88185140 +341 -062
2454975.88300789 +316 -101
2454975.88528811 +359 -043
2454975.88761313 +346 -026
2454975.88876952 +346 -121
