2450258.64486111 -003 -038
2450258.64883102 -058 -002
2454656.76664294 +038 +026
2454656.76988472 -040 -002
2454656.77713970 +045 +081
2454656.78037037 -039 -053
2451462.52513229 +102 -003
2451462.55286782 -159 -125
2451462.55800208 +016 -080
2451462.56314028 -013 -096
2451462.56827847 +038 +068
2451493.40137674 -157 +081
2451493.40785255 +049 +080
2451493.41458762 -229 +022
2451493.42806852 -084 -085
2451493.44171817 -108 -141
2451493.44729873 -207 -108
2451493.45288530 -050 -038
2451493.45846817 -071 -056
2451512.33279676 +030 +147
2451512.33838275 -071 +045
2451512.34396100 -050 +134
2451512.34953692 -093 +069
2451512.37155359 +003 -078
2451512.38251331 +019 +024
2451512.38809120 -116 -144
2451512.39849144 -116 +036
2451512.40407836 -027 -052
2451512.40965706 -133 -067
2451513.29366389 +065 +056
2451513.29669016 +105 +061
2451513.30424271 +047 -083
2451513.31097917 +080 +117
2451513.31771910 -012 -029
2451513.32446435 +027 -060
2451513.33119896 +046 -027
2451513.33793542 +007 +044
2451513.34467535 +076 -006
2451513.45851921 +024 +054
2451513.46641262 +033 +021
2451514.31280058 +015 +139
2451514.31954595 -099 +127
2451514.32628206 -170 +016
2451514.39125104 -087 -002
2451515.33889421 -001 +046
2451515.34679306 -077 -041
2451515.35469502 -067 +061
2451515.36259236 -052 -006
2451515.37049329 +027 +096
2451520.37451921 -071 -030
2451520.38364954 +018 -050
2451520.39688090 +053 -009
2451520.40594317 +174 +067
2451520.44878889 +070 +048
2454621.82626131 -077 -110
2454621.84082848 -049 -084
2454973.82829289 +079 +063
2454973.82945459 +070 +076
2454973.83061247 +074 +085
2454973.83177312 +071 +039
2454973.83292533 +036 +096
2454973.84461827 -050 +006
2454973.84656987 -025 -005
2454973.84850306 -004 -020
2454973.85044239 -020 -009
2454973.85230463 -050 -007
2454973.85423852 -018 -020
2454973.85611673 -023 +001
2454973.85825214 -022 -015
2454973.86085995 +001 -041
2454973.86280657 -001 -037
2454973.86474092 -013 -046
2454973.86667956 +016 -058
2454973.86854492 -010 -050
2454973.87428731 -031 -058
2454975.81946680 +004 +031
2454975.82367466 +019 +083
2454975.82480094 -016 +085
2454975.82592872 +022 +089
2454975.82960400 +018 +021
2454975.83302856 +020 +050
2454975.83557779 +047 -055
2454975.83673787 +019 -013
2454975.83904680 +042 -002
2454975.84018153 +041 +004
2454975.84134531 +026 +070
2454975.84249590 +009 +096
2454975.84476570 +004 +041
2454975.87414178 +034 -098
2454975.87529919 -006 -144
2454975.87645534 +025 -158
2454975.87761576 -006 -179
2454975.87871918 +015 -133
2454975.88185140 +019 -120
2454975.88300789 -006 -160
2454975.88528811 +036 -102
2454975.88761313 +023 -085
2454975.88876952 +023 -180
