2450258.64486111 -116 -187
2450258.64883102 -172 -151
2454656.76664294 +184 -045
2454656.76988472 +107 -073
2454656.77713970 +191 +010
2454656.78037037 +107 -125
2451462.52513229 +348 -043
2451462.55286782 +087 -165
2451462.55800208 +262 -120
2451462.56314028 +233 -136
2451462.56827847 +285 +028
2451493.40137674 -098 +021
2451493.40785255 +108 +019
2451493.41458762 -170 -039
2451493.42806852 -024 -145
2451493.44171817 -047 -201
2451493.44729873 -148 -168
2451493.45288530 +009 -098
2451493.45846817 -012 -117
2451512.33279676 +007 +083
2451512.33838275 -093 -018
2451512.34396100 -071 +071
2451512.34953692 -114 +005
2451512.37155359 -018 -142
2451512.38251331 -001 -040
2451512.38809120 -136 -207
2451512.39849144 -138 -028
2451512.40407836 -047 -115
2451512.40965706 -154 -130
2451513.29366389 +040 -007
2451513.29669016 +080 -002
2451513.30424271 +022 -146
2451513.31097917 +056 +054
2451513.31771910 -037 -092
2451513.32446435 +003 -124
2451513.33119896 +021 -090
2451513.33793542 -016 -020
2451513.34467535 +050 -070
2451513.45851921 -001 -010
2451513.46641262 +007 -043
2451514.31280058 -013 +076
2451514.31954595 -128 +063
2451514.32628206 -199 -047
2451514.39125104 -117 -065
2451515.33889421 -034 -017
2451515.34679306 -110 -104
2451515.35469502 -099 -002
2451515.36259236 -085 -069
2451515.37049329 -006 +033
2451520.37451921 -123 -091
2451520.38364954 -034 -112
2451520.39688090 +001 -071
2451520.40594317 +122 +005
2451520.44878889 +018 -014
2454621.82626131 +027 -169
2454621.84082848 +054 -144
2454973.82829289 +207 +133
2454973.82945459 +198 +146
2454973.83061247 +203 +154
2454973.83177312 +200 +108
2454973.83292533 +165 +165
2454973.84461827 +079 +075
2454973.84656987 +105 +065
2454973.84850306 +124 +049
2454973.85044239 +108 +060
2454973.85230463 +079 +062
2454973.85423852 +111 +049
2454973.85611673 +105 +071
2454973.85825214 +108 +055
2454973.86085995 +130 +028
2454973.86280657 +127 +032
2454973.86474092 +117 +023
2454973.86667956 +144 +011
2454973.86854492 +118 +019
2454973.87428731 +099 +012
2454975.81946680 +141 +106
2454975.82367466 +156 +158
2454975.82480094 +121 +160
2454975.82592872 +159 +165
2454975.82960400 +153 +096
2454975.83302856 +158 +126
2454975.83557779 +184 +021
2454975.83673787 +155 +062
2454975.83904680 +179 +074
2454975.84018153 +178 +080
2454975.84134531 +162 +146
2454975.84249590 +146 +171
2454975.84476570 +141 +116
2454975.87414178 +171 -022
2454975.87529919 +131 -068
2454975.87645534 +162 -083
2454975.87761576 +131 -104
2454975.87871918 +152 -057
2454975.88185140 +156 -045
2454975.88300789 +131 -084
2454975.88528811 +174 -026
2454975.88761313 +160 -009
2454975.88876952 +160 -104
