2450256.60480324 -047 +055
2450256.60846065 -046 +047
2450256.61138889 -044 +036
2450256.61431713 -013 +048
2450289.55085937 +372 +232
2450289.55296493 +415 +107
2450289.55356690 +426 +149
2450289.55537234 +354 +115
2450289.55657569 +296 +114
2450290.64397222 +322 +082
2450290.64457431 +389 +146
2450290.64517627 +349 +179
2450290.64636759 +410 +157
2450290.64698113 +485 +187
2450290.64758380 +451 +179
2450290.64818519 +478 +204
2450674.61259259 +438 -429
2450674.61582176 +434 -455
2450674.72437500 +323 -364
2450674.72760417 +362 -341
2450675.62665509 +262 -358
2450675.63348380 +339 -313
2450675.71663194 +290 -340
2450675.71987269 +251 -355
2454690.57121481 +212 +130
2454690.57877361 +427 +096
2454690.58065787 +336 +183
2454729.49268218 +219 +054
2454729.49422118 +251 +062
2454729.49732037 +250 +059
2454729.49886887 +255 +056
2454729.50195521 +257 +049
2454729.50349306 +267 +060
2454729.50656875 +215 +044
2454733.47919757 +278 +042
2454733.48263507 +280 +048
2454733.48604815 +283 +056
2454733.48946065 +319 +043
2454733.49288507 +324 +084
2455030.85642338 +243 -088
2455030.85928322 +365 -122
2455030.86214213 +450 -065
2455030.86783819 +350 -097
2455367.78717593 +094 -200
2455367.78953704 +111 -216
2455367.79071759 +081 -204
2455367.79189815 +090 -210
2455367.79309028 +069 -214
2455367.79545139 +096 -233
2455367.79781250 +106 -188
2455367.79900463 +081 -184
2455367.80018519 +077 -206
2455367.80136574 +076 -230
2455367.80255787 +085 -206
2455367.80373843 +091 -208
2455367.80491898 +099 -235
2455367.80609954 +069 -227
2455367.80728009 +097 -208
2455367.80847222 +068 -245
2455367.80965278 +064 -214
2451042.49680185 -455 -133
2451042.50124097 -396 -132
2451042.50568484 -381 -121
2451042.51012847 -367 -129
2451042.51456655 -445 -133
2451042.52789456 -383 -131
2451042.53233449 -460 -134
2451042.53677257 -484 -141
2451163.23487407 +107 -321
2451163.24384838 +102 -286
2451163.24943588 +063 -311
2451163.25987164 +255 -308
2451163.26546076 +206 -368
2451163.27379734 +209 -273
2451163.27937662 +073 -388
2451462.43208692 +107 -271
2451462.43757477 +105 -268
2451462.44602384 +126 -301
2451462.45279583 +193 -306
2451462.46023889 +140 -259
2451462.46467037 +050 -323
2451462.46910833 +266 -204
2451462.47354340 +354 -172
2451462.48240972 -016 -360
2451466.47358275 +040 -469
2451466.47802778 +058 -403
2451466.48465706 +111 -321
2451466.49019444 +096 -317
2451466.49463241 +180 -349
2451466.49907118 +089 -285
2451466.50795231 +106 -256
2451466.51682500 +119 -286
2451466.52128993 +148 -366
2451493.36794792 -060 -208
2451493.37359190 -061 -163
2451493.37962847 -062 -164
2451493.38289884 -094 -163
2451493.38616424 -041 -187
2451493.38942697 -055 -183
2451493.39269525 -072 -167
2451514.45155382 +029 -318
2451514.46230810 -056 -142
2451514.46557211 -188 -189
2451514.47211215 -135 -247
2451901.27767396 -056 -166
2451901.28233090 -109 -177
2451901.28874896 -134 -170
2451901.29318356 -088 -130
2451901.29762431 -214 -137
2451901.30206007 -160 -179
2452234.56615671 -119 -339
2452234.57059826 -177 -290
2452234.57504514 -170 -311
2452234.57949086 -173 -329
2452235.53389630 -128 -310
2452235.53897477 -110 -354
2452235.54342870 -164 -300
2452235.54788414 -033 -343
2452235.55233137 -145 -353
2452235.55678056 -105 -331
2452235.56123333 -086 -362
2452235.56568750 -050 -367
2452235.57013287 -108 -311
2452235.57458380 -103 -300
2452262.58399919 -015 -196
2452262.58774699 +043 -223
2452262.59149514 +076 -174
2452263.61533715 +000 -189
2452263.62283345 -002 -177
2452263.62658021 +036 -215
2452263.63033148 -032 -187
2452283.37729363 -067 -144
2452283.38210637 -017 -160
2452283.38630741 +021 -092
2452283.39050787 +032 -134
2452283.39470856 -050 -111
2452283.39891319 -095 -131
2452283.40732141 -113 -102
2452283.41152824 -015 -084
2452283.41573565 -020 -098
2452283.41994479 -030 -137
2452723.46968935 -185 -226
2452723.47717604 -192 -188
2452723.48466678 -293 -238
2454353.55469836 +009 -059
2454353.55650366 +031 -049
2454353.55832273 -024 -027
2454353.56032289 -012 -072
2454353.56207134 -017 -074
2454353.56390072 -021 -104
2454353.56567638 -037 -109
2454353.56749974 -026 -091
2454353.56923915 -049 -109
2454353.57201206 +067 -203
2454353.57384213 +120 -184
2454353.57567279 +083 -196
2454353.57753274 +043 -172
2454353.57930851 +078 -165
2454353.58114276 +090 -218
2454353.58290788 +070 -189
2454353.58475543 +098 -183
2454353.58650018 +123 -175
2454621.86793985 -104 -109
2454621.87124871 -095 -123
2454971.91773082 +236 -046
2454971.91888314 +200 -059
2454971.92004507 +192 -044
2454971.92234266 +208 -068
2454971.92347137 +220 -048
2454971.92578064 +149 -006
2454971.92694095 +185 -052
2454971.92966440 +208 -029
2454971.93081788 +179 -051
2454971.93196581 +169 -011
2454971.93427231 +195 -087
2454973.76546379 +175 +153
2454973.76663197 +252 +173
2454973.76779136 +220 +160
2454973.76894426 +264 +172
2454973.77006880 +257 +175
2454973.77122946 +183 +140
2454973.77377140 +246 +120
2454973.77492164 +255 +122
2454973.77605116 +257 +151
2454973.77720811 +232 +151
2454973.77836414 +220 +156
2454973.77951368 +285 +116
2454973.78067943 +228 +142
2454974.76236432 +377 +121
2454974.76353377 +382 +106
2454974.76584398 +375 +097
2454974.76815754 +359 +136
2454974.76928034 +362 +122
2454974.77042884 +351 +134
2454974.77158510 +401 +147
2454974.77274506 +393 +132
2454974.77422115 +346 +162
2454974.77538273 +355 +125
2454974.77653853 +386 +154
2454974.77769641 +349 +126
2454974.77884966 +334 +153
2454974.78000997 +386 +122
2454974.78116854 +381 +112
2454974.78232723 +360 +133
2454974.78348279 +367 +135
2454975.76499427 +230 +183
2454975.76906311 +252 +158
2454975.77134033 +174 +130
2454975.77505867 +234 +180
2454975.77861831 +170 +183
2454975.77989715 +224 +188
2454975.78327195 +159 +147
2454975.78656210 +167 +154
2454975.78807904 +147 +149
2454975.78922419 +147 +156
2454975.79035301 +190 +152
2454975.79150881 +178 +147
2454975.79263613 +215 +142
2454975.79721891 +171 +163
2454975.80092359 +121 +147
2454975.80305252 +170 +142
2454975.80417822 +168 +164
2454975.80530786 +169 +172
2454975.80645544 +186 +153
2454975.80757639 +147 +168
2454975.80872188 +154 +177
2454975.80984458 +161 +164
2454975.81099228 +154 +168
2454975.81214969 +152 +165
2454975.81330803 +150 +140
2454975.84930392 +217 +193
2454975.85504308 +239 +178
2454975.85788484 +243 +155
2454975.85925360 +242 +188
