2450256.60480324 -147 -030
2450256.60846065 -146 -039
2450256.61138889 -144 -049
2450256.61431713 -112 -037
2450289.55085937 +159 +124
2450289.55296493 +202 -001
2450289.55356690 +213 +040
2450289.55537234 +141 +007
2450289.55657569 +083 +005
2450290.64397222 +111 -024
2450290.64457431 +177 +040
2450290.64517627 +138 +073
2450290.64636759 +199 +051
2450290.64698113 +274 +081
2450290.64758380 +241 +073
2450290.64818519 +267 +098
2450674.61259259 +220 -162
2450674.61582176 +216 -189
2450674.72437500 +106 -098
2450674.72760417 +144 -075
2450675.62665509 +046 -095
2450675.63348380 +123 -050
2450675.71663194 +074 -078
2450675.71987269 +034 -093
2454690.57121481 -071 -018
2454690.57877361 +145 -052
2454690.58065787 +055 +035
2454729.49268218 -006 +050
2454729.49422118 +026 +058
2454729.49732037 +025 +055
2454729.49886887 +030 +052
2454729.50195521 +033 +045
2454729.50349306 +041 +056
2454729.50656875 -010 +040
2454733.47919757 +069 +059
2454733.48263507 +072 +066
2454733.48604815 +076 +073
2454733.48946065 +112 +061
2454733.49288507 +116 +101
2455030.85642338 -032 +048
2455030.85928322 +090 +014
2455030.86214213 +174 +070
2455030.86783819 +074 +039
2455367.78717593 +085 -102
2455367.78953704 +102 -117
2455367.79071759 +073 -105
2455367.79189815 +081 -111
2455367.79309028 +060 -115
2455367.79545139 +087 -134
2455367.79781250 +097 -089
2455367.79900463 +072 -085
2455367.80018519 +069 -107
2455367.80136574 +067 -131
2455367.80255787 +076 -107
2455367.80373843 +082 -109
2455367.80491898 +090 -136
2455367.80609954 +060 -128
2455367.80728009 +088 -110
2455367.80847222 +060 -146
2455367.80965278 +055 -115
2451042.49680185 -138 -099
2451042.50124097 -079 -098
2451042.50568484 -064 -087
2451042.51012847 -049 -095
2451042.51456655 -129 -098
2451042.52789456 -066 -096
2451042.53233449 -142 -100
2451042.53677257 -168 -107
2451163.23487407 -049 -082
2451163.24384838 -054 -047
2451163.24943588 -093 -072
2451163.25987164 +099 -069
2451163.26546076 +049 -129
2451163.27379734 +052 -035
2451163.27937662 -084 -149
2451462.43208692 +035 -026
2451462.43757477 +034 -023
2451462.44602384 +056 -056
2451462.45279583 +121 -061
2451462.46023889 +069 -014
2451462.46467037 -021 -078
2451462.46910833 +195 +041
2451462.47354340 +284 +073
2451462.48240972 -087 -115
2451466.47358275 -024 -239
2451466.47802778 -004 -173
2451466.48465706 +049 -090
2451466.49019444 +033 -086
2451466.49463241 +117 -118
2451466.49907118 +027 -054
2451466.50795231 +043 -026
2451466.51682500 +056 -055
2451466.52128993 +084 -136
2451493.36794792 -028 -079
2451493.37359190 -030 -034
2451493.37962847 -031 -035
2451493.38289884 -064 -034
2451493.38616424 -010 -058
2451493.38942697 -024 -054
2451493.39269525 -040 -037
2451514.45155382 +184 -236
2451514.46230810 +100 -061
2451514.46557211 -033 -107
2451514.47211215 +021 -165
2451901.27767396 -042 +034
2451901.28233090 -096 +023
2451901.28874896 -120 +030
2451901.29318356 -075 +070
2451901.29762431 -200 +063
2451901.30206007 -146 +021
2452234.56615671 -014 -112
2452234.57059826 -072 -062
2452234.57504514 -065 -083
2452234.57949086 -068 -101
2452235.53389630 -025 -085
2452235.53897477 -007 -129
2452235.54342870 -061 -074
2452235.54788414 +070 -118
2452235.55233137 -042 -127
2452235.55678056 -003 -105
2452235.56123333 +017 -137
2452235.56568750 +053 -141
2452235.57013287 -006 -086
2452235.57458380 +000 -075
2452262.58399919 +017 -067
2452262.58774699 +075 -094
2452262.59149514 +107 -045
2452263.61533715 +029 -064
2452263.62283345 +026 -052
2452263.62658021 +064 -090
2452263.63033148 -003 -062
2452283.37729363 -073 -102
2452283.38210637 -024 -118
2452283.38630741 +014 -050
2452283.39050787 +026 -092
2452283.39470856 -057 -069
2452283.39891319 -101 -089
2452283.40732141 -119 -060
2452283.41152824 -021 -042
2452283.41573565 -026 -056
2452283.41994479 -037 -095
2452723.46968935 -007 +009
2452723.47717604 -014 +047
2452723.48466678 -115 -004
2454353.55469836 -011 -034
2454353.55650366 +011 -024
2454353.55832273 -044 -002
2454353.56032289 -032 -047
2454353.56207134 -036 -049
2454353.56390072 -040 -079
2454353.56567638 -057 -084
2454353.56749974 -046 -066
2454353.56923915 -069 -083
2454353.57201206 +047 -178
2454353.57384213 +100 -159
2454353.57567279 +063 -171
2454353.57753274 +024 -147
2454353.57930851 +058 -140
2454353.58114276 +071 -193
2454353.58290788 +050 -164
2454353.58475543 +078 -158
2454353.58650018 +103 -150
2454621.86793985 -013 -101
2454621.87124871 -004 -115
2454971.91773082 +082 -177
2454971.91888314 +047 -190
2454971.92004507 +039 -175
2454971.92234266 +055 -199
2454971.92347137 +067 -179
2454971.92578064 -004 -137
2454971.92694095 +031 -183
2454971.92966440 +054 -160
2454971.93081788 +025 -182
2454971.93196581 +016 -142
2454971.93427231 +042 -218
2454973.76546379 +012 +025
2454973.76663197 +088 +044
2454973.76779136 +056 +032
2454973.76894426 +099 +044
2454973.77006880 +093 +047
2454973.77122946 +019 +011
2454973.77377140 +083 -009
2454973.77492164 +091 -007
2454973.77605116 +093 +022
2454973.77720811 +067 +023
2454973.77836414 +056 +028
2454973.77951368 +121 -012
2454973.78067943 +064 +013
2454974.76236432 +207 -006
2454974.76353377 +212 -021
2454974.76584398 +204 -030
2454974.76815754 +188 +009
2454974.76928034 +193 -005
2454974.77042884 +181 +007
2454974.77158510 +231 +019
2454974.77274506 +223 +005
2454974.77422115 +177 +035
2454974.77538273 +186 -002
2454974.77653853 +218 +027
2454974.77769641 +180 -001
2454974.77884966 +165 +026
2454974.78000997 +216 -005
2454974.78116854 +212 -015
2454974.78232723 +190 +006
2454974.78348279 +197 +008
2454975.76499427 +056 +058
2454975.76906311 +077 +032
2454975.77134033 +000 +005
2454975.77505867 +058 +054
2454975.77861831 -004 +057
2454975.77989715 +048 +062
2454975.78327195 -016 +022
2454975.78656210 -007 +029
2454975.78807904 -028 +023
2454975.78922419 -028 +030
2454975.79035301 +015 +026
2454975.79150881 +003 +022
2454975.79263613 +041 +016
2454975.79721891 -003 +037
2454975.80092359 -054 +022
2454975.80305252 -004 +017
2454975.80417822 -007 +038
2454975.80530786 -006 +047
2454975.80645544 +012 +027
2454975.80757639 -028 +043
2454975.80872188 -020 +051
2454975.80984458 -015 +039
2454975.81099228 -022 +042
2454975.81214969 -023 +040
2454975.81330803 -025 +015
2454975.84930392 +042 +068
2454975.85504308 +064 +053
2454975.85788484 +069 +030
2454975.85925360 +067 +063
