2450256.57614583 -179 -046
2450256.57935185 -108 -028
2450256.59511574 -141 -009
2450256.59803241 -182 -012
2450290.63438831 +056 +025
2450290.63620637 +054 -037
2450290.63679572 -010 -029
2450290.63740984 +104 +012
2450290.63801123 +036 -007
2450290.63861389 -014 +004
2450290.63921458 -065 -013
2450291.60477037 +054 +007
2450291.60537234 +081 -002
2450291.60597431 +033 -020
2450291.60716632 +040 -077
2450317.57435475 +033 -047
2450317.57510949 +011 -028
2450317.59525822 +014 +019
2450317.59598796 +048 -033
2450674.60453704 +181 +018
2450674.60776620 +292 +016
2450674.71699074 +232 -012
2450674.72021991 +152 -020
2450675.61828704 +328 -011
2450675.62152778 +175 -025
2450675.70939815 +109 -022
2450675.71262731 +229 +016
2454729.52290208 +058 -063
2454729.52687025 -078 -049
2454729.53084861 -149 -018
2454729.53579074 +047 -086
2454729.53976898 -071 -124
2454733.50266019 +062 +031
2454733.50607350 +015 +010
2454733.50948588 -045 +031
2454733.51289861 -034 -011
2454733.51631192 -018 +006
2455032.80295741 +060 +008
2455032.80728218 -066 -024
2455032.80905799 +060 +001
2455032.81083391 -007 -026
2451040.43724421 +046 +043
2451040.45327465 +009 +005
2451040.46075046 -036 -022
2451040.46449444 +070 +011
2451040.48468484 +027 +040
2451040.48841609 -052 -002
2451040.49215590 +042 +039
2451040.49589468 -055 +003
2451040.51330880 +031 +053
2451040.51704838 +022 +029
2451461.44098414 -009 -010
2451461.44458009 +029 -007
2451461.44900035 -062 -014
2451461.45469120 -010 +011
2451461.45905694 -070 +022
2451461.46343241 -004 +021
2451461.46669919 -031 +022
2451461.46996644 -073 +022
2451461.47322847 -016 +021
2451461.47649826 -044 +029
2451461.47976875 -012 +027
2451461.48303669 +021 +040
2451465.46054398 +032 -037
2451465.46440972 +138 -122
2451465.46817662 -079 -021
2451465.47217338 -028 -040
2451465.47605266 +021 -034
2451465.47978738 +037 +016
2451465.48352130 +035 +007
2451467.53657315 -043 -052
2451467.54032488 -013 +002
2451467.54407269 -016 -005
2451467.54782512 +073 +027
2451467.55255289 -046 +008
2451467.55647535 +013 +034
2451493.33188021 -032 +009
2451493.33540359 -040 +053
2451493.33919954 +040 -087
2451493.34272512 -041 +048
2451493.34695509 -028 +031
2451493.35022095 +022 +053
2451493.35349063 +009 -023
2451493.35676644 -024 -045
2451493.36003900 +001 -032
2451493.36330891 +055 -048
2451515.37840613 -015 +055
2451515.38168333 -035 +041
2451515.38776400 -016 +101
2451515.39103333 -047 +095
2451515.39431019 -033 +059
2451515.39758449 +009 +082
2451515.40085671 +001 +073
2451515.40412107 -028 +082
2451520.49376829 +028 +035
2451520.49872639 -037 +047
2451520.50840718 -052 +021
2451520.51317789 +033 +039
2451520.51934167 +010 +012
2451521.37277176 -148 -085
2451521.38318472 -133 +058
2451521.39467813 -084 +049
2451521.40547604 +030 +019
2451521.41539815 +049 +010
2451900.29818704 -076 -017
2451900.30295567 +030 -031
2451900.31250903 -017 +044
2451900.31728611 +035 -001
2451900.32206343 -018 -059
2451900.33160150 -086 -062
2451900.33649595 +008 +043
2451901.50208079 +010 +030
2451901.50663519 -101 +058
2451901.51117824 -041 +022
2451901.51560856 -099 -028
2451901.52004896 -023 +005
2451901.52448530 -123 -064
2452234.66903056 -014 +131
2452234.67180162 -130 -097
2452234.67542407 -007 -076
2452234.67927789 -098 +010
2452234.68313935 -115 +091
2452234.68699132 -011 -003
2452234.69084676 -040 -058
2452234.69474502 -054 +003
2452236.63305428 +229 -008
2452236.64308727 +241 +043
2452236.64810938 +274 +062
2452262.60343287 +032 -027
2452262.60717500 -004 -015
2452262.61091690 -011 -040
2452262.61466539 +030 +004
2452262.61840799 +011 -032
2452262.62215972 +061 -008
2452262.62591748 -043 -014
2452262.62966516 +040 -014
2452262.63340544 +018 +020
2452262.63715752 +017 -005
2452264.42753183 +148 -087
2452264.43332801 +039 -051
2452264.43707975 +010 -016
2452264.44082812 -041 +016
2452264.44456991 +069 -003
2452264.44831435 -004 +025
2452284.38355810 -041 +001
2452284.38742454 +026 +005
2452284.39163218 +007 -011
2452284.39583032 -019 +001
2452284.40003611 +032 -021
2452284.40423600 -039 -024
2452284.40843796 +001 -016
2452284.41263785 +028 +010
2452284.41683981 -011 +026
2452313.46935729 -003 -029
2452313.50573160 +099 +037
2452313.51051655 +061 +060
2452313.51529363 +029 -008
2452313.52008044 -008 +020
2452313.52485822 -063 -009
2452314.42837014 +018 -002
2452314.43281146 +085 -030
2452314.43725972 +037 -002
2452314.44170810 +043 -021
2452314.44615914 +047 -050
2452668.49292095 -056 -035
2452668.49642882 -112 -022
2452668.49994016 -062 +017
2452668.50345231 -031 -007
2452668.50695498 -023 +083
2453144.34446088 +081 -002
2453144.34890428 +072 +011
2453144.35334896 +092 +068
2453144.35780370 +038 +161
2453144.36670486 +107 +030
2453144.37115463 +117 +072
2453144.37559896 +107 -038
2453440.57843484 +043 -045
2453440.58546644 +048 -007
2453440.58898449 +073 -076
2453440.59250116 +128 -038
2453440.59602303 +131 -088
2453440.59953356 -022 -021
2453440.60304942 +142 -012
2453440.60656435 +051 -081
2453440.61007905 -058 -115
2453473.48527581 -046 +126
2453473.49134525 +117 -115
2453473.49867940 -090 +016
2453473.50600880 -049 +041
2453473.51333727 -061 +071
2453473.52066887 +045 +012
2453474.54076852 +045 -017
2453474.54636424 -004 -003
2453474.55195787 +115 -063
2453474.55755613 +028 -017
2453474.56315127 -138 +013
2453494.49182951 -040 -018
2453494.50302616 -039 -111
2453494.50862049 -027 -103
2453494.51422014 -093 -125
2453499.47801308 +010 -064
2453499.48360961 -067 +012
2453499.50039387 +001 -095
2453880.44972581 +089 -063
2453880.45416794 +029 -060
2453880.45861725 +054 -061
2453880.46305648 +000 -034
2453880.46750613 +032 -035
2453880.47639387 +013 -054
2453880.48084340 +152 -097
2454353.53757570 -022 +011
2454353.53943321 -052 -004
2454353.54123585 -042 -003
2454353.54309522 -022 +012
2454353.54484182 -020 -010
2454353.54667131 -025 +012
2454353.54839556 -042 +047
2454353.55021429 -076 +043
2454353.55195000 -049 +003
2454620.71855566 -061 +005
2454620.72141134 +086 -081
