OBSERVATORIO (?=LISTA SITIOS, X=PROMPT, G=GEOCENTRICO, H=HELIOCENTRICO, OU CODIGO IAU): NOME/ID DO OBJETO DO SISTEMA SOLAR: EFEMERIDE DE/LE (EX: de421, <ENTER>=CANONICO JPL): Arquivo com datas: Alvo: SINOPE (    509)     Efemerides: jup300+de421   Sitio: 874 (OPD/LNA) (314°25'02.5"E 22°32'07.8"S  1810.7 m)

     Data Cal. UTC                  JD_UTC         JD_TT (Obs.)      R.A.__(ICRF//J2000.0)__DEC     R.A.__(ap./sem atms.)__DEC            DIST (km)           APmag        S-O-A (°)     X_(sat-primario)_Y      AZ (°)   EL (°)       Hour Angle       AZ__SOL__EL (°)    L-O-A (°)    JD_TT (El. Orb.)    Semi-eixo maior (km)       Excentricidade          Inclinacao (°)      Long. Nodo Ascend. (°)    Arg. Periastro (°)       Anom. Media (°)       Anom. Verdadeira (°)      Per. Orbital (s)       Pass. Periast. (JD_TT)
1996-JUN-22 02:05:30.750      2450256.587161458 2450256.587881180   19 07 56.3776  -23 10 30.971   19 07 45.2450  -23 10 39.590    0.6131112448102237E+09      n.d.       165.3912 G    4588.303   -1708.086    97.3396  61.8462     -02 02 24.303    276.6609 -76.4533     129.4      2450256.564210605   0.2379000474220993E+08  0.1870403095988061E+00  0.1552170744197083E+03  0.2376814677862828E+03  0.2538594518671699E+03  0.2952195872894511E+03  0.2741829498707465E+03  0.6477485218255711E+08      2450391.471028302
1996-JUL-26 03:17:37.042      2450290.637234283 2450290.637954005   18 50 49.5412  -23 44 45.999   18 50 38.6484  -23 44 50.093    0.6231917865562035E+09      n.d.       158.1387 S    5403.274   -2096.914   262.0287  66.7676     +01 41 03.287    146.4731 -86.2429      39.3      2450290.613894241   0.2319139014175885E+08  0.1788284179254039E+00  0.1552767004051751E+03  0.2376660889043773E+03  0.2608092494917393E+03  0.3047935693499265E+03  0.2858761689275561E+03  0.6234545669911142E+08      2450401.270727176
1996-JUL-27 02:32:22.920      2450291.605820834 2450291.606540556   18 50 23.5602  -23 45 26.830   18 50 12.6732  -23 45 30.780    0.6242200401047615E+09      n.d.       157.1148 S    5416.450   -2101.855   262.0007  76.1436     +01 00 04.268    250.1027 -80.8510      25.4      2450291.582441082   0.2317298422767946E+08  0.1784421510165366E+00  0.1552821013253907E+03  0.2376676814609938E+03  0.2610030942324241E+03  0.3050717231091869E+03  0.2862427857387245E+03  0.6227125044856252E+08      2450401.550692335
1996-AUG-22 02:02:39.345      2450317.585177604 2450317.585897326   18 42 05.7589  -23 56 07.820   18 41 54.6587  -23 56 10.407    0.6648080734394153E+09      n.d.       130.3005 S    5571.170   -2080.231   260.4551  57.6462     +02 21 04.195    236.6687 -71.5838      42.3      2450317.560230903   0.2289457962131030E+08  0.1760718200261684E+00  0.1553052247282059E+03  0.2376801254604594E+03  0.2648924686364433E+03  0.3146903579386239E+03  0.2979869537724704E+03  0.6115241999780986E+08      2450406.641836526
1997-AUG-14 03:53:49.500      2450674.662378472 2450674.663109769   21 08 00.4295  -16 29 23.927   21 07 53.5711  -16 29 47.306    0.5903836522313108E+09      n.d.       173.0948 S   -7547.684    1286.214   285.8023  71.5506     +01 14 03.974    124.3715 -76.2290      52.3      2450674.640316620   0.2337763518375033E+08  0.1799574614481376E+00  0.1553192790171300E+03  0.2380960848402555E+03  0.2453413572030707E+03  0.1518794806426486E+03  0.1599563294057008E+03  0.6309798684803264E+08      2450366.535588223
1997-AUG-15 03:58:15.750      2450675.665460069 2450675.666191366   21 07 31.0037  -16 31 44.817   21 07 24.1531  -16 32 08.093    0.5904883967554370E+09      n.d.       172.0076 S   -7525.092    1291.232   283.3771  69.5797     +01 22 56.929    122.6148 -75.1485      38.3      2450675.643394176   0.2339545029525672E+08  0.1792364860066574E+00  0.1553272522216751E+03  0.2381155019294585E+03  0.2455252217586813E+03  0.1521813701093789E+03  0.1601487386468720E+03  0.6317012706617536E+08      2450366.573291073
1998-AUG-14 23:32:14.834      2451040.480727246 2451040.481458542   23 58 47.2389  -02 37 22.483   23 58 43.5072  -02 37 46.099    0.6254903529870110E+09      n.d.       143.2380 G    7242.275     -16.807    92.0550   1.9101     -05 56 05.275    270.4576 -38.6431      55.9      2451040.457310256   0.2303879063886805E+08  0.2416446453575083E+00  0.1548319410480742E+03  0.2448026153441160E+03  0.2999957595323676E+03  0.2696978780013439E+03  0.2430442062142308E+03  0.6173111977851017E+08      2451219.677060428
1999-OCT-09 23:07:18.789      2451461.463411910 2451461.464154780   02 06 10.6414  +12 01 04.909   02 06 10.3094  +12 01 00.010    0.5775203818710029E+09      n.d.       162.6645 G    4977.894    4963.145    71.7503  11.3460     -04 48 42.262    248.8009 -28.4605     166.8      2451461.441858428   0.2419457351229025E+08  0.2664570257371848E+00  0.1577690475777545E+03  0.2526897060273750E+03  0.3027799867189964E+03  0.1081849236432838E+03  0.1336098899481813E+03  0.6643418234930372E+08      2451230.372640811
1999-OCT-13 23:19:49.008      2451465.472095000 2451465.472837870   02 04 24.1993  +11 50 42.458   02 04 23.9162  +11 50 37.732    0.5757101779966298E+09      n.d.       167.0914 G    5151.836    4987.491    68.4039  17.9563     -04 18 37.395    245.3282 -30.5588     143.3      2451465.450611377   0.2409193680679565E+08  0.2703449393004917E+00  0.1577960534994973E+03  0.2530039853810100E+03  0.3023077595153082E+03  0.1106844985410579E+03  0.1357592619721145E+03  0.6601189659543762E+08      2451230.545336416
1999-OCT-16 01:06:40.667      2451467.546304016 2451467.547046887   02 03 27.2929  +11 45 09.970   02 03 27.0491  +11 45 05.411    0.5750541000795770E+09      n.d.       169.3920 G    5237.702    4996.437    49.1810  41.0467     -02 22 38.204    221.3247 -50.1346     118.7      2451467.524845636   0.2406903307679276E+08  0.2703995706728341E+00  0.1577975035109591E+03  0.2530232663348301E+03  0.3020955821045444E+03  0.1119737984611148E+03  0.1366991844447332E+03  0.6591778465620615E+08      2451230.222095698
1999-NOV-10 20:21:07.109      2451493.347998947 2451493.348741817   01 51 28.3044  +10 34 28.875   01 51 28.1884  +10 34 24.985    0.5834218912443652E+09      n.d.       161.6405 G    6086.309    4907.160    75.8026   6.2453     -05 14 29.449    256.2196  12.1095     132.9      2451493.326217647   0.2366043518069481E+08  0.2880110486205376E+00  0.1578596445443228E+03  0.2545337124247728E+03  0.3008905411645985E+03  0.1263745683745385E+03  0.1477628215348393E+03  0.6424639004800042E+08      2451232.295166594
1999-DEC-02 21:24:26.200      2451515.391969908 2451515.392712778   01 44 11.3210  +09 50 23.598   01 44 11.1620  +09 50 19.417    0.6134410237104372E+09      n.d.       137.4561 S    6545.841    4592.830    54.1568  39.7402     -02 36 58.714    246.6469   1.2384     165.8      2451515.369029530   0.2332015445307078E+08  0.3017365083530754E+00  0.1578402934491655E+03  0.2555943410360315E+03  0.2997493111896350E+03  0.1394464428701689E+03  0.1566461057736579E+03  0.6286541276687916E+08      2451233.528809947
1999-DEC-08 00:09:37.522      2451520.506684282 2451520.507427153   01 43 14.0157  +09 44 24.406   01 43 13.8229  +09 44 19.959    0.6229185400707688E+09      n.d.       132.0092 S    6627.165    4499.642   346.6697  56.9355     +00 29 19.856    224.2449 -29.6922     131.8      2451520.483377958   0.2327039810098362E+08  0.3035164042622153E+00  0.1578333234253756E+03  0.2557354700288396E+03  0.2995144982840575E+03  0.1424682321800133E+03  0.1585301836651907E+03  0.6266432375449704E+08      2451233.456776040
1999-DEC-08 21:27:47.672      2451521.394301759 2451521.395044629   01 43 06.1317  +09 43 33.377   01 43 05.9333  +09 43 28.871    0.6246461658842285E+09      n.d.       131.0728 S    6640.519    4482.901    47.8518  44.8673     -02 08 52.129    245.8771   1.3605     121.6      2451521.370928769   0.2324628798757687E+08  0.3046045928209833E+00  0.1578294056521538E+03  0.2558073804797882E+03  0.2994505303165760E+03  0.1430568832589886E+03  0.1589226589969040E+03  0.6256696062361833E+08      2451233.606191699
2000-DEC-21 19:36:54.704      2451900.317299814 2451900.318042685   03 58 58.9708  +19 11 49.202   03 59 02.4965  +19 11 56.346    0.6258030448678137E+09      n.d.       151.3136 G   -5166.159   -2723.680    68.6595   1.0785     -05 21 45.799    254.2517  27.0981     163.4      2451900.293882329   0.2318380317212547E+08  0.2176965974247308E+00  0.1608408112244342E+03  0.2562033972826302E+03  0.2855233373013249E+03  0.3436795297502765E+03  0.3342827191175301E+03  0.6231486510483821E+08      2451932.990895641
2000-DEC-23 00:19:12.533      2451901.513339502 2451901.514082373   03 58 25.6399  +19 11 07.373   03 58 29.1817  +19 11 14.603    0.6269647071024607E+09      n.d.       149.9657 S   -5184.428   -2693.841    11.9824  47.4495     -00 34 11.723    223.2204 -29.4564     177.0      2451901.489876993   0.2317575605869262E+08  0.2175160092210943E+00  0.1608412348792251E+03  0.2562109420241709E+03  0.2856253568224315E+03  0.3442084412384749E+03  0.3351075706398782E+03  0.6228242362394818E+08      2451933.110779529
2001-NOV-21 04:21:13.571      2452234.681407072 2452234.682149942   07 15 05.3961  +22 50 31.160   07 15 11.9203  +22 50 19.343    0.6741005172050682E+09      n.d.       131.6406 G    7985.000    1241.700    33.6450  36.6493     -01 55 21.001    150.0944 -41.8541     158.3      2452234.656124826   0.2291900276145609E+08  0.2707408804643579E+00  0.1626116627910616E+03  0.2562983753078905E+03  0.2700112910514734E+03  0.1638105474828537E+03  0.1703146219256765E+03  0.6125029899735875E+08      2451912.078803187
2001-NOV-23 03:23:38.427      2452236.641416979 2452236.642159849   07 14 34.0761  +22 51 19.106   07 14 40.6596  +22 51 07.299    0.6711507557320963E+09      n.d.       133.7409 G    7998.315    1224.947    44.1672  29.4625     -02 44 41.234    168.1013 -46.2874     135.0      2452236.616248640   0.2290694131072500E+08  0.2713019079374780E+00  0.1626144217524981E+03  0.2563550326798006E+03  0.2699692156120065E+03  0.1649501275304070E+03  0.1710100884556975E+03  0.6120195459952011E+08      2451912.051233970
2001-DEC-19 02:53:13.086      2452262.620290347 2452262.621033218   07 03 19.2373  +23 06 50.630   07 03 26.5804  +23 06 39.456    0.6448397477074081E+09      n.d.       162.6990 G    8009.415     990.884    24.7876  40.2406     -01 21 27.003    181.9408 -44.0318     148.6      2452262.596137759   0.2320349847017783E+08  0.2545037448584191E+00  0.1625952120647223E+03  0.2556688457991528E+03  0.2686873004809108E+03  0.1793057919458624E+03  0.1795734134311158E+03  0.6239428933394013E+08      2451902.910648371
2001-DEC-20 22:31:35.788      2452264.438608658 2452264.439351528   07 02 18.0960  +23 08 04.009   07 02 25.4591  +23 07 52.967    0.6440381568034543E+09      n.d.       164.7830 G    7996.262     972.926    66.2930  -3.3055     -05 34 53.046    239.2064 -10.1760     126.5      2452264.414487189   0.2323618963804330E+08  0.2527450216958328E+00  0.1625950751535877E+03  0.2556533593970398E+03  0.2688965374119403E+03  0.1798487507123282E+03  0.1799067532191093E+03  0.6252619576585374E+08      2451902.877122372
2002-JAN-09 21:36:06.076      2452284.400070324 2452284.400813194   06 50 25.0028  +23 20 08.615   06 50 32.6795  +23 19 59.544    0.6452728160460281E+09      n.d.       172.1259 S    7703.986     751.943    62.7234   3.9235     -04 59 47.969    247.1800   2.5699     144.1      2452284.375901158   0.2351306553366379E+08  0.2381070864657910E+00  0.1626006382507735E+03  0.2550330538002163E+03  0.2676736537693773E+03  0.1905528931685783E+03  0.1866957293543786E+03  0.6364708516160234E+08      2452631.109904466
2002-FEB-08 00:11:00.063      2452313.507639618 2452313.508382489   06 35 55.1554  +23 27 58.666   06 36 02.8721  +23 27 53.100    0.6792374884896742E+09      n.d.       139.2166 S    6763.339     331.718     4.9763  43.8429     -00 15 38.594    234.6252 -31.0234     172.3      2452313.482159026   0.2397183690843662E+08  0.2140331040492907E+00  0.1626446316786745E+03  0.2540688089192551E+03  0.2661723444502161E+03  0.2046683801161893E+03  0.1964710404161828E+03  0.6551890177218881E+08      2452640.679855312
2002-FEB-08 22:29:39.412      2452314.437261713 2452314.438004584   06 35 35.7325  +23 28 00.971   06 35 43.4450  +23 27 55.445    0.6808669211729727E+09      n.d.       138.2014 S    6724.047     316.445    32.6544  36.4225     -01 52 59.906    248.9936 -10.4968     176.4      2452314.411718238   0.2396066008185449E+08  0.2143963116341122E+00  0.1626415071063241E+03  0.2541148913862753E+03  0.2663592990842335E+03  0.2049152777047374E+03  0.1966271845180120E+03  0.6547308500552870E+08      2452640.860895383
2003-JAN-28 23:59:54.768      2452668.499939444 2452668.500682315   09 01 18.6235  +17 30 00.678   09 01 29.4996  +17 29 17.447    0.6311844669155738E+09      n.d.       175.8619 G   -3555.900    -167.791    56.9378  24.4056     -03 32 35.255    233.6532 -27.3022     132.9      2452668.476314102   0.2377489550019751E+08  0.1862201541467716E+00  0.1637238762329647E+03  0.2499581981659177E+03  0.2919484961849971E+03  0.3375752827424877E+03  0.3272916960795947E+03  0.6471315336090814E+08      2452715.131862166
2004-MAY-18 20:37:59.021      2453144.359710891 2453144.360453762   10 39 27.9848  +09 30 28.975   10 39 41.3473  +09 29 12.372    0.7918620428816036E+09      n.d.        99.6769 S   -4802.143     624.707    32.4244  52.8860     -01 16 35.708    290.2099  -2.9179     104.1      2453144.329882183   0.2362883835419970E+08  0.2132755802678619E+00  0.1636222145645480E+03  0.2540381651381815E+03  0.3163289359865193E+03  0.1745685508223786E+03  0.1763938545952729E+03  0.6411773830414512E+08      2452784.474536961
2005-MAR-11 02:17:42.109      2453440.595626262 2453440.596369132   13 06 46.5077  -05 42 11.553   13 07 03.3536  -05 43 58.440    0.6643340179849029E+09      n.d.       152.9348 G    2423.020   -2065.254    72.0012  48.7408     -02 36 18.167    208.6777 -60.5364     162.3      2453440.570721033   0.2399325600189942E+08  0.2348326900424023E+00  0.1641080048165717E+03  0.2572392814441146E+03  0.3016808794781500E+03  0.3383488121373500E+03  0.3248999807085646E+03  0.6560673414717291E+08      2453486.238922104
2005-APR-13 00:03:40.542      2453473.502552569 2453473.503295440   12 53 47.7421  -04 01 30.480   12 54 04.8597  -04 03 20.263    0.6567436800224254E+09      n.d.       170.7098 S    4122.409   -1698.078    68.1341  49.8037     -02 27 37.019    259.9072 -44.9978     121.4      2453473.477940378   0.2353203755489078E+08  0.2194818516768032E+00  0.1640789318995641E+03  0.2579578991387745E+03  0.3027556817311334E+03  0.3534328229298991E+03  0.3495041520605857E+03  0.6372413322196857E+08      2453486.932404965
2005-APR-14 01:14:49.310      2453474.551959606 2453474.552702477   12 53 21.5130  -03 58 14.201   12 53 38.6411  -04 00 04.062    0.6573348306544763E+09      n.d.       169.5733 S    4165.543   -1680.822    45.8138  64.5774     -01 11 53.785    247.3844 -61.0077     108.4      2453474.527324558   0.2351433120738728E+08  0.2189294154356024E+00  0.1640764186895889E+03  0.2579798913369966E+03  0.3028683980029822E+03  0.3538796293158001E+03  0.3502281843838107E+03  0.6365222427418634E+08      2453487.052247636
2005-MAY-04 00:06:22.240      2453494.504424074 2453494.505166945   12 45 56.7230  -03 03 14.715   12 46 13.8348  -03 05 04.914    0.6778181912140580E+09      n.d.       148.1557 S    4822.674   -1314.300    36.0087  66.5188     -00 54 16.197    268.6820 -48.8320     157.8      2453494.478998222   0.2330826426828482E+08  0.2119617404736228E+00  0.1640419691528959E+03  0.2581915623244213E+03  0.3034933595188901E+03  0.3405044016284144E+01  0.5355808071934469E+01  0.6281733936611538E+08      2453487.602204063
2005-MAY-08 23:41:46.077      2453499.487338854 2453499.488081725   12 44 29.2186  -02 52 31.526   12 44 46.2872  -02 54 21.466    0.6854553327714936E+09      n.d.       142.9313 S    4935.479   -1215.093    37.5656  65.8862     -00 57 46.099    272.8663 -43.6056     136.0      2453499.461618157   0.2324964109819832E+08  0.2099423158032031E+00  0.1640301127851329E+03  0.2582388367374038E+03  0.3035595644764465E+03  0.5885619129615885E+01  0.9205299460760699E+01  0.6258049836599687E+08      2453487.619894316
2006-MAY-24 23:08:38.123      2453880.464330127 2453880.465084572   14 27 11.4280  -13 33 08.812   14 27 33.3330  -13 35 01.864    0.6678663188702633E+09      n.d.       155.3180 S   -9099.406    1696.863    79.7151  57.5401     -02 11 37.764    279.8844 -36.7688     173.6      2453880.439300079   0.2292553958426820E+08  0.3136852626354777E+00  0.1648546038867178E+03  0.2676998185807152E+03  0.3090463599761648E+03  0.1934352654415599E+03  0.1874109619652843E+03  0.6127650503934181E+08      2454208.580529391
2007-SEP-10 01:04:32.764      2454353.544823657 2454353.545578102   16 38 05.7371  -21 01 07.250   16 38 33.3714  -21 02 09.800    0.8096960816054004E+09      n.d.        84.0824 S   -1812.053    2692.329   256.6931  25.9706     +04 38 26.741    242.2829 -57.2292     101.3      2454353.514318094   0.2396862381237436E+08  0.2620624011451641E+00  0.1688779367520100E+03  0.2700194496239855E+03  0.3035609380557700E+03  0.6515480650003732E+02  0.9525319169394871E+02  0.6550572934791941E+08      2454216.296818084
2008-JUN-03 05:16:46.574      2454620.719983495 2454620.720737940   19 27 49.1607  -22 24 13.595   19 28 21.2549  -22 23 12.604    0.6267105584756956E+09      n.d.       142.6588 G   -3636.340   -1978.958    89.8034  84.0466     -00 25 45.753     83.6367 -58.5826     134.7      2454620.696542308   0.2441145826275223E+08  0.1817843453829610E+00  0.1699675453519655E+03  0.2656680188127885E+03  0.2846268273453487E+03  0.2142411796158206E+03  0.2044289437731830E+03  0.6732947421557471E+08      2454936.214312973
2008-SEP-20 00:44:58.802      2454729.531236134 2454729.531990579   18 56 14.8666  -23 54 30.108   18 56 47.9521  -23 53 53.233    0.6928628450200682E+09      n.d.       105.5276 S    1011.974   -2721.411   259.6747  52.6555     +02 42 59.729    240.4644 -51.6290     136.4      2454729.505241059   0.2437818105813182E+08  0.1364333315707042E+00  0.1714716164143317E+03  0.2590024293113186E+03  0.2930290227630271E+03  0.2421067133160195E+03  0.2294159387339512E+03  0.6719184788478114E+08      2454984.182060295
2008-SEP-24 00:13:39.592      2454733.509486018 2454733.510240463   18 57 15.9436  -23 53 13.785   18 57 48.9943  -23 52 36.134    0.7019651959414320E+09      n.d.       101.8704 S    1229.630   -2690.182   260.3717  56.4405     +02 26 20.573    244.9639 -44.6030     168.0      2454733.483139519   0.2432306095712861E+08  0.1368406242177195E+00  0.1715158820556451E+03  0.2589105271075085E+03  0.2939874820465026E+03  0.2427649036485578E+03  0.2299439145348536E+03  0.6696409132253144E+08      2454985.879670457
2009-JUL-20 07:22:50.840      2455032.807532870 2455032.808298889   21 45 43.1279  -13 55 42.125   21 46 16.4974  -13 52 53.658    0.6318941133743124E+09      n.d.       153.6068 G   -4184.390     755.469   277.4913  54.1134     +02 27 05.839     78.8340 -31.3445     129.0      2455032.783903181   0.2375915233337640E+08  0.1934630126333364E+00  0.1725110539502566E+03  0.2544043659545206E+03  0.2940470041162307E+03  0.2248036725816846E+02  0.3329358655024036E+02  0.6464888675062983E+08      2454986.059021591
