gaussiana: 0.0191880000049 sec, A=39438.8794772+-219.786460957, x0=912.447964519+-0.0160896261683, y0=1060.02996984+-0.0162531340465, sigma=4.80370494377, c=-1898.25592524+-259.255090477

extenso: 259.212016 sec, A=884.728146958+-19.0444949566, x0=912.440791197+-0.0120276686282, y0=1060.0107055+-0.0120994870978, sigma=2.56992636061, R=5.9031003977+-0.0252012836708, c=1726.15672919+-162.143889899

extenso (testes)
79.708565 13 0.8  1520.6 26866.4  912.48 0.04 1060.06 0.05  1.9  5.10 81.16  1741.2 1487307.57822
138.408541 22 1.0   985.9  993.1  912.45 0.02 1060.07 0.02  2.2  5.12 20.68  8346.0 241483.515137
183.447904 30 1.2   551.5  175.7  912.45 0.02 1060.05 0.02  4.0  5.59 15.82  1787.0 640932.722345
254.266331 42 1.4   697.1 1004.8  912.44 0.01 1060.04 0.01  4.0  8.00 39.58 -24864.5 580330.213172
93.127202 56 1.6   782.3  235.6  912.43 0.01 1060.02 0.01  2.7  5.82 3.08  2817.5 33059.0805216
391.716882 66 1.8   689.5  585.9  912.43 0.01 1060.01 0.01  5.0 10.01 27.41 -58561.4 498178.155998
62.853272 82 2.0   849.2  104.9  912.42 0.01 1060.00 0.01  2.5  5.63 0.70  4478.6 7204.72664675
496.011838 104 2.2   626.9  320.9  912.42 0.01 1059.99 0.01  4.5  8.27 4.55 -28747.9 70693.0196971
77.502761 121 2.4   866.4   71.8  912.43 0.01 1059.98 0.01  2.6  5.80 0.28  2646.5 2946.20108675
222.512566 139 2.6   774.7   75.0  912.43 0.01 1059.98 0.01  3.0  6.27 0.34 -2408.3 3877.43993883
101.063915 164 2.8   888.8   51.2  912.43 0.01 1059.98 0.01  2.5  5.79 0.12  2758.0 1240.93085672
197.93978 190 3.0   791.9   46.4  912.44 0.01 1059.99 0.01  2.9  6.10 0.11  -655.5 1334.08840128
127.487543 214 3.2   859.3   36.5  912.44 0.01 1059.99 0.01  2.6  5.92 0.06  1455.6 657.939283676
178.987091 238 3.4   828.2   31.6  912.44 0.01 1060.00 0.01  2.7  5.98 0.05   744.0 539.078089305
152.797629 270 3.6   858.9   25.9  912.44 0.01 1060.01 0.01  2.6  5.93 0.03  1363.5 322.11024807
169.260265 303 3.8   846.2   21.4  912.44 0.01 1060.01 0.01  2.7  5.94 0.03  1153.7 230.37689721
181.883393 330 4.0   844.7   18.7  912.45 0.01 1060.02 0.01  2.7  5.94 0.03  1132.3 175.483734462
199.163407 366 4.2   838.8   15.9  912.45 0.01 1060.02 0.01  2.7  5.95 0.03  1062.9 129.721805149
214.017992 406 4.4   836.0   13.6  912.45 0.01 1060.02 0.01  2.7  5.95 0.02  1031.8 95.67526614
272.559969 438 4.6   826.9   12.1  912.45 0.01 1060.02 0.01  2.7  5.95 0.02   939.7 78.5130945856
292.823087 477 4.8   822.0   10.7  912.45 0.01 1060.02 0.01  2.7  5.95 0.02   893.9 63.0159161392
