   0.075   0.004 1162.59  814.83 1.612    285.49    387.39 99.999 99.999 99.999 13.473 13.450 99.999 99.999 99.999  0.347 99.999 99.999 99.999 99.999  99.999  99.999  99.999  99.999  0.024  0.024  0.012  0.019  0.037  0.056   24   17 99.999 99.999   99  21.869989393 -13.360703958  6 59 51.10 2009  7 21 2455033.79156366   120  Metano                netuno0008.fits                                    Triton                2045  2050
  -0.041  -0.126 1172.91  943.59 1.765    234.37    244.71 99.999 99.999 99.999 13.405 13.495 99.999 99.999 99.999  0.280 99.999 99.999 99.999 99.999  99.999  99.999  99.999  99.999  0.024  0.024  0.021  0.029  0.046  0.061   16   13 99.999 99.999   99  21.869971047 -13.360807291  7 12 37.96 2009  7 21 2455033.80043935   120  Metano                netuno0013.fits                                    Triton                2045  2050
   0.043   0.094 1170.14  942.73 1.935    227.90    194.82 99.999 99.999 99.999 13.404 13.436 99.999 99.999 99.999  0.325 99.999 99.999 99.999 99.999  99.999  99.999  99.999  99.999  0.012  0.012  0.018  0.021  0.052  0.060   23   17 99.999 99.999   99  21.869969431 -13.360759622  7 15 11.52 2009  7 21 2455033.80221667   120  Metano                netuno0014.fits                                    Triton                2045  2050
   0.028   0.172 1176.40  935.56 1.980    231.78    386.32 99.999 99.999 99.999 13.372 13.377 99.999 99.999 99.999  0.230 99.999 99.999 99.999 99.999  99.999  99.999  99.999  99.999  0.017  0.017  0.019  0.027  0.057  0.080   15   10 99.999 99.999   99  21.869949777 -13.360818099  7 30 32.62 2009  7 21 2455033.81287755   120  Metano                netuno0020.fits                                    Triton                2045  2050
   0.048   0.264 1191.29  993.89 2.733    209.61     -3.85 99.999 99.999 99.999 13.716 13.466 99.999 99.999 99.999  0.412 99.999 99.999 99.999 99.999  99.999  99.999  99.999  99.999  0.071  0.071  0.063  0.055  0.075  0.065    7    7 99.999 99.999   99  21.868409172 -13.366102976  5 24 35.56 2009  7 22 2455034.72541157   120  Metano                netuno0002.fits                                    Triton                2045  2050
   0.114   0.200 1246.31  990.83 1.247    525.44     43.02 99.999 99.999 99.999 13.373 13.339 99.999 99.999 99.999  0.283 99.999 99.999 99.999 99.999  99.999  99.999  99.999  99.999  0.034  0.034  0.012  0.032  0.031  0.079   22   15 99.999 99.999   99  21.868401889 -13.366144667  5 32 15.95 2009  7 22 2455034.73074016   120  Metano                netuno0005.fits                                    Triton                2045  2050
  -0.079   0.072 1256.21  986.20 1.396    335.27     43.84 99.999 99.999 99.999 13.293 13.370 99.999 99.999 99.999  0.265 99.999 99.999 99.999 99.999  99.999  99.999  99.999  99.999  0.010  0.010  0.013  0.021  0.035  0.057   25   16 99.999 99.999   99  21.868384050 -13.366219407  5 45  2.38 2009  7 22 2455034.73961088   120  Metano                netuno0010.fits                                    Triton                2045  2050
   0.197  -0.191  602.31  511.68 2.201    361.62     61.78 99.999 99.999 99.999 13.514 13.362 99.999 99.999 99.999  0.393 99.999 99.999 99.999 99.999  99.999  99.999  99.999  99.999  0.030  0.030  0.021  0.020  0.078  0.077   26   16 99.999 99.999   99  22.038857213 -12.522874945  8  7 23.00 2010  7  4 2455381.83846065    80    Metano              tritaoM22_08.08.04_0013.fits                       Triton                1024  1024
   0.181  -0.252  626.60  459.07 2.393    310.78     61.37 99.999 99.999 99.999 13.500 13.437 99.999 99.999 99.999  0.430 99.999 99.999 99.999 99.999  99.999  99.999  99.999  99.999  0.055  0.055  0.016  0.026  0.042  0.070   28   11 99.999 99.999   99  22.038837821 -12.522927120  8 34 44.00 2010  7  4 2455381.85745370    80    Metano              tritaoM22_08.35.25_0003.fits                       Triton                1024  1024
   0.153  -0.325  626.73  455.79 2.401    334.28     62.75 99.999 99.999 99.999 13.583 13.491 99.999 99.999 99.999  0.413 99.999 99.999 99.999 99.999  99.999  99.999  99.999  99.999  0.046  0.046  0.014  0.016  0.048  0.056   33   12 99.999 99.999   99  22.038835424 -12.522951245  8 37 27.00 2010  7  4 2455381.85934028    80    Metano              tritaoM22_08.38.09_0005.fits                       Triton                1024  1024
   0.042  -0.141  627.86  456.56 2.628    308.15     50.70 99.999 99.999 99.999 13.505 13.406 99.999 99.999 99.999  0.666 99.999 99.999 99.999 99.999  99.999  99.999  99.999  99.999  0.042  0.042  0.016  0.014  0.067  0.058   31   17 99.999 99.999   99  22.038830467 -12.522905220  8 41 33.00 2010  7  4 2455381.86218750    80    Metano              tritaoM22_08.42.14_0008.fits                       Triton                1024  1024
   0.047  -0.264  628.74  459.92 2.946    248.84     61.71 99.999 99.999 99.999 13.638 13.471 99.999 99.999 99.999  0.512 99.999 99.999 99.999 99.999  99.999  99.999  99.999  99.999  0.028  0.028  0.018  0.012  0.071  0.045   26   15 99.999 99.999   99  22.038827228 -12.522945549  8 46 22.00 2010  7  4 2455381.86553241    80    Metano              tritaoM22_08.47.03_0011.fits                       Triton                1024  1024
   0.171  -0.191  629.20  459.50 3.153    270.38     65.08 99.999 99.999 99.999 13.563 13.421 99.999 99.999 99.999  0.465 99.999 99.999 99.999 99.999  99.999  99.999  99.999  99.999  0.036  0.036  0.018  0.016  0.058  0.053   24   12 99.999 99.999   99  22.038828627 -12.522927067  8 47 44.00 2010  7  4 2455381.86648148    80    Metano              tritaoM22_08.48.25_0012.fits                       Triton                1024  1024
   0.027  -0.257  631.62  458.28 2.449    314.51    282.59 99.999 99.999 99.999 13.602 13.467 99.999 99.999 99.999  0.535 99.999 99.999 99.999 99.999  99.999  99.999  99.999  99.999  0.051  0.051  0.013  0.018  0.046  0.066   25   15 99.999 99.999   99  22.038818378 -12.522959376  8 58 38.00 2010  7  4 2455381.87405093    80    Metano              tritaoM22_08.59.19_0020.fits                       Triton                1024  1024
