  -0.061   0.015  197.73 1013.40 2.467  58625.01   5543.38 99.999 99.999 99.999 13.223 12.820 99.999 99.999 99.999  0.201 99.999 99.999 99.999 99.999  99.999  99.999  99.999  99.999  0.093  0.094  0.053  0.057  0.063  0.066   14   10 99.999 99.999   99  22.117345316 -12.183335421  3 43 58.00 2011  8 19 2455792.65553241    80    I                   nereida_0002.fits                                  Triton                1024  1024
   0.003  -0.014  197.95 1015.26 1.808 101454.07   7302.97 99.999 99.999 99.999 13.017 12.803 99.999 99.999 99.999  0.539 99.999 99.999 99.999 99.999  99.999  99.999  99.999  99.999  0.021  0.019  0.056  0.056  0.068  0.068   14   10 99.999 99.999   99  22.117344759 -12.183349547  3 45 20.00 2011  8 19 2455792.65648148    80    I                   nereida_0003.fits                                  Triton                1024  1024
   0.002   0.011  198.22 1014.18 1.806 100180.10   6803.79 99.999 99.999 99.999 13.095 12.840 99.999 99.999 99.999  0.447 99.999 99.999 99.999 99.999  99.999  99.999  99.999  99.999  0.022  0.023  0.058  0.061  0.067  0.072   13   10 99.999 99.999   99  22.117343013 -12.183348245  3 46 41.00 2011  8 19 2455792.65741898    80    I                   nereida_0004.fits                                  Triton                1024  1024
  -0.044   0.020  198.57 1015.74 2.532  59142.96   4848.77 99.999 99.999 99.999 13.181 12.790 99.999 99.999 99.999  0.178 99.999 99.999 99.999 99.999  99.999  99.999  99.999  99.999  0.086  0.086  0.060  0.052  0.075  0.065   14   11 99.999 99.999   99  22.117340357 -12.183351694  3 48  3.00 2011  8 19 2455792.65836806    80    I                   nereida_0005.fits                                  Triton                1024  1024
  -0.025   0.015  198.59 1017.33 1.764 106579.13   6849.93 99.999 99.999 99.999 13.068 12.787 99.999 99.999 99.999  0.424 99.999 99.999 99.999 99.999  99.999  99.999  99.999  99.999  0.000  0.000  0.060  0.052  0.072  0.063   14   10 99.999 99.999   99  22.117338948 -12.183359078  3 49 25.00 2011  8 19 2455792.65931713    80    I                   nereida_0006.fits                                  Triton                1024  1024
  -0.012  -0.025  199.06 1016.76 1.948  87748.52   5297.96 99.999 99.999 99.999 13.303 12.952 99.999 99.999 99.999  0.372 99.999 99.999 99.999 99.999  99.999  99.999  99.999  99.999  0.026  0.025  0.055  0.052  0.069  0.065   13   11 99.999 99.999   99  22.117337439 -12.183376037  3 50 47.00 2011  8 19 2455792.66026620    80    I                   nereida_0007.fits                                  Triton                1024  1024
  -0.034   0.027  199.27 1018.54 2.655  53978.62   3543.12 99.999 99.999 99.999 13.365 12.927 99.999 99.999 99.999  0.201 99.999 99.999 99.999 99.999  99.999  99.999  99.999  99.999  0.080  0.089  0.054  0.052  0.067  0.065   14   11 99.999 99.999   99  22.117335244 -12.183367481  3 52  9.00 2011  8 19 2455792.66121528    80    I                   nereida_0008.fits                                  Triton                1024  1024
  -0.013  -0.019  199.61 1016.33 2.069  84485.23   5131.33 99.999 99.999 99.999 13.034 12.723 99.999 99.999 99.999  0.466 99.999 99.999 99.999 99.999  99.999  99.999  99.999  99.999  0.040  0.041  0.054  0.050  0.071  0.065   15   12 99.999 99.999   99  22.117332143 -12.183392134  3 54 52.00 2011  8 19 2455792.66310185    80    I                   nereida_0010.fits                                  Triton                1024  1024
  -0.026  -0.025  200.19 1017.13 2.485  62686.03   2661.32 99.999 99.999 99.999 13.427 12.997 99.999 99.999 99.999  0.279 99.999 99.999 99.999 99.999  99.999  99.999  99.999  99.999  0.055  0.057  0.047  0.052  0.062  0.068   13   12 99.999 99.999   99  22.117330150 -12.183399645  3 56 14.00 2011  8 19 2455792.66405093    80    I                   nereida_0011.fits                                  Triton                1024  1024
   0.002  -0.002  201.12 1016.60 2.271  64540.95   5669.03 99.999 99.999 99.999 13.279 12.905 99.999 99.999 99.999  0.237 99.999 99.999 99.999 99.999  99.999  99.999  99.999  99.999  0.047  0.053  0.057  0.054  0.074  0.071   13   12 99.999 99.999   99  22.117325405 -12.183411212  4  0 19.00 2011  8 19 2455792.66688657    80    I                   nereida_0014.fits                                  Triton                1024  1024
  -0.040  -0.018  200.85 1015.90 2.044  76123.52   5835.71 99.999 99.999 99.999 13.259 12.890 99.999 99.999 99.999  0.299 99.999 99.999 99.999 99.999  99.999  99.999  99.999  99.999  0.025  0.028  0.059  0.049  0.074  0.061   13   11 99.999 99.999   99  22.117322849 -12.183421465  4  1 41.00 2011  8 19 2455792.66783565    80    I                   nereida_0015.fits                                  Triton                1024  1024
  -0.017  -0.004  201.07 1017.56 2.330  62171.45   5151.92 99.999 99.999 99.999 13.199 12.787 99.999 99.999 99.999  0.199 99.999 99.999 99.999 99.999  99.999  99.999  99.999  99.999  0.050  0.052  0.060  0.049  0.078  0.064   14   12 99.999 99.999   99  22.117319763 -12.183429227  4  4 25.00 2011  8 19 2455792.66973380    80    I                   nereida_0017.fits                                  Triton                1024  1024
  -0.026  -0.004  201.20 1017.10 1.903  85546.57   7302.06 99.999 99.999 99.999 13.141 12.734 99.999 99.999 99.999  0.286 99.999 99.999 99.999 99.999  99.999  99.999  99.999  99.999  0.016  0.016  0.045  0.052  0.056  0.065   14   11 99.999 99.999   99  22.117317810 -12.183435229  4  5 47.00 2011  8 19 2455792.67068287    80    I                   nereida_0018.fits                                  Triton                1024  1024
  -0.009   0.001  201.63 1016.26 1.850  88119.61   7383.77 99.999 99.999 99.999 13.100 12.784 99.999 99.999 99.999  0.437 99.999 99.999 99.999 99.999  99.999  99.999  99.999  99.999  0.022  0.025  0.063  0.051  0.076  0.061   11   10 99.999 99.999   99  22.117316418 -12.183439633  4  7  8.00 2011  8 19 2455792.67162037    80    I                   nereida_0019.fits                                  Triton                1024  1024
  -0.072  -0.040  201.67 1019.72 1.963  79598.71   7705.22 99.999 99.999 99.999 13.174 12.811 99.999 99.999 99.999  0.283 99.999 99.999 99.999 99.999  99.999  99.999  99.999  99.999  0.044  0.044  0.051  0.048  0.067  0.063   13   12 99.999 99.999   99  22.117313436 -12.183456899  4  8 30.00 2011  8 19 2455792.67256944    80    I                   nereida_0020.fits                                  Triton                1024  1024
   0.017  -0.025  202.41 1021.25 2.436  62342.56   4045.78 99.999 99.999 99.999 13.288 12.873 99.999 99.999 99.999  0.222 99.999 99.999 99.999 99.999  99.999  99.999  99.999  99.999  0.060  0.063  0.051  0.049  0.066  0.064   14   12 99.999 99.999   99  22.117310259 -12.183468783  4 12 17.00 2011  8 19 2455792.67519676    80    I                   nereida_0021.fits                                  Triton                1024  1024
  -0.066   0.030  203.13 1018.07 1.858  96543.83   5891.81 99.999 99.999 99.999 13.198 12.844 99.999 99.999 99.999  0.409 99.999 99.999 99.999 99.999  99.999  99.999  99.999  99.999  0.028  0.031  0.049  0.068  0.056  0.078   11    9 99.999 99.999   99  22.117305192 -12.183465358  4 15  0.00 2011  8 19 2455792.67708333    80    I                   nereida_0023.fits                                  Triton                1024  1024
  -0.038  -0.018  203.41 1019.24 2.090  79711.32   3477.87 99.999 99.999 99.999 13.450 13.131 99.999 99.999 99.999  0.416 99.999 99.999 99.999 99.999  99.999  99.999  99.999  99.999  0.034  0.038  0.037  0.063  0.043  0.073   12   10 99.999 99.999   99  22.117303970 -12.183484613  4 16 22.00 2011  8 19 2455792.67803241    80    I                   nereida_0024.fits                                  Triton                1024  1024
  -0.017  -0.007  203.80 1018.25 1.896  91322.17   6435.91 99.999 99.999 99.999 13.191 12.929 99.999 99.999 99.999  0.335 99.999 99.999 99.999 99.999  99.999  99.999  99.999  99.999  0.030  0.030  0.056  0.051  0.070  0.064   14   11 99.999 99.999   99  22.117302586 -12.183487534  4 17 44.00 2011  8 19 2455792.67898148    80    I                   nereida_0025.fits                                  Triton                1024  1024
   0.008  -0.002  204.24 1018.34 1.911  91878.40   5715.15 99.999 99.999 99.999 13.231 12.978 99.999 99.999 99.999  0.406 99.999 99.999 99.999 99.999  99.999  99.999  99.999  99.999  0.056  0.052  0.055  0.055  0.070  0.070   13   11 99.999 99.999   99  22.117299565 -12.183497840  4 20 28.00 2011  8 19 2455792.68087963    80    I                   nereida_0027.fits                                  Triton                1024  1024
  -0.030  -0.018  204.55 1017.52 1.655 101103.27   7311.02 99.999 99.999 99.999 13.150 12.937 99.999 99.999 99.999  0.377 99.999 99.999 99.999 99.999  99.999  99.999  99.999  99.999  0.000  0.000  0.051  0.049  0.064  0.061   13   11 99.999 99.999   99  22.117297101 -12.183508145  4 21 49.00 2011  8 19 2455792.68181713    80    I                   nereida_0028.fits                                  Triton                1024  1024
  -0.056  -0.045  204.81 1018.93 1.739  72606.36   9259.80 99.999 99.999 99.999 13.127 12.700 99.999 99.999 99.999  0.225 99.999 99.999 99.999 99.999  99.999  99.999  99.999  99.999  0.022  0.022  0.045  0.050  0.056  0.062   14   11 99.999 99.999   99  22.117291328 -12.183533117  4 25 55.00 2011  8 19 2455792.68466435    80    I                   nereida_0031.fits                                  Triton                1024  1024
  -0.049  -0.034  204.88 1018.50 1.870  71077.90   6387.71 99.999 99.999 99.999 13.211 12.870 99.999 99.999 99.999  0.348 99.999 99.999 99.999 99.999  99.999  99.999  99.999  99.999  0.027  0.028  0.048  0.054  0.059  0.067   13   10 99.999 99.999   99  22.117289706 -12.183535882  4 27 17.00 2011  8 19 2455792.68561343    80    I                   nereida_0032.fits                                  Triton                1024  1024
  -0.025  -0.033  205.70 1021.23 1.701  81249.99   8179.15 99.999 99.999 99.999 13.115 12.866 99.999 99.999 99.999  0.342 99.999 99.999 99.999 99.999  99.999  99.999  99.999  99.999  0.008  0.008  0.045  0.051  0.055  0.063   15   11 99.999 99.999   99  22.117286694 -12.183547095  4 30  0.00 2011  8 19 2455792.68750000    80    I                   nereida_0034.fits                                  Triton                1024  1024
  -0.024  -0.047  205.89 1021.24 1.874  62221.81   9008.08 99.999 99.999 99.999 13.170 12.769 99.999 99.999 99.999  0.191 99.999 99.999 99.999 99.999  99.999  99.999  99.999  99.999  0.000  0.000  0.066  0.048  0.081  0.059   13   10 99.999 99.999   99  22.117284931 -12.183557011  4 31 22.00 2011  8 19 2455792.68844907    80    I                   nereida_0035.fits                                  Triton                1024  1024
  -0.036  -0.029  206.83 1021.02 1.984  65640.44   6867.84 99.999 99.999 99.999 13.118 12.731 99.999 99.999 99.999  0.266 99.999 99.999 99.999 99.999  99.999  99.999  99.999  99.999  0.026  0.026  0.050  0.054  0.062  0.067   15   11 99.999 99.999   99  22.117279476 -12.183569318  4 35 27.00 2011  8 19 2455792.69128472    80    I                   nereida_0038.fits                                  Triton                1024  1024
  -0.063  -0.045  206.88 1022.88 1.840  69845.02   8240.87 99.999 99.999 99.999 13.149 12.764 99.999 99.999 99.999  0.219 99.999 99.999 99.999 99.999  99.999  99.999  99.999  99.999  0.026  0.028  0.053  0.052  0.069  0.067   14   12 99.999 99.999   99  22.117277199 -12.183579764  4 36 49.00 2011  8 19 2455792.69223380    80    I                   nereida_0039.fits                                  Triton                1024  1024
  -0.054  -0.027  207.60 1021.46 1.871  72241.34   7374.22 99.999 99.999 99.999 13.149 12.872 99.999 99.999 99.999  0.265 99.999 99.999 99.999 99.999  99.999  99.999  99.999  99.999  0.008  0.007  0.047  0.057  0.059  0.071   15   11 99.999 99.999   99  22.117275624 -12.183580594  4 38 11.00 2011  8 19 2455792.69318287    80    I                   nereida_0040.fits                                  Triton                1024  1024
  -0.018  -0.012  208.80 1024.15 1.876  72031.99   6826.97 99.999 99.999 99.999 13.252 12.835 99.999 99.999 99.999  0.281 99.999 99.999 99.999 99.999  99.999  99.999  99.999  99.999  0.006  0.012  0.040  0.062  0.045  0.069   13    9 99.999 99.999   99  22.117267661 -12.183605052  4 44 56.00 2011  8 19 2455792.69787037    80    I                   nereida_0041.fits                                  Triton                1024  1024
