   0.087   0.088 1067.99 1112.79 1.545    371.10     47.33 99.999 99.999 99.999 13.493 13.574 99.999 99.999 99.999  0.109 99.999 99.999 99.999 99.999  99.999  99.999  99.999  99.999  0.023  0.023  0.009  0.012  0.042  0.056   25   21 99.999 99.999   99  21.320713559 -15.855374126  1 26 18.07 2006  9 22 2454000.55993137     2  Clear                 netuno0003.fits                                    Triton                2045  2050
   0.077  -0.007 1067.36 1113.04 1.848    351.10     18.51 99.999 99.999 99.999 13.580 13.627 99.999 99.999 99.999  0.135 99.999 99.999 99.999 99.999  99.999  99.999  99.999  99.999  0.016  0.016  0.010  0.013  0.049  0.061   24   22 99.999 99.999   99  21.320712863 -15.855401213  1 26 52.65 2006  9 22 2454000.56033160     2  Clear                 netuno0004.fits                                    Triton                2045  2050
   0.010  -0.067 1068.84 1112.25 1.648    387.06     30.32 99.999 99.999 99.999 13.531 13.562 99.999 99.999 99.999  0.106 99.999 99.999 99.999 99.999  99.999  99.999  99.999  99.999  0.020  0.020  0.011  0.011  0.049  0.051   23   21 99.999 99.999   99  21.320710001 -15.855420103  1 28 40.15 2006  9 22 2454000.56157581     2  Clear                 netuno0007.fits                                    Triton                2045  2050
  -0.036  -0.041 1074.87 1111.47 1.311    526.69     51.68 99.999 99.999 99.999 13.511 13.544 99.999 99.999 99.999  0.131 99.999 99.999 99.999 99.999  99.999  99.999  99.999  99.999  0.006  0.006  0.007  0.014  0.032  0.061   23   20 99.999 99.999   99  21.320707585 -15.855415137  1 30 25.71 2006  9 22 2454000.56279757     2  Clear                 netuno0010.fits                                    Triton                2045  2050
  -0.024  -0.035 1073.49 1110.74 1.282    520.11     56.19 99.999 99.999 99.999 13.516 13.532 99.999 99.999 99.999  0.124 99.999 99.999 99.999 99.999  99.999  99.999  99.999  99.999  0.014  0.014  0.009  0.011  0.040  0.050   22   19 99.999 99.999   99  21.320707294 -15.855414180  1 31  0.91 2006  9 22 2454000.56320498     2  Clear                 netuno0011.fits                                    Triton                2045  2050
   0.060   0.071 1070.66 1110.97 1.559    422.70     32.42 99.999 99.999 99.999 13.526 13.542 99.999 99.999 99.999  0.143 99.999 99.999 99.999 99.999  99.999  99.999  99.999  99.999  0.019  0.019  0.010  0.015  0.044  0.065   22   20 99.999 99.999   99  21.320708404 -15.855385339  1 31 36.16 2006  9 22 2454000.56361296     2  Clear                 netuno0012.fits                                    Triton                2045  2050
   0.066   0.025 1068.91 1108.85 1.158    608.89     68.43 99.999 99.999 99.999 13.420 13.438 99.999 99.999 99.999  0.123 99.999 99.999 99.999 99.999  99.999  99.999  99.999  99.999  0.010  0.010  0.010  0.011  0.044  0.049   23   19 99.999 99.999   99  21.320707497 -15.855399859  1 32 46.29 2006  9 22 2454000.56442465     2  Clear                 netuno0014.fits                                    Triton                2045  2050
   0.035   0.071 1073.67 1108.38 1.265    538.01     55.53 99.999 99.999 99.999 13.427 13.450 99.999 99.999 99.999  0.101 99.999 99.999 99.999 99.999  99.999  99.999  99.999  99.999  0.010  0.010  0.010  0.014  0.047  0.062   23   21 99.999 99.999   99  21.320705874 -15.855388345  1 33 55.91 2006  9 22 2454000.56523044     2  Clear                 netuno0016.fits                                    Triton                2045  2050
   0.010   0.073 1069.13 1106.81 1.928    337.16     15.96 99.999 99.999 99.999 13.567 13.641 99.999 99.999 99.999  0.138 99.999 99.999 99.999 99.999  99.999  99.999  99.999  99.999  0.015  0.015  0.008  0.015  0.035  0.065   24   19 99.999 99.999   99  21.320700211 -15.855394922  1 39 49.30 2006  9 22 2454000.56932060     2  Clear                 netuno0026.fits                                    Triton                2045  2050
  -0.007  -0.033 1068.23 1106.96 1.586    399.99     36.92 99.999 99.999 99.999 13.542 13.643 99.999 99.999 99.999  0.149 99.999 99.999 99.999 99.999  99.999  99.999  99.999  99.999  0.018  0.018  0.012  0.012  0.051  0.054   26   20 99.999 99.999   99  21.320699387 -15.855425046  1 40 23.65 2006  9 22 2454000.56971817     2  Clear                 netuno0027.fits                                    Triton                2045  2050
   0.092   0.057 1072.58 1104.09 1.833    348.86     22.22 99.999 99.999 99.999 13.535 13.624 99.999 99.999 99.999  0.125 99.999 99.999 99.999 99.999  99.999  99.999  99.999  99.999  0.011  0.011  0.008  0.012  0.036  0.054   25   22 99.999 99.999   99  21.320699271 -15.855402994  1 42 43.63 2006  9 22 2454000.57133831     2  Clear                 netuno0031.fits                                    Triton                2045  2050
   0.056  -0.013 1073.16 1104.97 1.212    489.83     76.33 99.999 99.999 99.999 13.496 13.578 99.999 99.999 99.999  0.142 99.999 99.999 99.999 99.999  99.999  99.999  99.999  99.999  0.012  0.012  0.009  0.009  0.043  0.043   26   22 99.999 99.999   99  21.320697015 -15.855424663  1 44 29.29 2006  9 22 2454000.57256123     2  Clear                 netuno0034.fits                                    Triton                2045  2050
   0.064   0.034 1081.38 1103.16 1.547    416.89     36.15 99.999 99.999 99.999 13.534 13.557 99.999 99.999 99.999  0.133 99.999 99.999 99.999 99.999  99.999  99.999  99.999  99.999  0.019  0.019  0.012  0.012  0.055  0.054   23   20 99.999 99.999   99  21.320693075 -15.855417097  1 49 12.97 2006  9 22 2454000.57584456     2  Clear                 netuno0042.fits                                    Triton                2045  2050
   0.076  -0.004 1082.66 1102.99 1.716    356.97     27.66 99.999 99.999 99.999 13.557 13.568 99.999 99.999 99.999  0.148 99.999 99.999 99.999 99.999  99.999  99.999  99.999  99.999  0.022  0.022  0.012  0.011  0.050  0.048   24   20 99.999 99.999   99  21.320692761 -15.855428541  1 49 48.61 2006  9 22 2454000.57625706     2  Clear                 netuno0043.fits                                    Triton                2045  2050
   0.047   0.040 1080.34 1101.98 1.536    347.49     51.83 99.999 99.999 99.999 13.549 13.589 99.999 99.999 99.999  0.090 99.999 99.999 99.999 99.999  99.999  99.999  99.999  99.999  0.022  0.022  0.010  0.009  0.050  0.044   25   24 99.999 99.999   99  21.320691684 -15.855417161  1 50 24.26 2006  9 22 2454000.57666968     2  Clear                 netuno0044.fits                                    Triton                2045  2050
