   0.010   0.035 1070.81 1148.26 2.095    525.38     60.93 99.999 99.999 99.999 13.355 13.410 99.999 99.999 99.999  0.141 99.999 99.999 99.999 99.999  99.999  99.999  99.999  99.999  0.006  0.006  0.014  0.014  0.055  0.055   24   16 99.999 99.999   99  22.462521184 -10.358804269  6  5 37.61 2013  7 13 2456486.75390755    15    I                   Netuno_0001.fits                                   Triton                2048  2048
   0.004   0.073 1073.94 1145.95 2.474    473.43     37.82 99.999 99.999 99.999 13.480 13.501 99.999 99.999 99.999  0.121 99.999 99.999 99.999 99.999  99.999  99.999  99.999  99.999  0.007  0.007  0.017  0.017  0.068  0.070   24   18 99.999 99.999   99  22.462519678 -10.358797341  6  7 34.82 2013  7 13 2456486.75526407    15    I                   Netuno_0004.fits                                   Triton                2048  2048
   0.041   0.012 1073.58 1147.77 2.695    434.07     32.27 99.999 99.999 99.999 13.459 13.537 99.999 99.999 99.999  0.126 99.999 99.999 99.999 99.999  99.999  99.999  99.999  99.999  0.012  0.012  0.015  0.013  0.064  0.058   24   20 99.999 99.999   99  22.462520139 -10.358814785  6  7 55.04 2013  7 13 2456486.75549809    15    I                   Netuno_0005.fits                                   Triton                2048  2048
  -0.031  -0.033 1074.03 1153.39 2.116    574.82     55.44 99.999 99.999 99.999 13.483 13.529 99.999 99.999 99.999  0.151 99.999 99.999 99.999 99.999  99.999  99.999  99.999  99.999  0.004  0.004  0.014  0.016  0.059  0.066   24   18 99.999 99.999   99  22.462518312 -10.358828269  6  8 35.49 2013  7 13 2456486.75596630    15    I                   Netuno_0007.fits                                   Triton                2048  2048
  -0.040   0.049 1073.61 1151.66 1.983    666.43     52.79 99.999 99.999 99.999 13.450 13.478 99.999 99.999 99.999  0.135 99.999 99.999 99.999 99.999  99.999  99.999  99.999  99.999  0.007  0.007  0.014  0.014  0.051  0.050   24   15 99.999 99.999   99  22.462517423 -10.358807449  6  9 36.11 2013  7 13 2456486.75666799    15    I                   Netuno_0010.fits                                   Triton                2048  2048
  -0.020  -0.011 1074.00 1151.03 1.832    775.47     57.34 99.999 99.999 99.999 13.451 13.460 99.999 99.999 99.999  0.140 99.999 99.999 99.999 99.999  99.999  99.999  99.999  99.999  0.009  0.009  0.015  0.012  0.061  0.051   24   19 99.999 99.999   99  22.462517539 -10.358824772  6  9 56.35 2013  7 13 2456486.75690218    15    I                   Netuno_0011.fits                                   Triton                2048  2048
   0.016   0.055 1074.93 1150.42 1.684    874.37     73.60 99.999 99.999 99.999 13.508 13.468 99.999 99.999 99.999  0.174 99.999 99.999 99.999 99.999  99.999  99.999  99.999  99.999  0.007  0.007  0.015  0.013  0.060  0.054   25   18 99.999 99.999   99  22.462517744 -10.358807462  6 10 36.77 2013  7 13 2456486.75737002    15    I                   Netuno_0013.fits                                   Triton                2048  2048
   0.026   0.055 1074.86 1149.62 1.647    899.56     79.33 99.999 99.999 99.999 13.471 13.420 99.999 99.999 99.999  0.179 99.999 99.999 99.999 99.999  99.999  99.999  99.999  99.999  0.008  0.008  0.013  0.015  0.054  0.060   25   19 99.999 99.999   99  22.462517680 -10.358808022  6 10 56.99 2013  7 13 2456486.75760404    15    I                   Netuno_0014.fits                                   Triton                2048  2048
   0.027   0.052 1075.00 1148.38 1.928    748.37     52.86 99.999 99.999 99.999 13.468 13.458 99.999 99.999 99.999  0.163 99.999 99.999 99.999 99.999  99.999  99.999  99.999  99.999  0.004  0.004  0.015  0.017  0.066  0.073   25   21 99.999 99.999   99  22.462517473 -10.358809522  6 11 17.21 2013  7 13 2456486.75783806    15    I                   Netuno_0015.fits                                   Triton                2048  2048
  -0.036   0.027 1075.47 1149.12 1.764    811.83     67.53 99.999 99.999 99.999 13.503 13.499 99.999 99.999 99.999  0.159 99.999 99.999 99.999 99.999  99.999  99.999  99.999  99.999  0.014  0.014  0.014  0.015  0.057  0.061   25   18 99.999 99.999   99  22.462516050 -10.358817196  6 11 37.41 2013  7 13 2456486.75807189    15    I                   Netuno_0016.fits                                   Triton                2048  2048
   0.039   0.014 1076.04 1151.40 1.878    795.34     46.43 99.999 99.999 99.999 13.429 13.436 99.999 99.999 99.999  0.137 99.999 99.999 99.999 99.999  99.999  99.999  99.999  99.999  0.014  0.014  0.011  0.013  0.045  0.051   24   17 99.999 99.999   99  22.462517215 -10.358821508  6 11 57.63 2013  7 13 2456486.75830590    15    I                   Netuno_0017.fits                                   Triton                2048  2048
   0.046   0.045 1075.96 1155.98 1.814    836.33     53.14 99.999 99.999 99.999 13.473 13.457 99.999 99.999 99.999  0.147 99.999 99.999 99.999 99.999  99.999  99.999  99.999  99.999  0.011  0.011  0.012  0.014  0.053  0.058   24   20 99.999 99.999   99  22.462517112 -10.358813337  6 12 17.85 2013  7 13 2456486.75853992    15    I                   Netuno_0018.fits                                   Triton                2048  2048
   0.048   0.074 1077.13 1157.38 1.710    863.52     63.84 99.999 99.999 99.999 13.424 13.378 99.999 99.999 99.999  0.157 99.999 99.999 99.999 99.999  99.999  99.999  99.999  99.999  0.004  0.004  0.012  0.016  0.048  0.066   25   19 99.999 99.999   99  22.462516913 -10.358805712  6 12 38.05 2013  7 13 2456486.75877376    15    I                   Netuno_0019.fits                                   Triton                2048  2048
  -0.009   0.009 1076.72 1158.07 1.787    817.48     56.63 99.999 99.999 99.999 13.479 13.500 99.999 99.999 99.999  0.139 99.999 99.999 99.999 99.999  99.999  99.999  99.999  99.999  0.011  0.011  0.014  0.014  0.055  0.056   24   18 99.999 99.999   99  22.462515575 -10.358824442  6 12 58.29 2013  7 13 2456486.75900795    15    I                   Netuno_0020.fits                                   Triton                2048  2048
  -0.022   0.080 1076.99 1157.55 2.008    701.01     45.20 99.999 99.999 99.999 13.484 13.520 99.999 99.999 99.999  0.148 99.999 99.999 99.999 99.999  99.999  99.999  99.999  99.999  0.011  0.011  0.011  0.015  0.044  0.059   24   17 99.999 99.999   99  22.462515123 -10.358805196  6 13 18.51 2013  7 13 2456486.75924197    15    I                   Netuno_0021.fits                                   Triton                2048  2048
  -0.039  -0.003 1077.17 1157.04 1.704    826.65     82.30 99.999 99.999 99.999 13.454 13.462 99.999 99.999 99.999  0.137 99.999 99.999 99.999 99.999  99.999  99.999  99.999  99.999  0.006  0.006  0.012  0.016  0.051  0.064   24   19 99.999 99.999   99  22.462514538 -10.358829238  6 13 38.71 2013  7 13 2456486.75947580    15    I                   Netuno_0022.fits                                   Triton                2048  2048
   0.037   0.041 1077.37 1156.52 2.297    637.60     23.02 99.999 99.999 99.999 13.473 13.469 99.999 99.999 99.999  0.132 99.999 99.999 99.999 99.999  99.999  99.999  99.999  99.999  0.015  0.015  0.011  0.015  0.044  0.059   24   19 99.999 99.999   99  22.462515753 -10.358817421  6 13 58.93 2013  7 13 2456486.75970982    15    I                   Netuno_0023.fits                                   Triton                2048  2048
   0.017   0.005 1077.09 1156.40 1.626    982.54     70.45 99.999 99.999 99.999 13.516 13.496 99.999 99.999 99.999  0.165 99.999 99.999 99.999 99.999  99.999  99.999  99.999  99.999  0.012  0.012  0.015  0.014  0.064  0.061   25   20 99.999 99.999   99  22.462515130 -10.358828115  6 14 19.13 2013  7 13 2456486.75994365    15    I                   Netuno_0024.fits                                   Triton                2048  2048
   0.009  -0.032 1076.78 1156.73 1.730    979.41     46.81 99.999 99.999 99.999 13.470 13.458 99.999 99.999 99.999  0.164 99.999 99.999 99.999 99.999  99.999  99.999  99.999  99.999  0.011  0.011  0.013  0.013  0.054  0.055   25   19 99.999 99.999   99  22.462514724 -10.358838858  6 14 39.35 2013  7 13 2456486.76017766    15    I                   Netuno_0025.fits                                   Triton                2048  2048
  -0.007  -0.033 1077.21 1156.00 1.862    874.67     33.50 99.999 99.999 99.999 13.547 13.518 99.999 99.999 99.999  0.179 99.999 99.999 99.999 99.999  99.999  99.999  99.999  99.999  0.017  0.017  0.014  0.014  0.057  0.059   25   18 99.999 99.999   99  22.462514207 -10.358839848  6 14 59.57 2013  7 13 2456486.76041168    15    I                   Netuno_0026.fits                                   Triton                2048  2048
  -0.002   0.002 1076.98 1155.27 1.984    707.47     41.91 99.999 99.999 99.999 13.491 13.500 99.999 99.999 99.999  0.135 99.999 99.999 99.999 99.999  99.999  99.999  99.999  99.999  0.001  0.001  0.011  0.014  0.045  0.058   24   18 99.999 99.999   99  22.462514053 -10.358830553  6 15 19.79 2013  7 13 2456486.76064569    15    I                   Netuno_0027.fits                                   Triton                2048  2048
   0.019   0.034 1077.13 1155.58 1.365    795.36     90.86 99.999 99.999 99.999 13.474 13.490 99.999 99.999 99.999  0.166 99.999 99.999 99.999 99.999  99.999  99.999  99.999  99.999  0.010  0.010  0.011  0.015  0.044  0.061   25   20 99.999 99.999   99  22.462514197 -10.358822210  6 15 39.99 2013  7 13 2456486.76087953    15    I                   Netuno_0028.fits                                   Triton                2048  2048
   0.008   0.037 1077.37 1158.98 1.534    721.36     78.37 99.999 99.999 99.999 13.448 13.483 99.999 99.999 99.999  0.150 99.999 99.999 99.999 99.999  99.999  99.999  99.999  99.999  0.011  0.011  0.014  0.016  0.054  0.062   24   18 99.999 99.999   99  22.462513767 -10.358822350  6 16  0.19 2013  7 13 2456486.76111337    15    I                   Netuno_0029.fits                                   Triton                2048  2048
   0.030   0.030 1077.94 1162.13 1.648    870.38     49.43 99.999 99.999 99.999 13.432 13.427 99.999 99.999 99.999  0.142 99.999 99.999 99.999 99.999  99.999  99.999  99.999  99.999  0.009  0.009  0.012  0.015  0.053  0.063   24   20 99.999 99.999   99  22.462513923 -10.358824803  6 16 20.45 2013  7 13 2456486.76134774    15    I                   Netuno_0030.fits                                   Triton                2048  2048
   0.025   0.046 1078.93 1162.51 1.522    924.61     97.61 99.999 99.999 99.999 13.507 13.494 99.999 99.999 99.999  0.163 99.999 99.999 99.999 99.999  99.999  99.999  99.999  99.999  0.015  0.015  0.011  0.014  0.044  0.057   25   18 99.999 99.999   99  22.462513589 -10.358820831  6 16 40.66 2013  7 13 2456486.76158176    15    I                   Netuno_0031.fits                                   Triton                2048  2048
   0.031   0.030 1078.40 1162.96 1.726    909.51     51.96 99.999 99.999 99.999 13.507 13.493 99.999 99.999 99.999  0.159 99.999 99.999 99.999 99.999  99.999  99.999  99.999  99.999  0.016  0.016  0.013  0.015  0.055  0.064   25   20 99.999 99.999   99  22.462513478 -10.358825741  6 17  0.87 2013  7 13 2456486.76181559    15    I                   Netuno_0032.fits                                   Triton                2048  2048
   0.039   0.040 1077.49 1158.09 2.023    689.29     41.44 99.999 99.999 99.999 13.476 13.485 99.999 99.999 99.999  0.134 99.999 99.999 99.999 99.999  99.999  99.999  99.999  99.999  0.009  0.009  0.012  0.016  0.049  0.065   24   20 99.999 99.999   99  22.462512901 -10.358825105  6 18  1.52 2013  7 13 2456486.76251764    15    I                   Netuno_0035.fits                                   Triton                2048  2048
   0.006   0.012 1079.15 1155.45 1.886    520.74     44.72 99.999 99.999 99.999 13.407 13.447 99.999 99.999 99.999  0.136 99.999 99.999 99.999 99.999  99.999  99.999  99.999  99.999  0.019  0.019  0.015  0.014  0.064  0.062   24   20 99.999 99.999   99  22.462511811 -10.358833970  6 18 41.98 2013  7 13 2456486.76298585    15    I                   Netuno_0037.fits                                   Triton                2048  2048
  -0.016   0.023 1078.02 1154.07 2.082    234.32     17.62 99.999 99.999 99.999 13.488 13.539 99.999 99.999 99.999  0.161 99.999 99.999 99.999 99.999  99.999  99.999  99.999  99.999  0.017  0.017  0.008  0.016  0.031  0.060   25   16 99.999 99.999   99  22.462511151 -10.358831322  6 19  2.20 2013  7 13 2456486.76321986    15    I                   Netuno_0038.fits                                   Triton                2048  2048
   0.016  -0.008 1078.41 1152.42 2.117    253.26     22.72 99.999 99.999 99.999 13.549 13.556 99.999 99.999 99.999  0.174 99.999 99.999 99.999 99.999  99.999  99.999  99.999  99.999  0.015  0.015  0.012  0.013  0.052  0.054   24   18 99.999 99.999   99  22.462511492 -10.358840671  6 19 22.43 2013  7 13 2456486.76345405    15    I                   Netuno_0039.fits                                   Triton                2048  2048
  -0.007   0.040 1077.99 1153.60 1.929    295.02     21.84 99.999 99.999 99.999 13.504 13.594 99.999 99.999 99.999  0.148 99.999 99.999 99.999 99.999  99.999  99.999  99.999  99.999  0.008  0.008  0.012  0.018  0.050  0.073   24   19 99.999 99.999   99  22.462510841 -10.358827887  6 19 42.65 2013  7 13 2456486.76368807    15    I                   Netuno_0040.fits                                   Triton                2048  2048
