  -0.002   0.029  522.11  514.41 2.098    198.09     15.06 99.999 99.999 99.999 13.454 13.744 99.999 99.999 99.999  0.273 99.999 99.999 99.999 99.999  99.999  99.999  99.999  99.999  0.025  0.025  0.010  0.012  0.051  0.062   40   29 99.999 99.999   99  20.854861952 -17.650548208 22  8  5.63 2003 10 14 2452927.42228738    10  V                     n40001.fits                                        Triton                1020  1020
   0.022  -0.005  522.30  511.15 2.275    102.12     14.81 99.999 99.999 99.999 13.487 13.645 99.999 99.999 99.999  0.141 99.999 99.999 99.999 99.999  99.999  99.999  99.999  99.999  0.018  0.018  0.013  0.008  0.071  0.044   34   29 99.999 99.999   99  20.854862103 -17.650569327 22 12 29.17 2003 10 14 2452927.42533762     8  V                     n40002.fits                                        Triton                1020  1020
   0.003   0.008  516.36  498.86 2.843   1403.64    105.50 99.999 99.999 99.999 13.421 13.547 99.999 99.999 99.999  0.273 99.999 99.999 99.999 99.999  99.999  99.999  99.999  99.999  0.010  0.010  0.008  0.008  0.050  0.048   42   37 99.999 99.999   99  20.854860997 -17.650591302 22 22  5.72 2003 10 14 2452927.43201065   120  V                     n40005.fits                                        Triton                1020  1020
  -0.023   0.020  525.78  519.34 3.330   1175.19     63.50 99.999 99.999 99.999 13.435 13.609 99.999 99.999 99.999  0.273 99.999 99.999 99.999 99.999  99.999  99.999  99.999  99.999  0.027  0.027  0.009  0.008  0.055  0.047   42   38 99.999 99.999   99  20.854860052 -17.650603157 22 27 50.36 2003 10 14 2452927.43599954   120  V                     n40006.fits                                        Triton                1020  1020
  -0.003   0.018  519.40  495.66 2.840   1291.54    129.05 99.999 99.999 99.999 13.409 13.593 99.999 99.999 99.999  0.276 99.999 99.999 99.999 99.999  99.999  99.999  99.999  99.999  0.011  0.011  0.008  0.008  0.046  0.044   41   36 99.999 99.999   99  20.854860019 -17.650617396 22 33  1.59 2003 10 14 2452927.43960174   120  V                     n40007.fits                                        Triton                1020  1020
  -0.007   0.031  540.80  589.19 2.606     84.57     16.37 99.999 99.999 99.999 13.454 13.649 99.999 99.999 99.999  0.131 99.999 99.999 99.999 99.999  99.999  99.999  99.999  99.999  0.019  0.019  0.009  0.012  0.050  0.065   37   29 99.999 99.999   99  20.854850772 -17.650916463  0 24 17.97 2003 10 15 2452927.51687465     8  V                     n40021.fits                                        Triton                1020  1020
  -0.030  -0.004  532.09  584.47 2.983    106.23     16.77 99.999 99.999 99.999 13.479 13.691 99.999 99.999 99.999  0.142 99.999 99.999 99.999 99.999  99.999  99.999  99.999  99.999  0.015  0.015  0.012  0.012  0.062  0.061   35   28 99.999 99.999   99  20.854850163 -17.650931405  0 26  7.77 2003 10 15 2452927.51814549    12  V                     n40022.fits                                        Triton                1020  1020
   0.009   0.040  536.52  586.84 2.487    153.09     20.61 99.999 99.999 99.999 13.431 13.705 99.999 99.999 99.999  0.259 99.999 99.999 99.999 99.999  99.999  99.999  99.999  99.999  0.016  0.016  0.012  0.009  0.066  0.048   41   32 99.999 99.999   99  20.854850784 -17.650923608  0 27 47.46 2003 10 15 2452927.51929931    12  V                     n40023.fits                                        Triton                1020  1020
  -0.005   0.031  535.49  587.38 2.543   1560.36    136.36 99.999 99.999 99.999 13.402 13.507 99.999 99.999 99.999  0.268 99.999 99.999 99.999 99.999  99.999  99.999  99.999  99.999  0.005  0.005  0.009  0.010  0.053  0.060   43   39 99.999 99.999   99  20.854850283 -17.650932727  0 30  9.31 2003 10 15 2452927.52094109   120  V                     n40024.fits                                        Triton                1020  1020
  -0.027   0.001  526.75  580.34 3.291   1014.53     91.67 99.999 99.999 99.999 13.419 13.607 99.999 99.999 99.999  0.282 99.999 99.999 99.999 99.999  99.999  99.999  99.999  99.999  0.019  0.019  0.008  0.009  0.049  0.054   40   34 99.999 99.999   99  20.854849536 -17.650951783  0 34  0.28 2003 10 15 2452927.52361435   120  V                     n40025.fits                                        Triton                1020  1020
   0.003  -0.000  532.56  585.90 2.976   1127.61    118.91 99.999 99.999 99.999 13.414 13.599 99.999 99.999 99.999  0.277 99.999 99.999 99.999 99.999  99.999  99.999  99.999  99.999  0.012  0.012  0.009  0.009  0.052  0.053   41   38 99.999 99.999   99  20.854849787 -17.650962350  0 37 41.77 2003 10 15 2452927.52617789   120  V                     n40026.fits                                        Triton                1020  1020
