  -0.204  -0.024  965.91  849.20 1.055    379.66     67.70 99.999 99.999 99.999 13.292 13.217 99.999 99.999 99.999  0.106 99.999 99.999 99.999 99.999  99.999  99.999  99.999  99.999  0.013  0.013  0.027  0.032  0.024  0.029    4    4 99.999 99.999   99  22.308522737 -11.174639294  5 58 24.00 2012  7 21 2456129.74888889     2   'R       '           Netuno_0005.fits                                   Triton                2048  2048
  -0.050  -0.054  965.48  849.00 0.925    391.50     83.32 99.999 99.999 99.999 13.336 13.294 99.999 99.999 99.999  0.247 99.999 99.999 99.999 99.999  99.999  99.999  99.999  99.999  0.011  0.011  0.194  0.045  0.155  0.036    4    4 99.999 99.999   99  22.308525531 -11.174648010  5 58 32.00 2012  7 21 2456129.74898148     2   'R       '           Netuno_0006.fits                                   Triton                2048  2048
  -0.143  -0.006  965.17  848.14 0.971    439.44     61.54 99.999 99.999 99.999 13.387 13.264 99.999 99.999 99.999  0.109 99.999 99.999 99.999 99.999  99.999  99.999  99.999  99.999  0.012  0.012  0.015  0.076  0.013  0.068    4    4 99.999 99.999   99  22.308523659 -11.174635516  5 58 40.00 2012  7 21 2456129.74907407     2   'R       '           Netuno_0007.fits                                   Triton                2048  2048
  -0.134  -0.006  965.46  847.45 1.028    290.10     80.41 99.999 99.999 99.999 13.535 13.346 99.999 99.999 99.999  0.191 99.999 99.999 99.999 99.999  99.999  99.999  99.999  99.999  0.022  0.022  0.008  0.039  0.007  0.035    4    4 99.999 99.999   99  22.308523521 -11.174637645  5 59  3.00 2012  7 21 2456129.74934028     2   'R       '           Netuno_0010.fits                                   Triton                2048  2048
  -0.125  -0.003  965.02  847.04 1.199    247.12     65.80 99.999 99.999 99.999 13.329 13.181 99.999 99.999 99.999  0.089 99.999 99.999 99.999 99.999  99.999  99.999  99.999  99.999  0.024  0.024  0.045  0.025  0.040  0.023    4    4 99.999 99.999   99  22.308523607 -11.174637794  5 59 11.00 2012  7 21 2456129.74943287     2   'R       '           Netuno_0011.fits                                   Triton                2048  2048
  -0.096   0.011  964.74  846.49 1.198    299.75     54.70 99.999 99.999 99.999 13.262 13.239 99.999 99.999 99.999  0.058 99.999 99.999 99.999 99.999  99.999  99.999  99.999  99.999  0.013  0.013  0.050  0.026  0.079  0.041    5    5 99.999 99.999   99  22.308524052 -11.174634709  5 59 19.00 2012  7 21 2456129.74952546     2   'R       '           Netuno_0012.fits                                   Triton                2048  2048
  -0.179  -0.050  965.25  848.11 1.117    315.77     61.95 99.999 99.999 99.999 13.386 13.221 99.999 99.999 99.999  0.154 99.999 99.999 99.999 99.999  99.999  99.999  99.999  99.999  0.017  0.017  0.018  0.096  0.016  0.087    5    4 99.999 99.999   99  22.308522405 -11.174652211  5 59 26.00 2012  7 21 2456129.74960648     2   'R       '           Netuno_0013.fits                                   Triton                2048  2048
  -0.146  -0.050  964.57  847.94 1.080    302.47     66.09 99.999 99.999 99.999 13.472 13.321 99.999 99.999 99.999  0.164 99.999 99.999 99.999 99.999  99.999  99.999  99.999  99.999  0.020  0.020  0.004  0.028  0.004  0.025    5    4 99.999 99.999   99  22.308522909 -11.174653018  5 59 34.00 2012  7 21 2456129.74969907     2   'R       '           Netuno_0014.fits                                   Triton                2048  2048
  -0.220  -0.042  964.71  849.64 1.207    336.34     49.32 99.999 99.999 99.999 13.385 13.264 99.999 99.999 99.999  0.105 99.999 99.999 99.999 99.999  99.999  99.999  99.999  99.999  0.000  0.000  0.030  0.026  0.027  0.023    4    4 99.999 99.999   99  22.308521296 -11.174652627  5 59 50.00 2012  7 21 2456129.74988426     2   'R       '           Netuno_0016.fits                                   Triton                2048  2048
  -0.126  -0.053  965.02  850.94 0.859    457.68     89.03 99.999 99.999 99.999 13.343 13.436 99.999 99.999 99.999  0.057 99.999 99.999 99.999 99.999  99.999  99.999  99.999  99.999  0.017  0.017  0.000  0.000  0.000  0.000    3    3 99.999 99.999   99  22.308522980 -11.174656231  5 59 57.00 2012  7 21 2456129.74996528     2   'R       '           Netuno_0017.fits                                   Triton                2048  2048
  -0.093  -0.079  965.02  849.62 0.944    386.73     87.15 99.999 99.999 99.999 13.304 13.314 99.999 99.999 99.999  0.090 99.999 99.999 99.999 99.999  99.999  99.999  99.999  99.999  0.018  0.018  0.000  0.000  0.000  0.000    3    3 99.999 99.999   99  22.308523501 -11.174664169  6  0  5.00 2012  7 21 2456129.75005787     2   'R       '           Netuno_0018.fits                                   Triton                2048  2048
  -0.100  -0.045  964.60  851.16 0.801    459.12    119.24 99.999 99.999 99.999 13.343 13.216 99.999 99.999 99.999  0.176 99.999 99.999 99.999 99.999  99.999  99.999  99.999  99.999  0.018  0.018  0.013  0.049  0.012  0.044    4    4 99.999 99.999   99  22.308523173 -11.174656014  6  0 21.00 2012  7 21 2456129.75024306     2   'R       '           Netuno_0020.fits                                   Triton                2048  2048
  -0.115  -0.074  964.83  851.85 0.825    471.93     90.56 99.999 99.999 99.999 13.296 13.334 99.999 99.999 99.999  0.179 99.999 99.999 99.999 99.999  99.999  99.999  99.999  99.999  0.017  0.017  0.000  0.000  0.000  0.000    3    3 99.999 99.999   99  22.308522779 -11.174664927  6  0 29.00 2012  7 21 2456129.75033565     2   'R       '           Netuno_0021.fits                                   Triton                2048  2048
  -0.192  -0.057  964.47  850.93 0.982    367.18     76.12 99.999 99.999 99.999 13.341 13.209 99.999 99.999 99.999  0.158 99.999 99.999 99.999 99.999  99.999  99.999  99.999  99.999  0.018  0.018  0.018  0.003  0.016  0.002    4    4 99.999 99.999   99  22.308521243 -11.174661181  6  0 36.00 2012  7 21 2456129.75041667     2   'R       '           Netuno_0022.fits                                   Triton                2048  2048
  -0.154  -0.077  964.37  852.09 1.491    185.31     49.69 99.999 99.999 99.999 13.428 13.273 99.999 99.999 99.999  0.209 99.999 99.999 99.999 99.999  99.999  99.999  99.999  99.999  0.025  0.025  0.055  0.075  0.049  0.068    4    4 99.999 99.999   99  22.308521843 -11.174667565  6  0 44.00 2012  7 21 2456129.75050926     2   'R       '           Netuno_0023.fits                                   Triton                2048  2048
  -0.086  -0.050  965.07  852.25 1.504    146.83     54.91 99.999 99.999 99.999 13.366 13.338 99.999 99.999 99.999  0.089 99.999 99.999 99.999 99.999  99.999  99.999  99.999  99.999  0.029  0.029  0.000  0.000  0.000  0.000    3    3 99.999 99.999   99  22.308523013 -11.174660665  6  0 52.00 2012  7 21 2456129.75060185     2   'R       '           Netuno_0024.fits                                   Triton                2048  2048
  -0.133  -0.006  963.48  851.84 1.163    310.83     59.73 99.999 99.999 99.999 13.316 13.378 99.999 99.999 99.999  0.144 99.999 99.999 99.999 99.999  99.999  99.999  99.999  99.999  0.017  0.017  0.000  0.000  0.000  0.000    3    3 99.999 99.999   99  22.308522012 -11.174649194  6  1  0.00 2012  7 21 2456129.75069444     2   'R       '           Netuno_0025.fits                                   Triton                2048  2048
  -0.101  -0.048  964.50  854.16 0.960    408.20     80.86 99.999 99.999 99.999 13.411 13.329 99.999 99.999 99.999  0.138 99.999 99.999 99.999 99.999  99.999  99.999  99.999  99.999  0.018  0.018  0.039  0.079  0.035  0.071    4    4 99.999 99.999   99  22.308522239 -11.174664000  6  1 31.00 2012  7 21 2456129.75105324     2   'R       '           Netuno_0029.fits                                   Triton                2048  2048
  -0.119  -0.056  963.96  854.43 1.396    249.87     53.86 99.999 99.999 99.999 13.385 13.375 99.999 99.999 99.999  0.088 99.999 99.999 99.999 99.999  99.999  99.999  99.999  99.999  0.019  0.019  0.000  0.000  0.000  0.000    3    3 99.999 99.999   99  22.308521810 -11.174666726  6  1 38.00 2012  7 21 2456129.75113426     2   'R       '           Netuno_0030.fits                                   Triton                2048  2048
  -0.077  -0.037  964.38  853.05 0.859    388.43    109.54 99.999 99.999 99.999 13.263 13.128 99.999 99.999 99.999  0.122 99.999 99.999 99.999 99.999  99.999  99.999  99.999  99.999  0.016  0.016  0.006  0.062  0.006  0.056    4    4 99.999 99.999   99  22.308522274 -11.174663875  6  2  2.00 2012  7 21 2456129.75141204     2   'R       '           Netuno_0033.fits                                   Triton                2048  2048
  -0.068  -0.015  963.79  852.65 0.905    413.04     91.92 99.999 99.999 99.999 13.260 13.327 99.999 99.999 99.999  0.196 99.999 99.999 99.999 99.999  99.999  99.999  99.999  99.999  0.004  0.004  0.026  0.021  0.052  0.040    5    5 99.999 99.999   99  22.308522351 -11.174658432  6  2  9.00 2012  7 21 2456129.75149306     2   'R       '           Netuno_0034.fits                                   Triton                2048  2048
  -0.040  -0.017  964.49  850.25 1.114    292.60     78.78 99.999 99.999 99.999 13.300 13.208 99.999 99.999 99.999  0.092 99.999 99.999 99.999 99.999  99.999  99.999  99.999  99.999  0.016  0.016  0.071  0.091  0.063  0.081    4    4 99.999 99.999   99  22.308522767 -11.174659848  6  2 17.00 2012  7 21 2456129.75158565     2   'R       '           Netuno_0035.fits                                   Triton                2048  2048
  -0.194  -0.016  964.60  849.20 1.415    255.53     47.19 99.999 99.999 99.999 13.367 13.217 99.999 99.999 99.999  0.089 99.999 99.999 99.999 99.999  99.999  99.999  99.999  99.999  0.020  0.020  0.021  0.093  0.019  0.084    4    4 99.999 99.999   99  22.308519669 -11.174661235  6  2 33.00 2012  7 21 2456129.75177083     2   'R       '           Netuno_0037.fits                                   Triton                2048  2048
  -0.138  -0.086  964.13  847.41 1.192    288.65     61.91 99.999 99.999 99.999 13.334 13.204 99.999 99.999 99.999  0.144 99.999 99.999 99.999 99.999  99.999  99.999  99.999  99.999  0.020  0.020  0.007  0.104  0.006  0.093    4    4 99.999 99.999   99  22.308520529 -11.174681897  6  2 48.00 2012  7 21 2456129.75194444     2   'R       '           Netuno_0039.fits                                   Triton                2048  2048
  -0.154  -0.054  964.19  847.88 0.860    336.35    100.46 99.999 99.999 99.999 13.474 13.339 99.999 99.999 99.999  0.188 99.999 99.999 99.999 99.999  99.999  99.999  99.999  99.999  0.023  0.023  0.022  0.127  0.020  0.114    5    4 99.999 99.999   99  22.308520118 -11.174673799  6  2 56.00 2012  7 21 2456129.75203704     2   'R       '           Netuno_0040.fits                                   Triton                2048  2048
