  -0.036   0.042 1000.64 1037.13 1.307    278.81    599.45 99.999 99.999 99.999 13.406 13.439 99.999 99.999 99.999  0.347 99.999 99.999 99.999 99.999  99.999  99.999  99.999  99.999  0.009  0.009  0.011  0.016  0.047  0.070   28   20 99.999 99.999   99  21.871882572 -13.350285839  5 37 25.88 2009  7 20 2455032.73432731    80  Dark                  netuno0001.fits                                    Triton                2045  2050
  -0.059   0.095  996.35 1036.39 1.677    203.43    563.46 99.999 99.999 99.999 13.325 13.435 99.999 99.999 99.999  0.308 99.999 99.999 99.999 99.999  99.999  99.999  99.999  99.999  0.027  0.027  0.014  0.016  0.060  0.068   28   19 99.999 99.999   99  21.871879789 -13.350286336  5 39 19.37 2009  7 20 2455032.73564086    80  Dark                  netuno0002.fits                                    Triton                2045  2050
  -0.043   0.022  999.38 1036.62 1.307    246.96    618.18 99.999 99.999 99.999 13.401 13.422 99.999 99.999 99.999  0.312 99.999 99.999 99.999 99.999  99.999  99.999  99.999  99.999  0.014  0.014  0.010  0.015  0.043  0.063   26   19 99.999 99.999   99  21.871877795 -13.350321996  5 41 12.82 2009  7 20 2455032.73695394    80  Dark                  netuno0003.fits                                    Triton                2045  2050
  -0.040   0.103  996.53 1036.00 1.243    295.62    574.97 99.999 99.999 99.999 13.428 13.444 99.999 99.999 99.999  0.329 99.999 99.999 99.999 99.999  99.999  99.999  99.999  99.999  0.017  0.017  0.017  0.020  0.059  0.069   21   14 99.999 99.999   99  21.871875511 -13.350314887  5 43  7.18 2009  7 20 2455032.73827755    80  Dark                  netuno0004.fits                                    Triton                2045  2050
  -0.068   0.125  999.14 1035.31 1.615    196.65    580.56 99.999 99.999 99.999 13.455 13.480 99.999 99.999 99.999  0.325 99.999 99.999 99.999 99.999  99.999  99.999  99.999  99.999  0.037  0.037  0.017  0.023  0.053  0.072   17   13 99.999 99.999   99  21.871872650 -13.350324198  5 45  0.67 2009  7 20 2455032.73959109    80  Dark                  netuno0005.fits                                    Triton                2045  2050
  -0.043   0.041  998.22 1034.15 1.302    269.91    626.36 99.999 99.999 99.999 13.304 13.367 99.999 99.999 99.999  0.283 99.999 99.999 99.999 99.999  99.999  99.999  99.999  99.999  0.008  0.008  0.004  0.020  0.015  0.070   19   13 99.999 99.999   99  21.871870839 -13.350362554  5 46 53.30 2009  7 20 2455032.74089468    80  Dark                  netuno0006.fits                                    Triton                2045  2050
  -0.019   0.024 1002.60 1033.56 1.331    273.73    570.83 99.999 99.999 99.999 13.369 13.478 99.999 99.999 99.999  0.257 99.999 99.999 99.999 99.999  99.999  99.999  99.999  99.999  0.011  0.011  0.010  0.015  0.042  0.063   24   19 99.999 99.999   99  21.871866672 -13.350397680  5 50 40.32 2009  7 20 2455032.74352222    80  Dark                  netuno0008.fits                                    Triton                2045  2050
  -0.014   0.100 1004.25 1031.92 1.556    227.29   1294.78 99.999 99.999 99.999 13.332 13.413 99.999 99.999 99.999  0.331 99.999 99.999 99.999 99.999  99.999  99.999  99.999  99.999  0.027  0.027  0.012  0.015  0.044  0.057   25   16 99.999 99.999   99  21.871862121 -13.350407349  5 54 27.30 2009  7 20 2455032.74614931    80  Dark                  netuno0010.fits                                    Triton                2045  2050
  -0.067   0.127  999.58 1031.06 1.350    289.08   1106.65 99.999 99.999 99.999 13.407 13.374 99.999 99.999 99.999  0.342 99.999 99.999 99.999 99.999  99.999  99.999  99.999  99.999  0.017  0.017  0.013  0.021  0.049  0.080   20   14 99.999 99.999   99  21.871856497 -13.350430181  5 58 13.39 2009  7 20 2455032.74876609    80  Dark                  netuno0012.fits                                    Triton                2045  2050
  -0.044   0.122  994.54 1030.63 1.257    287.34   1251.94 99.999 99.999 99.999 13.356 13.438 99.999 99.999 99.999  0.379 99.999 99.999 99.999 99.999  99.999  99.999  99.999  99.999  0.015  0.015  0.016  0.027  0.043  0.076   18   12 99.999 99.999   99  21.871854612 -13.350446881  6  0  6.85 2009  7 20 2455032.75007928    80  Dark                  netuno0013.fits                                    Triton                2045  2050
  -0.059   0.061  998.04 1030.47 1.364    272.45   1141.43 99.999 99.999 99.999 13.373 13.446 99.999 99.999 99.999  0.355 99.999 99.999 99.999 99.999  99.999  99.999  99.999  99.999  0.019  0.019  0.020  0.018  0.057  0.050   20   12 99.999 99.999   99  21.871852018 -13.350479203  6  2  0.38 2009  7 20 2455032.75139329    80  Dark                  netuno0014.fits                                    Triton                2045  2050
  -0.063   0.035  994.62 1029.41 1.272    309.28   1043.29 99.999 99.999 99.999 13.348 13.442 99.999 99.999 99.999  0.251 99.999 99.999 99.999 99.999  99.999  99.999  99.999  99.999  0.009  0.009  0.012  0.017  0.041  0.060   22   14 99.999 99.999   99  21.871849610 -13.350501706  6  3 53.88 2009  7 20 2455032.75270694    80  Dark                  netuno0015.fits                                    Triton                2045  2050
  -0.055   0.121 1000.33 1028.62 1.443    254.82   1302.22 99.999 99.999 99.999 13.395 13.421 99.999 99.999 99.999  0.323 99.999 99.999 99.999 99.999  99.999  99.999  99.999  99.999  0.001  0.001  0.005  0.020  0.019  0.074   22   14 99.999 99.999   99  21.871847462 -13.350492800  6  5 47.37 2009  7 20 2455032.75402049    80  Dark                  netuno0016.fits                                    Triton                2045  2050
  -0.027   0.059 1005.70 1027.62 1.661    193.13   1237.74 99.999 99.999 99.999 13.386 13.447 99.999 99.999 99.999  0.346 99.999 99.999 99.999 99.999  99.999  99.999  99.999  99.999  0.012  0.012  0.011  0.020  0.043  0.075   23   15 99.999 99.999   99  21.871843348 -13.350540561  6  9 34.34 2009  7 20 2455032.75664745    80  Dark                  netuno0018.fits                                    Triton                2045  2050
  -0.049   0.055 1003.68 1027.19 1.305    231.54   1413.23 99.999 99.999 99.999 13.416 13.470 99.999 99.999 99.999  0.312 99.999 99.999 99.999 99.999  99.999  99.999  99.999  99.999  0.013  0.013  0.014  0.013  0.055  0.052   23   17 99.999 99.999   99  21.871840594 -13.350556835  6 11 27.78 2009  7 20 2455032.75796042    80  Dark                  netuno0019.fits                                    Triton                2045  2050
  -0.063   0.134 1010.58 1026.82 1.259    275.80   1356.23 99.999 99.999 99.999 13.377 13.445 99.999 99.999 99.999  0.355 99.999 99.999 99.999 99.999  99.999  99.999  99.999  99.999  0.016  0.016  0.020  0.024  0.067  0.079   20   14 99.999 99.999   99  21.871838022 -13.350550260  6 13 21.32 2009  7 20 2455032.75927454    80  Dark                  netuno0020.fits                                    Triton                2045  2050
  -0.029   0.100 1005.04 1026.03 1.483    230.26   1220.78 99.999 99.999 99.999 13.409 13.432 99.999 99.999 99.999  0.309 99.999 99.999 99.999 99.999  99.999  99.999  99.999  99.999  0.024  0.024  0.008  0.022  0.028  0.074   22   13 99.999 99.999   99  21.871836336 -13.350574674  6 15 14.77 2009  7 20 2455032.76058762    80  Dark                  netuno0021.fits                                    Triton                2045  2050
  -0.047   0.028 1007.17 1025.60 1.214    312.17   1261.64 99.999 99.999 99.999 13.411 13.442 99.999 99.999 99.999  0.317 99.999 99.999 99.999 99.999  99.999  99.999  99.999  99.999  0.013  0.013  0.010  0.012  0.045  0.053   31   20 99.999 99.999   99  21.871833667 -13.350610112  6 17  9.16 2009  7 20 2455032.76191157    80  Dark                  netuno0022.fits                                    Triton                2045  2050
  -0.018   0.124 1003.72 1025.49 1.361    267.08   1254.70 99.999 99.999 99.999 13.427 13.408 99.999 99.999 99.999  0.349 99.999 99.999 99.999 99.999  99.999  99.999  99.999  99.999  0.018  0.018  0.016  0.023  0.054  0.077   18   14 99.999 99.999   99  21.871831907 -13.350598492  6 19  2.61 2009  7 20 2455032.76322465    80  Dark                  netuno0023.fits                                    Triton                2045  2050
  -0.027   0.090 1004.00 1024.44 1.230    330.93   1304.51 99.999 99.999 99.999 13.386 13.367 99.999 99.999 99.999  0.331 99.999 99.999 99.999 99.999  99.999  99.999  99.999  99.999  0.007  0.007  0.007  0.015  0.023  0.049   24   12 99.999 99.999   99  21.871827073 -13.350638536  6 22 49.61 2009  7 20 2455032.76585197    80  Dark                  netuno0025.fits                                    Triton                2045  2050
  -0.062   0.146 1006.39 1023.62 1.829    179.83   1193.72 99.999 99.999 99.999 13.433 13.472 99.999 99.999 99.999  0.366 99.999 99.999 99.999 99.999  99.999  99.999  99.999  99.999  0.043  0.043  0.017  0.026  0.054  0.082   18   14 99.999 99.999   99  21.871824095 -13.350638158  6 24 43.04 2009  7 20 2455032.76716481    80  Dark                  netuno0026.fits                                    Triton                2045  2050
  -0.060   0.082 1006.64 1023.12 1.334    282.43   1108.70 99.999 99.999 99.999 13.400 13.474 99.999 99.999 99.999  0.294 99.999 99.999 99.999 99.999  99.999  99.999  99.999  99.999  0.007  0.007  0.013  0.017  0.052  0.069   25   17 99.999 99.999   99  21.871821796 -13.350671143  6 26 36.46 2009  7 20 2455032.76847755    80  Dark                  netuno0027.fits                                    Triton                2045  2050
  -0.046   0.108 1011.04 1022.27 1.242    311.43   1306.66 99.999 99.999 99.999 13.409 13.410 99.999 99.999 99.999  0.345 99.999 99.999 99.999 99.999  99.999  99.999  99.999  99.999  0.009  0.009  0.012  0.020  0.043  0.074   20   15 99.999 99.999   99  21.871817438 -13.350694044  6 30 23.39 2009  7 20 2455032.77110405    80  Dark                  netuno0029.fits                                    Triton                2045  2050
  -0.011   0.055 1011.37 1021.84 1.576    162.20   1229.63 99.999 99.999 99.999 13.378 13.502 99.999 99.999 99.999  0.213 99.999 99.999 99.999 99.999  99.999  99.999  99.999  99.999  0.040  0.040  0.009  0.021  0.030  0.073   19   14 99.999 99.999   99  21.871815799 -13.350724045  6 32 16.85 2009  7 20 2455032.77241725    80  Dark                  netuno0030.fits                                    Triton                2045  2050
