   0.084  -0.023  569.52 1117.84 2.023   1200.34    132.34 99.999 99.999 99.999 13.513 13.286 99.999 99.999 99.999  0.272 99.999 99.999 99.999 99.999  99.999  99.999  99.999  99.999  0.023  0.023  0.011  0.024  0.030  0.062   29   20 99.999 99.999   99  22.027033158 -12.672416518 23  0  6.00 2011 10 24 2455859.45840278    60    I                   Tritao_0001.fits                                   Triton                2048  2048
   0.084  -0.004  570.42 1117.64 1.986   1409.55    102.95 99.999 99.999 99.999 13.528 13.308 99.999 99.999 99.999  0.279 99.999 99.999 99.999 99.999  99.999  99.999  99.999  99.999  0.021  0.021  0.021  0.024  0.055  0.064   30   21 99.999 99.999   99  22.027032682 -12.672416193 23  2 14.00 2011 10 24 2455859.45988426    60    I                   Tritao_0003.fits                                   Triton                2048  2048
   0.097  -0.019  566.06 1117.39 1.948   1136.50    166.16 99.999 99.999 99.999 13.519 13.355 99.999 99.999 99.999  0.269 99.999 99.999 99.999 99.999  99.999  99.999  99.999  99.999  0.023  0.023  0.016  0.024  0.042  0.065   29   21 99.999 99.999   99  22.027032695 -12.672422879 23  3 17.00 2011 10 24 2455859.46061343    60    I                   Tritao_0004.fits                                   Triton                2048  2048
   0.095  -0.007  570.67 1117.87 2.114   1274.10     94.51 99.999 99.999 99.999 13.529 13.294 99.999 99.999 99.999  0.263 99.999 99.999 99.999 99.999  99.999  99.999  99.999  99.999  0.013  0.013  0.014  0.023  0.037  0.062   30   21 99.999 99.999   99  22.027032184 -12.672424511 23  5 25.00 2011 10 24 2455859.46209491    60    I                   Tritao_0006.fits                                   Triton                2048  2048
   0.080  -0.046  572.91 1117.65 1.718   1607.72    163.10 99.999 99.999 99.999 13.528 13.281 99.999 99.999 99.999  0.272 99.999 99.999 99.999 99.999  99.999  99.999  99.999  99.999  0.010  0.010  0.014  0.018  0.038  0.049   30   21 99.999 99.999   99  22.027031658 -12.672437437 23  6 28.00 2011 10 24 2455859.46282407    60    I                   Tritao_0007.fits                                   Triton                2048  2048
   0.069  -0.040  570.14 1116.82 2.011   1345.17    101.40 99.999 99.999 99.999 13.497 13.279 99.999 99.999 99.999  0.254 99.999 99.999 99.999 99.999  99.999  99.999  99.999  99.999  0.014  0.014  0.018  0.025  0.049  0.066   30   22 99.999 99.999   99  22.027031226 -12.672438345 23  7 32.00 2011 10 24 2455859.46356481    60    I                   Tritao_0008.fits                                   Triton                2048  2048
   0.061  -0.057  571.97 1116.85 2.085   1329.21     86.86 99.999 99.999 99.999 13.493 13.239 99.999 99.999 99.999  0.263 99.999 99.999 99.999 99.999  99.999  99.999  99.999  99.999  0.012  0.012  0.019  0.022  0.047  0.054   30   20 99.999 99.999   99  22.027030829 -12.672445569 23  8 36.00 2011 10 24 2455859.46430556    60    I                   Tritao_0009.fits                                   Triton                2048  2048
   0.078  -0.055  573.58 1116.52 1.867   1497.39    123.22 99.999 99.999 99.999 13.522 13.288 99.999 99.999 99.999  0.267 99.999 99.999 99.999 99.999  99.999  99.999  99.999  99.999  0.014  0.014  0.016  0.024  0.039  0.056   30   19 99.999 99.999   99  22.027030934 -12.672447520 23  9 39.00 2011 10 24 2455859.46503472    60    I                   Tritao_0010.fits                                   Triton                2048  2048
   0.070  -0.054  574.82 1116.25 1.987   1242.18    131.65 99.999 99.999 99.999 13.502 13.271 99.999 99.999 99.999  0.264 99.999 99.999 99.999 99.999  99.999  99.999  99.999  99.999  0.019  0.019  0.021  0.022  0.055  0.059   31   21 99.999 99.999   99  22.027030525 -12.672449659 23 10 43.00 2011 10 24 2455859.46577546    60    I                   Tritao_0011.fits                                   Triton                2048  2048
   0.078  -0.050  570.46 1116.92 1.706   1493.71    195.03 99.999 99.999 99.999 13.496 13.259 99.999 99.999 99.999  0.274 99.999 99.999 99.999 99.999  99.999  99.999  99.999  99.999  0.017  0.017  0.014  0.020  0.038  0.054   30   22 99.999 99.999   99  22.027030448 -12.672451230 23 11 47.00 2011 10 24 2455859.46651620    60    I                   Tritao_0012.fits                                   Triton                2048  2048
   0.069  -0.066  572.68 1116.47 1.785   1714.63    117.50 99.999 99.999 99.999 13.519 13.235 99.999 99.999 99.999  0.281 99.999 99.999 99.999 99.999  99.999  99.999  99.999  99.999  0.021  0.022  0.018  0.023  0.044  0.057   30   20 99.999 99.999   99  22.027030039 -12.672457949 23 12 51.00 2011 10 24 2455859.46725694    60    I                   Tritao_0013.fits                                   Triton                2048  2048
   0.056  -0.042  573.97 1116.28 2.097   1300.35     94.93 99.999 99.999 99.999 13.509 13.309 99.999 99.999 99.999  0.269 99.999 99.999 99.999 99.999  99.999  99.999  99.999  99.999  0.012  0.012  0.014  0.022  0.038  0.058   30   21 99.999 99.999   99  22.027029572 -12.672454024 23 13 54.00 2011 10 24 2455859.46798611    60    I                   Tritao_0014.fits                                   Triton                2048  2048
   0.091  -0.046  568.95 1116.26 1.877   1364.87    152.69 99.999 99.999 99.999 13.526 13.336 99.999 99.999 99.999  0.265 99.999 99.999 99.999 99.999  99.999  99.999  99.999  99.999  0.017  0.017  0.017  0.019  0.041  0.048   30   20 99.999 99.999   99  22.027029749 -12.672459928 23 16  2.00 2011 10 24 2455859.46946759    60    I                   Tritao_0016.fits                                   Triton                2048  2048
   0.093  -0.043  571.22 1115.16 1.656   1658.51    178.29 99.999 99.999 99.999 13.489 13.228 99.999 99.999 99.999  0.269 99.999 99.999 99.999 99.999  99.999  99.999  99.999  99.999  0.014  0.015  0.012  0.023  0.031  0.061   30   20 99.999 99.999   99  22.027029313 -12.672464117 23 18  9.00 2011 10 24 2455859.47093750    60    I                   Tritao_0018.fits                                   Triton                2048  2048
   0.090  -0.009  566.50 1115.51 2.219   1171.37     87.42 99.999 99.999 99.999 13.512 13.296 99.999 99.999 99.999  0.269 99.999 99.999 99.999 99.999  99.999  99.999  99.999  99.999  0.014  0.014  0.017  0.023  0.046  0.062   30   21 99.999 99.999   99  22.027029009 -12.672457252 23 19 13.00 2011 10 24 2455859.47167824    60    I                   Tritao_0019.fits                                   Triton                2048  2048
   0.073  -0.013  565.98 1114.85 1.963   1371.29    120.68 99.999 99.999 99.999 13.463 13.249 99.999 99.999 99.999  0.266 99.999 99.999 99.999 99.999  99.999  99.999  99.999  99.999  0.016  0.016  0.019  0.022  0.052  0.059   30   22 99.999 99.999   99  22.027028478 -12.672460427 23 20 16.00 2011 10 24 2455859.47240741    60    I                   Tritao_0020.fits                                   Triton                2048  2048
   0.067  -0.036  566.81 1114.51 2.106   1319.26     86.06 99.999 99.999 99.999 13.545 13.298 99.999 99.999 99.999  0.262 99.999 99.999 99.999 99.999  99.999  99.999  99.999  99.999  0.028  0.028  0.017  0.022  0.045  0.059   30   21 99.999 99.999   99  22.027028099 -12.672469341 23 21 20.00 2011 10 24 2455859.47314815    60    I                   Tritao_0021.fits                                   Triton                2048  2048
   0.076  -0.046  566.01 1113.20 1.814   1510.92    146.89 99.999 99.999 99.999 13.522 13.366 99.999 99.999 99.999  0.254 99.999 99.999 99.999 99.999  99.999  99.999  99.999  99.999  0.009  0.009  0.020  0.025  0.053  0.066   30   22 99.999 99.999   99  22.027026867 -12.672487336 23 27 42.00 2011 10 24 2455859.47756944    60    I                   Tritao_0027.fits                                   Triton                2048  2048
   0.065  -0.042  569.54 1112.64 1.804   1287.03    187.62 99.999 99.999 99.999 13.526 13.268 99.999 99.999 99.999  0.260 99.999 99.999 99.999 99.999  99.999  99.999  99.999  99.999  0.021  0.021  0.015  0.024  0.035  0.057   30   19 99.999 99.999   99  22.027026426 -12.672488667 23 28 46.00 2011 10 24 2455859.47831019    60    I                   Tritao_0028.fits                                   Triton                2048  2048
   0.074  -0.023  571.93 1112.85 2.359   1233.10     36.46 99.999 99.999 99.999 13.496 13.252 99.999 99.999 99.999  0.260 99.999 99.999 99.999 99.999  99.999  99.999  99.999  99.999  0.000  0.000  0.015  0.024  0.041  0.063   30   21 99.999 99.999   99  22.027026357 -12.672486140 23 29 50.00 2011 10 24 2455859.47905093    60    I                   Tritao_0029.fits                                   Triton                2048  2048
   0.067  -0.049  570.82 1113.45 2.084   1250.89    104.34 99.999 99.999 99.999 13.499 13.314 99.999 99.999 99.999  0.267 99.999 99.999 99.999 99.999  99.999  99.999  99.999  99.999  0.016  0.016  0.016  0.024  0.042  0.064   30   22 99.999 99.999   99  22.027025990 -12.672495659 23 30 53.00 2011 10 24 2455859.47978009    60    I                   Tritao_0030.fits                                   Triton                2048  2048
   0.067  -0.040  570.49 1111.53 1.941   2362.73    183.81 99.999 99.999 99.999 13.528 13.191 99.999 99.999 99.999  0.269 99.999 99.999 99.999 99.999  99.999  99.999  99.999  99.999  0.017  0.017  0.015  0.020  0.044  0.058   31   22 99.999 99.999   99  22.027024419 -12.672509995 23 37 56.00 2011 10 24 2455859.48467593   100    I                   Tritao_0031.fits                                   Triton                2048  2048
   0.086  -0.028  566.62 1110.53 1.710   2615.72    287.13 99.999 99.999 99.999 13.516 13.187 99.999 99.999 99.999  0.262 99.999 99.999 99.999 99.999  99.999  99.999  99.999  99.999  0.021  0.021  0.012  0.024  0.030  0.062   30   20 99.999 99.999   99  22.027024000 -12.672514597 23 41 23.00 2011 10 24 2455859.48707176   100    I                   Tritao_0033.fits                                   Triton                2048  2048
   0.069  -0.037  564.77 1109.19 2.164   2106.39    127.18 99.999 99.999 99.999 13.521 13.243 99.999 99.999 99.999  0.258 99.999 99.999 99.999 99.999  99.999  99.999  99.999  99.999  0.023  0.023  0.011  0.019  0.033  0.055   31   21 99.999 99.999   99  22.027022896 -12.672525528 23 44 51.00 2011 10 24 2455859.48947917   100    I                   Tritao_0035.fits                                   Triton                2048  2048
   0.063  -0.037  567.76 1108.83 2.149   2090.87    134.15 99.999 99.999 99.999 13.516 13.244 99.999 99.999 99.999  0.258 99.999 99.999 99.999 99.999  99.999  99.999  99.999  99.999  0.017  0.017  0.012  0.021  0.034  0.060   31   22 99.999 99.999   99  22.027022395 -12.672529597 23 46 34.00 2011 10 24 2455859.49067130   100    I                   Tritao_0036.fits                                   Triton                2048  2048
   0.067  -0.043  568.04 1107.32 2.534   1790.15     56.21 99.999 99.999 99.999 13.511 13.242 99.999 99.999 99.999  0.254 99.999 99.999 99.999 99.999  99.999  99.999  99.999  99.999  0.017  0.017  0.012  0.016  0.034  0.047   31   21 99.999 99.999   99  22.027022079 -12.672535494 23 48 18.00 2011 10 24 2455859.49187500   100    I                   Tritao_0037.fits                                   Triton                2048  2048
   0.074  -0.028  572.07 1107.08 2.303   1958.80    101.19 99.999 99.999 99.999 13.525 13.264 99.999 99.999 99.999  0.265 99.999 99.999 99.999 99.999  99.999  99.999  99.999  99.999  0.020  0.020  0.014  0.019  0.041  0.054   31   22 99.999 99.999   99  22.027021818 -12.672535491 23 50  2.00 2011 10 24 2455859.49307870   100    I                   Tritao_0038.fits                                   Triton                2048  2048
   0.096  -0.012  569.79 1106.87 2.028   2298.08    144.80 99.999 99.999 99.999 13.509 13.253 99.999 99.999 99.999  0.261 99.999 99.999 99.999 99.999  99.999  99.999  99.999  99.999  0.022  0.022  0.014  0.020  0.040  0.060   31   22 99.999 99.999   99  22.027021853 -12.672535210 23 51 46.00 2011 10 24 2455859.49428241   100    I                   Tritao_0039.fits                                   Triton                2048  2048
   0.055  -0.046  572.38 1106.04 2.088   2196.11    141.33 99.999 99.999 99.999 13.524 13.250 99.999 99.999 99.999  0.261 99.999 99.999 99.999 99.999  99.999  99.999  99.999  99.999  0.025  0.025  0.011  0.020  0.031  0.058   31   21 99.999 99.999   99  22.027020703 -12.672548996 23 53 29.00 2011 10 24 2455859.49547454   100    I                   Tritao_0040.fits                                   Triton                2048  2048
   0.080  -0.022  564.67 1103.29 2.211   2090.09    107.55 99.999 99.999 99.999 13.525 13.253 99.999 99.999 99.999  0.265 99.999 99.999 99.999 99.999  99.999  99.999  99.999  99.999  0.020  0.020  0.015  0.020  0.043  0.060   31   22 99.999 99.999   99  22.027019624 -12.672558826  0  0 24.00 2011 10 25 2455859.50027778   100    I                   Tritao_0044.fits                                   Triton                2048  2048
   0.066  -0.032  565.37 1103.20 2.119   2169.11    115.43 99.999 99.999 99.999 13.516 13.260 99.999 99.999 99.999  0.268 99.999 99.999 99.999 99.999  99.999  99.999  99.999  99.999  0.020  0.020  0.014  0.018  0.041  0.050   31   21 99.999 99.999   99  22.027018974 -12.672565769  0  2  8.00 2011 10 25 2455859.50148148   100    I                   Tritao_0045.fits                                   Triton                2048  2048
   0.093  -0.010  560.37 1102.61 2.042   2308.13    132.97 99.999 99.999 99.999 13.521 13.224 99.999 99.999 99.999  0.269 99.999 99.999 99.999 99.999  99.999  99.999  99.999  99.999  0.019  0.019  0.017  0.017  0.049  0.051   31   23 99.999 99.999   99  22.027019100 -12.672563838  0  3 51.00 2011 10 25 2455859.50267361   100    I                   Tritao_0046.fits                                   Triton                2048  2048
   0.065  -0.011  564.59 1101.49 2.221   1886.82    147.32 99.999 99.999 99.999 13.513 13.258 99.999 99.999 99.999  0.266 99.999 99.999 99.999 99.999  99.999  99.999  99.999  99.999  0.015  0.015  0.010  0.020  0.028  0.058   31   21 99.999 99.999   99  22.027018179 -12.672568375  0  5 35.00 2011 10 25 2455859.50387731   100    I                   Tritao_0047.fits                                   Triton                2048  2048
   0.087  -0.066  563.97 1101.03 2.187   1961.62    144.83 99.999 99.999 99.999 13.502 13.234 99.999 99.999 99.999  0.260 99.999 99.999 99.999 99.999  99.999  99.999  99.999  99.999  0.017  0.017  0.017  0.019  0.046  0.053   31   22 99.999 99.999   99  22.027018208 -12.672587651  0  7 19.00 2011 10 25 2455859.50508102   100    I                   Tritao_0048.fits                                   Triton                2048  2048
   0.067  -0.013  566.57 1100.02 2.503   1740.19     69.13 99.999 99.999 99.999 13.502 13.258 99.999 99.999 99.999  0.257 99.999 99.999 99.999 99.999  99.999  99.999  99.999  99.999  0.016  0.016  0.010  0.024  0.030  0.068   31   21 99.999 99.999   99  22.027017056 -12.672581473  0 10 46.00 2011 10 25 2455859.50747685   100    I                   Tritao_0050.fits                                   Triton                2048  2048
   0.090  -0.014  563.05 1097.83 2.303   2034.79     76.76 99.999 99.999 99.999 13.515 13.266 99.999 99.999 99.999  0.263 99.999 99.999 99.999 99.999  99.999  99.999  99.999  99.999  0.016  0.016  0.017  0.025  0.051  0.073   31   23 99.999 99.999   99  22.027016318 -12.672594501  0 15 57.00 2011 10 25 2455859.51107639   100    I                   Tritao_0053.fits                                   Triton                2048  2048
   0.080  -0.067  565.77 1097.49 2.056   1976.06    192.11 99.999 99.999 99.999 13.515 13.263 99.999 99.999 99.999  0.267 99.999 99.999 99.999 99.999  99.999  99.999  99.999  99.999  0.026  0.026  0.014  0.021  0.040  0.061   31   22 99.999 99.999   99  22.027015740 -12.672613440  0 17 41.00 2011 10 25 2455859.51228009   100    I                   Tritao_0054.fits                                   Triton                2048  2048
   0.067  -0.040  559.99 1096.45 2.454   1799.24     77.48 99.999 99.999 99.999 13.510 13.258 99.999 99.999 99.999  0.256 99.999 99.999 99.999 99.999  99.999  99.999  99.999  99.999  0.016  0.016  0.015  0.020  0.045  0.059   31   22 99.999 99.999   99  22.027015109 -12.672609989  0 19 25.00 2011 10 25 2455859.51348380   100    I                   Tritao_0055.fits                                   Triton                2048  2048
   0.061  -0.022  561.17 1095.59 1.953   2421.99    157.21 99.999 99.999 99.999 13.507 13.200 99.999 99.999 99.999  0.271 99.999 99.999 99.999 99.999  99.999  99.999  99.999  99.999  0.022  0.022  0.013  0.020  0.037  0.056   31   22 99.999 99.999   99  22.027014593 -12.672609108  0 21  8.00 2011 10 25 2455859.51467593   100    I                   Tritao_0056.fits                                   Triton                2048  2048
   0.069  -0.027  557.01 1094.33 2.575   1546.79     98.45 99.999 99.999 99.999 13.531 13.293 99.999 99.999 99.999  0.218 99.999 99.999 99.999 99.999  99.999  99.999  99.999  99.999  0.021  0.021  0.012  0.017  0.034  0.048   31   20 99.999 99.999   99  22.027014360 -12.672614922  0 22 52.00 2011 10 25 2455859.51587963   100    I                   Tritao_0057.fits                                   Triton                2048  2048
   0.074  -0.033  562.15 1092.63 2.336   1889.88     82.51 99.999 99.999 99.999 13.529 13.256 99.999 99.999 99.999  0.264 99.999 99.999 99.999 99.999  99.999  99.999  99.999  99.999  0.015  0.015  0.017  0.019  0.051  0.057   31   23 99.999 99.999   99  22.027013684 -12.672624918  0 26 20.00 2011 10 25 2455859.51828704   100    I                   Tritao_0059.fits                                   Triton                2048  2048
   0.097  -0.045  561.67 1092.53 2.263   1925.04    108.05 99.999 99.999 99.999 13.521 13.236 99.999 99.999 99.999  0.260 99.999 99.999 99.999 99.999  99.999  99.999  99.999  99.999  0.019  0.019  0.013  0.021  0.039  0.063   31   22 99.999 99.999   99  22.027013763 -12.672632817  0 28  3.00 2011 10 25 2455859.51947917   100    I                   Tritao_0060.fits                                   Triton                2048  2048
