   0.035  -0.018  563.65 1125.11 2.591    969.45     59.53 99.999 99.999 99.999 13.529 13.456 99.999 99.999 99.999  0.283 99.999 99.999 99.999 99.999  99.999  99.999  99.999  99.999  0.008  0.008  0.015  0.016  0.048  0.054   31   20 99.999 99.999   99  22.026016750 -12.684220169 23  7 48.00 2011 10 26 2455861.46375000    60    I                   Tritao_0001.fits                                   Triton                2048  2048
   0.044  -0.006  565.10 1125.03 2.917    793.17     55.84 99.999 99.999 99.999 13.527 13.501 99.999 99.999 99.999  0.284 99.999 99.999 99.999 99.999  99.999  99.999  99.999  99.999  0.014  0.014  0.016  0.015  0.057  0.054   31   21 99.999 99.999   99  22.026016327 -12.684221344 23  8 52.00 2011 10 26 2455861.46449074    60    I                   Tritao_0002.fits                                   Triton                2048  2048
   0.051  -0.011  565.95 1124.85 2.206   1117.40    107.23 99.999 99.999 99.999 13.501 13.430 99.999 99.999 99.999  0.266 99.999 99.999 99.999 99.999  99.999  99.999  99.999  99.999  0.007  0.007  0.016  0.022  0.052  0.072   31   21 99.999 99.999   99  22.026015912 -12.684227020 23  9 56.00 2011 10 26 2455861.46523148    60    I                   Tritao_0003.fits                                   Triton                2048  2048
   0.024  -0.025  560.23 1124.24 2.415   1023.19     83.09 99.999 99.999 99.999 13.502 13.478 99.999 99.999 99.999  0.276 99.999 99.999 99.999 99.999  99.999  99.999  99.999  99.999  0.016  0.016  0.015  0.021  0.045  0.062   29   19 99.999 99.999   99  22.026013670 -12.684243548 23 13  7.00 2011 10 26 2455861.46744213    60    I                   Tritao_0006.fits                                   Triton                2048  2048
   0.092   0.028  553.65 1124.54 2.742    745.11     84.17 99.999 99.999 99.999 13.492 13.483 99.999 99.999 99.999  0.268 99.999 99.999 99.999 99.999  99.999  99.999  99.999  99.999  0.016  0.016  0.013  0.022  0.039  0.065   29   18 99.999 99.999   99  22.026013828 -12.684237436 23 15 15.00 2011 10 26 2455861.46892361    60    I                   Tritao_0008.fits                                   Triton                2048  2048
   0.066  -0.023  557.77 1123.20 2.896    792.59     60.88 99.999 99.999 99.999 13.496 13.481 99.999 99.999 99.999  0.272 99.999 99.999 99.999 99.999  99.999  99.999  99.999  99.999  0.018  0.018  0.017  0.022  0.044  0.055   29   20 99.999 99.999   99  22.026012195 -12.684260113 23 17 22.00 2011 10 26 2455861.47039352    60    I                   Tritao_0010.fits                                   Triton                2048  2048
   0.030  -0.051  560.98 1123.16 2.395    989.26     85.24 99.999 99.999 99.999 13.523 13.416 99.999 99.999 99.999  0.274 99.999 99.999 99.999 99.999  99.999  99.999  99.999  99.999  0.014  0.014  0.019  0.020  0.057  0.060   31   20 99.999 99.999   99  22.026009214 -12.684284808 23 21 37.00 2011 10 26 2455861.47334491    60    I                   Tritao_0014.fits                                   Triton                2048  2048
   0.059   0.029  561.13 1123.41 2.351   1140.32     67.71 99.999 99.999 99.999 13.531 13.454 99.999 99.999 99.999  0.272 99.999 99.999 99.999 99.999  99.999  99.999  99.999  99.999  0.012  0.012  0.014  0.020  0.047  0.068   31   21 99.999 99.999   99  22.026009197 -12.684267042 23 22 41.00 2011 10 26 2455861.47408565    60    I                   Tritao_0015.fits                                   Triton                2048  2048
   0.057  -0.019  560.30 1123.53 2.148   1112.18    108.66 99.999 99.999 99.999 13.524 13.445 99.999 99.999 99.999  0.286 99.999 99.999 99.999 99.999  99.999  99.999  99.999  99.999  0.012  0.012  0.014  0.021  0.040  0.062   30   20 99.999 99.999   99  22.026008023 -12.684288688 23 24 49.00 2011 10 26 2455861.47556713    60    I                   Tritao_0017.fits                                   Triton                2048  2048
   0.072  -0.074  552.95 1120.82 2.481    912.49     97.48 99.999 99.999 99.999 13.525 13.497 99.999 99.999 99.999  0.276 99.999 99.999 99.999 99.999  99.999  99.999  99.999  99.999  0.017  0.017  0.019  0.021  0.048  0.052   29   18 99.999 99.999   99  22.026004314 -12.684333679 23 32 14.00 2011 10 26 2455861.48071759    60    I                   Tritao_0024.fits                                   Triton                2048  2048
   0.076   0.011  559.55 1118.37 2.332   1699.24    155.56 99.999 99.999 99.999 13.546 13.385 99.999 99.999 99.999  0.279 99.999 99.999 99.999 99.999  99.999  99.999  99.999  99.999  0.015  0.015  0.014  0.020  0.047  0.070   31   19 99.999 99.999   99  22.025997189 -12.684362782 23 45 35.00 2011 10 26 2455861.48998843   100    I                   Tritao_0034.fits                                   Triton                2048  2048
   0.081  -0.018  556.69 1118.06 2.469   1582.52    138.55 99.999 99.999 99.999 13.492 13.395 99.999 99.999 99.999  0.269 99.999 99.999 99.999 99.999  99.999  99.999  99.999  99.999  0.014  0.014  0.021  0.024  0.054  0.060   29   19 99.999 99.999   99  22.025995425 -12.684384451 23 49  3.00 2011 10 26 2455861.49239583   100    I                   Tritao_0036.fits                                   Triton                2048  2048
   0.088  -0.010  546.95 1114.83 2.298   1485.07    221.60 99.999 99.999 99.999 13.523 13.435 99.999 99.999 99.999  0.282 99.999 99.999 99.999 99.999  99.999  99.999  99.999  99.999  0.018  0.018  0.015  0.025  0.039  0.064   29   19 99.999 99.999   99  22.025991835 -12.684409446 23 55 58.00 2011 10 26 2455861.49719907   100    I                   Tritao_0040.fits                                   Triton                2048  2048
   0.061  -0.022  553.24 1111.62 2.966   1256.54     98.43 99.999 99.999 99.999 13.532 13.459 99.999 99.999 99.999  0.281 99.999 99.999 99.999 99.999  99.999  99.999  99.999  99.999  0.006  0.006  0.017  0.022  0.045  0.059   30   20 99.999 99.999   99  22.025986653 -12.684446740  0  4 37.00 2011 10 27 2455861.50320602   100    I                   Tritao_0045.fits                                   Triton                2048  2048
   0.081  -0.021  553.53 1103.97 2.461   1763.28    107.26 99.999 99.999 99.999 13.539 13.426 99.999 99.999 99.999  0.284 99.999 99.999 99.999 99.999  99.999  99.999  99.999  99.999  0.019  0.019  0.012  0.022  0.031  0.055   30   18 99.999 99.999   99  22.025977696 -12.684513897  0 21 55.00 2011 10 27 2455861.51521991   100    I                   Tritao_0055.fits                                   Triton                2048  2048
