   0.068   0.035 1110.20  969.92 1.834    838.45   3027.66 99.999 99.999 99.999 13.333 13.313 99.999 99.999 99.999  0.230 99.999 99.999 99.999 99.999  99.999  99.999  99.999  99.999  0.019  0.019  0.021  0.010  0.050  0.023   11   10 99.999 99.999   99  22.079787149 -12.394742162  5 39 20.00 2011  9 10 2455814.73564815    30    I                   Neptune_05.39.38_0001.fits                         Triton                2048  2048
   0.088  -0.092 1106.68  970.89 1.890    300.51   1080.70 99.999 99.999 99.999 13.277 13.398 99.999 99.999 99.999  0.030 99.999 99.999 99.999 99.999  99.999  99.999  99.999  99.999  0.052  0.052  0.030  0.002  0.048  0.003    4    4 99.999 99.999   99  22.079777914 -12.394833314  5 46 27.00 2011  9 10 2455814.74059028    40    I                   Neptune_05.46.49_0001.fits                         Triton                2048  2048
   0.124  -0.087 1107.73  970.52 2.106    878.50   1326.81 99.999 99.999 99.999 13.370 13.299 99.999 99.999 99.999  0.176 99.999 99.999 99.999 99.999  99.999  99.999  99.999  99.999  0.021  0.021  0.030  0.018  0.061  0.037   11    9 99.999 99.999   99  22.079777621 -12.394837461  5 47 10.00 2011  9 10 2455814.74108796    40    I                   Neptune_05.47.33_0002.fits                         Triton                2048  2048
   0.067   0.023 1099.58  971.58 1.896    910.41   5198.89 99.999 99.999 99.999 13.267 13.132 99.999 99.999 99.999  0.145 99.999 99.999 99.999 99.999  99.999  99.999  99.999  99.999  0.026  0.026  0.033  0.039  0.056  0.065    9    9 99.999 99.999   99  22.079773638 -12.394823779  5 49 20.00 2011  9 10 2455814.74259259    40    I                   Neptune_05.49.42_0005.fits                         Triton                2048  2048
   0.066  -0.083 1099.93  971.38 1.993   1101.31   5173.35 99.999 99.999 99.999 13.340 13.363 99.999 99.999 99.999  0.189 99.999 99.999 99.999 99.999  99.999  99.999  99.999  99.999  0.020  0.020  0.049  0.052  0.059  0.063    9    8 99.999 99.999   99  22.079772633 -12.394858805  5 50  3.00 2011  9 10 2455814.74309028    40    I                   Neptune_05.50.26_0006.fits                         Triton                2048  2048
   0.131   0.011 1103.04  972.01 2.048   1034.07   5233.97 99.999 99.999 99.999 13.365 13.419 99.999 99.999 99.999  0.180 99.999 99.999 99.999 99.999  99.999  99.999  99.999  99.999  0.002  0.002  0.032  0.028  0.063  0.056   10   10 99.999 99.999   99  22.079772876 -12.394838477  5 50 47.00 2011  9 10 2455814.74359954    40    I                   Neptune_05.51.09_0007.fits                         Triton                2048  2048
   0.156  -0.049 1101.64  971.85 2.225    919.07   5190.98 99.999 99.999 99.999 13.418 13.237 99.999 99.999 99.999  0.229 99.999 99.999 99.999 99.999  99.999  99.999  99.999  99.999  0.028  0.029  0.027  0.034  0.062  0.078   14   12 99.999 99.999   99  22.079772382 -12.394860807  5 51 30.00 2011  9 10 2455814.74409722    40    I                   Neptune_05.51.52_0008.fits                         Triton                2048  2048
   0.012  -0.043 1101.54  972.63 1.689   1298.06   5001.51 99.999 99.999 99.999 13.275 13.146 99.999 99.999 99.999  0.164 99.999 99.999 99.999 99.999  99.999  99.999  99.999  99.999  0.022  0.022  0.025  0.050  0.044  0.091   12   10 99.999 99.999   99  22.079765168 -12.394884902  5 54 49.00 2011  9 10 2455814.74640046    40    I                   Neptune_05.55.11_0002.fits                         Triton                2048  2048
   0.142   0.029 1099.80  972.53 2.153   1084.70   4108.00 99.999 99.999 99.999 13.345 13.146 99.999 99.999 99.999  0.223 99.999 99.999 99.999 99.999  99.999  99.999  99.999  99.999  0.020  0.020  0.068  0.117  0.054  0.093    9    7 99.999 99.999   99  22.079766668 -12.394870604  5 55 32.00 2011  9 10 2455814.74689815    40    I                   Neptune_05.55.54_0003.fits                         Triton                2048  2048
   0.053   0.009 1097.70  972.23 1.606   1284.78   4371.55 99.999 99.999 99.999 13.303 13.222 99.999 99.999 99.999  0.199 99.999 99.999 99.999 99.999  99.999  99.999  99.999  99.999  0.023  0.023  0.031  0.024  0.068  0.052   12   11 99.999 99.999   99  22.079763983 -12.394882017  5 56 16.00 2011  9 10 2455814.74740741    40    I                   Neptune_05.56.38_0004.fits                         Triton                2048  2048
   0.123  -0.043 1095.48  971.87 1.877   1134.63   5209.69 99.999 99.999 99.999 13.358 13.254 99.999 99.999 99.999  0.176 99.999 99.999 99.999 99.999  99.999  99.999  99.999  99.999  0.025  0.025  0.050  0.042  0.075  0.063   11   10 99.999 99.999   99  22.079764341 -12.394901987  5 56 59.00 2011  9 10 2455814.74790509    40    I                   Neptune_05.57.21_0005.fits                         Triton                2048  2048
   0.055  -0.074 1096.13  972.14 1.731    791.17   5214.72 99.999 99.999 99.999 13.398 13.433 99.999 99.999 99.999  0.276 99.999 99.999 99.999 99.999  99.999  99.999  99.999  99.999  0.023  0.023  0.066  0.016  0.065  0.016    8    8 99.999 99.999   99  22.079762093 -12.394916234  5 57 42.00 2011  9 10 2455814.74840278    40    I                   Neptune_05.58.04_0006.fits                         Triton                2048  2048
   0.024  -0.032 1100.28  971.97 1.817   1029.10   5140.36 99.999 99.999 99.999 13.488 13.463 99.999 99.999 99.999  0.349 99.999 99.999 99.999 99.999  99.999  99.999  99.999  99.999  0.027  0.027  0.048  0.030  0.079  0.050   12    9 99.999 99.999   99  22.079760543 -12.394910052  5 58 25.00 2011  9 10 2455814.74890046    40    I                   Neptune_05.58.48_0007.fits                         Triton                2048  2048
   0.056   0.013 1100.90  973.04 1.717   1492.93   5126.56 99.999 99.999 99.999 13.355 13.225 99.999 99.999 99.999  0.192 99.999 99.999 99.999 99.999  99.999  99.999  99.999  99.999  0.017  0.017  0.024  0.039  0.042  0.068   11   11 99.999 99.999   99  22.079759167 -12.394908883  5 59 52.00 2011  9 10 2455814.74990741    40    I                   Neptune_06.00.14_0009.fits                         Triton                2048  2048
   0.074  -0.040 1098.66  972.08 1.684   1509.24   5072.40 99.999 99.999 99.999 13.389 13.278 99.999 99.999 99.999  0.232 99.999 99.999 99.999 99.999  99.999  99.999  99.999  99.999  0.018  0.018  0.035  0.019  0.085  0.045   14   11 99.999 99.999   99  22.079758539 -12.394929110  6  0 35.00 2011  9 10 2455814.75040509    40    I                   Neptune_06.00.58_0010.fits                         Triton                2048  2048
   0.103  -0.029 1098.48  972.48 1.642   1736.75   4991.26 99.999 99.999 99.999 13.359 13.211 99.999 99.999 99.999  0.208 99.999 99.999 99.999 99.999  99.999  99.999  99.999  99.999  0.016  0.016  0.022  0.021  0.043  0.041   12   11 99.999 99.999   99  22.079758124 -12.394931617  6  1 19.00 2011  9 10 2455814.75091435    40    I                   Neptune_06.01.41_0011.fits                         Triton                2048  2048
   0.032  -0.014 1100.15  972.27 1.819   1378.35   4970.74 99.999 99.999 99.999 13.323 13.172 99.999 99.999 99.999  0.314 99.999 99.999 99.999 99.999  99.999  99.999  99.999  99.999  0.018  0.018  0.032  0.027  0.069  0.058   12    8 99.999 99.999   99  22.079755802 -12.394933288  6  2  2.00 2011  9 10 2455814.75141204    40    I                   Neptune_06.02.24_0012.fits                         Triton                2048  2048
  -0.030  -0.023 1104.20  972.71 1.617   1588.45   5009.74 99.999 99.999 99.999 13.353 13.139 99.999 99.999 99.999  0.248 99.999 99.999 99.999 99.999  99.999  99.999  99.999  99.999  0.021  0.021  0.039  0.029  0.074  0.055   13   11 99.999 99.999   99  22.079753647 -12.394941427  6  2 45.00 2011  9 10 2455814.75190972    40    I                   Neptune_06.03.07_0013.fits                         Triton                2048  2048
   0.009   0.008 1103.65  972.97 1.795   1409.22   4934.54 99.999 99.999 99.999 13.386 13.280 99.999 99.999 99.999  0.210 99.999 99.999 99.999 99.999  99.999  99.999  99.999  99.999  0.024  0.024  0.031  0.042  0.050  0.068   12   11 99.999 99.999   99  22.079753392 -12.394938216  6  3 29.00 2011  9 10 2455814.75241898    40    I                   Neptune_06.03.51_0014.fits                         Triton                2048  2048
   0.025   0.004 1100.12  973.10 1.710   1532.63   4966.92 99.999 99.999 99.999 13.416 13.206 99.999 99.999 99.999  0.252 99.999 99.999 99.999 99.999  99.999  99.999  99.999  99.999  0.020  0.020  0.034  0.065  0.037  0.071   11   10 99.999 99.999   99  22.079752747 -12.394945128  6  4 12.00 2011  9 10 2455814.75291667    40    I                   Neptune_06.04.34_0015.fits                         Triton                2048  2048
   0.007  -0.022 1097.46  973.57 1.286   2167.60   5141.03 99.999 99.999 99.999 13.302 13.141 99.999 99.999 99.999  0.168 99.999 99.999 99.999 99.999  99.999  99.999  99.999  99.999  0.012  0.012  0.033  0.038  0.057  0.066   11   10 99.999 99.999   99  22.079751443 -12.394957778  6  4 55.00 2011  9 10 2455814.75341435    40    I                   Neptune_06.05.17_0016.fits                         Triton                2048  2048
   0.016  -0.043 1098.15  974.44 1.505   1915.61   1595.51 99.999 99.999 99.999 13.311 13.141 99.999 99.999 99.999  0.230 99.999 99.999 99.999 99.999  99.999  99.999  99.999  99.999  0.021  0.021  0.018  0.017  0.040  0.037   18   12 99.999 99.999   99  22.079749629 -12.394974883  6  6 22.00 2011  9 10 2455814.75442130    40    I                   Neptune_06.06.44_0018.fits                         Triton                2048  2048
   0.063  -0.031 1099.22  974.38 1.427   1922.84    483.20 99.999 99.999 99.999 13.290 13.185 99.999 99.999 99.999  0.216 99.999 99.999 99.999 99.999  99.999  99.999  99.999  99.999  0.013  0.013  0.019  0.021  0.056  0.061   20   16 99.999 99.999   99  22.079749563 -12.394977279  6  7  5.00 2011  9 10 2455814.75491898    40    I                   Neptune_06.07.27_0019.fits                         Triton                2048  2048
   0.072  -0.013 1095.99  974.61 1.393   1895.41    906.22 99.999 99.999 99.999 13.257 13.304 99.999 99.999 99.999  0.258 99.999 99.999 99.999 99.999  99.999  99.999  99.999  99.999  0.012  0.012  0.019  0.021  0.057  0.063   21   16 99.999 99.999   99  22.079748759 -12.394977733  6  7 48.00 2011  9 10 2455814.75541667    40    I                   Neptune_06.08.11_0020.fits                         Triton                2048  2048
