   0.031   0.027 1704.24 1106.69 1.528    423.87     78.37 99.999 99.999 99.999 13.286 13.371 99.999 99.999 99.999  0.122 99.999 99.999 99.999 99.999  99.999  99.999  99.999  99.999  0.013  0.013  0.024  0.019  0.067  0.052   32   22 99.999 99.999   99  21.338707117 -15.774579427  3 47 31.04 2006  9  9 2453987.65799815     4  Clear                 netuno0005.fits                                    Triton                2045  2050
   0.000   0.060 1700.95 1106.26 1.572    390.77     67.61 99.999 99.999 99.999 13.386 13.479 99.999 99.999 99.999  0.092 99.999 99.999 99.999 99.999  99.999  99.999  99.999  99.999  0.009  0.009  0.019  0.019  0.057  0.056   31   24 99.999 99.999   99  21.338705730 -15.774573200  3 48  8.47 2006  9  9 2453987.65843137     4  Clear                 netuno0006.fits                                    Triton                2045  2050
   0.099  -0.002 1700.66 1106.45 1.624    339.33     75.70 99.999 99.999 99.999 13.359 13.541 99.999 99.999 99.999  0.089 99.999 99.999 99.999 99.999  99.999  99.999  99.999  99.999  0.010  0.010  0.017  0.027  0.047  0.074   30   19 99.999 99.999   99  21.338706816 -15.774593387  3 48 45.92 2006  9  9 2453987.65886481     4  Clear                 netuno0007.fits                                    Triton                2045  2050
  -0.018   0.040 1706.73 1106.80 1.701    323.84     61.23 99.999 99.999 99.999 13.354 13.518 99.999 99.999 99.999  0.135 99.999 99.999 99.999 99.999  99.999  99.999  99.999  99.999  0.012  0.012  0.024  0.020  0.066  0.055   31   23 99.999 99.999   99  21.338703790 -15.774584698  3 49 22.49 2006  9  9 2453987.65928808     4  Clear                 netuno0008.fits                                    Triton                2045  2050
  -0.029   0.037 1709.93 1107.18 1.791    255.08     52.97 99.999 99.999 99.999 13.295 13.447 99.999 99.999 99.999  0.158 99.999 99.999 99.999 99.999  99.999  99.999  99.999  99.999  0.010  0.010  0.030  0.025  0.073  0.061   28   17 99.999 99.999   99  21.338702776 -15.774588369  3 49 59.91 2006  9  9 2453987.65972118     4  Clear                 netuno0009.fits                                    Triton                2045  2050
  -0.025   0.034 1708.15 1104.01 1.780    221.98     54.00 99.999 99.999 99.999 13.412 13.557 99.999 99.999 99.999  0.130 99.999 99.999 99.999 99.999  99.999  99.999  99.999  99.999  0.014  0.014  0.015  0.022  0.040  0.058   28   20 99.999 99.999   99  21.338701271 -15.774595035  3 51 13.94 2006  9  9 2453987.66057801     4  Clear                 netuno0011.fits                                    Triton                2045  2050
   0.062   0.086 1708.32 1102.98 1.952    200.93     56.30 99.999 99.999 99.999 13.459 13.618 99.999 99.999 99.999  0.110 99.999 99.999 99.999 99.999  99.999  99.999  99.999  99.999  0.013  0.013  0.024  0.021  0.065  0.058   30   21 99.999 99.999   99  21.338702173 -15.774583228  3 51 50.68 2006  9  9 2453987.66100324     4  Clear                 netuno0012.fits                                    Triton                2045  2050
   0.096   0.043 1705.61 1102.80 1.835    268.48     47.76 99.999 99.999 99.999 13.397 13.534 99.999 99.999 99.999  0.096 99.999 99.999 99.999 99.999  99.999  99.999  99.999  99.999  0.011  0.011  0.020  0.017  0.060  0.050   31   24 99.999 99.999   99  21.338702013 -15.774598023  3 52 27.90 2006  9  9 2453987.66143403     4  Clear                 netuno0013.fits                                    Triton                2045  2050
   0.089   0.112 1717.61 1101.87 1.705    329.45     56.76 99.999 99.999 99.999 13.383 13.490 99.999 99.999 99.999  0.118 99.999 99.999 99.999 99.999  99.999  99.999  99.999  99.999  0.009  0.009  0.021  0.023  0.058  0.065   32   19 99.999 99.999   99  21.338700264 -15.774585025  3 53 43.91 2006  9  9 2453987.66231377     4  Clear                 netuno0015.fits                                    Triton                2045  2050
   0.053  -0.005 1717.72 1103.73 2.209    205.91     49.68 99.999 99.999 99.999 13.304 13.505 99.999 99.999 99.999  0.147 99.999 99.999 99.999 99.999  99.999  99.999  99.999  99.999  0.014  0.014  0.019  0.020  0.051  0.054   32   17 99.999 99.999   99  21.338698774 -15.774620288  3 54 21.29 2006  9  9 2453987.66274641     4  Clear                 netuno0016.fits                                    Triton                2045  2050
  -0.031  -0.010 1717.25 1101.09 1.845    274.22     51.85 99.999 99.999 99.999 13.353 13.494 99.999 99.999 99.999  0.134 99.999 99.999 99.999 99.999  99.999  99.999  99.999  99.999  0.012  0.012  0.022  0.019  0.058  0.051   32   21 99.999 99.999   99  21.338695539 -15.774627379  3 55 35.87 2006  9  9 2453987.66360961     4  Clear                 netuno0018.fits                                    Triton                2045  2050
   0.104   0.046 1716.57 1100.47 1.624    317.36     61.82 99.999 99.999 99.999 13.321 13.400 99.999 99.999 99.999  0.154 99.999 99.999 99.999 99.999  99.999  99.999  99.999  99.999  0.011  0.011  0.021  0.023  0.058  0.065   31   23 99.999 99.999   99  21.338697361 -15.774614639  3 56 13.14 2006  9  9 2453987.66404097     4  Clear                 netuno0019.fits                                    Triton                2045  2050
  -0.054   0.055 1719.66 1099.82 1.722    299.33     51.30 99.999 99.999 99.999 13.439 13.614 99.999 99.999 99.999  0.118 99.999 99.999 99.999 99.999  99.999  99.999  99.999  99.999  0.017  0.017  0.022  0.023  0.058  0.062   31   20 99.999 99.999   99  21.338693535 -15.774615080  3 56 49.53 2006  9  9 2453987.66446215     4  Clear                 netuno0020.fits                                    Triton                2045  2050
   0.109   0.075 1728.74 1100.00 2.472    153.15     33.69 99.999 99.999 99.999 13.497 13.644 99.999 99.999 99.999  0.107 99.999 99.999 99.999 99.999  99.999  99.999  99.999  99.999  0.020  0.020  0.024  0.023  0.068  0.065   31   21 99.999 99.999   99  21.338695079 -15.774615148  3 58  4.20 2006  9  9 2453987.66532639     4  Clear                 netuno0022.fits                                    Triton                2045  2050
  -0.038   0.031 1728.11 1100.46 1.805    217.49     43.52 99.999 99.999 99.999 13.317 13.484 99.999 99.999 99.999  0.165 99.999 99.999 99.999 99.999  99.999  99.999  99.999  99.999  0.016  0.016  0.020  0.024  0.050  0.059   31   18 99.999 99.999   99  21.338691459 -15.774630148  3 58 40.58 2006  9  9 2453987.66574745     4  Clear                 netuno0023.fits                                    Triton                2045  2050
   0.089  -0.049 1730.80 1099.10 2.024    144.99     45.30 99.999 99.999 99.999 13.295 13.435 99.999 99.999 99.999  0.168 99.999 99.999 99.999 99.999  99.999  99.999  99.999  99.999  0.016  0.016  0.032  0.029  0.069  0.063   27   12 99.999 99.999   99  21.338692322 -15.774658467  3 59 54.48 2006  9  9 2453987.66660278     4  Clear                 netuno0025.fits                                    Triton                2045  2050
  -0.048  -0.009 1737.45 1097.85 2.307     84.37     44.21 99.999 99.999 99.999 13.405 13.482 99.999 99.999 99.999  0.124 99.999 99.999 99.999 99.999  99.999  99.999  99.999  99.999  0.027  0.027  0.026  0.025  0.064  0.062   21   14 99.999 99.999   99  21.338688112 -15.774652942  4  1  9.22 2006  9  9 2453987.66746782     4  Clear                 netuno0027.fits                                    Triton                2045  2050
  -0.074   0.097 1744.76 1096.86 1.724    150.73     45.88 99.999 99.999 99.999 13.365 13.445 99.999 99.999 99.999  0.178 99.999 99.999 99.999 99.999  99.999  99.999  99.999  99.999  0.019  0.019  0.018  0.024  0.050  0.068   26   19 99.999 99.999   99  21.338686791 -15.774626514  4  1 46.70 2006  9  9 2453987.66790162     4  Clear                 netuno0028.fits                                    Triton                2045  2050
   0.012   0.117 1742.56 1099.30 3.344     45.14     37.68 99.999 99.999 99.999 13.451 13.635 99.999 99.999 99.999  0.117 99.999 99.999 99.999 99.999  99.999  99.999  99.999  99.999  0.013  0.013  0.031  0.029  0.067  0.063   16   11 99.999 99.999   99  21.338686871 -15.774626740  4  3  0.59 2006  9  9 2453987.66875683     4  Clear                 netuno0030.fits                                    Triton                2045  2050
   0.025  -0.008 1741.87 1096.16 1.598    140.05     51.14 99.999 99.999 99.999 13.312 13.476 99.999 99.999 99.999  0.150 99.999 99.999 99.999 99.999  99.999  99.999  99.999  99.999  0.017  0.017  0.021  0.020  0.053  0.051   22   13 99.999 99.999   99  21.338686309 -15.774664261  4  3 37.98 2006  9  9 2453987.66918958     4  Clear                 netuno0031.fits                                    Triton                2045  2050
   0.089   0.097 1739.47 1096.06 1.684    130.35     44.41 99.999 99.999 99.999 13.462 13.541 99.999 99.999 99.999  0.180 99.999 99.999 99.999 99.999  99.999  99.999  99.999  99.999  0.019  0.019  0.026  0.035  0.062  0.082   24   15 99.999 99.999   99  21.338686707 -15.774638043  4  4 16.93 2006  9  9 2453987.66964039     4  Clear                 netuno0032.fits                                    Triton                2045  2050
   0.150  -0.044 1742.65 1094.23 1.642    125.82     47.92 99.999 99.999 99.999 13.421 13.679 99.999 99.999 99.999  0.124 99.999 99.999 99.999 99.999  99.999  99.999  99.999  99.999  0.019  0.019  0.022  0.026  0.059  0.068   26   17 99.999 99.999   99  21.338687052 -15.774680329  4  4 56.35 2006  9  9 2453987.67009664     4  Clear                 netuno0033.fits                                    Triton                2045  2050
  -0.027   0.029 1749.40 1092.53 1.619    134.51     52.73 99.999 99.999 99.999 13.473 13.572 99.999 99.999 99.999  0.173 99.999 99.999 99.999 99.999  99.999  99.999  99.999  99.999  0.023  0.023  0.026  0.026  0.065  0.067   26   19 99.999 99.999   99  21.338680398 -15.774671715  4  7 28.15 2006  9  9 2453987.67185359     4  Clear                 netuno0037.fits                                    Triton                2045  2050
   0.094   0.064 1748.08 1094.08 1.834     98.29     42.95 99.999 99.999 99.999 13.378 13.425 99.999 99.999 99.999  0.189 99.999 99.999 99.999 99.999  99.999  99.999  99.999  99.999  0.023  0.023  0.025  0.022  0.058  0.050   22   16 99.999 99.999   99  21.338681921 -15.774664614  4  8  5.55 2006  9  9 2453987.67228646     4  Clear                 netuno0038.fits                                    Triton                2045  2050
   0.091  -0.026 1756.50 1092.68 1.376    184.78     58.21 99.999 99.999 99.999 13.362 13.555 99.999 99.999 99.999  0.134 99.999 99.999 99.999 99.999  99.999  99.999  99.999  99.999  0.013  0.013  0.017  0.025  0.045  0.065   26   19 99.999 99.999   99  21.338680274 -15.774695453  4  9 19.51 2006  9  9 2453987.67314248     4  Clear                 netuno0040.fits                                    Triton                2045  2050
  -0.003   0.060 1758.21 1092.80 1.842    122.07     43.31 99.999 99.999 99.999 13.439 13.538 99.999 99.999 99.999  0.161 99.999 99.999 99.999 99.999  99.999  99.999  99.999  99.999  0.019  0.019  0.024  0.022  0.056  0.052   24   18 99.999 99.999   99  21.338677656 -15.774674576  4  9 57.04 2006  9  9 2453987.67357685     4  Clear                 netuno0041.fits                                    Triton                2045  2050
  -0.001  -0.018 1760.14 1091.54 1.847    137.02     46.37 99.999 99.999 99.999 13.526 13.650 99.999 99.999 99.999  0.132 99.999 99.999 99.999 99.999  99.999  99.999  99.999  99.999  0.017  0.017  0.019  0.022  0.049  0.058   28   19 99.999 99.999   99  21.338676897 -15.774698921  4 10 34.53 2006  9  9 2453987.67401076     4  Clear                 netuno0042.fits                                    Triton                2045  2050
   0.072   0.025 1762.40 1090.14 2.443     76.50     37.07 99.999 99.999 99.999 13.363 13.429 99.999 99.999 99.999  0.208 99.999 99.999 99.999 99.999  99.999  99.999  99.999  99.999  0.003  0.003  0.037  0.027  0.067  0.049   18   12 99.999 99.999   99  21.338676727 -15.774692654  4 11 48.58 2006  9  9 2453987.67486782     4  Clear                 netuno0044.fits                                    Triton                2045  2050
   0.043   0.001 1760.91 1090.13 1.636    152.72     46.51 99.999 99.999 99.999 13.470 13.594 99.999 99.999 99.999  0.205 99.999 99.999 99.999 99.999  99.999  99.999  99.999  99.999  0.015  0.015  0.023  0.024  0.058  0.063   27   20 99.999 99.999   99  21.338675356 -15.774702186  4 12 26.86 2006  9  9 2453987.67531088     4  Clear                 netuno0045.fits                                    Triton                2045  2050
   0.064   0.059 1763.10 1089.29 2.003     94.20     45.38 99.999 99.999 99.999 13.402 13.531 99.999 99.999 99.999  0.075 99.999 99.999 99.999 99.999  99.999  99.999  99.999  99.999  0.023  0.023  0.033  0.026  0.072  0.057   23   15 99.999 99.999   99  21.338674919 -15.774689229  4 13  5.16 2006  9  9 2453987.67575417     4  Clear                 netuno0046.fits                                    Triton                2045  2050
   0.030  -0.033 1770.90 1089.75 1.781    103.54     42.82 99.999 99.999 99.999 13.360 13.484 99.999 99.999 99.999  0.148 99.999 99.999 99.999 99.999  99.999  99.999  99.999  99.999  0.022  0.022  0.029  0.025  0.061  0.052   25   15 99.999 99.999   99  21.338673496 -15.774717517  4 13 42.71 2006  9  9 2453987.67618877     4  Clear                 netuno0047.fits                                    Triton                2045  2050
  -0.028   0.129 1773.04 1088.71 1.818     90.56     44.90 99.999 99.999 99.999 13.431 13.527 99.999 99.999 99.999  0.180 99.999 99.999 99.999 99.999  99.999  99.999  99.999  99.999  0.023  0.023  0.028  0.028  0.072  0.070   25   19 99.999 99.999   99  21.338671569 -15.774675483  4 14 20.14 2006  9  9 2453987.67662199     4  Clear                 netuno0048.fits                                    Triton                2045  2050
  -0.040   0.052 1773.80 1090.94 2.140     76.06     41.62 99.999 99.999 99.999 13.504 13.621 99.999 99.999 99.999  0.102 99.999 99.999 99.999 99.999  99.999  99.999  99.999  99.999  0.025  0.025  0.032  0.033  0.062  0.064   24   16 99.999 99.999   99  21.338670544 -15.774699781  4 14 57.70 2006  9  9 2453987.67705671     4  Clear                 netuno0049.fits                                    Triton                2045  2050
  -0.082   0.054 1774.80 1088.85 1.992     94.06     42.78 99.999 99.999 99.999 13.414 13.502 99.999 99.999 99.999  0.173 99.999 99.999 99.999 99.999  99.999  99.999  99.999  99.999  0.007  0.007  0.022  0.026  0.058  0.068   24   15 99.999 99.999   99  21.338668945 -15.774701982  4 15 34.31 2006  9  9 2453987.67748044     4  Clear                 netuno0050.fits                                    Triton                2045  2050
