  -0.049  -0.099 1031.43 1246.87 2.532    192.87    146.15 99.999 99.999 99.999 13.392 13.586 99.999 99.999 99.999  0.102 99.999 99.999 99.999 99.999  99.999  99.999  99.999  99.999  0.020  0.020  0.013  0.016  0.046  0.055   19   13 99.999 99.999   99  21.343592022 -15.744695737  2 14 19.39 2006  9  6 2453984.59327998     3  Clear                 netuno0001.fits                                    Triton                2045  2050
  -0.032  -0.208 1018.36 1246.87 3.664    107.36    140.61 99.999 99.999 99.999 13.451 13.628 99.999 99.999 99.999  0.090 99.999 99.999 99.999 99.999  99.999  99.999  99.999  99.999  0.040  0.040  0.021  0.021  0.069  0.068   15   11 99.999 99.999   99  21.343590193 -15.744738291  2 16 46.47 2006  9  6 2453984.59498229     3  Clear                 netuno0005.fits                                    Triton                2045  2050
   0.046  -0.117 1021.44 1245.57 2.005    225.59    172.03 99.999 99.999 99.999 13.342 13.496 99.999 99.999 99.999  0.111 99.999 99.999 99.999 99.999  99.999  99.999  99.999  99.999  0.023  0.023  0.017  0.021  0.054  0.067   18   10 99.999 99.999   99  21.343589499 -15.744725272  2 19 12.84 2006  9  6 2453984.59667639     3  Clear                 netuno0009.fits                                    Triton                2045  2050
  -0.086  -0.013 1017.54 1243.18 2.203    252.83    153.19 99.999 99.999 99.999 13.401 13.515 99.999 99.999 99.999  0.101 99.999 99.999 99.999 99.999  99.999  99.999  99.999  99.999  0.024  0.024  0.021  0.019  0.070  0.062   18   11 99.999 99.999   99  21.343585878 -15.744702482  2 20 26.08 2006  9  6 2453984.59752407     3  Clear                 netuno0011.fits                                    Triton                2045  2050
   0.002  -0.082 1016.44 1243.99 3.370    149.30    135.46 99.999 99.999 99.999 13.422 13.524 99.999 99.999 99.999  0.222 99.999 99.999 99.999 99.999  99.999  99.999  99.999  99.999  0.030  0.030  0.015  0.029  0.045  0.085   14    9 99.999 99.999   99  21.343587019 -15.744724767  2 21  3.26 2006  9  6 2453984.59795440     3  Clear                 netuno0012.fits                                    Triton                2045  2050
  -0.091  -0.172 1021.68 1244.77 2.984    135.50    149.30 99.999 99.999 99.999 13.362 13.602 99.999 99.999 99.999  0.111 99.999 99.999 99.999 99.999  99.999  99.999  99.999  99.999  0.008  0.008  0.020  0.018  0.061  0.054   15    9 99.999 99.999   99  21.343582505 -15.744764928  2 24  7.76 2006  9  6 2453984.60008981     3  Clear                 netuno0017.fits                                    Triton                2045  2050
   0.035   0.079 1023.04 1241.04 1.433    502.83    191.44 99.999 99.999 99.999 13.310 13.503 99.999 99.999 99.999  0.107 99.999 99.999 99.999 99.999  99.999  99.999  99.999  99.999  0.014  0.014  0.014  0.016  0.052  0.060   21   15 99.999 99.999   99  21.343581655 -15.744713823  2 27 48.85 2006  9  6 2453984.60264873     3  Clear                 netuno0023.fits                                    Triton                2045  2050
  -0.036   0.050 1021.47 1241.38 1.577    379.31    186.13 99.999 99.999 99.999 13.410 13.522 99.999 99.999 99.999  0.173 99.999 99.999 99.999 99.999  99.999  99.999  99.999  99.999  0.002  0.002  0.017  0.014  0.065  0.054   21   15 99.999 99.999   99  21.343579761 -15.744724691  2 28 24.72 2006  9  6 2453984.60306389     3  Clear                 netuno0024.fits                                    Triton                2045  2050
  -0.077  -0.228 1032.41 1233.69 3.665    112.50    142.82 99.999 99.999 99.999 13.447 13.598 99.999 99.999 99.999  0.071 99.999 99.999 99.999 99.999  99.999  99.999  99.999  99.999  0.036  0.036  0.020  0.023  0.056  0.065   13    9 99.999 99.999   99  21.343566124 -15.744874086  2 42 48.65 2006  9  6 2453984.61306308     3  Clear                 netuno0041.fits                                    Triton                2045  2050
   0.028   0.099 1027.05 1234.73 1.941    325.85    159.64 99.999 99.999 99.999 13.417 13.547 99.999 99.999 99.999  0.140 99.999 99.999 99.999 99.999  99.999  99.999  99.999  99.999  0.001  0.001  0.017  0.012  0.067  0.045   20   16 99.999 99.999   99  21.343567618 -15.744786364  2 43 24.69 2006  9  6 2453984.61348021     3  Clear                 netuno0042.fits                                    Triton                2045  2050
  -0.002   0.116 1031.09 1234.72 2.198    243.65    158.47 99.999 99.999 99.999 13.381 13.636 99.999 99.999 99.999  0.097 99.999 99.999 99.999 99.999  99.999  99.999  99.999  99.999  0.027  0.027  0.019  0.023  0.060  0.075   19   11 99.999 99.999   99  21.343565400 -15.744790728  2 45 14.92 2006  9  6 2453984.61475602     3  Clear                 netuno0045.fits                                    Triton                2045  2050
