  -0.025  -0.067  898.88 1103.08 2.167   1217.69    129.91 99.999 99.999 99.999 13.431 13.327 99.999 99.999 99.999  0.303 99.999 99.999 99.999 99.999  99.999  99.999  99.999  99.999  0.023  0.023  0.014  0.010  0.058  0.041   28   21 99.999 99.999   99  22.511043363 -10.168490293  2 55 16.32 2014  9 13 2456913.62171669    20    I                   Netuno_0001.fits                                   Triton                2048  2048
  -0.067  -0.100  898.99 1103.94 2.292   1267.04     87.91 99.999 99.999 99.999 13.442 13.316 99.999 99.999 99.999  0.297 99.999 99.999 99.999 99.999  99.999  99.999  99.999  99.999  0.018  0.018  0.017  0.009  0.069  0.038   28   21 99.999 99.999   99  22.511042021 -10.168503130  2 55 41.02 2014  9 13 2456913.62200250    20    I                   Netuno_0002.fits                                   Triton                2048  2048
  -0.059  -0.083  899.29 1107.71 2.372   1213.72     77.79 99.999 99.999 99.999 13.479 13.375 99.999 99.999 99.999  0.328 99.999 99.999 99.999 99.999  99.999  99.999  99.999  99.999  0.022  0.022  0.014  0.013  0.056  0.051   28   19 99.999 99.999   99  22.511041611 -10.168501859  2 56  5.71 2014  9 13 2456913.62228832    20    I                   Netuno_0003.fits                                   Triton                2048  2048
  -0.052  -0.110  899.51 1111.69 2.457   1229.37     50.75 99.999 99.999 99.999 13.472 13.353 99.999 99.999 99.999  0.303 99.999 99.999 99.999 99.999  99.999  99.999  99.999  99.999  0.021  0.021  0.016  0.013  0.061  0.050   26   19 99.999 99.999   99  22.511040596 -10.168516664  2 56 55.10 2014  9 13 2456913.62285993    20    I                   Netuno_0005.fits                                   Triton                2048  2048
  -0.027  -0.121  899.77 1110.42 3.053    998.53      5.77 99.999 99.999 99.999 13.461 13.391 99.999 99.999 99.999  0.327 99.999 99.999 99.999 99.999  99.999  99.999  99.999  99.999  0.019  0.019  0.015  0.013  0.062  0.052   28   20 99.999 99.999   99  22.511040515 -10.168523043  2 57 19.80 2014  9 13 2456913.62314579    20    I                   Netuno_0006.fits                                   Triton                2048  2048
  -0.057  -0.121  899.94 1107.06 2.129   1327.92    118.02 99.999 99.999 99.999 13.427 13.315 99.999 99.999 99.999  0.313 99.999 99.999 99.999 99.999  99.999  99.999  99.999  99.999  0.009  0.009  0.014  0.011  0.058  0.046   28   21 99.999 99.999   99  22.511039401 -10.168526633  2 57 44.49 2014  9 13 2456913.62343159    20    I                   Netuno_0007.fits                                   Triton                2048  2048
  -0.085  -0.110  899.86 1107.42 2.302   1380.88     55.15 99.999 99.999 99.999 13.486 13.364 99.999 99.999 99.999  0.320 99.999 99.999 99.999 99.999  99.999  99.999  99.999  99.999  0.019  0.020  0.015  0.012  0.061  0.047   28   20 99.999 99.999   99  22.511038316 -10.168527092  2 58  9.18 2014  9 13 2456913.62371740    20    I                   Netuno_0008.fits                                   Triton                2048  2048
  -0.036  -0.136  899.77 1106.84 2.209    953.74    173.16 99.999 99.999 99.999 13.538 13.400 99.999 99.999 99.999  0.293 99.999 99.999 99.999 99.999  99.999  99.999  99.999  99.999  0.030  0.030  0.015  0.013  0.063  0.056   27   20 99.999 99.999   99  22.511038687 -10.168538091  2 58 33.88 2014  9 13 2456913.62400322    20    I                   Netuno_0009.fits                                   Triton                2048  2048
  -0.058  -0.082  900.10 1105.19 3.098    935.28     15.91 99.999 99.999 99.999 13.447 13.370 99.999 99.999 99.999  0.287 99.999 99.999 99.999 99.999  99.999  99.999  99.999  99.999  0.020  0.020  0.016  0.010  0.068  0.041   28   21 99.999 99.999   99  22.511037682 -10.168526560  2 58 58.58 2014  9 13 2456913.62428913    20    I                   Netuno_0010.fits                                   Triton                2048  2048
  -0.079  -0.083  900.36 1103.04 2.093   1290.08    131.17 99.999 99.999 99.999 13.473 13.388 99.999 99.999 99.999  0.275 99.999 99.999 99.999 99.999  99.999  99.999  99.999  99.999  0.020  0.020  0.012  0.012  0.044  0.046   28   19 99.999 99.999   99  22.511036735 -10.168530200  2 59 23.28 2014  9 13 2456913.62457497    20    I                   Netuno_0011.fits                                   Triton                2048  2048
  -0.037  -0.077  901.01 1104.54 2.379   1204.83     76.02 99.999 99.999 99.999 13.527 13.302 99.999 99.999 99.999  0.263 99.999 99.999 99.999 99.999  99.999  99.999  99.999  99.999  0.023  0.023  0.014  0.013  0.055  0.052   27   19 99.999 99.999   99  22.511036972 -10.168532252  2 59 47.97 2014  9 13 2456913.62486078    20    I                   Netuno_0012.fits                                   Triton                2048  2048
  -0.100  -0.101  900.42 1107.16 2.713   1079.18     38.75 99.999 99.999 99.999 13.453 13.387 99.999 99.999 99.999  0.300 99.999 99.999 99.999 99.999  99.999  99.999  99.999  99.999  0.021  0.021  0.016  0.012  0.066  0.050   28   20 99.999 99.999   99  22.511035223 -10.168542377  3  0 12.67 2014  9 13 2456913.62514660    20    I                   Netuno_0013.fits                                   Triton                2048  2048
  -0.039  -0.118  901.20 1108.77 3.374    774.49     26.68 99.999 99.999 99.999 13.514 13.400 99.999 99.999 99.999  0.247 99.999 99.999 99.999 99.999  99.999  99.999  99.999  99.999  0.028  0.028  0.013  0.014  0.052  0.055   27   19 99.999 99.999   99  22.511035818 -10.168550828  3  0 37.36 2014  9 13 2456913.62543236    20    I                   Netuno_0014.fits                                   Triton                2048  2048
  -0.079  -0.076  901.36 1107.89 2.638   1068.27     55.55 99.999 99.999 99.999 13.492 13.347 99.999 99.999 99.999  0.266 99.999 99.999 99.999 99.999  99.999  99.999  99.999  99.999  0.013  0.013  0.015  0.010  0.059  0.040   28   20 99.999 99.999   99  22.511034490 -10.168542387  3  1  2.05 2014  9 13 2456913.62571817    20    I                   Netuno_0015.fits                                   Triton                2048  2048
  -0.034  -0.078  900.45 1105.87 2.464   1088.64     85.42 99.999 99.999 99.999 13.431 13.368 99.999 99.999 99.999  0.313 99.999 99.999 99.999 99.999  99.999  99.999  99.999  99.999  0.028  0.028  0.018  0.013  0.075  0.053   28   20 99.999 99.999   99  22.511034785 -10.168546719  3  1 26.74 2014  9 13 2456913.62600397    20    I                   Netuno_0016.fits                                   Triton                2048  2048
  -0.057  -0.100  902.28 1103.72 2.483   1207.93     50.06 99.999 99.999 99.999 13.469 13.392 99.999 99.999 99.999  0.326 99.999 99.999 99.999 99.999  99.999  99.999  99.999  99.999  0.024  0.024  0.017  0.012  0.072  0.050   28   21 99.999 99.999   99  22.511032674 -10.168563606  3  2 40.83 2014  9 13 2456913.62686144    20    I                   Netuno_0019.fits                                   Triton                2048  2048
  -0.043  -0.141  902.35 1101.19 2.105   1186.83    155.54 99.999 99.999 99.999 13.456 13.330 99.999 99.999 99.999  0.327 99.999 99.999 99.999 99.999  99.999  99.999  99.999  99.999  0.023  0.023  0.016  0.018  0.064  0.073   29   20 99.999 99.999   99  22.511032391 -10.168578315  3  3  5.52 2014  9 13 2456913.62714725    20    I                   Netuno_0020.fits                                   Triton                2048  2048
  -0.042  -0.081  902.09 1102.16 2.735   1073.74     37.01 99.999 99.999 99.999 13.469 13.363 99.999 99.999 99.999  0.303 99.999 99.999 99.999 99.999  99.999  99.999  99.999  99.999  0.027  0.027  0.014  0.015  0.061  0.068   28   22 99.999 99.999   99  22.511031819 -10.168565347  3  3 30.22 2014  9 13 2456913.62743304    20    I                   Netuno_0021.fits                                   Triton                2048  2048
  -0.074  -0.098  902.75 1104.02 2.849    967.12     44.31 99.999 99.999 99.999 13.449 13.384 99.999 99.999 99.999  0.294 99.999 99.999 99.999 99.999  99.999  99.999  99.999  99.999  0.015  0.015  0.014  0.012  0.058  0.050   27   20 99.999 99.999   99  22.511030659 -10.168573523  3  3 54.91 2014  9 13 2456913.62771883    20    I                   Netuno_0022.fits                                   Triton                2048  2048
  -0.066  -0.131  901.79 1107.56 2.576   1022.25     79.03 99.999 99.999 99.999 13.441 13.357 99.999 99.999 99.999  0.300 99.999 99.999 99.999 99.999  99.999  99.999  99.999  99.999  0.019  0.019  0.014  0.012  0.056  0.048   28   19 99.999 99.999   99  22.511030250 -10.168586257  3  4 19.60 2014  9 13 2456913.62800462    20    I                   Netuno_0023.fits                                   Triton                2048  2048
  -0.027  -0.104  901.91 1106.74 2.237   1015.31    151.35 99.999 99.999 99.999 13.504 13.347 99.999 99.999 99.999  0.280 99.999 99.999 99.999 99.999  99.999  99.999  99.999  99.999  0.022  0.022  0.015  0.008  0.061  0.034   28   20 99.999 99.999   99  22.511030437 -10.168582122  3  4 44.27 2014  9 13 2456913.62829015    20    I                   Netuno_0024.fits                                   Triton                2048  2048
  -0.063  -0.085  902.60 1106.43 2.803   1026.49     34.11 99.999 99.999 99.999 13.440 13.374 99.999 99.999 99.999  0.298 99.999 99.999 99.999 99.999  99.999  99.999  99.999  99.999  0.021  0.021  0.015  0.009  0.062  0.037   28   20 99.999 99.999   99  22.511029196 -10.168580623  3  5  8.96 2014  9 13 2456913.62857596    20    I                   Netuno_0025.fits                                   Triton                2048  2048
  -0.051  -0.116  902.92 1103.93 2.481   1113.01     78.59 99.999 99.999 99.999 13.443 13.343 99.999 99.999 99.999  0.299 99.999 99.999 99.999 99.999  99.999  99.999  99.999  99.999  0.022  0.022  0.013  0.012  0.058  0.054   29   22 99.999 99.999   99  22.511028839 -10.168592739  3  5 33.68 2014  9 13 2456913.62886198    20    I                   Netuno_0026.fits                                   Triton                2048  2048
  -0.100  -0.070  903.23 1103.64 2.525   1078.27     76.94 99.999 99.999 99.999 13.459 13.348 99.999 99.999 99.999  0.312 99.999 99.999 99.999 99.999  99.999  99.999  99.999  99.999  0.027  0.027  0.016  0.010  0.068  0.044   27   21 99.999 99.999   99  22.511026811 -10.168586812  3  6 23.06 2014  9 13 2456913.62943360    20    I                   Netuno_0028.fits                                   Triton                2048  2048
  -0.073  -0.087  903.07 1103.51 2.296   1357.63     65.02 99.999 99.999 99.999 13.479 13.343 99.999 99.999 99.999  0.334 99.999 99.999 99.999 99.999  99.999  99.999  99.999  99.999  0.007  0.007  0.016  0.010  0.066  0.041   29   21 99.999 99.999   99  22.511026774 -10.168595350  3  6 47.76 2014  9 13 2456913.62971939    20    I                   Netuno_0029.fits                                   Triton                2048  2048
  -0.056  -0.115  902.57 1103.25 2.422   1131.91     88.32 99.999 99.999 99.999 13.496 13.363 99.999 99.999 99.999  0.284 99.999 99.999 99.999 99.999  99.999  99.999  99.999  99.999  0.027  0.027  0.014  0.011  0.059  0.044   28   20 99.999 99.999   99  22.511026537 -10.168606751  3  7 12.45 2014  9 13 2456913.63000517    20    I                   Netuno_0030.fits                                   Triton                2048  2048
  -0.048  -0.081  903.38 1104.14 2.882   1086.31      7.11 99.999 99.999 99.999 13.508 13.389 99.999 99.999 99.999  0.335 99.999 99.999 99.999 99.999  99.999  99.999  99.999  99.999  0.025  0.025  0.014  0.010  0.058  0.040   29   20 99.999 99.999   99  22.511026097 -10.168600938  3  7 37.14 2014  9 13 2456913.63029095    20    I                   Netuno_0031.fits                                   Triton                2048  2048
  -0.042  -0.089  902.51 1107.79 2.318   1202.43     92.38 99.999 99.999 99.999 13.441 13.355 99.999 99.999 99.999  0.293 99.999 99.999 99.999 99.999  99.999  99.999  99.999  99.999  0.015  0.015  0.015  0.014  0.061  0.056   28   20 99.999 99.999   99  22.511025647 -10.168606692  3  8  1.83 2014  9 13 2456913.63057675    20    I                   Netuno_0032.fits                                   Triton                2048  2048
  -0.074  -0.097  903.66 1108.59 2.573   1071.56     68.56 99.999 99.999 99.999 13.476 13.403 99.999 99.999 99.999  0.315 99.999 99.999 99.999 99.999  99.999  99.999  99.999  99.999  0.009  0.009  0.015  0.013  0.064  0.054   30   21 99.999 99.999   99  22.511024499 -10.168612094  3  8 26.52 2014  9 13 2456913.63086255    20    I                   Netuno_0033.fits                                   Triton                2048  2048
  -0.081  -0.087  904.92 1108.94 2.832    904.30     63.61 99.999 99.999 99.999 13.438 13.412 99.999 99.999 99.999  0.293 99.999 99.999 99.999 99.999  99.999  99.999  99.999  99.999  0.007  0.007  0.016  0.011  0.066  0.044   29   18 99.999 99.999   99  22.511023811 -10.168613075  3  8 51.22 2014  9 13 2456913.63114837    20    I                   Netuno_0034.fits                                   Triton                2048  2048
  -0.075  -0.099  904.47 1108.16 2.380   1194.15     81.09 99.999 99.999 99.999 13.426 13.327 99.999 99.999 99.999  0.337 99.999 99.999 99.999 99.999  99.999  99.999  99.999  99.999  0.014  0.014  0.014  0.009  0.060  0.037   30   21 99.999 99.999   99  22.511023370 -10.168620118  3  9 15.92 2014  9 13 2456913.63143422    20    I                   Netuno_0035.fits                                   Triton                2048  2048
  -0.066  -0.074  903.78 1107.80 3.490    751.28     22.19 99.999 99.999 99.999 13.451 13.395 99.999 99.999 99.999  0.290 99.999 99.999 99.999 99.999  99.999  99.999  99.999  99.999  0.026  0.026  0.016  0.011  0.063  0.045   29   20 99.999 99.999   99  22.511022978 -10.168616650  3  9 40.61 2014  9 13 2456913.63172007    20    I                   Netuno_0036.fits                                   Triton                2048  2048
  -0.074  -0.109  903.62 1107.42 3.057    811.75     54.80 99.999 99.999 99.999 13.424 13.367 99.999 99.999 99.999  0.317 99.999 99.999 99.999 99.999  99.999  99.999  99.999  99.999  0.019  0.019  0.016  0.012  0.059  0.044   29   19 99.999 99.999   99  22.511022240 -10.168629647  3 10  5.31 2014  9 13 2456913.63200586    20    I                   Netuno_0037.fits                                   Triton                2048  2048
  -0.068  -0.070  905.81 1106.70 3.544    753.32     16.52 99.999 99.999 99.999 13.495 13.425 99.999 99.999 99.999  0.280 99.999 99.999 99.999 99.999  99.999  99.999  99.999  99.999  0.027  0.027  0.014  0.011  0.059  0.047   28   21 99.999 99.999   99  22.511021807 -10.168622485  3 10 30.00 2014  9 13 2456913.63229164    20    I                   Netuno_0038.fits                                   Triton                2048  2048
  -0.061  -0.139  904.80 1108.59 2.647   1044.12     61.11 99.999 99.999 99.999 13.442 13.359 99.999 99.999 99.999  0.298 99.999 99.999 99.999 99.999  99.999  99.999  99.999  99.999  0.018  0.018  0.018  0.013  0.073  0.050   29   19 99.999 99.999   99  22.511020266 -10.168652287  3 11 44.08 2014  9 13 2456913.63314911    20    I                   Netuno_0041.fits                                   Triton                2048  2048
  -0.034  -0.114  904.43 1110.74 2.447   1041.71     99.28 99.999 99.999 99.999 13.470 13.361 99.999 99.999 99.999  0.323 99.999 99.999 99.999 99.999  99.999  99.999  99.999  99.999  0.006  0.006  0.015  0.014  0.059  0.055   30   20 99.999 99.999   99  22.511020200 -10.168648769  3 12  8.80 2014  9 13 2456913.63343519    20    I                   Netuno_0042.fits                                   Triton                2048  2048
  -0.101  -0.130  905.84 1112.88 2.811    867.61     71.43 99.999 99.999 99.999 13.500 13.383 99.999 99.999 99.999  0.262 99.999 99.999 99.999 99.999  99.999  99.999  99.999  99.999  0.027  0.027  0.016  0.013  0.066  0.055   28   20 99.999 99.999   99  22.511017823 -10.168660658  3 12 58.19 2014  9 13 2456913.63400683    20    I                   Netuno_0044.fits                                   Triton                2048  2048
  -0.081  -0.119  906.03 1111.99 2.511    932.72    114.94 99.999 99.999 99.999 13.478 13.383 99.999 99.999 99.999  0.279 99.999 99.999 99.999 99.999  99.999  99.999  99.999  99.999  0.028  0.028  0.015  0.012  0.061  0.049   28   21 99.999 99.999   99  22.511017647 -10.168660916  3 13 22.88 2014  9 13 2456913.63429263    20    I                   Netuno_0045.fits                                   Triton                2048  2048
  -0.070  -0.095  906.15 1111.05 2.539   1078.20     72.16 99.999 99.999 99.999 13.454 13.334 99.999 99.999 99.999  0.317 99.999 99.999 99.999 99.999  99.999  99.999  99.999  99.999  0.018  0.018  0.015  0.010  0.062  0.039   30   20 99.999 99.999   99  22.511017294 -10.168657640  3 13 47.58 2014  9 13 2456913.63457844    20    I                   Netuno_0046.fits                                   Triton                2048  2048
  -0.075  -0.117  906.23 1111.32 2.631    969.52     81.51 99.999 99.999 99.999 13.490 13.369 99.999 99.999 99.999  0.331 99.999 99.999 99.999 99.999  99.999  99.999  99.999  99.999  0.028  0.028  0.016  0.011  0.062  0.042   29   19 99.999 99.999   99  22.511016616 -10.168667381  3 14 12.27 2014  9 13 2456913.63486425    20    I                   Netuno_0047.fits                                   Triton                2048  2048
  -0.067  -0.117  906.02 1112.74 2.173    947.91    183.43 99.999 99.999 99.999 13.507 13.413 99.999 99.999 99.999  0.303 99.999 99.999 99.999 99.999  99.999  99.999  99.999  99.999  0.010  0.010  0.017  0.012  0.070  0.050   29   20 99.999 99.999   99  22.511016221 -10.168671140  3 14 36.96 2014  9 13 2456913.63515006    20    I                   Netuno_0048.fits                                   Triton                2048  2048
  -0.073  -0.094  906.06 1112.22 2.469   1181.18     63.51 99.999 99.999 99.999 13.478 13.355 99.999 99.999 99.999  0.339 99.999 99.999 99.999 99.999  99.999  99.999  99.999  99.999  0.023  0.023  0.014  0.010  0.056  0.042   30   20 99.999 99.999   99  22.511015551 -10.168668072  3 15  1.67 2014  9 13 2456913.63543601    20    I                   Netuno_0049.fits                                   Triton                2048  2048
  -0.047  -0.130  906.07 1113.01 2.921   1009.00     20.99 99.999 99.999 99.999 13.489 13.392 99.999 99.999 99.999  0.327 99.999 99.999 99.999 99.999  99.999  99.999  99.999  99.999  0.020  0.020  0.014  0.016  0.056  0.064   29   19 99.999 99.999   99  22.511015470 -10.168681639  3 15 26.37 2014  9 13 2456913.63572182    20    I                   Netuno_0050.fits                                   Triton                2048  2048
  -0.056  -0.068  906.89 1119.28 3.014    960.10     19.78 99.999 99.999 99.999 13.439 13.358 99.999 99.999 99.999  0.305 99.999 99.999 99.999 99.999  99.999  99.999  99.999  99.999  0.014  0.014  0.014  0.012  0.056  0.048   28   20 99.999 99.999   99  22.511014193 -10.168671802  3 16 15.75 2014  9 13 2456913.63629343    20    I                   Netuno_0052.fits                                   Triton                2048  2048
  -0.068  -0.074  905.12 1120.91 2.857    878.91     62.55 99.999 99.999 99.999 13.446 13.359 99.999 99.999 99.999  0.253 99.999 99.999 99.999 99.999  99.999  99.999  99.999  99.999  0.018  0.018  0.015  0.011  0.059  0.042   27   19 99.999 99.999   99  22.511013384 -10.168676620  3 16 40.44 2014  9 13 2456913.63657921    20    I                   Netuno_0053.fits                                   Triton                2048  2048
  -0.026  -0.070  905.46 1120.03 2.893    799.61     77.48 99.999 99.999 99.999 13.450 13.396 99.999 99.999 99.999  0.292 99.999 99.999 99.999 99.999  99.999  99.999  99.999  99.999  0.020  0.020  0.015  0.011  0.067  0.046   28   22 99.999 99.999   99  22.511013626 -10.168679198  3 17  5.14 2014  9 13 2456913.63686501    20    I                   Netuno_0054.fits                                   Triton                2048  2048
  -0.045  -0.107  906.92 1118.26 2.568   1016.56     77.21 99.999 99.999 99.999 13.455 13.323 99.999 99.999 99.999  0.315 99.999 99.999 99.999 99.999  99.999  99.999  99.999  99.999  0.016  0.016  0.013  0.014  0.048  0.054   28   19 99.999 99.999   99  22.511012717 -10.168693024  3 17 29.83 2014  9 13 2456913.63715081    20    I                   Netuno_0055.fits                                   Triton                2048  2048
  -0.085  -0.081  905.61 1118.98 2.983    837.30     56.56 99.999 99.999 99.999 13.442 13.380 99.999 99.999 99.999  0.300 99.999 99.999 99.999 99.999  99.999  99.999  99.999  99.999  0.019  0.019  0.014  0.010  0.055  0.039   28   20 99.999 99.999   99  22.511011396 -10.168689104  3 17 54.52 2014  9 13 2456913.63743662    20    I                   Netuno_0056.fits                                   Triton                2048  2048
  -0.088  -0.100  906.17 1117.08 3.191    834.48     31.02 99.999 99.999 99.999 13.457 13.375 99.999 99.999 99.999  0.314 99.999 99.999 99.999 99.999  99.999  99.999  99.999  99.999  0.020  0.020  0.015  0.013  0.059  0.054   28   21 99.999 99.999   99  22.511010796 -10.168697956  3 18 19.23 2014  9 13 2456913.63772259    20    I                   Netuno_0057.fits                                   Triton                2048  2048
  -0.081  -0.120  906.74 1112.92 2.802    925.67     62.88 99.999 99.999 99.999 13.505 13.403 99.999 99.999 99.999  0.318 99.999 99.999 99.999 99.999  99.999  99.999  99.999  99.999  0.007  0.007  0.015  0.010  0.066  0.046   30   22 99.999 99.999   99  22.511009227 -10.168714057  3 19 33.32 2014  9 13 2456913.63858005    20    I                   Netuno_0060.fits                                   Triton                2048  2048
