  -0.013  -0.047  366.95  549.36 1.294    828.53     52.95 99.999 99.999 99.999 13.344 13.301 99.999 99.999 99.999  0.257 99.999 99.999 99.999 99.999  99.999  99.999  99.999  99.999  0.000  0.000  0.012  0.014  0.045  0.052   23   18 99.999 99.999   99  20.830137409 -17.664707265  2 15 42.07 2002  7 15 2452470.59423692     2  Clear                 net0001.fits                                       Triton                 768  1050
   0.018  -0.028  366.32  554.22 1.627    710.65     10.73 99.999 99.999 99.999 13.392 13.329 99.999 99.999 99.999  0.241 99.999 99.999 99.999 99.999  99.999  99.999  99.999  99.999  0.024  0.024  0.013  0.012  0.050  0.049   24   19 99.999 99.999   99  20.830134551 -17.664718891  2 18  9.73 2002  7 15 2452470.59594595     2  Clear                 net0002.fits                                       Triton                 768  1050
   0.062  -0.014  366.66  554.82 1.118    969.32     53.71 99.999 99.999 99.999 13.203 13.190 99.999 99.999 99.999  0.340 99.999 99.999 99.999 99.999  99.999  99.999  99.999  99.999  0.028  0.029  0.014  0.016  0.054  0.064   22   17 99.999 99.999   99  20.830134373 -17.664719987  2 18 52.91 2002  7 15 2452470.59644572     2  Clear                 net0003.fits                                       Triton                 768  1050
  -0.009  -0.047  366.85  553.26 1.030   1297.49     69.80 99.999 99.999 99.999 13.447 13.241 99.999 99.999 99.999  0.206 99.999 99.999 99.999 99.999  99.999  99.999  99.999  99.999  0.005  0.005  0.012  0.015  0.042  0.052   14   14 99.999 99.999   99  20.830131986 -17.664734046  2 19 36.12 2002  7 15 2452470.59694583     2  Clear                 net0004.fits                                       Triton                 768  1050
   0.009  -0.007  366.47  555.84 0.981    880.19    161.53 99.999 99.999 99.999 13.305 13.196 99.999 99.999 99.999  0.259 99.999 99.999 99.999 99.999  99.999  99.999  99.999  99.999  0.023  0.026  0.014  0.012  0.054  0.048   21   16 99.999 99.999   99  20.830130314 -17.664733015  2 21  2.49 2002  7 15 2452470.59794549     2  Clear                 net0006.fits                                       Triton                 768  1050
  -0.016  -0.054  366.06  557.48 1.205    891.10     80.30 99.999 99.999 99.999 13.303 13.317 99.999 99.999 99.999  0.260 99.999 99.999 99.999 99.999  99.999  99.999  99.999  99.999  0.034  0.033  0.014  0.017  0.050  0.062   18   16 99.999 99.999   99  20.830128774 -17.664751249  2 21 46.57 2002  7 15 2452470.59845567     2  Clear                 net0007.fits                                       Triton                 768  1050
  -0.005  -0.028  366.05  557.06 1.123    895.78     95.13 99.999 99.999 99.999 13.414 13.292 99.999 99.999 99.999  0.220 99.999 99.999 99.999 99.999  99.999  99.999  99.999  99.999  0.024  0.024  0.012  0.017  0.043  0.064   17   15 99.999 99.999   99  20.830127988 -17.664748803  2 22 29.77 2002  7 15 2452470.59895567     2  Clear                 net0008.fits                                       Triton                 768  1050
   0.053  -0.025  366.16  554.69 1.114    954.50     91.97 99.999 99.999 99.999 13.382 13.262 99.999 99.999 99.999  0.211 99.999 99.999 99.999 99.999  99.999  99.999  99.999  99.999  0.035  0.034  0.013  0.012  0.052  0.049   21   17 99.999 99.999   99  20.830128081 -17.664752954  2 23 12.99 2002  7 15 2452470.59945590     2  Clear                 net0009.fits                                       Triton                 768  1050
  -0.022  -0.040  366.23  555.85 0.967   1133.25    136.40 99.999 99.999 99.999 13.286 13.239 99.999 99.999 99.999  0.233 99.999 99.999 99.999 99.999  99.999  99.999  99.999  99.999  0.026  0.026  0.016  0.012  0.067  0.051   19   18 99.999 99.999   99  20.830124593 -17.664767123  2 24 39.34 2002  7 15 2452470.60045532     2  Clear                 net0011.fits                                       Triton                 768  1050
  -0.004  -0.003  366.03  555.71 1.246    770.34     76.53 99.999 99.999 99.999 13.328 13.250 99.999 99.999 99.999  0.230 99.999 99.999 99.999 99.999  99.999  99.999  99.999  99.999  0.053  0.052  0.011  0.014  0.042  0.053   21   16 99.999 99.999   99  20.830123958 -17.664761601  2 25 22.54 2002  7 15 2452470.60095532     2  Clear                 net0012.fits                                       Triton                 768  1050
  -0.017  -0.023  365.46  555.36 1.310    852.88     48.27 99.999 99.999 99.999 13.302 13.289 99.999 99.999 99.999  0.272 99.999 99.999 99.999 99.999  99.999  99.999  99.999  99.999  0.028  0.028  0.013  0.017  0.050  0.065   22   16 99.999 99.999   99  20.830121651 -17.664777631  2 26 49.80 2002  7 15 2452470.60196528     2  Clear                 net0014.fits                                       Triton                 768  1050
  -0.015  -0.033  365.42  553.71 0.815   1255.40    188.30 99.999 99.999 99.999 13.242 13.245 99.999 99.999 99.999  0.301 99.999 99.999 99.999 99.999  99.999  99.999  99.999  99.999  0.033  0.034  0.017  0.013  0.055  0.041   14   12 99.999 99.999   99  20.830120648 -17.664785001  2 27 33.04 2002  7 15 2452470.60246574     2  Clear                 net0015.fits                                       Triton                 768  1050
  -0.035  -0.009  365.97  553.57 0.986    962.96    164.40 99.999 99.999 99.999 13.361 13.216 99.999 99.999 99.999  0.203 99.999 99.999 99.999 99.999  99.999  99.999  99.999  99.999  0.000  0.000  0.010  0.014  0.042  0.058   20   18 99.999 99.999   99  20.830119234 -17.664783350  2 28 16.47 2002  7 15 2452470.60296840     2  Clear                 net0016.fits                                       Triton                 768  1050
  -0.014   0.004  365.66  555.65 0.780    928.02    246.50 99.999 99.999 99.999 13.294 13.220 99.999 99.999 99.999  0.280 99.999 99.999 99.999 99.999  99.999  99.999  99.999  99.999  0.000  0.000  0.016  0.016  0.061  0.061   17   15 99.999 99.999   99  20.830117592 -17.664790106  2 29 44.70 2002  7 15 2452470.60398958     2  Clear                 net0018.fits                                       Triton                 768  1050
   0.027  -0.033  366.06  556.27 0.970    986.02    143.70 99.999 99.999 99.999 13.347 13.339 99.999 99.999 99.999  0.240 99.999 99.999 99.999 99.999  99.999  99.999  99.999  99.999  0.034  0.033  0.014  0.015  0.048  0.052   15   14 99.999 99.999   99  20.830117350 -17.664805158  2 30 27.99 2002  7 15 2452470.60449063     2  Clear                 net0019.fits                                       Triton                 768  1050
  -0.013  -0.018  365.35  552.71 1.325    885.36     40.56 99.999 99.999 99.999 13.371 13.328 99.999 99.999 99.999  0.265 99.999 99.999 99.999 99.999  99.999  99.999  99.999  99.999  0.030  0.030  0.010  0.013  0.039  0.049   20   16 99.999 99.999   99  20.830114550 -17.664810953  2 31 54.34 2002  7 15 2452470.60549005     2  Clear                 net0021.fits                                       Triton                 768  1050
   0.020  -0.058  364.88  555.24 1.412    772.25     42.84 99.999 99.999 99.999 13.361 13.366 99.999 99.999 99.999  0.260 99.999 99.999 99.999 99.999  99.999  99.999  99.999  99.999  0.038  0.038  0.012  0.013  0.054  0.058   24   21 99.999 99.999   99  20.830114164 -17.664826821  2 32 37.50 2002  7 15 2452470.60598958     2  Clear                 net0022.fits                                       Triton                 768  1050
   0.055  -0.026  365.42  557.81 0.984   1076.92    120.85 99.999 99.999 99.999 13.248 13.172 99.999 99.999 99.999  0.308 99.999 99.999 99.999 99.999  99.999  99.999  99.999  99.999  0.029  0.032  0.015  0.013  0.057  0.053   20   16 99.999 99.999   99  20.830113816 -17.664823019  2 33 21.54 2002  7 15 2452470.60649931     2  Clear                 net0023.fits                                       Triton                 768  1050
  -0.005  -0.020  364.87  558.15 1.021    967.43    111.68 99.999 99.999 99.999 13.237 13.113 99.999 99.999 99.999  0.304 99.999 99.999 99.999 99.999  99.999  99.999  99.999  99.999  0.025  0.025  0.016  0.015  0.059  0.057   19   14 99.999 99.999   99  20.830110627 -17.664831314  2 34 48.00 2002  7 15 2452470.60750000     2  Clear                 net0025.fits                                       Triton                 768  1050
   0.047  -0.045  366.98  586.09 1.188    709.66    112.37 99.999 99.999 99.999 13.332 13.243 99.999 99.999 99.999  0.161 99.999 99.999 99.999 99.999  99.999  99.999  99.999  99.999  0.012  0.012  0.015  0.015  0.056  0.058   23   17 99.999 99.999   99  20.829691812 -17.666776451  7 29  2.13 2002  7 15 2452470.81183021     2  Clear                 net0039.fits                                       Triton                 768  1050
   0.059  -0.022  366.80  585.66 1.297    782.86     82.62 99.999 99.999 99.999 13.326 13.275 99.999 99.999 99.999  0.228 99.999 99.999 99.999 99.999  99.999  99.999  99.999  99.999  0.000  0.000  0.013  0.012  0.055  0.051   27   22 99.999 99.999   99  20.829690983 -17.666774462  7 29 45.42 2002  7 15 2452470.81233125     2  Clear                 net0040.fits                                       Triton                 768  1050
   0.017  -0.019  367.18  583.18 1.222    832.51     73.51 99.999 99.999 99.999 13.234 13.246 99.999 99.999 99.999  0.196 99.999 99.999 99.999 99.999  99.999  99.999  99.999  99.999  0.055  0.055  0.015  0.016  0.053  0.056   21   17 99.999 99.999   99  20.829689163 -17.666778117  7 30 27.94 2002  7 15 2452470.81282338     2  Clear                 net0041.fits                                       Triton                 768  1050
   0.023  -0.050  366.82  581.80 1.596    678.88     29.39 99.999 99.999 99.999 13.409 13.317 99.999 99.999 99.999  0.245 99.999 99.999 99.999 99.999  99.999  99.999  99.999  99.999  0.066  0.066  0.016  0.012  0.063  0.049   27   18 99.999 99.999   99  20.829688225 -17.666791280  7 31 11.38 2002  7 15 2452470.81332616     2  Clear                 net0042.fits                                       Triton                 768  1050
   0.018  -0.014  366.77  583.32 1.272    702.93     99.20 99.999 99.999 99.999 13.338 13.231 99.999 99.999 99.999  0.188 99.999 99.999 99.999 99.999  99.999  99.999  99.999  99.999  0.038  0.038  0.017  0.014  0.067  0.055   24   18 99.999 99.999   99  20.829687107 -17.666785932  7 31 54.63 2002  7 15 2452470.81382674     2  Clear                 net0043.fits                                       Triton                 768  1050
   0.016  -0.037  366.79  586.09 1.978    513.36      8.66 99.999 99.999 99.999 13.359 13.297 99.999 99.999 99.999  0.232 99.999 99.999 99.999 99.999  99.999  99.999  99.999  99.999  0.030  0.030  0.009  0.014  0.041  0.061   28   21 99.999 99.999   99  20.829685024 -17.666801032  7 33 20.31 2002  7 15 2452470.81481840     2  Clear                 net0045.fits                                       Triton                 768  1050
   0.004  -0.025  366.90  585.38 1.190    698.40    135.82 99.999 99.999 99.999 13.410 13.388 99.999 99.999 99.999  0.255 99.999 99.999 99.999 99.999  99.999  99.999  99.999  99.999  0.014  0.014  0.012  0.015  0.052  0.064   28   22 99.999 99.999   99  20.829683771 -17.666802302  7 34  2.86 2002  7 15 2452470.81531088     2  Clear                 net0046.fits                                       Triton                 768  1050
   0.037  -0.051  367.00  584.26 1.335    660.44     82.67 99.999 99.999 99.999 13.388 13.251 99.999 99.999 99.999  0.235 99.999 99.999 99.999 99.999  99.999  99.999  99.999  99.999  0.053  0.053  0.014  0.013  0.058  0.051   27   21 99.999 99.999   99  20.829683383 -17.666814105  7 34 46.29 2002  7 15 2452470.81581354     2  Clear                 net0047.fits                                       Triton                 768  1050
  -0.003  -0.035  358.62  514.42 1.857    464.50     31.86 99.999 99.999 99.999 13.403 13.376 99.999 99.999 99.999  0.260 99.999 99.999 99.999 99.999  99.999  99.999  99.999  99.999  0.068  0.068  0.011  0.016  0.050  0.073   26   20 99.999 99.999   99  20.829637423 -17.667006252  8  6 17.19 2002  7 15 2452470.83769896     2  Clear                 net0049.fits                                       Triton                 768  1050
  -0.020  -0.016  358.39  516.04 1.778    504.00     31.24 99.999 99.999 99.999 13.448 13.376 99.999 99.999 99.999  0.205 99.999 99.999 99.999 99.999  99.999  99.999  99.999  99.999  0.051  0.051  0.012  0.013  0.050  0.056   25   18 99.999 99.999   99  20.829634007 -17.667014463  8  8 26.10 2002  7 15 2452470.83919097     2  Clear                 net0052.fits                                       Triton                 768  1050
   0.012  -0.012  358.45  513.68 1.727    564.58     25.72 99.999 99.999 99.999 13.364 13.371 99.999 99.999 99.999  0.224 99.999 99.999 99.999 99.999  99.999  99.999  99.999  99.999  0.046  0.046  0.016  0.013  0.067  0.053   23   18 99.999 99.999   99  20.829632591 -17.667022144  8  9 51.90 2002  7 15 2452470.84018403     2  Clear                 net0054.fits                                       Triton                 768  1050
   0.027  -0.044  358.16  514.46 1.802    553.00     18.77 99.999 99.999 99.999 13.373 13.273 99.999 99.999 99.999  0.231 99.999 99.999 99.999 99.999  99.999  99.999  99.999  99.999  0.043  0.043  0.012  0.016  0.052  0.072   22   20 99.999 99.999   99  20.829629772 -17.667044849  8 12  1.48 2002  7 15 2452470.84168380     2  Clear                 net0057.fits                                       Triton                 768  1050
   0.037  -0.014  358.36  516.21 1.476    610.06     45.99 99.999 99.999 99.999 13.315 13.305 99.999 99.999 99.999  0.188 99.999 99.999 99.999 99.999  99.999  99.999  99.999  99.999  0.064  0.064  0.016  0.016  0.067  0.068   20   18 99.999 99.999   99  20.829628950 -17.667040854  8 12 44.76 2002  7 15 2452470.84218472     2  Clear                 net0058.fits                                       Triton                 768  1050
   0.034  -0.013  358.09  515.45 1.784    480.29     33.93 99.999 99.999 99.999 13.371 13.293 99.999 99.999 99.999  0.194 99.999 99.999 99.999 99.999  99.999  99.999  99.999  99.999  0.054  0.054  0.016  0.014  0.068  0.062   23   19 99.999 99.999   99  20.829626802 -17.667049417  8 14 11.54 2002  7 15 2452470.84318912     2  Clear                 net0060.fits                                       Triton                 768  1050
  -0.009  -0.018  358.38  515.03 1.533    580.21     56.38 99.999 99.999 99.999 13.317 13.278 99.999 99.999 99.999  0.233 99.999 99.999 99.999 99.999  99.999  99.999  99.999  99.999  0.051  0.051  0.014  0.016  0.059  0.070   23   19 99.999 99.999   99  20.829624942 -17.667055206  8 14 55.11 2002  7 15 2452470.84369340     2  Clear                 net0061.fits                                       Triton                 768  1050
   0.066   0.001  358.60  520.53 1.530    480.68     76.76 99.999 99.999 99.999 13.393 13.382 99.999 99.999 99.999  0.248 99.999 99.999 99.999 99.999  99.999  99.999  99.999  99.999  0.001  0.001  0.013  0.014  0.050  0.056   20   17 99.999 99.999   99  20.829623291 -17.667063660  8 17  5.09 2002  7 15 2452470.84519780     2  Clear                 net0064.fits                                       Triton                 768  1050
  -0.019  -0.037  358.28  517.02 1.983    475.27     11.95 99.999 99.999 99.999 13.324 13.264 99.999 99.999 99.999  0.200 99.999 99.999 99.999 99.999  99.999  99.999  99.999  99.999  0.062  0.062  0.010  0.017  0.044  0.072   24   18 99.999 99.999   99  20.829619576 -17.667083183  8 18 31.44 2002  7 15 2452470.84619722     2  Clear                 net0066.fits                                       Triton                 768  1050
