  -0.166   0.174  483.56  490.61 1.309     45.38      7.25 99.999 99.999 99.999 13.398 13.206 99.999 99.999 99.999  0.103 99.999 99.999 99.999 99.999  99.999  99.999  99.999  99.999  0.033  0.033  0.049  0.459  0.012  0.117    5    4 99.999 99.999   99  20.965774894 -17.182613859  0 28  2.76 2003  7 25 2452845.51947639     1  Clear                 net0002.fits                                       Triton                1004  1024
   0.156  -0.218  483.66  501.28 1.180     55.90      7.03 99.999 99.999 99.999 13.105 12.645 99.999 99.999 99.999  0.173 99.999 99.999 99.999 99.999  99.999  99.999  99.999  99.999  0.032  0.033  0.000  0.000  0.000  0.000    3    3 99.999 99.999   99  20.965778605 -17.182739739  0 30 10.96 2003  7 25 2452845.52096019     1  Clear                 net0004.fits                                       Triton                1004  1024
  -0.049  -0.068  483.97  502.97 1.622     34.97      5.15 99.999 99.999 99.999 13.426 13.297 99.999 99.999 99.999  0.185 99.999 99.999 99.999 99.999  99.999  99.999  99.999  99.999  0.043  0.043  0.033  0.021  0.070  0.046    9    8 99.999 99.999   99  20.965773551 -17.182705288  0 31  6.67 2003  7 25 2452845.52160498     1  Clear                 net0005.fits                                       Triton                1004  1024
  -0.014  -0.048  484.16  504.83 1.207     62.83      5.89 99.999 99.999 99.999 13.297 13.064 99.999 99.999 99.999  0.199 99.999 99.999 99.999 99.999  99.999  99.999  99.999  99.999  0.032  0.032  0.067  0.040  0.086  0.050    6    6 99.999 99.999   99  20.965773320 -17.182705498  0 31 52.16 2003  7 25 2452845.52213148     1  Clear                 net0006.fits                                       Triton                1004  1024
  -0.109  -0.043  483.92  520.88 1.016     41.68     18.05 99.999 99.999 99.999 13.545 13.389 99.999 99.999 99.999  0.258 99.999 99.999 99.999 99.999  99.999  99.999  99.999  99.999  0.000  0.000  0.019  0.034  0.041  0.075   10    8 99.999 99.999   99  20.965770108 -17.182713241  0 33  1.83 2003  7 25 2452845.52293785     1  Clear                 net0007.fits                                       Triton                1004  1024
  -0.102  -0.071  484.37  518.80 1.171     39.28      9.32 99.999 99.999 99.999 13.286 13.119 99.999 99.999 99.999  0.227 99.999 99.999 99.999 99.999  99.999  99.999  99.999  99.999  0.023  0.023  0.051  0.092  0.066  0.118    6    6 99.999 99.999   99  20.965769102 -17.182728341  0 33 59.33 2003  7 25 2452845.52360336     1  Clear                 net0008.fits                                       Triton                1004  1024
   0.303  -0.240  483.95  519.79 1.102     58.87      9.21 99.999 99.999 99.999 13.106 12.838 99.999 99.999 99.999  0.200 99.999 99.999 99.999 99.999  99.999  99.999  99.999  99.999  0.000  0.000  0.000  0.000  0.000  0.000    3    3 99.999 99.999   99  20.965776070 -17.182781497  0 34 44.86 2003  7 25 2452845.52413032     1  Clear                 net0009.fits                                       Triton                1004  1024
  -0.070   0.105  483.64  520.57 1.397     54.91      5.01 99.999 99.999 99.999 13.321 13.178 99.999 99.999 99.999  0.210 99.999 99.999 99.999 99.999  99.999  99.999  99.999  99.999  0.031  0.032  0.023  0.026  0.035  0.040   10    9 99.999 99.999   99  20.965767950 -17.182691273  0 35 29.43 2003  7 25 2452845.52464618     1  Clear                 net0010.fits                                       Triton                1004  1024
  -0.194   0.044  483.97  525.43 0.996    686.54     65.53 99.999 99.999 99.999 13.287 13.156 99.999 99.999 99.999  0.214 99.999 99.999 99.999 99.999  99.999  99.999  99.999  99.999  0.000  0.000  0.025  0.026  0.067  0.069   14   11 99.999 99.999   99  20.965753456 -17.182787786  0 45 40.50 2003  7 25 2452845.53171875    10  Clear                 net0013.fits                                       Triton                1004  1024
   0.156  -0.035  507.91  486.65 1.017    110.80      7.26 99.999 99.999 99.999 13.252 13.079 99.999 99.999 99.999  0.154 99.999 99.999 99.999 99.999  99.999  99.999  99.999  99.999  0.000  0.000  0.013  0.053  0.006  0.026    4    4 99.999 99.999   99  20.965565543 -17.184079770  3 27 13.37 2003  7 25 2452845.64390475     1  Clear                 net0031.fits                                       Triton                1004  1024
  -0.259  -0.118  507.88  485.90 1.024    101.03      8.65 99.999 99.999 99.999 13.392 13.066 99.999 99.999 99.999  0.194 99.999 99.999 99.999 99.999  99.999  99.999  99.999  99.999  0.033  0.033  0.207  0.182  0.041  0.036    4    4 99.999 99.999   99  20.965555429 -17.184116163  3 28 54.81 2003  7 25 2452845.64507882     1  Clear                 net0033.fits                                       Triton                1004  1024
  -0.095   0.084  508.08  469.86 1.034    546.16    108.36 99.999 99.999 99.999 13.268 13.157 99.999 99.999 99.999  0.180 99.999 99.999 99.999 99.999  99.999  99.999  99.999  99.999  0.034  0.034  0.017  0.014  0.064  0.054   23   19 99.999 99.999   99  20.965542123 -17.184166373  3 42 22.89 2003  7 25 2452845.65443160     9  Clear                 net0044.fits                                       Triton                1004  1024
  -0.124   0.080  508.21  464.08 1.667    265.56     27.56 99.999 99.999 99.999 13.258 13.163 99.999 99.999 99.999  0.192 99.999 99.999 99.999 99.999  99.999  99.999  99.999  99.999  0.016  0.016  0.011  0.012  0.044  0.048   30   20 99.999 99.999   99  20.965534181 -17.184215096  3 48 25.31 2003  7 25 2452845.65862627     8  Clear                 net0050.fits                                       Triton                1004  1024
  -0.186   0.100  481.02  537.78 1.499     50.96      6.43 99.999 99.999 99.999 13.267 13.154 99.999 99.999 99.999  0.272 99.999 99.999 99.999 99.999  99.999  99.999  99.999  99.999  0.032  0.032  0.019  0.031  0.052  0.083   14   11 99.999 99.999   99  20.965332806 -17.185489791  6 30  4.12 2003  7 25 2452845.77088102     1  Clear                 net0061.fits                                       Triton                1004  1024
  -0.299  -0.033  480.91  540.19 1.417     58.83      5.79 99.999 99.999 99.999 13.201 13.135 99.999 99.999 99.999  0.237 99.999 99.999 99.999 99.999  99.999  99.999  99.999  99.999  0.047  0.047  0.022  0.015  0.070  0.048   18   13 99.999 99.999   99  20.965328479 -17.185540351  6 31 47.21 2003  7 25 2452845.77207419     1  Clear                 net0063.fits                                       Triton                1004  1024
  -0.014  -0.090  475.90  536.25 1.139     75.57      8.15 99.999 99.999 99.999 13.357 13.271 99.999 99.999 99.999  0.325 99.999 99.999 99.999 99.999  99.999  99.999  99.999  99.999  0.011  0.011  0.025  0.031  0.059  0.073   15   10 99.999 99.999   99  20.965330820 -17.185576439  6 34 20.05 2003  7 25 2452845.77384317     1  Clear                 net0066.fits                                       Triton                1004  1024
  -0.076   0.112  475.88  536.00 1.398     57.06      7.15 99.999 99.999 99.999 13.284 13.149 99.999 99.999 99.999  0.166 99.999 99.999 99.999 99.999  99.999  99.999  99.999  99.999  0.024  0.024  0.019  0.020  0.062  0.065   17   14 99.999 99.999   99  20.965327588 -17.185533450  6 35 57.86 2003  7 25 2452845.77497523     1  Clear                 net0068.fits                                       Triton                1004  1024
  -0.056  -0.118  475.78  531.68 1.539     38.50      7.38 99.999 99.999 99.999 13.405 13.441 99.999 99.999 99.999  0.167 99.999 99.999 99.999 99.999  99.999  99.999  99.999  99.999  0.038  0.038  0.018  0.028  0.049  0.075   18   11 99.999 99.999   99  20.965326080 -17.185609135  6 37 28.16 2003  7 25 2452845.77602037     1  Clear                 net0070.fits                                       Triton                1004  1024
  -0.056  -0.095  475.78  531.64 1.511    392.27     24.93 99.999 99.999 99.999 13.228 13.105 99.999 99.999 99.999  0.168 99.999 99.999 99.999 99.999  99.999  99.999  99.999  99.999  0.008  0.008  0.016  0.016  0.059  0.060   27   20 99.999 99.999   99  20.965319128 -17.185646856  6 43  2.42 2003  7 25 2452845.77988912     9  Clear                 net0073.fits                                       Triton                1004  1024
