  -0.043   0.033  473.41  509.32 1.623    198.76     16.25 99.999 99.999 99.999 13.655 13.516 99.999 99.999 99.999  0.184 99.999 99.999 99.999 99.999  99.999  99.999  99.999  99.999  0.049  0.049  0.015  0.018  0.064  0.075   28   18 99.999 99.999   99  21.067704353 -16.827745046  0 57 44.33 2004  8 21 2453238.54009641     3  Dark                  net2008040001.fits                                 Triton                1020  1020
  -0.081  -0.083  473.40  506.28 1.322    269.47     26.49 99.999 99.999 99.999 13.593 13.472 99.999 99.999 99.999  0.140 99.999 99.999 99.999 99.999  99.999  99.999  99.999  99.999  0.039  0.039  0.016  0.014  0.069  0.062   25   21 99.999 99.999   99  21.067702738 -16.827782453  0 58 35.41 2004  8 21 2453238.54068762     3  Dark                  net2008040002.fits                                 Triton                1020  1020
  -0.021  -0.080  473.44  508.12 1.258    304.68     27.46 99.999 99.999 99.999 13.576 13.429 99.999 99.999 99.999  0.140 99.999 99.999 99.999 99.999  99.999  99.999  99.999  99.999  0.032  0.032  0.015  0.012  0.061  0.051   27   20 99.999 99.999   99  21.067703040 -16.827786969  0 59 26.44 2004  8 21 2453238.54127824     3  Dark                  net2008040003.fits                                 Triton                1020  1020
  -0.066  -0.024  473.66  510.29 1.727    206.73     10.76 99.999 99.999 99.999 13.649 13.530 99.999 99.999 99.999  0.158 99.999 99.999 99.999 99.999  99.999  99.999  99.999  99.999  0.030  0.030  0.012  0.017  0.054  0.077   33   22 99.999 99.999   99  21.067701284 -16.827776779  1  0 17.57 2004  8 21 2453238.54187002     3  Dark                  net2008040004.fits                                 Triton                1020  1020
  -0.051  -0.056  474.07  512.64 0.845    298.89     97.82 99.999 99.999 99.999 13.672 13.412 99.999 99.999 99.999  0.150 99.999 99.999 99.999 99.999  99.999  99.999  99.999  99.999  0.029  0.023  0.019  0.016  0.069  0.058   15   15 99.999 99.999   99  21.067700714 -16.827790581  1  1  7.68 2004  8 21 2453238.54245000     3  Dark                  net2008040005.fits                                 Triton                1020  1020
   0.014  -0.060  474.05  511.27 1.319    329.15     17.04 99.999 99.999 99.999 13.614 13.439 99.999 99.999 99.999  0.126 99.999 99.999 99.999 99.999  99.999  99.999  99.999  99.999  0.035  0.035  0.012  0.015  0.050  0.059   24   19 99.999 99.999   99  21.067701101 -16.827796874  1  1 58.64 2004  8 21 2453238.54303982     3  Dark                  net2008040006.fits                                 Triton                1020  1020
  -0.023  -0.082  474.59  512.72 1.507    295.41      5.74 99.999 99.999 99.999 13.525 13.363 99.999 99.999 99.999  0.175 99.999 99.999 99.999 99.999  99.999  99.999  99.999  99.999  0.036  0.036  0.014  0.010  0.058  0.043   31   21 99.999 99.999   99  21.067698638 -16.827813484  1  3 40.95 2004  8 21 2453238.54422396     3  Dark                  net2008040008.fits                                 Triton                1020  1020
  -0.002  -0.069  474.40  513.80 1.612    237.07     11.41 99.999 99.999 99.999 13.568 13.397 99.999 99.999 99.999  0.206 99.999 99.999 99.999 99.999  99.999  99.999  99.999  99.999  0.056  0.056  0.016  0.016  0.065  0.066   27   21 99.999 99.999   99  21.067698184 -16.827815034  1  4 32.04 2004  8 21 2453238.54481528     3  Dark                  net2008040009.fits                                 Triton                1020  1020
   0.024  -0.034  454.90  502.59 1.600    261.89     10.55 99.999 99.999 99.999 13.540 13.484 99.999 99.999 99.999  0.206 99.999 99.999 99.999 99.999  99.999  99.999  99.999  99.999  0.068  0.068  0.011  0.015  0.051  0.071   33   27 99.999 99.999   99  21.067548347 -16.828715103  3 30  6.82 2004  8 21 2453238.64591227     3  Dark                  net2008040031.fits                                 Triton                1020  1020
   0.019   0.026  454.68  503.10 1.612    269.02      5.74 99.999 99.999 99.999 13.582 13.496 99.999 99.999 99.999  0.195 99.999 99.999 99.999 99.999  99.999  99.999  99.999  99.999  0.037  0.037  0.013  0.012  0.057  0.055   27   22 99.999 99.999   99  21.067545584 -16.828714623  3 32 41.06 2004  8 21 2453238.64769745     3  Dark                  net2008040034.fits                                 Triton                1020  1020
  -0.014  -0.023  454.17  502.16 1.801    222.13      4.28 99.999 99.999 99.999 13.564 13.472 99.999 99.999 99.999  0.171 99.999 99.999 99.999 99.999  99.999  99.999  99.999  99.999  0.035  0.035  0.012  0.010  0.060  0.052   33   28 99.999 99.999   99  21.067544066 -16.828733531  3 33 32.00 2004  8 21 2453238.64828704     3  Dark                  net2008040035.fits                                 Triton                1020  1020
  -0.028  -0.065  454.41  498.86 1.431    265.34     20.14 99.999 99.999 99.999 13.512 13.350 99.999 99.999 99.999  0.193 99.999 99.999 99.999 99.999  99.999  99.999  99.999  99.999  0.062  0.061  0.012  0.014  0.054  0.066   27   22 99.999 99.999   99  21.067542895 -16.828750971  3 34 22.74 2004  8 21 2453238.64887431     3  Dark                  net2008040036.fits                                 Triton                1020  1020
   0.007  -0.111  454.52  499.88 1.327    285.00     28.52 99.999 99.999 99.999 13.440 13.366 99.999 99.999 99.999  0.152 99.999 99.999 99.999 99.999  99.999  99.999  99.999  99.999  0.062  0.062  0.015  0.016  0.066  0.072   26   21 99.999 99.999   99  21.067542718 -16.828768909  3 35 12.83 2004  8 21 2453238.64945405     3  Dark                  net2008040037.fits                                 Triton                1020  1020
   0.032  -0.054  454.07  500.17 1.894    200.50      4.46 99.999 99.999 99.999 13.584 13.467 99.999 99.999 99.999  0.164 99.999 99.999 99.999 99.999  99.999  99.999  99.999  99.999  0.057  0.057  0.015  0.014  0.061  0.059   30   22 99.999 99.999   99  21.067542339 -16.828758360  3 36  2.73 2004  8 21 2453238.65003160     3  Dark                  net2008040038.fits                                 Triton                1020  1020
   0.064  -0.089  453.62  500.49 1.467    244.41     22.06 99.999 99.999 99.999 13.480 13.363 99.999 99.999 99.999  0.169 99.999 99.999 99.999 99.999  99.999  99.999  99.999  99.999  0.000  0.000  0.016  0.014  0.067  0.058   21   17 99.999 99.999   99  21.067542092 -16.828773250  3 36 52.77 2004  8 21 2453238.65061076     3  Dark                  net2008040039.fits                                 Triton                1020  1020
  -0.059  -0.042  453.82  498.28 1.768    207.82      9.36 99.999 99.999 99.999 13.506 13.430 99.999 99.999 99.999  0.147 99.999 99.999 99.999 99.999  99.999  99.999  99.999  99.999  0.043  0.043  0.010  0.012  0.047  0.055   29   23 99.999 99.999   99  21.067538830 -16.828765427  3 37 43.83 2004  8 21 2453238.65120174     3  Dark                  net2008040040.fits                                 Triton                1020  1020
  -0.016  -0.022  453.09  483.72 2.152    157.63      3.29 99.999 99.999 99.999 13.549 13.434 99.999 99.999 99.999  0.159 99.999 99.999 99.999 99.999  99.999  99.999  99.999  99.999  0.039  0.039  0.011  0.012  0.054  0.059   28   24 99.999 99.999   99  21.067458892 -16.829259186  4 55 23.54 2004  8 21 2453238.70513356     3  Dark                  net2008040062.fits                                 Triton                1020  1020
  -0.005  -0.028  453.01  482.13 2.157    166.62      1.53 99.999 99.999 99.999 13.608 13.521 99.999 99.999 99.999  0.123 99.999 99.999 99.999 99.999  99.999  99.999  99.999  99.999  0.065  0.065  0.014  0.013  0.062  0.058   28   21 99.999 99.999   99  21.067458236 -16.829266427  4 56 13.92 2004  8 21 2453238.70571667     3  Dark                  net2008040063.fits                                 Triton                1020  1020
  -0.032  -0.079  452.23  481.13 2.172    165.44      0.31 99.999 99.999 99.999 13.562 13.461 99.999 99.999 99.999  0.177 99.999 99.999 99.999 99.999  99.999  99.999  99.999  99.999  0.036  0.036  0.015  0.016  0.060  0.065   31   19 99.999 99.999   99  21.067456828 -16.829286106  4 57  4.95 2004  8 21 2453238.70630729     3  Dark                  net2008040064.fits                                 Triton                1020  1020
  -0.047   0.009  453.03  477.67 2.072    163.14      5.05 99.999 99.999 99.999 13.559 13.457 99.999 99.999 99.999  0.175 99.999 99.999 99.999 99.999  99.999  99.999  99.999  99.999  0.040  0.040  0.012  0.013  0.057  0.059   32   22 99.999 99.999   99  21.067455668 -16.829266811  4 57 54.87 2004  8 21 2453238.70688507     3  Dark                  net2008040065.fits                                 Triton                1020  1020
   0.053  -0.085  452.50  479.42 2.036    183.77      0.16 99.999 99.999 99.999 13.508 13.440 99.999 99.999 99.999  0.176 99.999 99.999 99.999 99.999  99.999  99.999  99.999  99.999  0.049  0.049  0.015  0.010  0.065  0.045   35   22 99.999 99.999   99  21.067456719 -16.829298665  4 58 46.18 2004  8 21 2453238.70747894     3  Dark                  net2008040066.fits                                 Triton                1020  1020
   0.020   0.030  451.87  481.69 1.566    247.51      8.67 99.999 99.999 99.999 13.540 13.408 99.999 99.999 99.999  0.195 99.999 99.999 99.999 99.999  99.999  99.999  99.999  99.999  0.036  0.037  0.010  0.011  0.049  0.053   34   27 99.999 99.999   99  21.067453352 -16.829283526  5  1 21.66 2004  8 21 2453238.70927847     3  Dark                  net2008040069.fits                                 Triton                1020  1020
   0.034  -0.066  451.73  480.18 1.760    209.19      6.94 99.999 99.999 99.999 13.585 13.468 99.999 99.999 99.999  0.143 99.999 99.999 99.999 99.999  99.999  99.999  99.999  99.999  0.063  0.063  0.014  0.016  0.065  0.073   32   23 99.999 99.999   99  21.067452745 -16.829315918  5  2 13.47 2004  8 21 2453238.70987813     3  Dark                  net2008040070.fits                                 Triton                1020  1020
