   0.752   0.003  671.99    2.49 1.929   2797.41     23.41 99.999 99.999 99.999 12.959 12.822 99.999 99.999 99.999  0.124 99.999 99.999 99.999 99.999  99.999  99.999  99.999  99.999  0.071  0.075  0.024  0.025  0.050  0.053   27   20 99.999 99.999   99  20.965727193 -17.183092294  1 23  7.27 2003  7 25 2452845.55772303   120  Clear                 net0026.fits                                       Triton                1004  1024
  -0.177  -0.011  548.65  540.02 1.801     34.09     12.22 99.999 99.999 99.999 13.213 13.170 99.999 99.999 99.999  0.303 99.999 99.999 99.999 99.999  99.999  99.999  99.999  99.999  0.009  0.009  0.014  0.017  0.037  0.044   12    9 99.999 99.999   99  20.963303678 -17.197224334  7 29 28.26 2003  7 26 2452846.81213264    30  Clear                 net0061.fits                                       Triton                1004  1024
  -0.178  -0.028  548.47  536.77 1.351     55.18     14.43 99.999 99.999 99.999 13.169 13.034 99.999 99.999 99.999  0.204 99.999 99.999 99.999 99.999  99.999  99.999  99.999  99.999  0.022  0.022  0.040  0.025  0.077  0.048   14    9 99.999 99.999   99  20.963298412 -17.197254423  7 33  4.35 2003  7 26 2452846.81463368    40  Clear                 net0062.fits                                       Triton                1004  1024
  -0.158  -0.017  549.43  541.98 2.670     24.58      9.36 99.999 99.999 99.999 13.390 13.295 99.999 99.999 99.999  0.209 99.999 99.999 99.999 99.999  99.999  99.999  99.999  99.999  0.047  0.047  0.025  0.034  0.062  0.084   11    8 99.999 99.999   99  20.963286641 -17.197309235  7 41 21.77 2003  7 26 2452846.82039086    40  Clear                 net0067.fits                                       Triton                1004  1024
  -0.104  -0.100  558.51  542.48 2.902    125.37     18.97 99.999 99.999 99.999 13.195 13.059 99.999 99.999 99.999  0.215 99.999 99.999 99.999 99.999  99.999  99.999  99.999  99.999  0.033  0.033  0.027  0.025  0.074  0.067   20   13 99.999 99.999   99  20.963282263 -17.197358080  7 45  4.15 2003  7 26 2452846.82296470    40  Clear                 net0069.fits                                       Triton                1004  1024
   0.251   0.045  653.70    1.43 1.998   2996.35    382.37 99.999 99.999 99.999 13.285 12.812 99.999 99.999 99.999  0.113 99.999 99.999 99.999 99.999  99.999  99.999  99.999  99.999  0.023  0.035  0.028  0.027  0.055  0.052   34   25 99.999 99.999   99  20.963256301 -17.197473917  8  7 29.22 2003  7 26 2452846.83853264   180  Clear                 net0081.fits                                       Triton                1004  1024
  -0.047   0.105  485.26  439.84 2.477    155.12     19.47 99.999 99.999 99.999 13.237 13.229 99.999 99.999 99.999  0.210 99.999 99.999 99.999 99.999  99.999  99.999  99.999  99.999  0.014  0.014  0.014  0.018  0.053  0.069   30   17 99.999 99.999   99  20.959790969 -17.208984536  0 22 33.57 2003  7 28 2452848.51566632    30  Clear                 net0013.fits                                       Triton                1004  1024
  -0.038   0.004  505.01  485.91 1.947    139.41     18.80 99.999 99.999 99.999 13.337 13.385 99.999 99.999 99.999  0.159 99.999 99.999 99.999 99.999  99.999  99.999  99.999  99.999  0.016  0.016  0.018  0.009  0.070  0.034   26   17 99.999 99.999   99  20.959423262 -17.209784169  5  3 30.88 2003  7 28 2452848.71077407    30  Clear                 net0026.fits                                       Triton                1004  1024
   0.012   0.202  504.48  491.00 3.152     34.91     11.33 99.999 99.999 99.999 13.295 13.361 99.999 99.999 99.999  0.132 99.999 99.999 99.999 99.999  99.999  99.999  99.999  99.999  0.003  0.003  0.024  0.024  0.069  0.069   11    9 99.999 99.999   99  20.959419730 -17.209738293  5  7  1.07 2003  7 28 2452848.71320683    30  Clear                 net0027.fits                                       Triton                1004  1024
   0.070   0.122  503.69  491.15 3.823     11.25      7.65 99.999 99.999 99.999 13.576 13.664 99.999 99.999 99.999  0.343 99.999 99.999 99.999 99.999  99.999  99.999  99.999  99.999  0.068  0.068  0.026  0.036  0.055  0.077    6    5 99.999 99.999   99  20.959419254 -17.209763851  5  8 15.18 2003  7 28 2452848.71406458    30  Clear                 net0028.fits                                       Triton                1004  1024
  -0.075  -0.150  982.02  536.02 5.021   4306.50   -240.33 99.999 99.999 99.999 13.470 12.994 99.999 99.999 99.999  0.108 99.999 99.999 99.999 99.999  99.999  99.999  99.999  99.999  0.058  0.058  0.064  0.039  0.061  0.038   15   14 99.999 99.999   99  21.452292677 -15.221668372  6  1 41.58 2006  7  2 2453918.75117569    60  Clear                 ner0001.fits                                       Triton                1020  1020
  -0.016  -0.113  980.34  535.63 4.670   6343.96    -94.80 99.999 99.999 99.999 13.340 13.083 99.999 99.999 99.999  0.228 99.999 99.999 99.999 99.999  99.999  99.999  99.999  99.999  0.044  0.044  0.034  0.021  0.059  0.038   23   20 99.999 99.999   99  21.452285918 -15.221674092  6 11 29.24 2006  7  2 2453918.75797731    90  Clear                 ner0005.fits                                       Triton                1020  1020
   0.035  -0.011  981.37  533.23 4.770   6575.52   -331.88 99.999 99.999 99.999 13.299 13.119 99.999 99.999 99.999  0.359 99.999 99.999 99.999 99.999  99.999  99.999  99.999  99.999  0.058  0.058  0.035  0.031  0.055  0.049   18   16 99.999 99.999   99  21.452277942 -15.221663879  6 22 38.11 2006  7  2 2453918.76571887    90  Clear                 ner0010.fits                                       Triton                1020  1020
  -0.098  -0.025  980.31  532.52 5.375   6299.76   -514.05 99.999 99.999 99.999 13.410 13.111 99.999 99.999 99.999  0.283 99.999 99.999 99.999 99.999  99.999  99.999  99.999  99.999  0.015  0.016  0.032  0.035  0.049  0.052   21   15 99.999 99.999   99  21.452268257 -15.221682499  6 31 32.85 2006  7  2 2453918.77190799    90  Clear                 ner0014.fits                                       Triton                1020  1020
   0.054  -0.031  982.20  524.74 4.046   6146.16   -225.94 99.999 99.999 99.999 13.306 13.080 99.999 99.999 99.999  0.320 99.999 99.999 99.999 99.999  99.999  99.999  99.999  99.999  0.080  0.081  0.027  0.020  0.055  0.042   27   22 99.999 99.999   99  21.452248055 -15.221731933  7  0 30.71 2006  7  2 2453918.79202211    90  Clear                 ner0027.fits                                       Triton                1020  1020
   0.063  -0.035  979.12  525.10 3.933   5460.41   -131.62 99.999 99.999 99.999 13.321 13.044 99.999 99.999 99.999  0.303 99.999 99.999 99.999 99.999  99.999  99.999  99.999  99.999  0.077  0.077  0.022  0.030  0.042  0.057   27   20 99.999 99.999   99  21.452244673 -15.221740405  7  4 58.95 2006  7  2 2453918.79512674    90  Clear                 ner0029.fits                                       Triton                1020  1020
   0.071  -0.005  378.40  994.85 1.499  96048.46  11605.33 99.999 99.999 99.999 13.103 12.785 99.999 99.999 99.999  0.632 99.999 99.999 99.999 99.999  99.999  99.999  99.999  99.999  0.028  0.025  0.027  0.030  0.058  0.066   29   20 99.999 99.999   99  22.038025994 -12.525314740  6 59 53.00 2010  7  5 2455382.79158565    60    Clear               Nereida_07.00.25_0001.fits                         Triton                1024  1024
   0.067  -0.053  378.93  993.50 1.980  72275.48   4122.69 99.999 99.999 99.999 13.323 12.956 99.999 99.999 99.999  0.632 99.999 99.999 99.999 99.999  99.999  99.999  99.999  99.999  0.046  0.049  0.022  0.022  0.053  0.052   30   19 99.999 99.999   99  22.038024445 -12.525334929  7  2 26.00 2010  7  5 2455382.79335648    60    Clear               Nereida_07.02.57_0001.fits                         Triton                1024  1024
   0.136  -0.077  379.72  992.86 1.814  79262.14   5510.29 99.999 99.999 99.999 13.223 12.893 99.999 99.999 99.999  0.655 99.999 99.999 99.999 99.999  99.999  99.999  99.999  99.999  0.011  0.012  0.027  0.023  0.066  0.057   27   18 99.999 99.999   99  22.038022157 -12.525358594  7  8 37.00 2010  7  5 2455382.79765046    60    Clear               Nereida_07.09.08_0007.fits                         Triton                1024  1024
   0.079  -0.060  380.53  991.56 1.305 169373.10  11935.72 99.999 99.999 99.999 12.486 12.172 99.999 99.999 99.999  0.599 99.999 99.999 99.999 99.999  99.999  99.999  99.999  99.999  0.040  0.046  0.021  0.022  0.053  0.055   31   22 99.999 99.999   99  22.038018691 -12.525364967  7 12 45.00 2010  7  5 2455382.80052083    60    Clear               Nereida_07.13.16_0011.fits                         Triton                1024  1024
   0.186  -0.065  381.40  993.19 2.079  55854.29   4397.80 99.999 99.999 99.999 13.592 13.221 99.999 99.999 99.999  0.583 99.999 99.999 99.999 99.999  99.999  99.999  99.999  99.999  0.030  0.033  0.026  0.019  0.066  0.048   30   21 99.999 99.999   99  22.038018946 -12.525375040  7 15 50.00 2010  7  5 2455382.80266204    60    Clear               Nereida_07.16.22_0014.fits                         Triton                1024  1024
   0.062   0.017  381.67  991.55 1.814  76633.08   6402.46 99.999 99.999 99.999 13.210 12.815 99.999 99.999 99.999  0.582 99.999 99.999 99.999 99.999  99.999  99.999  99.999  99.999  0.013  0.014  0.023  0.028  0.050  0.063   29   21 99.999 99.999   99  22.038015401 -12.525357740  7 17 54.00 2010  7  5 2455382.80409722    60    Clear               Nereida_07.18.25_0016.fits                         Triton                1024  1024
   0.072   0.002  382.30  994.70 1.449 122334.11   7726.86 99.999 99.999 99.999 12.993 12.687 99.999 99.999 99.999  0.723 99.999 99.999 99.999 99.999  99.999  99.999  99.999  99.999  0.038  0.038  0.028  0.025  0.061  0.054   25   19 99.999 99.999   99  22.038014400 -12.525367785  7 19 58.00 2010  7  5 2455382.80553241    60    Clear               Nereida_07.20.29_0018.fits                         Triton                1024  1024
