   0.012  -0.117  491.23  425.24 1.922    428.87     26.52 99.999 99.999 99.999 13.221 13.271 99.999 99.999 99.999  0.156 99.999 99.999 99.999 99.999  99.999  99.999  99.999  99.999  0.022  0.022  0.023  0.022  0.056  0.053   22   17 99.999 99.999   99  21.096182559 -16.708114132  4 16 30.90 2004  8  5 2453222.67813542    10  V                     n10003.fits                                        Triton                1020  1020
   0.019  -0.128  491.49  434.02 2.085    407.10     18.84 99.999 99.999 99.999 13.185 13.263 99.999 99.999 99.999  0.160 99.999 99.999 99.999 99.999  99.999  99.999  99.999  99.999  0.021  0.021  0.021  0.022  0.052  0.056   22   16 99.999 99.999   99  21.096180451 -16.708129359  4 18  4.13 2004  8  5 2453222.67921447    10  V                     n10004.fits                                        Triton                1020  1020
   0.029  -0.114  491.34  444.30 2.096   1118.44     65.45 99.999 99.999 99.999 13.196 13.323 99.999 99.999 99.999  0.206 99.999 99.999 99.999 99.999  99.999  99.999  99.999  99.999  0.040  0.040  0.024  0.026  0.060  0.066   28   21 99.999 99.999   99  21.096178001 -16.708139593  4 19 53.18 2004  8  5 2453222.68047662    30  V                     n10005.fits                                        Triton                1020  1020
   0.016  -0.138  491.36  460.07 2.108   1102.29     63.44 99.999 99.999 99.999 13.192 13.275 99.999 99.999 99.999  0.219 99.999 99.999 99.999 99.999  99.999  99.999  99.999  99.999  0.027  0.027  0.020  0.022  0.049  0.055   27   20 99.999 99.999   99  21.096175201 -16.708160229  4 21 39.40 2004  8  5 2453222.68170602    30  V                     n10006.fits                                        Triton                1020  1020
   0.013  -0.122  491.49  467.45 2.176   2179.78     77.75 99.999 99.999 99.999 13.171 13.290 99.999 99.999 99.999  0.204 99.999 99.999 99.999 99.999  99.999  99.999  99.999  99.999  0.029  0.029  0.024  0.026  0.060  0.064   28   21 99.999 99.999   99  21.096172272 -16.708171288  4 23 37.53 2004  8  5 2453222.68307326    60  V                     n10007.fits                                        Triton                1020  1020
  -0.028  -0.087  491.17  477.51 2.498   1972.72      2.54 99.999 99.999 99.999 13.182 13.195 99.999 99.999 99.999  0.204 99.999 99.999 99.999 99.999  99.999  99.999  99.999  99.999  0.018  0.018  0.026  0.029  0.059  0.065   22   17 99.999 99.999   99  21.096168595 -16.708177289  4 25 36.70 2004  8  5 2453222.68445255    60  V                     n10008.fits                                        Triton                1020  1020
  -0.014  -0.080  456.03  425.48 2.708     29.42      4.53 99.999 99.999 99.999 13.286 13.233 99.999 99.999 99.999  0.093 99.999 99.999 99.999 99.999  99.999  99.999  99.999  99.999  0.055  0.055  0.027  0.048  0.037  0.066    6    6 99.999 99.999   99  21.096083222 -16.708635134  5 24 32.44 2004  8  5 2453222.72537546     1  V                     n10009.fits                                        Triton                1020  1020
   0.010  -0.104  455.99  459.09 3.361    258.67    -17.10 99.999 99.999 99.999 13.198 13.252 99.999 99.999 99.999  0.100 99.999 99.999 99.999 99.999  99.999  99.999  99.999  99.999  0.051  0.051  0.022  0.030  0.054  0.074   18   14 99.999 99.999   99  21.096078520 -16.708669226  5 28  5.52 2004  8  5 2453222.72784167    10  V                     n10012.fits                                        Triton                1020  1020
  -0.016  -0.119  455.75  468.18 2.808    854.27     -0.05 99.999 99.999 99.999 13.210 13.306 99.999 99.999 99.999  0.110 99.999 99.999 99.999 99.999  99.999  99.999  99.999  99.999  0.041  0.041  0.024  0.028  0.058  0.068   23   20 99.999 99.999   99  21.096075838 -16.708685363  5 29 36.77 2004  8  5 2453222.72889780    30  V                     n10013.fits                                        Triton                1020  1020
  -0.006  -0.134  455.50  471.65 3.253    643.68      8.24 99.999 99.999 99.999 13.252 13.302 99.999 99.999 99.999  0.092 99.999 99.999 99.999 99.999  99.999  99.999  99.999  99.999  0.029  0.029  0.024  0.029  0.057  0.070   20   18 99.999 99.999   99  21.096072826 -16.708706415  5 31 47.95 2004  8  5 2453222.73041609    30  V                     n10014.fits                                        Triton                1020  1020
  -0.032  -0.125  454.55  479.08 4.033   1450.02   -262.76 99.999 99.999 99.999 13.106 13.222 99.999 99.999 99.999  0.106 99.999 99.999 99.999 99.999  99.999  99.999  99.999  99.999  0.041  0.035  0.019  0.023  0.046  0.056   23   17 99.999 99.999   99  21.096069269 -16.708720053  5 33 53.53 2004  8  5 2453222.73186956    60  V                     n10015.fits                                        Triton                1020  1020
  -0.000  -0.105  467.19  476.76 3.430   1181.39    -13.78 99.999 99.999 99.999 13.248 13.407 99.999 99.999 99.999  0.168 99.999 99.999 99.999 99.999  99.999  99.999  99.999  99.999  0.030  0.030  0.024  0.027  0.058  0.065   23   18 99.999 99.999   99  21.096066742 -16.708731047  5 36  3.30 2004  8  5 2453222.73337153    60  V                     n10016.fits                                        Triton                1020  1020
  -0.049  -0.115  476.59  321.71 3.941     18.44      3.64 99.999 99.999 99.999 13.256 13.288 99.999 99.999 99.999  0.098 99.999 99.999 99.999 99.999  99.999  99.999  99.999  99.999  0.052  0.052  0.050  0.052  0.064  0.067    5    5 99.999 99.999   99  21.095994556 -16.709110225  6 24 57.63 2004  8  5 2453222.76733368     1  V                     n10017.fits                                        Triton                1020  1020
  -0.058  -0.099  476.21  387.51 4.071    161.47      1.53 99.999 99.999 99.999 13.230 13.361 99.999 99.999 99.999  0.126 99.999 99.999 99.999 99.999  99.999  99.999  99.999  99.999  0.061  0.061  0.030  0.029  0.062  0.060   21   15 99.999 99.999   99  21.095990289 -16.709127160  6 27 45.31 2004  8  5 2453222.76927442    10  V                     n10019.fits                                        Triton                1020  1020
  -0.020  -0.118  475.82  408.63 4.387    143.55      1.78 99.999 99.999 99.999 13.177 13.290 99.999 99.999 99.999  0.172 99.999 99.999 99.999 99.999  99.999  99.999  99.999  99.999  0.061  0.061  0.036  0.032  0.086  0.078   23   18 99.999 99.999   99  21.095989195 -16.709142214  6 29  1.40 2004  8  5 2453222.77015509    10  V                     n10020.fits                                        Triton                1020  1020
  -0.014  -0.117  475.93  418.21 4.382    406.98      9.22 99.999 99.999 99.999 13.230 13.337 99.999 99.999 99.999  0.101 99.999 99.999 99.999 99.999  99.999  99.999  99.999  99.999  0.044  0.044  0.021  0.030  0.048  0.070   21   15 99.999 99.999   99  21.095987208 -16.709152973  6 30 28.30 2004  8  5 2453222.77116088    30  V                     n10021.fits                                        Triton                1020  1020
  -0.051  -0.079  475.82  451.24 4.132    846.96    -10.03 99.999 99.999 99.999 13.204 13.139 99.999 99.999 99.999  0.167 99.999 99.999 99.999 99.999  99.999  99.999  99.999  99.999  0.041  0.041  0.023  0.024  0.058  0.059   25   20 99.999 99.999   99  21.095980954 -16.709171329  6 34 15.04 2004  8  5 2453222.77378519    60  V                     n10023.fits                                        Triton                1020  1020
