   0.010   0.023 1028.11 1247.65 2.197    241.04    156.46 99.999 99.999 99.999 13.419 13.579 99.999 99.999 99.999  0.112 99.999 99.999 99.999 99.999  99.999  99.999  99.999  99.999  0.015  0.015  0.023  0.016  0.079  0.054   17   12 99.999 99.999   99  21.343592609 -15.744665065  2 14 56.37 2006  9  6 2453984.59370799     3  Clear                 netuno0002.fits                                    Triton                2045  2050
  -0.045  -0.072 1026.01 1247.71 2.800    146.88    147.34 99.999 99.999 99.999 13.425 13.559 99.999 99.999 99.999  0.106 99.999 99.999 99.999 99.999  99.999  99.999  99.999  99.999  0.028  0.028  0.021  0.025  0.060  0.073   18   12 99.999 99.999   99  21.343591031 -15.744694442  2 15 33.06 2006  9  6 2453984.59413264     3  Clear                 netuno0003.fits                                    Triton                2045  2050
   0.001   0.012 1023.58 1245.06 2.207    186.69    160.21 99.999 99.999 99.999 13.444 13.605 99.999 99.999 99.999  0.064 99.999 99.999 99.999 99.999  99.999  99.999  99.999  99.999  0.020  0.020  0.019  0.017  0.066  0.058   17   12 99.999 99.999   99  21.343591359 -15.744674092  2 16  9.74 2006  9  6 2453984.59455718     3  Clear                 netuno0004.fits                                    Triton                2045  2050
  -0.042  -0.061 1023.25 1244.45 3.318    137.98    141.98 99.999 99.999 99.999 13.430 13.602 99.999 99.999 99.999  0.091 99.999 99.999 99.999 99.999  99.999  99.999  99.999  99.999  0.032  0.032  0.030  0.021  0.090  0.061   13   10 99.999 99.999   99  21.343589438 -15.744700630  2 17 23.17 2006  9  6 2453984.59540706     3  Clear                 netuno0006.fits                                    Triton                2045  2050
  -0.002  -0.017 1025.23 1245.56 2.747    162.79    147.56 99.999 99.999 99.999 13.401 13.569 99.999 99.999 99.999  0.051 99.999 99.999 99.999 99.999  99.999  99.999  99.999  99.999  0.028  0.028  0.020  0.024  0.062  0.074   16   10 99.999 99.999   99  21.343589664 -15.744691334  2 17 59.90 2006  9  6 2453984.59583218     3  Clear                 netuno0007.fits                                    Triton                2045  2050
  -0.050  -0.064 1023.34 1245.69 2.526    186.03    154.14 99.999 99.999 99.999 13.399 13.553 99.999 99.999 99.999  0.090 99.999 99.999 99.999 99.999  99.999  99.999  99.999  99.999  0.007  0.007  0.019  0.011  0.063  0.037   18   11 99.999 99.999   99  21.343588198 -15.744707389  2 18 36.14 2006  9  6 2453984.59625162     3  Clear                 netuno0008.fits                                    Triton                2045  2050
  -0.004  -0.041 1020.26 1244.37 2.194    295.76    146.27 99.999 99.999 99.999 13.441 13.579 99.999 99.999 99.999  0.132 99.999 99.999 99.999 99.999  99.999  99.999  99.999  99.999  0.019  0.019  0.016  0.029  0.053  0.093   21   13 99.999 99.999   99  21.343588009 -15.744707330  2 19 48.68 2006  9  6 2453984.59709120     3  Clear                 netuno0010.fits                                    Triton                2045  2050
  -0.060  -0.016 1022.18 1245.57 3.325    136.09    140.41 99.999 99.999 99.999 13.363 13.510 99.999 99.999 99.999  0.086 99.999 99.999 99.999 99.999  99.999  99.999  99.999  99.999  0.029  0.029  0.017  0.020  0.056  0.065   14   11 99.999 99.999   99  21.343585283 -15.744709504  2 21 40.16 2006  9  6 2453984.59838148     3  Clear                 netuno0013.fits                                    Triton                2045  2050
   0.039  -0.041 1019.57 1241.24 2.381    221.74    149.19 99.999 99.999 99.999 13.357 13.541 99.999 99.999 99.999  0.060 99.999 99.999 99.999 99.999  99.999  99.999  99.999  99.999  0.018  0.018  0.024  0.016  0.076  0.049   18   10 99.999 99.999   99  21.343586647 -15.744719442  2 22 17.06 2006  9  6 2453984.59880856     3  Clear                 netuno0014.fits                                    Triton                2045  2050
  -0.017   0.018 1020.58 1243.22 2.300    207.20    158.16 99.999 99.999 99.999 13.412 13.564 99.999 99.999 99.999  0.081 99.999 99.999 99.999 99.999  99.999  99.999  99.999  99.999  0.007  0.007  0.017  0.010  0.060  0.035   17   12 99.999 99.999   99  21.343585000 -15.744706046  2 22 53.96 2006  9  6 2453984.59923565     3  Clear                 netuno0015.fits                                    Triton                2045  2050
  -0.011   0.010 1020.53 1242.53 2.949    159.39    146.40 99.999 99.999 99.999 13.365 13.526 99.999 99.999 99.999  0.165 99.999 99.999 99.999 99.999  99.999  99.999  99.999  99.999  0.029  0.029  0.017  0.018  0.061  0.063   18   13 99.999 99.999   99  21.343584587 -15.744711299  2 23 30.89 2006  9  6 2453984.59966308     3  Clear                 netuno0016.fits                                    Triton                2045  2050
  -0.041   0.007 1019.75 1239.76 2.235    225.69    157.57 99.999 99.999 99.999 13.381 13.518 99.999 99.999 99.999  0.131 99.999 99.999 99.999 99.999  99.999  99.999  99.999  99.999  0.021  0.021  0.017  0.016  0.065  0.059   20   14 99.999 99.999   99  21.343582913 -15.744718405  2 24 44.81 2006  9  6 2453984.60051863     3  Clear                 netuno0018.fits                                    Triton                2045  2050
  -0.022   0.016 1022.08 1240.67 2.210    239.16    158.62 99.999 99.999 99.999 13.357 13.489 99.999 99.999 99.999  0.143 99.999 99.999 99.999 99.999  99.999  99.999  99.999  99.999  0.030  0.030  0.021  0.017  0.073  0.058   18   12 99.999 99.999   99  21.343582708 -15.744719276  2 25 21.94 2006  9  6 2453984.60094838     3  Clear                 netuno0019.fits                                    Triton                2045  2050
   0.023   0.029 1025.41 1240.51 1.660    369.17    172.38 99.999 99.999 99.999 13.381 13.554 99.999 99.999 99.999  0.145 99.999 99.999 99.999 99.999  99.999  99.999  99.999  99.999  0.013  0.013  0.017  0.018  0.065  0.071   20   17 99.999 99.999   99  21.343583058 -15.744718736  2 25 58.63 2006  9  6 2453984.60137303     3  Clear                 netuno0020.fits                                    Triton                2045  2050
   0.032  -0.005 1022.64 1240.73 1.766    326.90    175.48 99.999 99.999 99.999 13.419 13.554 99.999 99.999 99.999  0.121 99.999 99.999 99.999 99.999  99.999  99.999  99.999  99.999  0.017  0.017  0.016  0.021  0.058  0.077   21   15 99.999 99.999   99  21.343582676 -15.744730987  2 26 35.36 2006  9  6 2453984.60179815     3  Clear                 netuno0021.fits                                    Triton                2045  2050
  -0.004  -0.040 1023.17 1241.29 1.833    320.81    170.25 99.999 99.999 99.999 13.367 13.548 99.999 99.999 99.999  0.132 99.999 99.999 99.999 99.999  99.999  99.999  99.999  99.999  0.026  0.026  0.018  0.016  0.064  0.056   22   12 99.999 99.999   99  21.343581429 -15.744744022  2 27 12.11 2006  9  6 2453984.60222350     3  Clear                 netuno0022.fits                                    Triton                2045  2050
  -0.003   0.014 1023.15 1240.26 1.840    343.50    162.75 99.999 99.999 99.999 13.309 13.443 99.999 99.999 99.999  0.154 99.999 99.999 99.999 99.999  99.999  99.999  99.999  99.999  0.013  0.013  0.019  0.020  0.070  0.075   21   14 99.999 99.999   99  21.343579832 -15.744737647  2 29  1.46 2006  9  6 2453984.60348912     3  Clear                 netuno0025.fits                                    Triton                2045  2050
  -0.013  -0.045 1027.55 1240.79 1.479    441.50    187.61 99.999 99.999 99.999 13.352 13.504 99.999 99.999 99.999  0.100 99.999 99.999 99.999 99.999  99.999  99.999  99.999  99.999  0.012  0.012  0.012  0.019  0.047  0.073   21   17 99.999 99.999   99  21.343579079 -15.744757278  2 29 38.21 2006  9  6 2453984.60391447     3  Clear                 netuno0026.fits                                    Triton                2045  2050
  -0.010   0.025 1028.18 1242.06 1.894    324.77    162.06 99.999 99.999 99.999 13.328 13.451 99.999 99.999 99.999  0.131 99.999 99.999 99.999 99.999  99.999  99.999  99.999  99.999  0.014  0.014  0.016  0.014  0.057  0.052   20   13 99.999 99.999   99  21.343578610 -15.744740845  2 30 14.95 2006  9  6 2453984.60433970     3  Clear                 netuno0027.fits                                    Triton                2045  2050
  -0.033  -0.016 1027.54 1240.17 2.066    303.28    153.67 99.999 99.999 99.999 13.299 13.442 99.999 99.999 99.999  0.122 99.999 99.999 99.999 99.999  99.999  99.999  99.999  99.999  0.018  0.018  0.024  0.016  0.080  0.054   18   12 99.999 99.999   99  21.343577623 -15.744755237  2 30 51.68 2006  9  6 2453984.60476481     3  Clear                 netuno0028.fits                                    Triton                2045  2050
   0.005  -0.003 1026.91 1240.83 2.209    216.66    161.23 99.999 99.999 99.999 13.468 13.611 99.999 99.999 99.999  0.219 99.999 99.999 99.999 99.999  99.999  99.999  99.999  99.999  0.022  0.022  0.019  0.019  0.066  0.064   19   12 99.999 99.999   99  21.343577788 -15.744755104  2 31 28.77 2006  9  6 2453984.60519410     3  Clear                 netuno0029.fits                                    Triton                2045  2050
   0.022  -0.028 1027.97 1241.07 2.405    263.82    146.00 99.999 99.999 99.999 13.318 13.453 99.999 99.999 99.999  0.068 99.999 99.999 99.999 99.999  99.999  99.999  99.999  99.999  0.000  0.000  0.019  0.022  0.058  0.069   16   11 99.999 99.999   99  21.343577591 -15.744764594  2 32  4.65 2006  9  6 2453984.60560938     3  Clear                 netuno0030.fits                                    Triton                2045  2050
  -0.055  -0.021 1027.00 1239.04 1.957    254.03    167.43 99.999 99.999 99.999 13.298 13.459 99.999 99.999 99.999  0.102 99.999 99.999 99.999 99.999  99.999  99.999  99.999  99.999  0.017  0.017  0.017  0.021  0.056  0.070   16   12 99.999 99.999   99  21.343571978 -15.744786202  2 36 43.68 2006  9  6 2453984.60883889     3  Clear                 netuno0031.fits                                    Triton                2045  2050
   0.017  -0.044 1029.38 1238.07 1.745    348.60    170.52 99.999 99.999 99.999 13.350 13.499 99.999 99.999 99.999  0.098 99.999 99.999 99.999 99.999  99.999  99.999  99.999  99.999  0.017  0.017  0.012  0.017  0.047  0.067   20   16 99.999 99.999   99  21.343572800 -15.744795837  2 37 20.97 2006  9  6 2453984.60927049     3  Clear                 netuno0032.fits                                    Triton                2045  2050
  -0.010  -0.019 1032.47 1238.02 2.290    217.08    154.92 99.999 99.999 99.999 13.377 13.514 99.999 99.999 99.999  0.120 99.999 99.999 99.999 99.999  99.999  99.999  99.999  99.999  0.019  0.019  0.015  0.018  0.056  0.064   17   14 99.999 99.999   99  21.343571723 -15.744791855  2 37 57.88 2006  9  6 2453984.60969769     3  Clear                 netuno0033.fits                                    Triton                2045  2050
  -0.017  -0.001 1031.41 1238.70 2.075    289.23    153.46 99.999 99.999 99.999 13.346 13.501 99.999 99.999 99.999  0.096 99.999 99.999 99.999 99.999  99.999  99.999  99.999  99.999  0.018  0.018  0.017  0.012  0.055  0.040   17   11 99.999 99.999   99  21.343571061 -15.744789940  2 38 34.76 2006  9  6 2453984.61012454     3  Clear                 netuno0034.fits                                    Triton                2045  2050
   0.013  -0.032 1030.06 1238.93 2.214    245.69    157.47 99.999 99.999 99.999 13.333 13.488 99.999 99.999 99.999  0.061 99.999 99.999 99.999 99.999  99.999  99.999  99.999  99.999  0.019  0.019  0.014  0.018  0.053  0.067   18   14 99.999 99.999   99  21.343571080 -15.744801572  2 39 11.64 2006  9  6 2453984.61055139     3  Clear                 netuno0035.fits                                    Triton                2045  2050
   0.038   0.008 1027.37 1237.70 2.545    167.42    159.31 99.999 99.999 99.999 13.464 13.578 99.999 99.999 99.999  0.137 99.999 99.999 99.999 99.999  99.999  99.999  99.999  99.999  0.008  0.008  0.015  0.021  0.046  0.068   17   11 99.999 99.999   99  21.343571043 -15.744793722  2 39 47.67 2006  9  6 2453984.61096840     3  Clear                 netuno0036.fits                                    Triton                2045  2050
   0.010   0.004 1027.04 1237.22 1.963    299.30    167.93 99.999 99.999 99.999 13.332 13.431 99.999 99.999 99.999  0.171 99.999 99.999 99.999 99.999  99.999  99.999  99.999  99.999  0.015  0.015  0.017  0.011  0.063  0.043   21   15 99.999 99.999   99  21.343569934 -15.744797715  2 40 23.68 2006  9  6 2453984.61138519     3  Clear                 netuno0037.fits                                    Triton                2045  2050
   0.015  -0.016 1026.45 1237.18 1.942    247.98    174.36 99.999 99.999 99.999 13.428 13.551 99.999 99.999 99.999  0.090 99.999 99.999 99.999 99.999  99.999  99.999  99.999  99.999  0.015  0.015  0.012  0.014  0.044  0.050   18   14 99.999 99.999   99  21.343569517 -15.744806064  2 40 59.72 2006  9  6 2453984.61180231     3  Clear                 netuno0038.fits                                    Triton                2045  2050
  -0.046  -0.055 1032.01 1236.98 2.165    229.86    161.36 99.999 99.999 99.999 13.368 13.518 99.999 99.999 99.999  0.085 99.999 99.999 99.999 99.999  99.999  99.999  99.999  99.999  0.012  0.012  0.017  0.021  0.064  0.078   18   14 99.999 99.999   99  21.343567814 -15.744819928  2 41 35.71 2006  9  6 2453984.61221887     3  Clear                 netuno0039.fits                                    Triton                2045  2050
  -0.008  -0.072 1030.09 1234.80 2.828    187.41    142.33 99.999 99.999 99.999 13.432 13.577 99.999 99.999 99.999  0.124 99.999 99.999 99.999 99.999  99.999  99.999  99.999  99.999  0.006  0.006  0.018  0.017  0.067  0.063   18   14 99.999 99.999   99  21.343568016 -15.744827868  2 42 11.76 2006  9  6 2453984.61263611     3  Clear                 netuno0040.fits                                    Triton                2045  2050
   0.027  -0.028 1027.81 1235.76 1.932    274.88    172.24 99.999 99.999 99.999 13.415 13.638 99.999 99.999 99.999  0.086 99.999 99.999 99.999 99.999  99.999  99.999  99.999  99.999  0.017  0.017  0.015  0.017  0.058  0.065   21   15 99.999 99.999   99  21.343567053 -15.744824697  2 44  1.14 2006  9  6 2453984.61390208     3  Clear                 netuno0043.fits                                    Triton                2045  2050
   0.018  -0.029 1025.11 1235.25 1.592    396.00    186.29 99.999 99.999 99.999 13.406 13.568 99.999 99.999 99.999  0.121 99.999 99.999 99.999 99.999  99.999  99.999  99.999  99.999  0.013  0.013  0.017  0.016  0.066  0.061   18   15 99.999 99.999   99  21.343566326 -15.744828184  2 44 38.02 2006  9  6 2453984.61432894     3  Clear                 netuno0044.fits                                    Triton                2045  2050
  -0.042   0.005 1033.81 1234.87 2.111    279.79    161.06 99.999 99.999 99.999 13.433 13.568 99.999 99.999 99.999  0.154 99.999 99.999 99.999 99.999  99.999  99.999  99.999  99.999  0.017  0.017  0.020  0.018  0.067  0.060   20   13 99.999 99.999   99  21.343564083 -15.744824874  2 45 51.83 2006  9  6 2453984.61518322     3  Clear                 netuno0046.fits                                    Triton                2045  2050
  -0.020   0.017 1033.05 1235.64 1.633    396.66    180.56 99.999 99.999 99.999 13.319 13.427 99.999 99.999 99.999  0.104 99.999 99.999 99.999 99.999  99.999  99.999  99.999  99.999  0.015  0.015  0.014  0.012  0.049  0.041   20   13 99.999 99.999   99  21.343563945 -15.744824846  2 46 28.71 2006  9  6 2453984.61561007     3  Clear                 netuno0047.fits                                    Triton                2045  2050
  -0.000  -0.017 1029.19 1235.44 2.009    307.44    157.36 99.999 99.999 99.999 13.389 13.525 99.999 99.999 99.999  0.165 99.999 99.999 99.999 99.999  99.999  99.999  99.999  99.999  0.015  0.015  0.021  0.016  0.074  0.056   20   14 99.999 99.999   99  21.343563797 -15.744837107  2 47  5.59 2006  9  6 2453984.61603692     3  Clear                 netuno0048.fits                                    Triton                2045  2050
   0.025   0.021 1031.83 1233.96 1.426    404.08    209.66 99.999 99.999 99.999 13.307 13.438 99.999 99.999 99.999  0.111 99.999 99.999 99.999 99.999  99.999  99.999  99.999  99.999  0.016  0.016  0.017  0.012  0.067  0.048   19   17 99.999 99.999   99  21.343563740 -15.744829584  2 47 41.60 2006  9  6 2453984.61645370     3  Clear                 netuno0049.fits                                    Triton                2045  2050
  -0.018  -0.033 1029.82 1233.76 2.195    234.40    163.22 99.999 99.999 99.999 13.357 13.468 99.999 99.999 99.999  0.094 99.999 99.999 99.999 99.999  99.999  99.999  99.999  99.999  0.019  0.019  0.014  0.018  0.047  0.061   16   12 99.999 99.999   99  21.343562375 -15.744847778  2 48 17.63 2006  9  6 2453984.61687072     3  Clear                 netuno0050.fits                                    Triton                2045  2050
