   0.008  -0.114 1706.41 1108.60 1.713    428.21     58.63 99.999 99.999 99.999 13.362 13.400 99.999 99.999 99.999  0.129 99.999 99.999 99.999 99.999  99.999  99.999  99.999  99.999  0.010  0.010  0.029  0.023  0.069  0.054   29   20 99.999 99.999   99  21.338708264 -15.774612979  3 46 16.96 2006  9  9 2453987.65714074     4  Clear                 netuno0003.fits                                    Triton                2045  2050
  -0.017  -0.099 1708.99 1104.78 2.166    223.16     41.94 99.999 99.999 99.999 13.457 13.627 99.999 99.999 99.999  0.121 99.999 99.999 99.999 99.999  99.999  99.999  99.999  99.999  0.012  0.012  0.025  0.030  0.063  0.075   27   16 99.999 99.999   99  21.338702229 -15.774628952  3 50 36.51 2006  9  9 2453987.66014479     4  Clear                 netuno0010.fits                                    Triton                2045  2050
   0.394  -0.101 1731.19 1097.90 1.954    165.79     45.25 99.999 99.999 99.999 13.346 13.524 99.999 99.999 99.999  0.208 99.999 99.999 99.999 99.999  99.999  99.999  99.999  99.999  0.017  0.017  0.037  0.052  0.059  0.082   26   15 99.999 99.999   99  21.338698977 -15.774669867  3 59 17.99 2006  9  9 2453987.66618044     4  Clear                 netuno0024.fits                                    Triton                2045  2050
   0.168  -0.014 1732.81 1098.82 1.938    124.21     48.74 99.999 99.999 99.999 13.468 13.603 99.999 99.999 99.999  0.138 99.999 99.999 99.999 99.999  99.999  99.999  99.999  99.999  0.016  0.016  0.025  0.023  0.060  0.054   28   20 99.999 99.999   99  21.338693032 -15.774651330  4  0 31.81 2006  9  9 2453987.66703484     4  Clear                 netuno0026.fits                                    Triton                2045  2050
   0.090  -0.074 1742.60 1097.73 2.196    111.78     39.42 99.999 99.999 99.999 13.549 13.718 99.999 99.999 99.999  0.190 99.999 99.999 99.999 99.999  99.999  99.999  99.999  99.999  0.021  0.021  0.028  0.025  0.072  0.063   23   18 99.999 99.999   99  21.338689152 -15.774676623  4  2 24.19 2006  9  9 2453987.66833553     4  Clear                 netuno0029.fits                                    Triton                2045  2050
   0.029  -0.073 1747.94 1094.81 1.838    102.18     42.18 99.999 99.999 99.999 13.341 13.428 99.999 99.999 99.999  0.209 99.999 99.999 99.999 99.999  99.999  99.999  99.999  99.999  0.019  0.019  0.024  0.032  0.053  0.073   22   14 99.999 99.999   99  21.338683888 -15.774691232  4  5 34.66 2006  9  9 2453987.67054005     4  Clear                 netuno0034.fits                                    Triton                2045  2050
   0.095  -0.157 1752.39 1095.49 1.666    132.54     47.56 99.999 99.999 99.999 13.399 13.538 99.999 99.999 99.999  0.192 99.999 99.999 99.999 99.999  99.999  99.999  99.999  99.999  0.017  0.017  0.041  0.020  0.081  0.040   23   15 99.999 99.999   99  21.338684360 -15.774717476  4  6 13.00 2006  9  9 2453987.67098380     4  Clear                 netuno0035.fits                                    Triton                2045  2050
  -0.144  -0.035 1749.48 1094.63 2.571     52.83     40.94 99.999 99.999 99.999 13.508 13.697 99.999 99.999 99.999  0.112 99.999 99.999 99.999 99.999  99.999  99.999  99.999  99.999  0.004  0.003  0.031  0.028  0.066  0.060   19   12 99.999 99.999   99  21.338678952 -15.774686525  4  6 50.75 2006  9  9 2453987.67142072     4  Clear                 netuno0036.fits                                    Triton                2045  2050
  -0.148   0.012 1748.90 1092.44 1.748    149.28     45.07 99.999 99.999 99.999 13.401 13.518 99.999 99.999 99.999  0.162 99.999 99.999 99.999 99.999  99.999  99.999  99.999  99.999  0.021  0.021  0.027  0.026  0.065  0.062   26   19 99.999 99.999   99  21.338676448 -15.774681878  4  8 42.94 2006  9  9 2453987.67271921     4  Clear                 netuno0039.fits                                    Triton                2045  2050
   0.364   0.002 1757.66 1092.04 1.726    110.99     48.57 99.999 99.999 99.999 13.505 13.595 99.999 99.999 99.999  0.133 99.999 99.999 99.999 99.999  99.999  99.999  99.999  99.999  0.022  0.022  0.033  0.022  0.072  0.049   21   16 99.999 99.999   99  21.338683141 -15.774696359  4 11 12.04 2006  9  9 2453987.67444491     4  Clear                 netuno0043.fits                                    Triton                2045  2050
