   0.030   0.021  548.07  696.56 2.179   1242.94    166.25 99.999 99.999 99.999 13.222 13.380 99.999 99.999 99.999  0.750 99.999 99.999 99.999 99.999  99.999  99.999  99.999  99.999  0.046  0.047  0.024  0.018  0.060  0.046   19   16 99.999 99.999   99  22.635869706  -9.500718870  4 13 36.85 2015  9 25 2457290.67612100    15    I                   Netuno_0001.fits                                   Triton                1024  1024
  -0.000  -0.016  548.47  696.42 2.362   1151.85    150.95 99.999 99.999 99.999 13.202 13.541 99.999 99.999 99.999  0.718 99.999 99.999 99.999 99.999  99.999  99.999  99.999  99.999  0.051  0.051  0.022  0.018  0.057  0.045   20   17 99.999 99.999   99  22.635868770  -9.500730696  4 13 55.43 2015  9 25 2457290.67633603    15    I                   Netuno_0002.fits                                   Triton                1024  1024
   0.041   0.045  548.83  695.48 1.996   1385.38    198.36 99.999 99.999 99.999 13.147 13.444 99.999 99.999 99.999  0.762 99.999 99.999 99.999 99.999  99.999  99.999  99.999  99.999  0.052  0.052  0.023  0.015  0.058  0.038   19   16 99.999 99.999   99  22.635868763  -9.500717327  4 14 32.60 2015  9 25 2457290.67676624    15    I                   Netuno_0004.fits                                   Triton                1024  1024
   0.023   0.005  548.85  695.72 2.255   1191.65    173.24 99.999 99.999 99.999 13.233 13.471 99.999 99.999 99.999  0.723 99.999 99.999 99.999 99.999  99.999  99.999  99.999  99.999  0.055  0.055  0.020  0.021  0.050  0.053   22   16 99.999 99.999   99  22.635868072  -9.500729873  4 14 51.19 2015  9 25 2457290.67698138    15    I                   Netuno_0005.fits                                   Triton                1024  1024
   0.023   0.017  548.89  695.82 2.008   1465.98    178.73 99.999 99.999 99.999 13.387 13.440 99.999 99.999 99.999  0.558 99.999 99.999 99.999 99.999  99.999  99.999  99.999  99.999  0.038  0.038  0.022  0.020  0.053  0.048   19   15 99.999 99.999   99  22.635867691  -9.500728002  4 15  9.78 2015  9 25 2457290.67719655    15    I                   Netuno_0006.fits                                   Triton                1024  1024
   0.055   0.007  549.42  695.69 2.106   1258.48    192.95 99.999 99.999 99.999 13.159 13.357 99.999 99.999 99.999  0.747 99.999 99.999 99.999 99.999  99.999  99.999  99.999  99.999  0.057  0.057  0.024  0.016  0.065  0.045   19   16 99.999 99.999   99  22.635867533  -9.500734128  4 15 46.95 2015  9 25 2457290.67762669    15    I                   Netuno_0008.fits                                   Triton                1024  1024
   0.022  -0.017  549.69  695.98 2.183   1256.26    170.91 99.999 99.999 99.999 13.207 13.417 99.999 99.999 99.999  0.714 99.999 99.999 99.999 99.999  99.999  99.999  99.999  99.999  0.041  0.041  0.023  0.022  0.059  0.055   19   15 99.999 99.999   99  22.635866519  -9.500742601  4 16  5.52 2015  9 25 2457290.67784171    15    I                   Netuno_0009.fits                                   Triton                1024  1024
   0.035   0.032  549.62  696.43 2.189   1287.89    172.33 99.999 99.999 99.999 13.182 13.482 99.999 99.999 99.999  0.762 99.999 99.999 99.999 99.999  99.999  99.999  99.999  99.999  0.016  0.016  0.020  0.019  0.053  0.052   19   15 99.999 99.999   99  22.635866371  -9.500730553  4 16 24.11 2015  9 25 2457290.67805687    15    I                   Netuno_0010.fits                                   Triton                1024  1024
   0.046  -0.004  549.93  697.16 2.244   1193.76    181.55 99.999 99.999 99.999 13.148 13.382 99.999 99.999 99.999  0.733 99.999 99.999 99.999 99.999  99.999  99.999  99.999  99.999  0.048  0.049  0.017  0.025  0.044  0.064   20   15 99.999 99.999   99  22.635866230  -9.500742156  4 16 42.70 2015  9 25 2457290.67827199    15    I                   Netuno_0011.fits                                   Triton                1024  1024
   0.025   0.008  550.02  698.40 1.993   1381.13    213.18 99.999 99.999 99.999 13.298 13.384 99.999 99.999 99.999  0.649 99.999 99.999 99.999 99.999  99.999  99.999  99.999  99.999  0.041  0.041  0.023  0.024  0.060  0.063   18   16 99.999 99.999   99  22.635865435  -9.500740210  4 17  1.28 2015  9 25 2457290.67848704    15    I                   Netuno_0012.fits                                   Triton                1024  1024
   0.012   0.029  550.39  699.27 2.006   1337.10    216.68 99.999 99.999 99.999 13.196 13.410 99.999 99.999 99.999  0.740 99.999 99.999 99.999 99.999  99.999  99.999  99.999  99.999  0.054  0.054  0.021  0.027  0.051  0.067   19   16 99.999 99.999   99  22.635864805  -9.500736053  4 17 19.86 2015  9 25 2457290.67870211    15    I                   Netuno_0013.fits                                   Triton                1024  1024
   0.051  -0.003  550.48  699.89 2.051   1392.07    188.05 99.999 99.999 99.999 13.210 13.463 99.999 99.999 99.999  0.701 99.999 99.999 99.999 99.999  99.999  99.999  99.999  99.999  0.055  0.054  0.030  0.021  0.075  0.052   17   15 99.999 99.999   99  22.635865183  -9.500746658  4 17 38.44 2015  9 25 2457290.67891719    15    I                   Netuno_0014.fits                                   Triton                1024  1024
   0.023   0.011  550.72  699.51 2.299   1180.74    175.46 99.999 99.999 99.999 13.222 13.348 99.999 99.999 99.999  0.642 99.999 99.999 99.999 99.999  99.999  99.999  99.999  99.999  0.057  0.057  0.021  0.020  0.052  0.051   20   15 99.999 99.999   99  22.635864269  -9.500744430  4 17 57.03 2015  9 25 2457290.67913229    15    I                   Netuno_0015.fits                                   Triton                1024  1024
  -0.008   0.031  550.90  698.66 1.885   1385.22    265.83 99.999 99.999 99.999 13.483 13.489 99.999 99.999 99.999  0.473 99.999 99.999 99.999 99.999  99.999  99.999  99.999  99.999  0.071  0.071  0.032  0.028  0.069  0.060   17   15 99.999 99.999   99  22.635863285  -9.500740679  4 18 15.61 2015  9 25 2457290.67934736    15    I                   Netuno_0016.fits                                   Triton                1024  1024
   0.009   0.011  551.37  697.89 2.092   1451.61    179.83 99.999 99.999 99.999 13.154 13.472 99.999 99.999 99.999  0.756 99.999 99.999 99.999 99.999  99.999  99.999  99.999  99.999  0.066  0.066  0.017  0.021  0.042  0.053   19   14 99.999 99.999   99  22.635862859  -9.500749049  4 18 52.78 2015  9 25 2457290.67977756    15    I                   Netuno_0018.fits                                   Triton                1024  1024
  -0.002   0.020  551.93  696.49 1.745   1727.85    248.57 99.999 99.999 99.999 13.397 13.377 99.999 99.999 99.999  0.547 99.999 99.999 99.999 99.999  99.999  99.999  99.999  99.999  0.058  0.058  0.027  0.019  0.062  0.046   15   14 99.999 99.999   99  22.635861520  -9.500751775  4 19 48.53 2015  9 25 2457290.68042279    15    I                   Netuno_0021.fits                                   Triton                1024  1024
   0.041   0.032  552.48  695.81 2.311   1296.89    153.90 99.999 99.999 99.999 13.251 13.432 99.999 99.999 99.999  0.642 99.999 99.999 99.999 99.999  99.999  99.999  99.999  99.999  0.061  0.061  0.025  0.025  0.064  0.063   20   17 99.999 99.999   99  22.635861932  -9.500749892  4 20  7.12 2015  9 25 2457290.68063797    15    I                   Netuno_0022.fits                                   Triton                1024  1024
   0.016  -0.011  552.51  695.85 1.821   1639.48    232.91 99.999 99.999 99.999 13.341 13.529 99.999 99.999 99.999  0.623 99.999 99.999 99.999 99.999  99.999  99.999  99.999  99.999  0.052  0.052  0.025  0.026  0.061  0.062   15   13 99.999 99.999   99  22.635861071  -9.500763234  4 20 25.70 2015  9 25 2457290.68085300    15    I                   Netuno_0023.fits                                   Triton                1024  1024
   0.041   0.029  552.63  696.49 2.037   1512.74    179.88 99.999 99.999 99.999 13.209 13.394 99.999 99.999 99.999  0.805 99.999 99.999 99.999 99.999  99.999  99.999  99.999  99.999  0.046  0.046  0.026  0.015  0.063  0.036   19   14 99.999 99.999   99  22.635861187  -9.500753861  4 20 44.28 2015  9 25 2457290.68106810    15    I                   Netuno_0024.fits                                   Triton                1024  1024
   0.021   0.053  553.22  697.14 2.186   1394.29    162.40 99.999 99.999 99.999 13.346 13.428 99.999 99.999 99.999  0.636 99.999 99.999 99.999 99.999  99.999  99.999  99.999  99.999  0.044  0.044  0.022  0.020  0.057  0.052   20   17 99.999 99.999   99  22.635860417  -9.500748985  4 21  2.86 2015  9 25 2457290.68128310    15    I                   Netuno_0025.fits                                   Triton                1024  1024
   0.017   0.025  553.22  697.60 1.928   1574.03    207.60 99.999 99.999 99.999 13.358 13.408 99.999 99.999 99.999  0.457 99.999 99.999 99.999 99.999  99.999  99.999  99.999  99.999  0.058  0.058  0.025  0.015  0.065  0.038   19   16 99.999 99.999   99  22.635859967  -9.500758312  4 21 21.44 2015  9 25 2457290.68149810    15    I                   Netuno_0026.fits                                   Triton                1024  1024
   0.005   0.001  553.48  697.65 1.908   1435.81    245.81 99.999 99.999 99.999 13.200 13.403 99.999 99.999 99.999  0.755 99.999 99.999 99.999 99.999  99.999  99.999  99.999  99.999  0.036  0.036  0.024  0.019  0.061  0.048   21   17 99.999 99.999   99  22.635859364  -9.500766565  4 21 40.02 2015  9 25 2457290.68171318    15    I                   Netuno_0027.fits                                   Triton                1024  1024
   0.024  -0.002  554.20  696.04 2.087   1406.52    196.44 99.999 99.999 99.999 13.517 13.476 99.999 99.999 99.999  0.225 99.999 99.999 99.999 99.999  99.999  99.999  99.999  99.999  0.051  0.051  0.024  0.020  0.056  0.047   16   15 99.999 99.999   99  22.635858959  -9.500770554  4 22 17.18 2015  9 25 2457290.68214330    15    I                   Netuno_0029.fits                                   Triton                1024  1024
   0.036   0.049  554.21  695.29 2.208   1118.23    212.56 99.999 99.999 99.999 13.122 13.435 99.999 99.999 99.999  0.753 99.999 99.999 99.999 99.999  99.999  99.999  99.999  99.999  0.073  0.073  0.025  0.021  0.062  0.053   19   15 99.999 99.999   99  22.635858809  -9.500758142  4 22 35.77 2015  9 25 2457290.68235841    15    I                   Netuno_0030.fits                                   Triton                1024  1024
   0.018   0.030  554.48  694.75 1.923   1427.79    236.60 99.999 99.999 99.999 13.292 13.427 99.999 99.999 99.999  0.565 99.999 99.999 99.999 99.999  99.999  99.999  99.999  99.999  0.043  0.043  0.027  0.016  0.065  0.040   18   15 99.999 99.999   99  22.635858079  -9.500764885  4 22 54.35 2015  9 25 2457290.68257347    15    I                   Netuno_0031.fits                                   Triton                1024  1024
   0.029  -0.001  554.63  694.67 2.031   1341.17    235.28 99.999 99.999 99.999 13.194 13.381 99.999 99.999 99.999  0.774 99.999 99.999 99.999 99.999  99.999  99.999  99.999  99.999  0.041  0.041  0.021  0.015  0.053  0.038   19   15 99.999 99.999   99  22.635857912  -9.500775345  4 23 12.94 2015  9 25 2457290.68278865    15    I                   Netuno_0032.fits                                   Triton                1024  1024
   0.026   0.041  554.79  694.56 1.883   1427.32    257.83 99.999 99.999 99.999 13.198 13.479 99.999 99.999 99.999  0.785 99.999 99.999 99.999 99.999  99.999  99.999  99.999  99.999  0.017  0.017  0.023  0.021  0.057  0.052   17   14 99.999 99.999   99  22.635857484  -9.500765322  4 23 31.53 2015  9 25 2457290.68300378    15    I                   Netuno_0033.fits                                   Triton                1024  1024
   0.020   0.024  555.21  693.99 2.045   1463.66    195.70 99.999 99.999 99.999 13.134 13.338 99.999 99.999 99.999  0.709 99.999 99.999 99.999 99.999  99.999  99.999  99.999  99.999  0.050  0.050  0.023  0.019  0.058  0.048   20   16 99.999 99.999   99  22.635856602  -9.500773194  4 24  8.69 2015  9 25 2457290.68343396    15    I                   Netuno_0035.fits                                   Triton                1024  1024
  -0.008   0.027  555.40  693.71 2.243   1239.60    196.34 99.999 99.999 99.999 13.169 13.443 99.999 99.999 99.999  0.779 99.999 99.999 99.999 99.999  99.999  99.999  99.999  99.999  0.040  0.041  0.025  0.024  0.063  0.059   15   14 99.999 99.999   99  22.635855710  -9.500773994  4 24 27.27 2015  9 25 2457290.68364897    15    I                   Netuno_0036.fits                                   Triton                1024  1024
   0.030   0.009  555.87  695.65 2.129   1344.17    205.09 99.999 99.999 99.999 13.156 13.470 99.999 99.999 99.999  0.748 99.999 99.999 99.999 99.999  99.999  99.999  99.999  99.999  0.055  0.055  0.026  0.021  0.065  0.054   18   15 99.999 99.999   99  22.635855650  -9.500782138  4 25  4.44 2015  9 25 2457290.68407913    15    I                   Netuno_0038.fits                                   Triton                1024  1024
   0.018   0.042  555.80  695.96 1.897   1384.50    271.77 99.999 99.999 99.999 13.266 13.486 99.999 99.999 99.999  0.735 99.999 99.999 99.999 99.999  99.999  99.999  99.999  99.999  0.054  0.054  0.022  0.014  0.052  0.033   21   15 99.999 99.999   99  22.635855056  -9.500774516  4 25 23.02 2015  9 25 2457290.68429427    15    I                   Netuno_0039.fits                                   Triton                1024  1024
  -0.006   0.014  556.06  695.76 1.625   1607.48    350.63 99.999 99.999 99.999 13.241 13.436 99.999 99.999 99.999  0.770 99.999 99.999 99.999 99.999  99.999  99.999  99.999  99.999  0.020  0.020  0.023  0.015  0.053  0.036   13   11 99.999 99.999   99  22.635854212  -9.500783969  4 25 41.61 2015  9 25 2457290.68450940    15    I                   Netuno_0040.fits                                   Triton                1024  1024
