  -0.102   0.008  483.66  489.65 1.534     42.16      5.73 99.999 99.999 99.999 13.341 13.272 99.999 99.999 99.999  0.110 99.999 99.999 99.999 99.999  99.999  99.999  99.999  99.999  0.062  0.062  0.031  0.039  0.071  0.090    8    8 99.999 99.999   99  20.965777014 -17.182654455  0 27 18.14 2003  7 25 2452845.51895995     1  Clear                 net0001.fits                                       Triton                1004  1024
  -0.030   0.003  484.08  522.75 1.243    439.18     42.71 99.999 99.999 99.999 13.258 13.126 99.999 99.999 99.999  0.190 99.999 99.999 99.999 99.999  99.999  99.999  99.999  99.999  0.018  0.018  0.014  0.017  0.048  0.056   22   17 99.999 99.999   99  20.965759610 -17.182779765  0 43 10.33 2003  7 25 2452845.52998067    10  Clear                 net0011.fits                                       Triton                1004  1024
  -0.082   0.015  483.98  526.13 1.196    515.99     33.66 99.999 99.999 99.999 13.267 13.152 99.999 99.999 99.999  0.182 99.999 99.999 99.999 99.999  99.999  99.999  99.999  99.999  0.020  0.020  0.017  0.015  0.050  0.045   20   15 99.999 99.999   99  20.965754580 -17.182802812  0 46 34.13 2003  7 25 2452845.53233947    10  Clear                 net0014.fits                                       Triton                1004  1024
  -0.122   0.025  483.82  525.70 1.033    475.04     67.19 99.999 99.999 99.999 13.304 13.195 99.999 99.999 99.999  0.206 99.999 99.999 99.999 99.999  99.999  99.999  99.999  99.999  0.000  0.000  0.013  0.012  0.050  0.044   20   17 99.999 99.999   99  20.965752367 -17.182809561  0 47 46.57 2003  7 25 2452845.53317789    10  Clear                 net0015.fits                                       Triton                1004  1024
  -0.081   0.029  484.23  527.87 1.187    527.14     35.13 99.999 99.999 99.999 13.224 13.107 99.999 99.999 99.999  0.193 99.999 99.999 99.999 99.999  99.999  99.999  99.999  99.999  0.016  0.016  0.016  0.015  0.061  0.056   21   17 99.999 99.999   99  20.965751727 -17.182817852  0 48 58.34 2003  7 25 2452845.53400856    10  Clear                 net0016.fits                                       Triton                1004  1024
  -0.086   0.004  484.27  525.47 1.108    628.00     40.75 99.999 99.999 99.999 13.260 13.067 99.999 99.999 99.999  0.184 99.999 99.999 99.999 99.999  99.999  99.999  99.999  99.999  0.017  0.016  0.019  0.015  0.066  0.052   16   14 99.999 99.999   99  20.965750554 -17.182831995  0 49 52.95 2003  7 25 2452845.53464063    10  Clear                 net0017.fits                                       Triton                1004  1024
  -0.134   0.053  484.26  522.48 1.120    511.99     43.55 99.999 99.999 99.999 13.341 13.211 99.999 99.999 99.999  0.194 99.999 99.999 99.999 99.999  99.999  99.999  99.999  99.999  0.017  0.016  0.017  0.015  0.059  0.055   20   17 99.999 99.999   99  20.965747727 -17.182830441  0 51 28.19 2003  7 25 2452845.53574294     9  Clear                 net0018.fits                                       Triton                1004  1024
  -0.053   0.045  484.27  523.94 1.208    397.46     22.66 99.999 99.999 99.999 13.234 13.054 99.999 99.999 99.999  0.241 99.999 99.999 99.999 99.999  99.999  99.999  99.999  99.999  0.026  0.027  0.017  0.010  0.060  0.037   17   15 99.999 99.999   99  20.965748270 -17.182839589  0 52 20.86 2003  7 25 2452845.53635255     9  Clear                 net0019.fits                                       Triton                1004  1024
  -0.060   0.019  484.94  522.39 0.993    405.62     65.34 99.999 99.999 99.999 13.347 13.215 99.999 99.999 99.999  0.142 99.999 99.999 99.999 99.999  99.999  99.999  99.999  99.999  0.000  0.000  0.018  0.010  0.066  0.036   20   18 99.999 99.999   99  20.965747090 -17.182853896  0 53 14.50 2003  7 25 2452845.53697338     9  Clear                 net0020.fits                                       Triton                1004  1024
  -0.089   0.023  507.98  498.27 1.339     79.70      2.97 99.999 99.999 99.999 13.378 13.274 99.999 99.999 99.999  0.124 99.999 99.999 99.999 99.999  99.999  99.999  99.999  99.999  0.001  0.001  0.042  0.037  0.074  0.065    6    6 99.999 99.999   99  20.965556048 -17.184094072  3 31  6.61 2003  7 25 2452845.64660428     1  Clear                 net0035.fits                                       Triton                1004  1024
  -0.149  -0.026  507.80  489.27 1.183     90.46      4.09 99.999 99.999 99.999 13.439 13.258 99.999 99.999 99.999  0.074 99.999 99.999 99.999 99.999  99.999  99.999  99.999  99.999  0.019  0.019  0.000  0.000  0.000  0.000    3    3 99.999 99.999   99  20.965552662 -17.184121917  3 32 54.88 2003  7 25 2452845.64785741     1  Clear                 net0037.fits                                       Triton                1004  1024
  -0.102   0.003  507.56  487.96 0.806     96.17     18.73 99.999 99.999 99.999 13.071 12.895 99.999 99.999 99.999  0.221 99.999 99.999 99.999 99.999  99.999  99.999  99.999  99.999  0.039  0.063  0.029  0.015  0.058  0.030    6    6 99.999 99.999   99  20.965552328 -17.184122091  3 33 56.62 2003  7 25 2452845.64857199     1  Clear                 net0038.fits                                       Triton                1004  1024
  -0.035   0.007  508.52  471.97 1.137    685.07     38.06 99.999 99.999 99.999 13.220 13.144 99.999 99.999 99.999  0.161 99.999 99.999 99.999 99.999  99.999  99.999  99.999  99.999  0.008  0.009  0.020  0.015  0.058  0.045   19   17 99.999 99.999   99  20.965542204 -17.184194628  3 43 15.54 2003  7 25 2452845.65504097     9  Clear                 net0045.fits                                       Triton                1004  1024
  -0.046  -0.005  508.64  473.84 1.336    489.85     39.59 99.999 99.999 99.999 13.285 13.157 99.999 99.999 99.999  0.142 99.999 99.999 99.999 99.999  99.999  99.999  99.999  99.999  0.015  0.015  0.013  0.009  0.051  0.033   24   20 99.999 99.999   99  20.965540908 -17.184204951  3 44  9.13 2003  7 25 2452845.65566123     9  Clear                 net0046.fits                                       Triton                1004  1024
  -0.058   0.034  508.85  460.75 1.197    570.62     38.49 99.999 99.999 99.999 13.269 13.183 99.999 99.999 99.999  0.170 99.999 99.999 99.999 99.999  99.999  99.999  99.999  99.999  0.024  0.023  0.020  0.013  0.070  0.043   22   18 99.999 99.999   99  20.965538880 -17.184205803  3 45 37.19 2003  7 25 2452845.65668044     8  Clear                 net0047.fits                                       Triton                1004  1024
  -0.119   0.055  508.80  462.65 1.602    329.33     21.96 99.999 99.999 99.999 13.282 13.161 99.999 99.999 99.999  0.186 99.999 99.999 99.999 99.999  99.999  99.999  99.999  99.999  0.013  0.013  0.015  0.013  0.064  0.056   29   22 99.999 99.999   99  20.965536629 -17.184206698  3 46 28.87 2003  7 25 2452845.65727859     8  Clear                 net0048.fits                                       Triton                1004  1024
  -0.036  -0.011  508.34  463.68 1.451    401.39     25.83 99.999 99.999 99.999 13.288 13.169 99.999 99.999 99.999  0.192 99.999 99.999 99.999 99.999  99.999  99.999  99.999  99.999  0.021  0.021  0.013  0.010  0.049  0.040   24   21 99.999 99.999   99  20.965537182 -17.184231868  3 47 21.53 2003  7 25 2452845.65788808     8  Clear                 net0049.fits                                       Triton                1004  1024
  -0.107  -0.015  481.20  538.45 1.461     49.84      7.31 99.999 99.999 99.999 13.207 13.161 99.999 99.999 99.999  0.271 99.999 99.999 99.999 99.999  99.999  99.999  99.999  99.999  0.038  0.039  0.019  0.018  0.065  0.063   19   16 99.999 99.999   99  20.965333128 -17.185529564  6 31  2.49 2003  7 25 2452845.77155660     1  Clear                 net0062.fits                                       Triton                1004  1024
  -0.145   0.055  480.83  537.77 1.087     62.33     13.47 99.999 99.999 99.999 13.201 13.083 99.999 99.999 99.999  0.224 99.999 99.999 99.999 99.999  99.999  99.999  99.999  99.999  0.015  0.015  0.025  0.021  0.063  0.053   19   13 99.999 99.999   99  20.965330531 -17.185521959  6 32 31.90 2003  7 25 2452845.77259144     1  Clear                 net0064.fits                                       Triton                1004  1024
  -0.149   0.037  475.57  536.75 1.194     81.34      4.65 99.999 99.999 99.999 13.171 13.003 99.999 99.999 99.999  0.316 99.999 99.999 99.999 99.999  99.999  99.999  99.999  99.999  0.017  0.017  0.024  0.016  0.083  0.054   16   14 99.999 99.999   99  20.965327114 -17.185548135  6 35 12.36 2003  7 25 2452845.77444861     1  Clear                 net0067.fits                                       Triton                1004  1024
  -0.072  -0.019  475.63  532.60 0.967     84.28     14.82 99.999 99.999 99.999 13.018 12.962 99.999 99.999 99.999  0.241 99.999 99.999 99.999 99.999  99.999  99.999  99.999  99.999  0.000  0.000  0.012  0.014  0.038  0.044   14   12 99.999 99.999   99  20.965326707 -17.185575864  6 36 43.50 2003  7 25 2452845.77550347     1  Clear                 net0069.fits                                       Triton                1004  1024
  -0.062  -0.034  475.54  529.98 1.382    418.37     35.79 99.999 99.999 99.999 13.253 13.148 99.999 99.999 99.999  0.212 99.999 99.999 99.999 99.999  99.999  99.999  99.999  99.999  0.011  0.011  0.017  0.015  0.063  0.056   25   20 99.999 99.999   99  20.965320137 -17.185622883  6 42  8.84 2003  7 25 2452845.77926898     9  Clear                 net0072.fits                                       Triton                1004  1024
  -0.066   0.014  475.57  530.84 1.253    459.98     57.62 99.999 99.999 99.999 13.241 13.089 99.999 99.999 99.999  0.189 99.999 99.999 99.999 99.999  99.999  99.999  99.999  99.999  0.032  0.033  0.015  0.012  0.063  0.051   28   23 99.999 99.999   99  20.965316718 -17.185630735  6 44 48.80 2003  7 25 2452845.78112037     9  Clear                 net0075.fits                                       Triton                1004  1024
  -0.051  -0.004  475.24  534.27 1.240    498.25     34.87 99.999 99.999 99.999 13.224 13.083 99.999 99.999 99.999  0.184 99.999 99.999 99.999 99.999  99.999  99.999  99.999  99.999  0.017  0.017  0.015  0.014  0.052  0.047   25   20 99.999 99.999   99  20.965313239 -17.185659861  6 47 50.04 2003  7 25 2452845.78321806     8  Clear                 net0078.fits                                       Triton                1004  1024
  -0.066   0.005  474.77  532.09 1.352    433.25     26.92 99.999 99.999 99.999 13.193 13.096 99.999 99.999 99.999  0.178 99.999 99.999 99.999 99.999  99.999  99.999  99.999  99.999  0.028  0.028  0.013  0.014  0.054  0.061   26   22 99.999 99.999   99  20.965311851 -17.185664260  6 48 41.62 2003  7 25 2452845.78381505     8  Clear                 net0079.fits                                       Triton                1004  1024
  -0.106   0.008  474.94  531.95 1.351    426.94     28.77 99.999 99.999 99.999 13.183 13.022 99.999 99.999 99.999  0.293 99.999 99.999 99.999 99.999  99.999  99.999  99.999  99.999  0.027  0.027  0.015  0.012  0.061  0.048   27   21 99.999 99.999   99  20.965310007 -17.185670309  6 49 34.27 2003  7 25 2452845.78442442     8  Clear                 net0080.fits                                       Triton                1004  1024
