  -0.018  -0.021 1025.12 1301.03 2.672    203.58      0.84 99.999 99.999 99.999 13.446 13.516 99.999 99.999 99.999  0.133 99.999 99.999 99.999 99.999  99.999  99.999  99.999  99.999  0.019  0.019  0.016  0.014  0.068  0.060   21   18 99.999 99.999   99  21.346403062 -15.735781702  2 32  3.34 2006  9  4 2453982.60559421     2  Clear                 netuno0001.fits                                    Triton                2045  2050
  -0.017  -0.012 1032.41 1299.82 2.966    176.17      1.99 99.999 99.999 99.999 13.399 13.519 99.999 99.999 99.999  0.118 99.999 99.999 99.999 99.999  99.999  99.999  99.999  99.999  0.024  0.024  0.016  0.012  0.060  0.045   19   15 99.999 99.999   99  21.346400984 -15.735784102  2 33 47.37 2006  9  4 2453982.60679826     2  Clear                 netuno0003.fits                                    Triton                2045  2050
  -0.006   0.024 1031.38 1299.13 2.519    218.54      4.06 99.999 99.999 99.999 13.392 13.496 99.999 99.999 99.999  0.116 99.999 99.999 99.999 99.999  99.999  99.999  99.999  99.999  0.018  0.018  0.016  0.014  0.062  0.055   21   17 99.999 99.999   99  21.346400460 -15.735775810  2 34 22.61 2006  9  4 2453982.60720613     2  Clear                 netuno0004.fits                                    Triton                2045  2050
   0.009   0.009 1030.32 1298.02 1.695    353.62     18.95 99.999 99.999 99.999 13.433 13.548 99.999 99.999 99.999  0.119 99.999 99.999 99.999 99.999  99.999  99.999  99.999  99.999  0.010  0.010  0.013  0.013  0.053  0.050   24   19 99.999 99.999   99  21.346400057 -15.735781665  2 34 57.81 2006  9  4 2453982.60761354     2  Clear                 netuno0005.fits                                    Triton                2045  2050
   0.001  -0.017 1029.93 1298.08 2.624    209.01      1.86 99.999 99.999 99.999 13.436 13.534 99.999 99.999 99.999  0.121 99.999 99.999 99.999 99.999  99.999  99.999  99.999  99.999  0.018  0.018  0.014  0.015  0.058  0.059   20   17 99.999 99.999   99  21.346399187 -15.735790755  2 35 33.01 2006  9  4 2453982.60802095     2  Clear                 netuno0006.fits                                    Triton                2045  2050
  -0.035   0.009 1038.35 1296.04 2.416    238.50      0.89 99.999 99.999 99.999 13.443 13.571 99.999 99.999 99.999  0.145 99.999 99.999 99.999 99.999  99.999  99.999  99.999  99.999  0.020  0.020  0.013  0.015  0.054  0.062   22   18 99.999 99.999   99  21.346395603 -15.735790213  2 37 56.00 2006  9  4 2453982.60967593     2  Clear                 netuno0010.fits                                    Triton                2045  2050
  -0.039   0.002 1036.56 1295.83 2.509    210.13      6.03 99.999 99.999 99.999 13.422 13.558 99.999 99.999 99.999  0.108 99.999 99.999 99.999 99.999  99.999  99.999  99.999  99.999  0.027  0.027  0.015  0.014  0.057  0.051   20   15 99.999 99.999   99  21.346394105 -15.735795657  2 39  5.56 2006  9  4 2453982.61048102     2  Clear                 netuno0012.fits                                    Triton                2045  2050
   0.017   0.013 1036.97 1295.53 2.666    206.50      0.73 99.999 99.999 99.999 13.400 13.517 99.999 99.999 99.999  0.084 99.999 99.999 99.999 99.999  99.999  99.999  99.999  99.999  0.030  0.031  0.011  0.015  0.042  0.062   19   17 99.999 99.999   99  21.346393780 -15.735796228  2 40 15.95 2006  9  4 2453982.61129572     2  Clear                 netuno0014.fits                                    Triton                2045  2050
  -0.010  -0.011 1037.41 1295.22 3.264    149.67      2.44 99.999 99.999 99.999 13.448 13.572 99.999 99.999 99.999  0.094 99.999 99.999 99.999 99.999  99.999  99.999  99.999  99.999  0.030  0.030  0.019  0.014  0.072  0.052   19   14 99.999 99.999   99  21.346392506 -15.735804348  2 40 52.31 2006  9  4 2453982.61171655     2  Clear                 netuno0015.fits                                    Triton                2045  2050
  -0.019   0.003 1042.39 1295.56 2.712    195.96      2.81 99.999 99.999 99.999 13.365 13.487 99.999 99.999 99.999  0.093 99.999 99.999 99.999 99.999  99.999  99.999  99.999  99.999  0.022  0.022  0.019  0.016  0.067  0.056   20   15 99.999 99.999   99  21.346391600 -15.735802290  2 41 27.92 2006  9  4 2453982.61212870     2  Clear                 netuno0016.fits                                    Triton                2045  2050
  -0.047  -0.012 1046.29 1295.85 2.023    299.75      5.63 99.999 99.999 99.999 13.424 13.528 99.999 99.999 99.999  0.102 99.999 99.999 99.999 99.999  99.999  99.999  99.999  99.999  0.024  0.024  0.011  0.014  0.046  0.061   25   22 99.999 99.999   99  21.346390345 -15.735808174  2 42  3.38 2006  9  4 2453982.61253912     2  Clear                 netuno0017.fits                                    Triton                2045  2050
   0.029   0.016 1044.77 1296.25 1.980    329.86      1.91 99.999 99.999 99.999 13.443 13.549 99.999 99.999 99.999  0.104 99.999 99.999 99.999 99.999  99.999  99.999  99.999  99.999  0.016  0.016  0.012  0.013  0.052  0.055   23   19 99.999 99.999   99  21.346391080 -15.735801816  2 42 38.89 2006  9  4 2453982.61295012     2  Clear                 netuno0018.fits                                    Triton                2045  2050
   0.010   0.004 1040.50 1296.01 1.613    391.63     17.20 99.999 99.999 99.999 13.462 13.574 99.999 99.999 99.999  0.105 99.999 99.999 99.999 99.999  99.999  99.999  99.999  99.999  0.010  0.010  0.012  0.011  0.056  0.049   25   23 99.999 99.999   99  21.346389273 -15.735808768  2 43 50.80 2006  9  4 2453982.61378241     2  Clear                 netuno0020.fits                                    Triton                2045  2050
   0.025   0.026 1042.32 1293.70 1.547    372.18     31.27 99.999 99.999 99.999 13.440 13.560 99.999 99.999 99.999  0.089 99.999 99.999 99.999 99.999  99.999  99.999  99.999  99.999  0.024  0.024  0.012  0.012  0.050  0.048   23   19 99.999 99.999   99  21.346386646 -15.735809640  2 46 14.96 2006  9  4 2453982.61545093     2  Clear                 netuno0022.fits                                    Triton                2045  2050
  -0.013  -0.005 1040.28 1294.54 1.853    342.02      7.31 99.999 99.999 99.999 13.430 13.502 99.999 99.999 99.999  0.092 99.999 99.999 99.999 99.999  99.999  99.999  99.999  99.999  0.011  0.011  0.010  0.012  0.044  0.052   23   21 99.999 99.999   99  21.346385174 -15.735820058  2 46 51.38 2006  9  4 2453982.61587245     2  Clear                 netuno0023.fits                                    Triton                2045  2050
  -0.023  -0.010 1038.96 1294.31 1.758    331.63     18.00 99.999 99.999 99.999 13.429 13.520 99.999 99.999 99.999  0.096 99.999 99.999 99.999 99.999  99.999  99.999  99.999  99.999  0.016  0.016  0.010  0.013  0.043  0.055   21   19 99.999 99.999   99  21.346384287 -15.735822983  2 47 26.91 2006  9  4 2453982.61628368     2  Clear                 netuno0024.fits                                    Triton                2045  2050
  -0.010   0.000 1038.05 1293.14 1.803    325.14     15.66 99.999 99.999 99.999 13.407 13.478 99.999 99.999 99.999  0.090 99.999 99.999 99.999 99.999  99.999  99.999  99.999  99.999  0.013  0.013  0.014  0.013  0.054  0.052   22   17 99.999 99.999   99  21.346383805 -15.735821830  2 48  1.81 2006  9  4 2453982.61668762     2  Clear                 netuno0025.fits                                    Triton                2045  2050
