   0.058  -0.037 1163.50 1151.93 1.686   2554.11    282.44 99.999 99.999 99.999 13.365 12.954 99.999 99.999 99.999  0.194 99.999 99.999 99.999 99.999  99.999  99.999  99.999  99.999  0.023  0.023  0.012  0.011  0.051  0.046   22   20 99.999 99.999   99  22.090075150 -12.337776552  2 50 15.00 2011  9  4 2455808.61822917    90    I                   Tritao_0002.fits                                   Triton                2048  2048
   0.045  -0.028 1163.73 1156.08 1.906   2286.68    186.80 99.999 99.999 99.999 13.442 13.046 99.999 99.999 99.999  0.191 99.999 99.999 99.999 99.999  99.999  99.999  99.999  99.999  0.016  0.016  0.010  0.011  0.042  0.048   21   20 99.999 99.999   99  22.090072772 -12.337787749  2 51 48.00 2011  9  4 2455808.61930556    90    I                   Tritao_0003.fits                                   Triton                2048  2048
   0.080  -0.017 1164.30 1152.24 1.751   2503.57    253.66 99.999 99.999 99.999 13.409 13.046 99.999 99.999 99.999  0.215 99.999 99.999 99.999 99.999  99.999  99.999  99.999  99.999  0.015  0.015  0.011  0.013  0.046  0.054   23   20 99.999 99.999   99  22.090071295 -12.337798220  2 53 21.00 2011  9  4 2455808.62038194    90    I                   Tritao_0004.fits                                   Triton                2048  2048
   0.072  -0.017 1163.76 1153.12 1.953   2303.98    134.58 99.999 99.999 99.999 13.421 13.034 99.999 99.999 99.999  0.189 99.999 99.999 99.999 99.999  99.999  99.999  99.999  99.999  0.015  0.015  0.009  0.012  0.034  0.049   23   19 99.999 99.999   99  22.090066845 -12.337825276  2 56 27.00 2011  9  4 2455808.62253472    90    I                   Tritao_0006.fits                                   Triton                2048  2048
   0.058  -0.025 1164.41 1149.98 1.780   2435.40    214.47 99.999 99.999 99.999 13.399 12.958 99.999 99.999 99.999  0.205 99.999 99.999 99.999 99.999  99.999  99.999  99.999  99.999  0.016  0.016  0.010  0.013  0.038  0.051   23   19 99.999 99.999   99  22.090064437 -12.337841112  2 58  0.00 2011  9  4 2455808.62361111    90    I                   Tritao_0007.fits                                   Triton                2048  2048
   0.071  -0.034 1163.66 1155.12 2.117   1762.46    182.86 99.999 99.999 99.999 13.468 13.102 99.999 99.999 99.999  0.194 99.999 99.999 99.999 99.999  99.999  99.999  99.999  99.999  0.026  0.026  0.010  0.013  0.042  0.054   23   20 99.999 99.999   99  22.090062532 -12.337857120  2 59 33.00 2011  9  4 2455808.62468750    90    I                   Tritao_0008.fits                                   Triton                2048  2048
   0.059  -0.027 1164.28 1154.11 1.996   2028.30    175.41 99.999 99.999 99.999 13.459 13.102 99.999 99.999 99.999  0.186 99.999 99.999 99.999 99.999  99.999  99.999  99.999  99.999  0.011  0.011  0.014  0.013  0.060  0.053   24   21 99.999 99.999   99  22.090058003 -12.337882093  3  2 39.00 2011  9  4 2455808.62684028    90    I                   Tritao_0010.fits                                   Triton                2048  2048
   0.089  -0.012 1164.17 1160.02 1.759   2534.44    229.35 99.999 99.999 99.999 13.398 13.036 99.999 99.999 99.999  0.207 99.999 99.999 99.999 99.999  99.999  99.999  99.999  99.999  0.014  0.014  0.012  0.011  0.051  0.050   24   22 99.999 99.999   99  22.090056429 -12.337891781  3  4 12.00 2011  9  4 2455808.62791667    90    I                   Tritao_0011.fits                                   Triton                2048  2048
   0.071  -0.041 1164.68 1157.14 1.709   2723.53    226.58 99.999 99.999 99.999 13.431 13.055 99.999 99.999 99.999  0.213 99.999 99.999 99.999 99.999  99.999  99.999  99.999  99.999  0.018  0.018  0.011  0.012  0.043  0.047   24   20 99.999 99.999   99  22.090053960 -12.337912993  3  5 45.00 2011  9  4 2455808.62899306    90    I                   Tritao_0012.fits                                   Triton                2048  2048
   0.075  -0.018 1165.49 1164.06 1.819   1693.71    306.50 99.999 99.999 99.999 13.400 13.049 99.999 99.999 99.999  0.172 99.999 99.999 99.999 99.999  99.999  99.999  99.999  99.999  0.037  0.037  0.013  0.014  0.053  0.055   21   19 99.999 99.999   99  22.090051864 -12.337920351  3  7 18.00 2011  9  4 2455808.63006944    90    I                   Tritao_0013.fits                                   Triton                2048  2048
   0.093  -0.015 1167.79 1154.30 1.742   2297.88    316.16 99.999 99.999 99.999 13.375 13.005 99.999 99.999 99.999  0.198 99.999 99.999 99.999 99.999  99.999  99.999  99.999  99.999  0.025  0.025  0.010  0.012  0.041  0.048   23   21 99.999 99.999   99  22.090043621 -12.337973406  3 13 30.00 2011  9  4 2455808.63437500    90    I                   Tritao_0017.fits                                   Triton                2048  2048
   0.057  -0.028 1168.22 1155.59 2.099   2284.50     89.62 99.999 99.999 99.999 13.408 13.008 99.999 99.999 99.999  0.192 99.999 99.999 99.999 99.999  99.999  99.999  99.999  99.999  0.015  0.015  0.011  0.011  0.046  0.049   23   21 99.999 99.999   99  22.090038632 -12.338003985  3 16 36.00 2011  9  4 2455808.63652778    90    I                   Tritao_0019.fits                                   Triton                2048  2048
   0.064  -0.046 1168.69 1152.24 1.722   2801.13    207.73 99.999 99.999 99.999 13.407 13.014 99.999 99.999 99.999  0.226 99.999 99.999 99.999 99.999  99.999  99.999  99.999  99.999  0.004  0.004  0.011  0.010  0.048  0.044   24   21 99.999 99.999   99  22.090036631 -12.338022207  3 18  9.00 2011  9  4 2455808.63760417    90    I                   Tritao_0020.fits                                   Triton                2048  2048
   0.068  -0.020 1169.10 1158.12 1.871   2012.47    178.11 99.999 99.999 99.999 13.435 13.023 99.999 99.999 99.999  0.185 99.999 99.999 99.999 99.999  99.999  99.999  99.999  99.999  0.017  0.017  0.011  0.013  0.049  0.056   24   21 99.999 99.999   99  22.090034566 -12.338028629  3 19 42.00 2011  9  4 2455808.63868056    90    I                   Tritao_0021.fits                                   Triton                2048  2048
   0.048   0.008 1169.64 1159.10 2.902   1186.45     23.48 99.999 99.999 99.999 13.438 13.041 99.999 99.999 99.999  0.165 99.999 99.999 99.999 99.999  99.999  99.999  99.999  99.999  0.045  0.045  0.011  0.015  0.045  0.057   22   19 99.999 99.999   99  22.090029889 -12.338047710  3 22 48.00 2011  9  4 2455808.64083333    90    I                   Tritao_0023.fits                                   Triton                2048  2048
   0.068  -0.021 1169.80 1162.68 2.221   1728.65     69.64 99.999 99.999 99.999 13.428 13.006 99.999 99.999 99.999  0.184 99.999 99.999 99.999 99.999  99.999  99.999  99.999  99.999  0.021  0.020  0.012  0.013  0.050  0.055   21   20 99.999 99.999   99  22.090028124 -12.338069286  3 24 21.00 2011  9  4 2455808.64190972    90    I                   Tritao_0024.fits                                   Triton                2048  2048
   0.083  -0.012 1170.08 1160.98 1.683   2229.00    236.02 99.999 99.999 99.999 13.434 13.000 99.999 99.999 99.999  0.201 99.999 99.999 99.999 99.999  99.999  99.999  99.999  99.999  0.016  0.016  0.011  0.014  0.049  0.062   24   22 99.999 99.999   99  22.090026239 -12.338079953  3 25 54.00 2011  9  4 2455808.64298611    90    I                   Tritao_0025.fits                                   Triton                2048  2048
   0.074  -0.018 1170.29 1167.94 1.838   1692.40    249.14 99.999 99.999 99.999 13.429 13.054 99.999 99.999 99.999  0.193 99.999 99.999 99.999 99.999  99.999  99.999  99.999  99.999  0.016  0.016  0.012  0.012  0.051  0.054   24   22 99.999 99.999   99  22.090023927 -12.338095395  3 27 27.00 2011  9  4 2455808.64406250    90    I                   Tritao_0026.fits                                   Triton                2048  2048
   0.072  -0.028 1170.97 1165.24 1.855   2056.55    171.14 99.999 99.999 99.999 13.390 13.029 99.999 99.999 99.999  0.196 99.999 99.999 99.999 99.999  99.999  99.999  99.999  99.999  0.021  0.021  0.010  0.013  0.042  0.050   24   20 99.999 99.999   99  22.090021758 -12.338111296  3 29  0.00 2011  9  4 2455808.64513889    90    I                   Tritao_0027.fits                                   Triton                2048  2048
   0.090  -0.022 1171.70 1161.46 2.000   1896.84    133.59 99.999 99.999 99.999 13.444 13.070 99.999 99.999 99.999  0.190 99.999 99.999 99.999 99.999  99.999  99.999  99.999  99.999  0.024  0.024  0.009  0.014  0.037  0.057   23   20 99.999 99.999   99  22.090019929 -12.338122929  3 30 33.00 2011  9  4 2455808.64621528    90    I                   Tritao_0028.fits                                   Triton                2048  2048
   0.086  -0.027 1172.32 1165.32 1.854   1830.16    236.72 99.999 99.999 99.999 13.393 13.000 99.999 99.999 99.999  0.186 99.999 99.999 99.999 99.999  99.999  99.999  99.999  99.999  0.016  0.016  0.010  0.014  0.043  0.061   24   21 99.999 99.999   99  22.090017715 -12.338138007  3 32  6.00 2011  9  4 2455808.64729167    90    I                   Tritao_0029.fits                                   Triton                2048  2048
   0.073  -0.017 1172.84 1160.31 2.028   1851.21    149.88 99.999 99.999 99.999 13.397 12.986 99.999 99.999 99.999  0.187 99.999 99.999 99.999 99.999  99.999  99.999  99.999  99.999  0.018  0.018  0.011  0.013  0.045  0.055   24   21 99.999 99.999   99  22.090015333 -12.338148591  3 33 39.00 2011  9  4 2455808.64836806    90    I                   Tritao_0030.fits                                   Triton                2048  2048
   0.080  -0.025 1176.03 1166.90 2.064    719.05     44.61 99.999 99.999 99.999 13.431 13.144 99.999 99.999 99.999  0.211 99.999 99.999 99.999 99.999  99.999  99.999  99.999  99.999  0.023  0.023  0.011  0.014  0.045  0.058   22   20 99.999 99.999   99  22.090006633 -12.338205922  3 40  1.00 2011  9  4 2455808.65278935    30    I                   Tritao_0033.fits                                   Triton                2048  2048
   0.056  -0.012 1176.06 1164.87 1.817    812.11     68.17 99.999 99.999 99.999 13.422 13.114 99.999 99.999 99.999  0.194 99.999 99.999 99.999 99.999  99.999  99.999  99.999  99.999  0.016  0.016  0.010  0.014  0.042  0.056   23   20 99.999 99.999   99  22.090005369 -12.338207180  3 40 35.00 2011  9  4 2455808.65318287    30    I                   Tritao_0034.fits                                   Triton                2048  2048
   0.056  -0.043 1175.39 1164.80 1.694    895.20     86.90 99.999 99.999 99.999 13.422 13.068 99.999 99.999 99.999  0.223 99.999 99.999 99.999 99.999  99.999  99.999  99.999  99.999  0.020  0.020  0.011  0.014  0.049  0.060   24   22 99.999 99.999   99  22.090004615 -12.338220547  3 41  8.00 2011  9  4 2455808.65356481    30    I                   Tritao_0035.fits                                   Triton                2048  2048
   0.066  -0.002 1177.06 1163.13 1.817    838.67     63.37 99.999 99.999 99.999 13.424 13.193 99.999 99.999 99.999  0.195 99.999 99.999 99.999 99.999  99.999  99.999  99.999  99.999  0.019  0.019  0.013  0.013  0.054  0.054   25   20 99.999 99.999   99  22.090004064 -12.338213775  3 41 41.00 2011  9  4 2455808.65394676    30    I                   Tritao_0036.fits                                   Triton                2048  2048
   0.046  -0.015 1176.84 1163.37 1.888    775.62     64.71 99.999 99.999 99.999 13.519 13.145 99.999 99.999 99.999  0.229 99.999 99.999 99.999 99.999  99.999  99.999  99.999  99.999  0.018  0.018  0.011  0.016  0.040  0.060   17   14 99.999 99.999   99  22.090002898 -12.338222142  3 42 14.00 2011  9  4 2455808.65432870    30    I                   Tritao_0037.fits                                   Triton                2048  2048
   0.084  -0.009 1176.52 1164.90 1.494    934.24    128.77 99.999 99.999 99.999 13.425 13.127 99.999 99.999 99.999  0.190 99.999 99.999 99.999 99.999  99.999  99.999  99.999  99.999  0.018  0.018  0.011  0.013  0.046  0.057   24   21 99.999 99.999   99  22.090002879 -12.338225402  3 42 47.00 2011  9  4 2455808.65471065    30    I                   Tritao_0038.fits                                   Triton                2048  2048
   0.068  -0.010 1176.54 1170.52 2.090    745.88     37.30 99.999 99.999 99.999 13.451 13.137 99.999 99.999 99.999  0.210 99.999 99.999 99.999 99.999  99.999  99.999  99.999  99.999  0.018  0.018  0.012  0.013  0.048  0.053   21   18 99.999 99.999   99  22.090001788 -12.338230643  3 43 20.00 2011  9  4 2455808.65509259    30    I                   Tritao_0039.fits                                   Triton                2048  2048
   0.071  -0.033 1176.41 1170.62 1.632    834.02    117.88 99.999 99.999 99.999 13.453 13.185 99.999 99.999 99.999  0.210 99.999 99.999 99.999 99.999  99.999  99.999  99.999  99.999  0.025  0.025  0.007  0.011  0.031  0.046   21   19 99.999 99.999   99  22.090001097 -12.338241780  3 43 53.00 2011  9  4 2455808.65547454    30    I                   Tritao_0040.fits                                   Triton                2048  2048
   0.073  -0.024 1177.06 1169.57 1.800    942.02     45.49 99.999 99.999 99.999 13.413 13.095 99.999 99.999 99.999  0.215 99.999 99.999 99.999 99.999  99.999  99.999  99.999  99.999  0.017  0.017  0.009  0.014  0.038  0.055   24   20 99.999 99.999   99  22.090000328 -12.338243898  3 44 27.00 2011  9  4 2455808.65586806    30    I                   Tritao_0041.fits                                   Triton                2048  2048
   0.066  -0.035 1177.53 1168.63 2.071    827.16     19.41 99.999 99.999 99.999 13.431 13.186 99.999 99.999 99.999  0.224 99.999 99.999 99.999 99.999  99.999  99.999  99.999  99.999  0.035  0.035  0.010  0.012  0.043  0.050   22   21 99.999 99.999   99  22.089999444 -12.338251632  3 45  0.00 2011  9  4 2455808.65625000    30    I                   Tritao_0042.fits                                   Triton                2048  2048
   0.063  -0.022 1178.23 1170.51 2.088    746.11     38.64 99.999 99.999 99.999 13.420 13.130 99.999 99.999 99.999  0.204 99.999 99.999 99.999 99.999  99.999  99.999  99.999  99.999  0.019  0.019  0.011  0.010  0.047  0.045   24   22 99.999 99.999   99  22.089997120 -12.338262537  3 46 39.00 2011  9  4 2455808.65739583    30    I                   Tritao_0045.fits                                   Triton                2048  2048
   0.082  -0.025 1178.69 1174.60 2.068    703.53     53.91 99.999 99.999 99.999 13.439 13.188 99.999 99.999 99.999  0.202 99.999 99.999 99.999 99.999  99.999  99.999  99.999  99.999  0.019  0.019  0.012  0.011  0.048  0.047   24   21 99.999 99.999   99  22.089996686 -12.338268085  3 47 12.00 2011  9  4 2455808.65777778    30    I                   Tritao_0046.fits                                   Triton                2048  2048
   0.069  -0.041 1179.08 1172.94 1.919    818.77     57.46 99.999 99.999 99.999 13.463 13.185 99.999 99.999 99.999  0.221 99.999 99.999 99.999 99.999  99.999  99.999  99.999  99.999  0.015  0.015  0.011  0.011  0.045  0.043   25   21 99.999 99.999   99  22.089994892 -12.338282010  3 48 19.00 2011  9  4 2455808.65855324    30    I                   Tritao_0048.fits                                   Triton                2048  2048
   0.071  -0.023 1179.51 1170.34 2.162    700.06     31.07 99.999 99.999 99.999 13.422 13.104 99.999 99.999 99.999  0.218 99.999 99.999 99.999 99.999  99.999  99.999  99.999  99.999  0.018  0.018  0.012  0.012  0.051  0.051   25   23 99.999 99.999   99  22.089994181 -12.338282042  3 48 52.00 2011  9  4 2455808.65893519    30    I                   Tritao_0049.fits                                   Triton                2048  2048
   0.097   0.040 1181.29 1167.94 1.401    590.14     80.46 99.999 99.999 99.999 13.343 13.122 99.999 99.999 99.999  0.142 99.999 99.999 99.999 99.999  99.999  99.999  99.999  99.999  0.002  0.002  0.011  0.018  0.039  0.063   20   16 99.999 99.999   99  22.089993888 -12.338269032  3 49 25.00 2011  9  4 2455808.65931713    30    I                   Tritao_0050.fits                                   Triton                2048  2048
   0.113   0.009 1180.98 1166.17 1.272    588.74    123.45 99.999 99.999 99.999 13.443 13.252 99.999 99.999 99.999  0.164 99.999 99.999 99.999 99.999  99.999  99.999  99.999  99.999  0.021  0.021  0.010  0.014  0.038  0.054   22   18 99.999 99.999   99  22.089993452 -12.338282519  3 49 58.00 2011  9  4 2455808.65969907    30    I                   Tritao_0051.fits                                   Triton                2048  2048
   0.104   0.036 1181.46 1165.98 1.322    546.36    113.71 99.999 99.999 99.999 13.376 13.224 99.999 99.999 99.999  0.181 99.999 99.999 99.999 99.999  99.999  99.999  99.999  99.999  0.006  0.006  0.016  0.016  0.064  0.063   21   18 99.999 99.999   99  22.089992506 -12.338279837  3 50 32.00 2011  9  4 2455808.66009259    30    I                   Tritao_0052.fits                                   Triton                2048  2048
   0.097   0.031 1180.91 1168.89 1.092    573.95    162.02 99.999 99.999 99.999 13.377 13.159 99.999 99.999 99.999  0.176 99.999 99.999 99.999 99.999  99.999  99.999  99.999  99.999  0.019  0.019  0.011  0.017  0.045  0.065   18   17 99.999 99.999   99  22.089991597 -12.338285770  3 51  5.00 2011  9  4 2455808.66047454    30    I                   Tritao_0053.fits                                   Triton                2048  2048
   0.082  -0.009 1182.50 1162.92 1.871    438.67     54.18 99.999 99.999 99.999 13.381 13.198 99.999 99.999 99.999  0.161 99.999 99.999 99.999 99.999  99.999  99.999  99.999  99.999  0.030  0.030  0.011  0.017  0.042  0.066   22   19 99.999 99.999   99  22.089987465 -12.338320883  3 53 51.00 2011  9  4 2455808.66239583    30    I                   Tritao_0058.fits                                   Triton                2048  2048
   0.090   0.016 1182.12 1165.66 1.806    434.61     65.43 99.999 99.999 99.999 13.411 13.173 99.999 99.999 99.999  0.202 99.999 99.999 99.999 99.999  99.999  99.999  99.999  99.999  0.027  0.027  0.013  0.015  0.052  0.061   24   20 99.999 99.999   99  22.089986101 -12.338323467  3 54 57.00 2011  9  4 2455808.66315972    30    I                   Tritao_0060.fits                                   Triton                2048  2048
   0.088   0.016 1182.71 1168.51 0.991    713.14    197.94 99.999 99.999 99.999 13.425 13.264 99.999 99.999 99.999  0.210 99.999 99.999 99.999 99.999  99.999  99.999  99.999  99.999  0.012  0.012  0.011  0.015  0.044  0.060   24   20 99.999 99.999   99  22.089985311 -12.338327993  3 55 30.00 2011  9  4 2455808.66354167    30    I                   Tritao_0061.fits                                   Triton                2048  2048
   0.103   0.019 1182.71 1167.68 1.409    615.85     88.50 99.999 99.999 99.999 13.388 13.122 99.999 99.999 99.999  0.181 99.999 99.999 99.999 99.999  99.999  99.999  99.999  99.999  0.005  0.005  0.013  0.016  0.053  0.065   21   18 99.999 99.999   99  22.089984779 -12.338332259  3 56  4.00 2011  9  4 2455808.66393519    30    I                   Tritao_0062.fits                                   Triton                2048  2048
   0.106   0.021 1182.19 1164.64 1.732    499.57     59.53 99.999 99.999 99.999 13.350 13.213 99.999 99.999 99.999  0.165 99.999 99.999 99.999 99.999  99.999  99.999  99.999  99.999  0.018  0.018  0.013  0.017  0.051  0.064   23   19 99.999 99.999   99  22.089984085 -12.338336426  3 56 37.00 2011  9  4 2455808.66431713    30    I                   Tritao_0063.fits                                   Triton                2048  2048
   0.065   0.021 1182.59 1163.68 1.579    573.59     73.19 99.999 99.999 99.999 13.420 13.202 99.999 99.999 99.999  0.199 99.999 99.999 99.999 99.999  99.999  99.999  99.999  99.999  0.020  0.020  0.013  0.015  0.051  0.062   24   20 99.999 99.999   99  22.089982537 -12.338341122  3 57 10.00 2011  9  4 2455808.66469907    30    I                   Tritao_0064.fits                                   Triton                2048  2048
   0.088   0.013 1183.17 1162.49 1.284    560.14    128.70 99.999 99.999 99.999 13.411 13.147 99.999 99.999 99.999  0.185 99.999 99.999 99.999 99.999  99.999  99.999  99.999  99.999  0.005  0.005  0.016  0.018  0.048  0.052   17   16 99.999 99.999   99  22.089982222 -12.338347983  3 57 43.00 2011  9  4 2455808.66508102    30    I                   Tritao_0065.fits                                   Triton                2048  2048
   0.082   0.016 1183.12 1162.02 1.505    563.09     88.54 99.999 99.999 99.999 13.420 13.122 99.999 99.999 99.999  0.180 99.999 99.999 99.999 99.999  99.999  99.999  99.999  99.999  0.019  0.019  0.010  0.017  0.038  0.066   20   16 99.999 99.999   99  22.089981334 -12.338352006  3 58 16.00 2011  9  4 2455808.66546296    30    I                   Tritao_0066.fits                                   Triton                2048  2048
   0.103   0.006 1183.00 1164.05 1.786    444.98     63.61 99.999 99.999 99.999 13.434 13.270 99.999 99.999 99.999  0.133 99.999 99.999 99.999 99.999  99.999  99.999  99.999  99.999  0.027  0.027  0.014  0.016  0.049  0.057   17   14 99.999 99.999   99  22.089980959 -12.338359663  3 58 50.00 2011  9  4 2455808.66585648    30    I                   Tritao_0067.fits                                   Triton                2048  2048
   0.090  -0.002 1183.59 1167.33 1.751    448.32     74.26 99.999 99.999 99.999 13.418 13.211 99.999 99.999 99.999  0.162 99.999 99.999 99.999 99.999  99.999  99.999  99.999  99.999  0.029  0.029  0.011  0.016  0.045  0.063   24   19 99.999 99.999   99  22.089978433 -12.338376173  4  0 29.00 2011  9  4 2455808.66700231    30    I                   Tritao_0070.fits                                   Triton                2048  2048
   0.089   0.018 1184.38 1165.43 1.339    564.45    119.58 99.999 99.999 99.999 13.399 13.168 99.999 99.999 99.999  0.197 99.999 99.999 99.999 99.999  99.999  99.999  99.999  99.999  0.015  0.015  0.013  0.015  0.048  0.059   26   21 99.999 99.999   99  22.089976862 -12.338380304  4  1 36.00 2011  9  4 2455808.66777778    30    I                   Tritao_0072.fits                                   Triton                2048  2048
   0.114   0.031 1184.64 1164.95 1.498    472.03    103.23 99.999 99.999 99.999 13.406 13.158 99.999 99.999 99.999  0.194 99.999 99.999 99.999 99.999  99.999  99.999  99.999  99.999  0.002  0.002  0.014  0.017  0.046  0.055   25   19 99.999 99.999   99  22.089976541 -12.338381258  4  2  9.00 2011  9  4 2455808.66815972    30    I                   Tritao_0073.fits                                   Triton                2048  2048
   0.101   0.017 1185.17 1166.89 1.456    608.65     86.44 99.999 99.999 99.999 13.361 13.188 99.999 99.999 99.999  0.158 99.999 99.999 99.999 99.999  99.999  99.999  99.999  99.999  0.017  0.017  0.011  0.015  0.040  0.056   23   19 99.999 99.999   99  22.089975548 -12.338390044  4  2 42.00 2011  9  4 2455808.66854167    30    I                   Tritao_0074.fits                                   Triton                2048  2048
   0.105   0.008 1185.34 1172.78 1.714    507.93     68.34 99.999 99.999 99.999 13.375 13.209 99.999 99.999 99.999  0.170 99.999 99.999 99.999 99.999  99.999  99.999  99.999  99.999  0.002  0.002  0.013  0.015  0.054  0.063   24   22 99.999 99.999   99  22.089974103 -12.338402064  4  3 48.00 2011  9  4 2455808.66930556    30    I                   Tritao_0076.fits                                   Triton                2048  2048
   0.085  -0.001 1185.08 1171.05 1.293    576.18    124.10 99.999 99.999 99.999 13.406 13.180 99.999 99.999 99.999  0.192 99.999 99.999 99.999 99.999  99.999  99.999  99.999  99.999  0.022  0.022  0.012  0.015  0.051  0.062   26   22 99.999 99.999   99  22.089972946 -12.338409203  4  4 22.00 2011  9  4 2455808.66969907    30    I                   Tritao_0077.fits                                   Triton                2048  2048
   0.112   0.037 1185.46 1169.58 1.503    475.86     97.65 99.999 99.999 99.999 13.348 13.177 99.999 99.999 99.999  0.171 99.999 99.999 99.999 99.999  99.999  99.999  99.999  99.999  0.021  0.021  0.013  0.019  0.050  0.072   26   20 99.999 99.999   99  22.089972671 -12.338403451  4  4 55.00 2011  9  4 2455808.67008102    30    I                   Tritao_0078.fits                                   Triton                2048  2048
   0.115   0.020 1186.38 1171.04 1.636    541.87     75.10 99.999 99.999 99.999 13.377 13.208 99.999 99.999 99.999  0.170 99.999 99.999 99.999 99.999  99.999  99.999  99.999  99.999  0.026  0.026  0.014  0.017  0.052  0.065   23   18 99.999 99.999   99  22.089970458 -12.338422319  4  6 34.00 2011  9  4 2455808.67122685    30    I                   Tritao_0081.fits                                   Triton                2048  2048
   0.098   0.019 1187.91 1172.94 1.330    646.20    102.76 99.999 99.999 99.999 13.371 13.123 99.999 99.999 99.999  0.208 99.999 99.999 99.999 99.999  99.999  99.999  99.999  99.999  0.011  0.011  0.015  0.015  0.061  0.059   20   17 99.999 99.999   99  22.089967836 -12.338436942  4  8 14.00 2011  9  4 2455808.67238426    30    I                   Tritao_0084.fits                                   Triton                2048  2048
   0.077   0.018 1187.07 1169.97 1.612    565.16     76.28 99.999 99.999 99.999 13.379 13.201 99.999 99.999 99.999  0.184 99.999 99.999 99.999 99.999  99.999  99.999  99.999  99.999  0.021  0.021  0.011  0.015  0.043  0.063   25   20 99.999 99.999   99  22.089966645 -12.338441962  4  8 47.00 2011  9  4 2455808.67276620    30    I                   Tritao_0085.fits                                   Triton                2048  2048
   0.111   0.034 1187.02 1168.15 1.273    635.89    138.09 99.999 99.999 99.999 13.441 13.211 99.999 99.999 99.999  0.189 99.999 99.999 99.999 99.999  99.999  99.999  99.999  99.999  0.017  0.017  0.009  0.017  0.035  0.065   18   15 99.999 99.999   99  22.089966547 -12.338442258  4  9 20.00 2011  9  4 2455808.67314815    30    I                   Tritao_0086.fits                                   Triton                2048  2048
