  -0.263   0.144  508.62  515.57 1.395     36.06      8.07 99.999 99.999 99.999 12.836 12.610 99.999 99.999 99.999  0.174 99.999 99.999 99.999 99.999  99.999  99.999  99.999  99.999  0.042  0.043  0.052  0.068  0.065  0.085    5    5 99.999 99.999   99  20.963867785 -17.194315644  1  0  2.59 2003  7 26 2452846.54169664     1  Clear                 net0001.fits                                       Triton                1004  1024
  -0.461   0.259  508.64  526.57 0.951     24.68     11.54 99.999 99.999 99.999 12.878 12.858 99.999 99.999 99.999  0.224 99.999 99.999 99.999 99.999  99.999  99.999  99.999  99.999  0.010  0.010  0.024  0.024  0.031  0.032    5    4 99.999 99.999   99  20.963854961 -17.194331961  1  6 20.29 2003  7 26 2452846.54606817     1  Clear                 net0008.fits                                       Triton                1004  1024
  -0.141   0.157  504.94  480.98 1.705     38.97      6.42 99.999 99.999 99.999 13.383 13.284 99.999 99.999 99.999  0.171 99.999 99.999 99.999 99.999  99.999  99.999  99.999  99.999  0.024  0.024  0.022  0.016  0.068  0.048   17   11 99.999 99.999   99  20.963558372 -17.195933231  4 35 49.60 2003  7 26 2452846.69154630     1  Clear                 net0047.fits                                       Triton                1004  1024
  -0.123   0.110  504.46  489.08 1.526     36.27      9.28 99.999 99.999 99.999 13.345 13.246 99.999 99.999 99.999  0.304 99.999 99.999 99.999 99.999  99.999  99.999  99.999  99.999  0.037  0.037  0.021  0.022  0.060  0.063   21   14 99.999 99.999   99  20.963553923 -17.195970502  4 39  7.82 2003  7 26 2452846.69384051     1  Clear                 net0049.fits                                       Triton                1004  1024
  -0.159  -0.054  504.74  490.39 1.804     25.91      7.56 99.999 99.999 99.999 13.330 13.225 99.999 99.999 99.999  0.200 99.999 99.999 99.999 99.999  99.999  99.999  99.999  99.999  0.037  0.037  0.016  0.023  0.047  0.069   17   12 99.999 99.999   99  20.963552111 -17.196021725  4 39 53.39 2003  7 26 2452846.69436794     1  Clear                 net0050.fits                                       Triton                1004  1024
  -0.905   0.308  558.29  541.00 2.327     20.05      5.76 99.999 99.999 99.999 13.400 13.333 99.999 99.999 99.999  0.306 99.999 99.999 99.999 99.999  99.999  99.999  99.999  99.999  0.005  0.005  0.033  0.062  0.070  0.133   10    5 99.999 99.999   99  20.963261955 -17.197267631  7 48 20.01 2003  7 26 2452846.82523160     1  Clear                 net0071.fits                                       Triton                1004  1024
  -0.187   0.051  558.81  539.43 1.644     16.81      6.24 99.999 99.999 99.999 13.455 13.364 99.999 99.999 99.999  0.822 99.999 99.999 99.999 99.999  99.999  99.999  99.999  99.999  0.034  0.034  0.000  0.000  0.000  0.000    6    3 99.999 99.999   99  20.963272994 -17.197352871  7 50 17.79 2003  7 26 2452846.82659479     1  Clear                 net0073.fits                                       Triton                1004  1024
   0.087  -0.104  559.47  541.39 2.133     21.51      6.12 99.999 99.999 99.999 13.275 13.404 99.999 99.999 99.999  0.175 99.999 99.999 99.999 99.999  99.999  99.999  99.999  99.999  0.033  0.033  0.034  0.030  0.080  0.070    9    7 99.999 99.999   99  20.963277219 -17.197400796  7 51  2.88 2003  7 26 2452846.82711667     1  Clear                 net0074.fits                                       Triton                1004  1024
  -0.608   0.165  559.06  537.10 1.882     25.88      5.07 99.999 99.999 99.999 13.219 13.065 99.999 99.999 99.999  0.374 99.999 99.999 99.999 99.999  99.999  99.999  99.999  99.999  0.030  0.030  0.094  0.120  0.139  0.178    8    4 99.999 99.999   99  20.963261832 -17.197335215  7 52 20.70 2003  7 26 2452846.82801736     1  Clear                 net0075.fits                                       Triton                1004  1024
   0.236  -0.205  559.04  538.62 2.707     10.31      6.62 99.999 99.999 99.999 13.464 13.263 99.999 99.999 99.999  0.483 99.999 99.999 99.999 99.999  99.999  99.999  99.999  99.999  0.057  0.057  0.030  0.085  0.041  0.117    7    4 99.999 99.999   99  20.963276149 -17.197447828  7 53 44.41 2003  7 26 2452846.82898623     1  Clear                 net0076.fits                                       Triton                1004  1024
   0.067   0.041  558.80  539.12 1.188     45.17     10.14 99.999 99.999 99.999 13.262 12.981 99.999 99.999 99.999  0.272 99.999 99.999 99.999 99.999  99.999  99.999  99.999  99.999  0.000  0.000  0.043  0.039  0.087  0.080   12    8 99.999 99.999   99  20.963271775 -17.197384664  7 54 29.50 2003  7 26 2452846.82950810     1  Clear                 net0077.fits                                       Triton                1004  1024
  -0.169   0.017  554.31  537.31 1.681     27.74      7.48 99.999 99.999 99.999 13.351 13.283 99.999 99.999 99.999  0.211 99.999 99.999 99.999 99.999  99.999  99.999  99.999  99.999  0.033  0.033  0.031  0.019  0.079  0.049   10    9 99.999 99.999   99  20.963265703 -17.197398351  7 55 31.04 2003  7 26 2452846.83022037     1  Clear                 net0078.fits                                       Triton                1004  1024
  -0.484   0.013  554.31  536.20 1.754     24.92      6.97 99.999 99.999 99.999 13.349 13.138 99.999 99.999 99.999  0.311 99.999 99.999 99.999 99.999  99.999  99.999  99.999  99.999  0.040  0.040  0.030  0.049  0.053  0.086    8    6 99.999 99.999   99  20.963258122 -17.197406485  7 56 30.85 2003  7 26 2452846.83091262     1  Clear                 net0079.fits                                       Triton                1004  1024
   0.087  -0.252  554.87  535.40 1.328     29.01      9.30 99.999 99.999 99.999 13.229 13.080 99.999 99.999 99.999  0.332 99.999 99.999 99.999 99.999  99.999  99.999  99.999  99.999  0.027  0.027  0.034  0.050  0.069  0.102    9    7 99.999 99.999   99  20.963268100 -17.197485210  7 57 15.97 2003  7 26 2452846.83143484     1  Clear                 net0080.fits                                       Triton                1004  1024
