  -0.054  -0.086 1043.49 1290.10 1.604    366.85     54.68 99.999 99.999 99.999 13.376 13.170 99.999 99.999 99.999  0.320 99.999 99.999 99.999 99.999  99.999  99.999  99.999  99.999  0.023  0.023  0.018  0.018  0.069  0.069   22   16 99.999 99.999   99  22.253614085 -11.495820834  4 57 16.56 2012  8 24 2456163.70644169     6                        Netuno_04.57.25_0001.fits                          Triton                2048  2048
  -0.009  -0.014 1043.14 1290.05 2.629    221.66     16.86 99.999 99.999 99.999 13.451 13.239 99.999 99.999 99.999  0.300 99.999 99.999 99.999 99.999  99.999  99.999  99.999  99.999  0.037  0.037  0.021  0.016  0.070  0.052   21   14 99.999 99.999   99  22.253614710 -11.495801731  4 57 28.39 2012  8 24 2456163.70657859     6                        Netuno_04.57.37_0002.fits                          Triton                2048  2048
   0.009  -0.062 1043.44 1291.24 2.148    307.76     21.57 99.999 99.999 99.999 13.394 13.180 99.999 99.999 99.999  0.289 99.999 99.999 99.999 99.999  99.999  99.999  99.999  99.999  0.039  0.039  0.015  0.016  0.058  0.062   23   15 99.999 99.999   99  22.253614844 -11.495815702  4 57 40.22 2012  8 24 2456163.70671549     6                        Netuno_04.57.49_0003.fits                          Triton                2048  2048
  -0.059  -0.097 1043.19 1291.55 2.070    371.35     15.35 99.999 99.999 99.999 13.348 13.156 99.999 99.999 99.999  0.325 99.999 99.999 99.999 99.999  99.999  99.999  99.999  99.999  0.023  0.023  0.019  0.019  0.067  0.069   22   16 99.999 99.999   99  22.253613100 -11.495827240  4 58  3.88 2012  8 24 2456163.70698929     6                        Netuno_04.58.12_0005.fits                          Triton                2048  2048
  -0.054   0.033 1043.14 1288.26 2.317    260.40     30.43 99.999 99.999 99.999 13.353 13.175 99.999 99.999 99.999  0.286 99.999 99.999 99.999 99.999  99.999  99.999  99.999  99.999  0.029  0.029  0.011  0.023  0.036  0.076   20   11 99.999 99.999   99  22.253612761 -11.495792609  4 58 27.56 2012  8 24 2456163.70726345     6                        Netuno_04.58.36_0007.fits                          Triton                2048  2048
  -0.157  -0.070 1042.85 1287.56 2.381    234.63     32.92 99.999 99.999 99.999 13.426 13.208 99.999 99.999 99.999  0.299 99.999 99.999 99.999 99.999  99.999  99.999  99.999  99.999  0.032  0.032  0.020  0.015  0.064  0.049   22   12 99.999 99.999   99  22.253610596 -11.495821886  4 58 39.39 2012  8 24 2456163.70740035     6                        Netuno_04.58.48_0008.fits                          Triton                2048  2048
  -0.032  -0.112 1043.51 1286.25 2.377    297.41     18.64 99.999 99.999 99.999 13.389 13.173 99.999 99.999 99.999  0.309 99.999 99.999 99.999 99.999  99.999  99.999  99.999  99.999  0.030  0.030  0.021  0.020  0.080  0.076   21   15 99.999 99.999   99  22.253612722 -11.495834482  4 58 51.22 2012  8 24 2456163.70753725     6                        Netuno_04.59.00_0009.fits                          Triton                2048  2048
   0.017  -0.030 1043.18 1283.70 2.087    255.54     37.57 99.999 99.999 99.999 13.383 13.153 99.999 99.999 99.999  0.312 99.999 99.999 99.999 99.999  99.999  99.999  99.999  99.999  0.038  0.038  0.018  0.021  0.057  0.067   21   12 99.999 99.999   99  22.253613428 -11.495812578  4 59  3.06 2012  8 24 2456163.70767433     6                        Netuno_04.59.12_0010.fits                          Triton                2048  2048
  -0.106  -0.046 1043.34 1285.23 2.888    239.75      6.36 99.999 99.999 99.999 13.431 13.228 99.999 99.999 99.999  0.284 99.999 99.999 99.999 99.999  99.999  99.999  99.999  99.999  0.036  0.036  0.018  0.018  0.068  0.069   22   17 99.999 99.999   99  22.253610884 -11.495817391  4 59 14.91 2012  8 24 2456163.70781141     6                        Netuno_04.59.23_0011.fits                          Triton                2048  2048
  -0.088   0.035 1043.57 1284.26 2.679    243.76     12.52 99.999 99.999 99.999 13.393 13.199 99.999 99.999 99.999  0.281 99.999 99.999 99.999 99.999  99.999  99.999  99.999  99.999  0.027  0.027  0.022  0.018  0.076  0.060   20   14 99.999 99.999   99  22.253610998 -11.495795913  4 59 26.75 2012  8 24 2456163.70794850     6                        Netuno_04.59.35_0012.fits                          Triton                2048  2048
  -0.085  -0.014 1043.63 1283.58 2.708    255.42      5.01 99.999 99.999 99.999 13.420 13.206 99.999 99.999 99.999  0.312 99.999 99.999 99.999 99.999  99.999  99.999  99.999  99.999  0.029  0.030  0.011  0.018  0.038  0.063   22   15 99.999 99.999   99  22.253610866 -11.495810173  4 59 38.64 2012  8 24 2456163.70808611     6                        Netuno_04.59.47_0013.fits                          Triton                2048  2048
  -0.074  -0.050 1044.82 1281.75 1.613    333.03     62.34 99.999 99.999 99.999 13.398 13.204 99.999 99.999 99.999  0.344 99.999 99.999 99.999 99.999  99.999  99.999  99.999  99.999  0.013  0.013  0.020  0.022  0.068  0.075   22   12 99.999 99.999   99  22.253610859 -11.495821058  4 59 50.47 2012  8 24 2456163.70822301     6                        Netuno_04.59.59_0014.fits                          Triton                2048  2048
  -0.039  -0.023 1045.32 1281.79 2.645    257.69      5.70 99.999 99.999 99.999 13.482 13.289 99.999 99.999 99.999  0.293 99.999 99.999 99.999 99.999  99.999  99.999  99.999  99.999  0.035  0.035  0.020  0.015  0.074  0.055   21   15 99.999 99.999   99  22.253611287 -11.495814361  5  0  2.33 2012  8 24 2456163.70836028     6                        Netuno_05.00.11_0015.fits                          Triton                2048  2048
  -0.110  -0.090 1044.29 1280.57 2.360    274.22     15.26 99.999 99.999 99.999 13.420 13.202 99.999 99.999 99.999  0.306 99.999 99.999 99.999 99.999  99.999  99.999  99.999  99.999  0.039  0.039  0.017  0.018  0.063  0.067   20   15 99.999 99.999   99  22.253609728 -11.495833528  5  0 14.16 2012  8 24 2456163.70849718     6                        Netuno_05.00.23_0016.fits                          Triton                2048  2048
  -0.053  -0.013 1042.73 1279.63 3.012    212.12      1.57 99.999 99.999 99.999 13.395 13.168 99.999 99.999 99.999  0.308 99.999 99.999 99.999 99.999  99.999  99.999  99.999  99.999  0.040  0.040  0.014  0.024  0.045  0.079   19   13 99.999 99.999   99  22.253610591 -11.495812953  5  0 26.00 2012  8 24 2456163.70863426     6                        Netuno_05.00.34_0017.fits                          Triton                2048  2048
  -0.087  -0.005 1045.35 1279.90 2.840    214.09     10.61 99.999 99.999 99.999 13.458 13.208 99.999 99.999 99.999  0.241 99.999 99.999 99.999 99.999  99.999  99.999  99.999  99.999  0.030  0.030  0.011  0.022  0.039  0.077   20   13 99.999 99.999   99  22.253609487 -11.495812608  5  0 49.73 2012  8 24 2456163.70890896     6                        Netuno_05.00.58_0019.fits                          Triton                2048  2048
  -0.074  -0.039 1043.96 1281.46 3.008    204.67      8.97 99.999 99.999 99.999 13.420 13.193 99.999 99.999 99.999  0.254 99.999 99.999 99.999 99.999  99.999  99.999  99.999  99.999  0.033  0.033  0.014  0.015  0.052  0.053   20   14 99.999 99.999   99  22.253609511 -11.495822863  5  1  1.61 2012  8 24 2456163.70904640     6                        Netuno_05.01.10_0020.fits                          Triton                2048  2048
  -0.125  -0.089 1043.59 1282.42 2.439    295.92     11.28 99.999 99.999 99.999 13.419 13.206 99.999 99.999 99.999  0.317 99.999 99.999 99.999 99.999  99.999  99.999  99.999  99.999  0.029  0.029  0.019  0.022  0.071  0.081   21   16 99.999 99.999   99  22.253608330 -11.495837407  5  1 13.39 2012  8 24 2456163.70918275     6                        Netuno_05.01.22_0021.fits                          Triton                2048  2048
  -0.044  -0.118 1043.73 1283.73 3.149    190.43     10.27 99.999 99.999 99.999 13.441 13.223 99.999 99.999 99.999  0.293 99.999 99.999 99.999 99.999  99.999  99.999  99.999  99.999  0.038  0.038  0.020  0.016  0.064  0.052   19   14 99.999 99.999   99  22.253609650 -11.495846066  5  1 25.17 2012  8 24 2456163.70931911     6                        Netuno_05.01.34_0022.fits                          Triton                2048  2048
  -0.036  -0.118 1043.47 1284.76 2.470    261.38     19.41 99.999 99.999 99.999 13.418 13.221 99.999 99.999 99.999  0.310 99.999 99.999 99.999 99.999  99.999  99.999  99.999  99.999  0.036  0.036  0.013  0.015  0.046  0.052   23   13 99.999 99.999   99  22.253609567 -11.495847021  5  1 36.95 2012  8 24 2456163.70945547     6                        Netuno_05.01.45_0023.fits                          Triton                2048  2048
  -0.135  -0.038 1043.94 1285.72 2.752    245.70     11.80 99.999 99.999 99.999 13.433 13.223 99.999 99.999 99.999  0.311 99.999 99.999 99.999 99.999  99.999  99.999  99.999  99.999  0.032  0.032  0.021  0.016  0.077  0.060   20   15 99.999 99.999   99  22.253607511 -11.495825631  5  1 48.73 2012  8 24 2456163.70959183     6                        Netuno_05.01.57_0024.fits                          Triton                2048  2048
   0.013  -0.058 1044.04 1284.90 2.723    252.51     12.36 99.999 99.999 99.999 13.443 13.228 99.999 99.999 99.999  0.277 99.999 99.999 99.999 99.999  99.999  99.999  99.999  99.999  0.028  0.028  0.018  0.022  0.066  0.080   21   16 99.999 99.999   99  22.253610075 -11.495831844  5  2  0.56 2012  8 24 2456163.70972873     6                        Netuno_05.02.09_0025.fits                          Triton                2048  2048
  -0.091   0.009 1044.63 1282.38 3.002    195.91     18.33 99.999 99.999 99.999 13.410 13.208 99.999 99.999 99.999  0.288 99.999 99.999 99.999 99.999  99.999  99.999  99.999  99.999  0.047  0.047  0.024  0.018  0.080  0.060   21   13 99.999 99.999   99  22.253607897 -11.495813982  5  2 12.36 2012  8 24 2456163.70986527     6                        Netuno_05.02.21_0026.fits                          Triton                2048  2048
  -0.057  -0.119 1044.54 1283.01 3.125    214.21      7.35 99.999 99.999 99.999 13.348 13.110 99.999 99.999 99.999  0.300 99.999 99.999 99.999 99.999  99.999  99.999  99.999  99.999  0.027  0.027  0.019  0.013  0.063  0.043   18   12 99.999 99.999   99  22.253608311 -11.495850409  5  2 24.14 2012  8 24 2456163.71000162     6                        Netuno_05.02.33_0027.fits                          Triton                2048  2048
   0.020  -0.055 1043.38 1280.85 3.085    174.14     18.37 99.999 99.999 99.999 13.427 13.245 99.999 99.999 99.999  0.326 99.999 99.999 99.999 99.999  99.999  99.999  99.999  99.999  0.042  0.042  0.018  0.013  0.062  0.043   14   13 99.999 99.999   99  22.253609547 -11.495833325  5  2 35.92 2012  8 24 2456163.71013797     6                        Netuno_05.02.44_0028.fits                          Triton                2048  2048
  -0.137   0.030 1044.43 1281.44 2.477    294.34      7.87 99.999 99.999 99.999 13.416 13.193 99.999 99.999 99.999  0.306 99.999 99.999 99.999 99.999  99.999  99.999  99.999  99.999  0.018  0.018  0.018  0.022  0.062  0.075   22   14 99.999 99.999   99  22.253606353 -11.495810691  5  2 47.73 2012  8 24 2456163.71027470     6                        Netuno_05.02.56_0029.fits                          Triton                2048  2048
  -0.089   0.017 1044.88 1279.89 2.663    249.87      9.08 99.999 99.999 99.999 13.422 13.231 99.999 99.999 99.999  0.302 99.999 99.999 99.999 99.999  99.999  99.999  99.999  99.999  0.030  0.030  0.015  0.015  0.057  0.054   21   15 99.999 99.999   99  22.253607034 -11.495815078  5  2 59.59 2012  8 24 2456163.71041196     6                        Netuno_05.03.08_0030.fits                          Triton                2048  2048
