  -0.146   0.079  904.41 1024.17 1.584    358.28     23.09 99.999 99.999 99.999 13.496 13.553 99.999 99.999 99.999  0.110 99.999 99.999 99.999 99.999  99.999  99.999  99.999  99.999  0.013  0.013  0.020  0.016  0.074  0.060   24   16 99.999 99.999   99  21.334391960 -15.788400797  5  6 44.34 2006  9 12 2453990.71301319     2  Clear                 netuno0007.fits                                    Triton                2045  2050
   0.188   0.050  906.52 1023.73 1.940    263.07     15.36 99.999 99.999 99.999 13.572 13.566 99.999 99.999 99.999  0.088 99.999 99.999 99.999 99.999  99.999  99.999  99.999  99.999  0.015  0.015  0.023  0.018  0.077  0.060   22   13 99.999 99.999   99  21.334397459 -15.788415238  5  7 55.02 2006  9 12 2453990.71383125     2  Clear                 netuno0009.fits                                    Triton                2045  2050
  -0.156   0.013  914.90 1023.09 1.645    305.54     28.60 99.999 99.999 99.999 13.585 13.623 99.999 99.999 99.999  0.117 99.999 99.999 99.999 99.999  99.999  99.999  99.999  99.999  0.014  0.014  0.018  0.015  0.065  0.055   25   14 99.999 99.999   99  21.334387947 -15.788444211  5 11 26.93 2006  9 12 2453990.71628391     2  Clear                 netuno0015.fits                                    Triton                2045  2050
   0.040   0.164  918.27 1023.49 1.608    315.22     29.47 99.999 99.999 99.999 13.449 13.506 99.999 99.999 99.999  0.111 99.999 99.999 99.999 99.999  99.999  99.999  99.999  99.999  0.012  0.012  0.018  0.017  0.070  0.066   25   16 99.999 99.999   99  21.334390735 -15.788408429  5 12 37.77 2006  9 12 2453990.71710382     2  Clear                 netuno0017.fits                                    Triton                2045  2050
   0.184   0.041  921.71 1023.37 1.510    379.32     27.87 99.999 99.999 99.999 13.501 13.501 99.999 99.999 99.999  0.133 99.999 99.999 99.999 99.999  99.999  99.999  99.999  99.999  0.013  0.013  0.017  0.018  0.062  0.065   26   15 99.999 99.999   99  21.334393044 -15.788445640  5 13 13.23 2006  9 12 2453990.71751424     2  Clear                 netuno0018.fits                                    Triton                2045  2050
   0.404  -0.116  921.49 1022.82 1.676    306.53     23.33 99.999 99.999 99.999 13.578 13.513 99.999 99.999 99.999  0.096 99.999 99.999 99.999 99.999  99.999  99.999  99.999  99.999  0.010  0.009  0.017  0.015  0.061  0.055   21   13 99.999 99.999   99  21.334396812 -15.788492186  5 13 47.87 2006  9 12 2453990.71791516     2  Clear                 netuno0019.fits                                    Triton                2045  2050
   0.169  -0.034  921.02 1022.76 1.676    303.67     25.64 99.999 99.999 99.999 13.471 13.519 99.999 99.999 99.999  0.085 99.999 99.999 99.999 99.999  99.999  99.999  99.999  99.999  0.012  0.012  0.019  0.014  0.071  0.053   21   14 99.999 99.999   99  21.334390816 -15.788478815  5 15 35.07 2006  9 12 2453990.71915590     2  Clear                 netuno0022.fits                                    Triton                2045  2050
  -0.017   0.215  929.83 1021.77 1.494    368.15     30.77 99.999 99.999 99.999 13.409 13.502 99.999 99.999 99.999  0.185 99.999 99.999 99.999 99.999  99.999  99.999  99.999  99.999  0.011  0.011  0.016  0.015  0.061  0.057   25   15 99.999 99.999   99  21.334385784 -15.788419036  5 17 21.37 2006  9 12 2453990.72038623     2  Clear                 netuno0025.fits                                    Triton                2045  2050
  -0.252  -0.047  930.37 1022.63 1.334    388.11     48.02 99.999 99.999 99.999 13.402 13.428 99.999 99.999 99.999  0.109 99.999 99.999 99.999 99.999  99.999  99.999  99.999  99.999  0.019  0.019  0.017  0.019  0.044  0.050   21   12 99.999 99.999   99  21.334380254 -15.788498461  5 18 35.08 2006  9 12 2453990.72123935     2  Clear                 netuno0027.fits                                    Triton                2045  2050
   0.212  -0.088  929.08 1023.68 1.785    287.91     18.64 99.999 99.999 99.999 13.539 13.511 99.999 99.999 99.999  0.109 99.999 99.999 99.999 99.999  99.999  99.999  99.999  99.999  0.011  0.011  0.021  0.022  0.072  0.076   21   14 99.999 99.999   99  21.334388693 -15.788513042  5 19 10.43 2006  9 12 2453990.72164850     2  Clear                 netuno0028.fits                                    Triton                2045  2050
   0.225  -0.024  938.06 1023.18 1.660    303.27     24.34 99.999 99.999 99.999 13.548 13.594 99.999 99.999 99.999  0.113 99.999 99.999 99.999 99.999  99.999  99.999  99.999  99.999  0.012  0.012  0.017  0.017  0.065  0.065   27   16 99.999 99.999   99  21.334387493 -15.788504487  5 20 57.44 2006  9 12 2453990.72288704     2  Clear                 netuno0031.fits                                    Triton                2045  2050
   0.551  -0.124  938.86 1023.51 1.531    346.86     29.89 99.999 99.999 99.999 13.532 13.513 99.999 99.999 99.999  0.095 99.999 99.999 99.999 99.999  99.999  99.999  99.999  99.999  0.015  0.015  0.022  0.018  0.076  0.061   20   14 99.999 99.999   99  21.334393277 -15.788535690  5 21 33.64 2006  9 12 2453990.72330602     2  Clear                 netuno0032.fits                                    Triton                2045  2050
