   0.032  -0.044 1071.64 1145.91 2.203    524.47     49.78 99.999 99.999 99.999 13.376 13.440 99.999 99.999 99.999  0.128 99.999 99.999 99.999 99.999  99.999  99.999  99.999  99.999  0.006  0.006  0.015  0.013  0.061  0.054   24   18 99.999 99.999   99  22.462520680 -10.358828545  6  6 54.39 2013  7 13 2456486.75479623    15    I                   Netuno_0002.fits                                   Triton                2048  2048
   0.085   0.022 1072.32 1145.53 2.401    453.63     46.56 99.999 99.999 99.999 13.416 13.456 99.999 99.999 99.999  0.133 99.999 99.999 99.999 99.999  99.999  99.999  99.999  99.999  0.008  0.008  0.016  0.015  0.064  0.058   24   19 99.999 99.999   99  22.462521436 -10.358810949  6  7 14.61 2013  7 13 2456486.75503024    15    I                   Netuno_0003.fits                                   Triton                2048  2048
   0.089   0.102 1074.51 1150.88 2.491    479.90     40.70 99.999 99.999 99.999 13.492 13.565 99.999 99.999 99.999  0.130 99.999 99.999 99.999 99.999  99.999  99.999  99.999  99.999  0.010  0.010  0.017  0.015  0.076  0.065   24   20 99.999 99.999   99  22.462520815 -10.358790403  6  8 15.27 2013  7 13 2456486.75573228    15    I                   Netuno_0006.fits                                   Triton                2048  2048
  -0.044  -0.068 1073.95 1153.52 2.218    586.58     38.49 99.999 99.999 99.999 13.472 13.490 99.999 99.999 99.999  0.140 99.999 99.999 99.999 99.999  99.999  99.999  99.999  99.999  0.009  0.009  0.014  0.016  0.054  0.062   24   16 99.999 99.999   99  22.462517818 -10.358838516  6  8 55.69 2013  7 13 2456486.75620014    15    I                   Netuno_0008.fits                                   Triton                2048  2048
   0.020  -0.059 1073.92 1153.18 2.110    619.24     44.44 99.999 99.999 99.999 13.328 13.361 99.999 99.999 99.999  0.158 99.999 99.999 99.999 99.999  99.999  99.999  99.999  99.999  0.010  0.010  0.018  0.017  0.069  0.065   24   16 99.999 99.999   99  22.462518788 -10.358837055  6  9 15.91 2013  7 13 2456486.75643414    15    I                   Netuno_0009.fits                                   Triton                2048  2048
  -0.068  -0.023 1073.97 1151.64 1.740    871.18     58.73 99.999 99.999 99.999 13.511 13.471 99.999 99.999 99.999  0.164 99.999 99.999 99.999 99.999  99.999  99.999  99.999  99.999  0.006  0.006  0.016  0.014  0.062  0.054   25   17 99.999 99.999   99  22.462516420 -10.358828495  6 10 16.57 2013  7 13 2456486.75713619    15    I                   Netuno_0012.fits                                   Triton                2048  2048
   0.067   0.056 1077.82 1160.66 2.319    563.26     26.11 99.999 99.999 99.999 13.491 13.482 99.999 99.999 99.999  0.134 99.999 99.999 99.999 99.999  99.999  99.999  99.999  99.999  0.019  0.019  0.013  0.016  0.052  0.066   24   18 99.999 99.999   99  22.462513905 -10.358819272  6 17 21.09 2013  7 13 2456486.76204961    15    I                   Netuno_0033.fits                                   Triton                2048  2048
   0.028   0.092 1078.56 1159.64 1.735    815.96     72.52 99.999 99.999 99.999 13.464 13.450 99.999 99.999 99.999  0.168 99.999 99.999 99.999 99.999  99.999  99.999  99.999  99.999  0.008  0.008  0.013  0.016  0.052  0.067   25   19 99.999 99.999   99  22.462512916 -10.358809672  6 17 41.31 2013  7 13 2456486.76228362    15    I                   Netuno_0034.fits                                   Triton                2048  2048
   0.076   0.100 1078.65 1158.72 2.009    545.40     41.35 99.999 99.999 99.999 13.493 13.496 99.999 99.999 99.999  0.167 99.999 99.999 99.999 99.999  99.999  99.999  99.999  99.999  0.009  0.009  0.011  0.015  0.043  0.059   25   17 99.999 99.999   99  22.462513341 -10.358808899  6 18 21.74 2013  7 13 2456486.76275166    15    I                   Netuno_0036.fits                                   Triton                2048  2048
  -0.057  -0.012 1078.71 1156.30 1.660    803.85     65.44 99.999 99.999 99.999 13.459 13.430 99.999 99.999 99.999  0.141 99.999 99.999 99.999 99.999  99.999  99.999  99.999  99.999  0.009  0.009  0.014  0.015  0.057  0.060   24   19 99.999 99.999   99  22.462509641 -10.358842649  6 20  2.87 2013  7 13 2456486.76392208    15    I                   Netuno_0041.fits                                   Triton                2048  2048
