   0.023   0.075 1002.52 1098.55 2.277   1511.31    167.51 99.999 99.999 99.999 13.569 13.267 99.999 99.999 99.999  0.388 99.999 99.999 99.999 99.999  99.999  99.999  99.999  99.999  0.021  0.021  0.012  0.016  0.050  0.064   27   18 99.999 99.999   99  22.055920206 -12.519344716  1 18 14.00 2011  9 26 2455830.55432870    50    I                   Netuno_0001.fits                                   Triton                2048  2048
   0.038   0.070 1007.70 1099.07 2.192   1426.47    205.60 99.999 99.999 99.999 13.532 13.280 99.999 99.999 99.999  0.336 99.999 99.999 99.999 99.999  99.999  99.999  99.999  99.999  0.007  0.007  0.014  0.013  0.054  0.052   23   18 99.999 99.999   99  22.055919744 -12.519352051  1 19  7.00 2011  9 26 2455830.55494213    50    I                   Netuno_0002.fits                                   Triton                2048  2048
   0.031   0.049 1005.02 1100.10 2.439   1417.06    152.05 99.999 99.999 99.999 13.567 13.281 99.999 99.999 99.999  0.395 99.999 99.999 99.999 99.999  99.999  99.999  99.999  99.999  0.018  0.018  0.010  0.011  0.044  0.049   26   19 99.999 99.999   99  22.055918864 -12.519363871  1 19 60.00 2011  9 26 2455830.55555556    50    I                   Netuno_0003.fits                                   Triton                2048  2048
   0.034   0.051 1003.08 1099.11 1.808   1927.89    297.78 99.999 99.999 99.999 13.554 13.198 99.999 99.999 99.999  0.397 99.999 99.999 99.999 99.999  99.999  99.999  99.999  99.999  0.011  0.011  0.012  0.014  0.050  0.058   26   19 99.999 99.999   99  22.055918138 -12.519369697  1 20 54.00 2011  9 26 2455830.55618056    50    I                   Netuno_0004.fits                                   Triton                2048  2048
   0.029   0.048 1000.47 1099.56 1.978   1692.83    248.99 99.999 99.999 99.999 13.525 13.241 99.999 99.999 99.999  0.331 99.999 99.999 99.999 99.999  99.999  99.999  99.999  99.999  0.006  0.006  0.010  0.013  0.043  0.055   25   18 99.999 99.999   99  22.055917294 -12.519376751  1 21 47.00 2011  9 26 2455830.55679398    50    I                   Netuno_0005.fits                                   Triton                2048  2048
   0.030   0.049 1003.22 1100.28 2.223   1685.25    156.68 99.999 99.999 99.999 13.570 13.256 99.999 99.999 99.999  0.390 99.999 99.999 99.999 99.999  99.999  99.999  99.999  99.999  0.012  0.012  0.011  0.014  0.046  0.058   26   19 99.999 99.999   99  22.055916560 -12.519382217  1 22 40.00 2011  9 26 2455830.55740741    50    I                   Netuno_0006.fits                                   Triton                2048  2048
   0.034   0.049 1003.83 1099.31 1.870   2139.47    226.90 99.999 99.999 99.999 13.541 13.197 99.999 99.999 99.999  0.409 99.999 99.999 99.999 99.999  99.999  99.999  99.999  99.999  0.008  0.008  0.012  0.015  0.045  0.053   21   16 99.999 99.999   99  22.055915902 -12.519388376  1 23 33.00 2011  9 26 2455830.55802083    50    I                   Netuno_0007.fits                                   Triton                2048  2048
   0.043   0.061 1000.88 1100.56 1.739   2299.29    274.32 99.999 99.999 99.999 13.547 13.214 99.999 99.999 99.999  0.398 99.999 99.999 99.999 99.999  99.999  99.999  99.999  99.999  0.007  0.007  0.010  0.014  0.044  0.062   26   19 99.999 99.999   99  22.055915285 -12.519391449  1 24 27.00 2011  9 26 2455830.55864583    50    I                   Netuno_0008.fits                                   Triton                2048  2048
   0.040   0.049  998.67 1100.03 1.625   2343.06    352.65 99.999 99.999 99.999 13.516 13.149 99.999 99.999 99.999  0.330 99.999 99.999 99.999 99.999  99.999  99.999  99.999  99.999  0.011  0.011  0.013  0.013  0.055  0.054   25   19 99.999 99.999   99  22.055914480 -12.519400786  1 25 20.00 2011  9 26 2455830.55925926    50    I                   Netuno_0009.fits                                   Triton                2048  2048
   0.046   0.043  998.51 1100.92 2.140   1765.47    177.21 99.999 99.999 99.999 13.555 13.252 99.999 99.999 99.999  0.322 99.999 99.999 99.999 99.999  99.999  99.999  99.999  99.999  0.014  0.014  0.011  0.012  0.047  0.053   25   19 99.999 99.999   99  22.055913816 -12.519408541  1 26 13.00 2011  9 26 2455830.55987269    50    I                   Netuno_0010.fits                                   Triton                2048  2048
   0.028   0.039 1002.03 1100.92 1.664   2458.84    306.49 99.999 99.999 99.999 13.536 13.232 99.999 99.999 99.999  0.331 99.999 99.999 99.999 99.999  99.999  99.999  99.999  99.999  0.008  0.008  0.012  0.011  0.050  0.047   25   19 99.999 99.999   99  22.055912720 -12.519415933  1 27  7.00 2011  9 26 2455830.56049769    50    I                   Netuno_0011.fits                                   Triton                2048  2048
   0.029   0.069 1000.26 1101.21 1.439   3297.15    378.42 99.999 99.999 99.999 13.499 13.116 99.999 99.999 99.999  0.345 99.999 99.999 99.999 99.999  99.999  99.999  99.999  99.999  0.012  0.012  0.012  0.011  0.048  0.046   23   18 99.999 99.999   99  22.055911992 -12.519413593  1 27 60.00 2011  9 26 2455830.56111111    50    I                   Netuno_0012.fits                                   Triton                2048  2048
   0.051   0.008  997.96 1102.51 1.644   2567.30    284.44 99.999 99.999 99.999 13.432 13.231 99.999 99.999 99.999  0.158 99.999 99.999 99.999 99.999  99.999  99.999  99.999  99.999  0.007  0.007  0.048  0.046  0.059  0.056   13   10 99.999 99.999   99  22.055910886 -12.519442884  1 29 47.00 2011  9 26 2455830.56234954    50    I                   Netuno_0014.fits                                   Triton                2048  2048
   0.029   0.046 1001.32 1102.43 2.003   1812.04    220.59 99.999 99.999 99.999 13.574 13.228 99.999 99.999 99.999  0.389 99.999 99.999 99.999 99.999  99.999  99.999  99.999  99.999  0.013  0.013  0.012  0.013  0.051  0.053   26   19 99.999 99.999   99  22.055909693 -12.519438252  1 30 40.00 2011  9 26 2455830.56296296    50    I                   Netuno_0015.fits                                   Triton                2048  2048
   0.031   0.049 1002.85 1103.13 1.641   2474.66    313.43 99.999 99.999 99.999 13.481 13.120 99.999 99.999 99.999  0.334 99.999 99.999 99.999 99.999  99.999  99.999  99.999  99.999  0.011  0.011  0.011  0.013  0.047  0.055   25   19 99.999 99.999   99  22.055908978 -12.519443619  1 31 33.00 2011  9 26 2455830.56357639    50    I                   Netuno_0016.fits                                   Triton                2048  2048
   0.031   0.059 1000.43 1103.84 1.428   3293.68    394.21 99.999 99.999 99.999 13.529 13.166 99.999 99.999 99.999  0.336 99.999 99.999 99.999 99.999  99.999  99.999  99.999  99.999  0.006  0.006  0.011  0.012  0.046  0.051   24   19 99.999 99.999   99  22.055908230 -12.519446936  1 32 26.00 2011  9 26 2455830.56418981    50    I                   Netuno_0017.fits                                   Triton                2048  2048
   0.051   0.043 1000.76 1103.91 1.632   2555.53    317.19 99.999 99.999 99.999 13.568 13.157 99.999 99.999 99.999  0.386 99.999 99.999 99.999 99.999  99.999  99.999  99.999  99.999  0.005  0.005  0.012  0.012  0.050  0.050   26   19 99.999 99.999   99  22.055907830 -12.519457617  1 33 20.00 2011  9 26 2455830.56481481    50    I                   Netuno_0018.fits                                   Triton                2048  2048
   0.047   0.026 1003.06 1104.26 2.223   1442.49    212.15 99.999 99.999 99.999 13.564 13.231 99.999 99.999 99.999  0.388 99.999 99.999 99.999 99.999  99.999  99.999  99.999  99.999  0.014  0.014  0.013  0.013  0.056  0.054   26   20 99.999 99.999   99  22.055907008 -12.519468207  1 34 13.00 2011  9 26 2455830.56542824    50    I                   Netuno_0019.fits                                   Triton                2048  2048
   0.041   0.048 1008.62 1105.00 2.063   1745.11    208.30 99.999 99.999 99.999 13.519 13.220 99.999 99.999 99.999  0.333 99.999 99.999 99.999 99.999  99.999  99.999  99.999  99.999  0.005  0.005  0.011  0.012  0.047  0.052   25   20 99.999 99.999   99  22.055906134 -12.519468277  1 35  6.00 2011  9 26 2455830.56604167    50    I                   Netuno_0020.fits                                   Triton                2048  2048
   0.039   0.049 1006.03 1104.84 2.037   1778.15    209.00 99.999 99.999 99.999 13.464 13.271 99.999 99.999 99.999  0.269 99.999 99.999 99.999 99.999  99.999  99.999  99.999  99.999  0.006  0.006  0.021  0.018  0.042  0.037   13   11 99.999 99.999   99  22.055905330 -12.519474571  1 36  0.00 2011  9 26 2455830.56666667    50    I                   Netuno_0021.fits                                   Triton                2048  2048
   0.045   0.050 1005.11 1105.27 1.837   2094.56    256.24 99.999 99.999 99.999 13.520 13.209 99.999 99.999 99.999  0.330 99.999 99.999 99.999 99.999  99.999  99.999  99.999  99.999  0.005  0.005  0.012  0.013  0.052  0.058   25   20 99.999 99.999   99  22.055904692 -12.519480341  1 36 53.00 2011  9 26 2455830.56728009    50    I                   Netuno_0022.fits                                   Triton                2048  2048
   0.032   0.065 1005.85 1105.18 1.682   2326.58    307.31 99.999 99.999 99.999 13.491 13.181 99.999 99.999 99.999  0.326 99.999 99.999 99.999 99.999  99.999  99.999  99.999  99.999  0.004  0.004  0.010  0.014  0.041  0.061   25   19 99.999 99.999   99  22.055903684 -12.519482220  1 37 46.00 2011  9 26 2455830.56789352    50    I                   Netuno_0023.fits                                   Triton                2048  2048
   0.060   0.062 1010.01 1106.34 2.129   1694.80    194.40 99.999 99.999 99.999 13.526 13.288 99.999 99.999 99.999  0.330 99.999 99.999 99.999 99.999  99.999  99.999  99.999  99.999  0.021  0.021  0.013  0.011  0.049  0.041   24   17 99.999 99.999   99  22.055903442 -12.519489059  1 38 40.00 2011  9 26 2455830.56851852    50    I                   Netuno_0024.fits                                   Triton                2048  2048
   0.023   0.048 1005.77 1106.91 1.953   1919.31    227.25 99.999 99.999 99.999 13.484 13.187 99.999 99.999 99.999  0.346 99.999 99.999 99.999 99.999  99.999  99.999  99.999  99.999  0.006  0.006  0.012  0.012  0.050  0.052   24   19 99.999 99.999   99  22.055901209 -12.519505173  1 40 26.00 2011  9 26 2455830.56974537    50    I                   Netuno_0026.fits                                   Triton                2048  2048
   0.050   0.028 1002.88 1107.41 2.754    961.33    162.57 99.999 99.999 99.999 13.520 13.216 99.999 99.999 99.999  0.329 99.999 99.999 99.999 99.999  99.999  99.999  99.999  99.999  0.007  0.007  0.010  0.011  0.044  0.046   24   19 99.999 99.999   99  22.055900973 -12.519517020  1 41 19.00 2011  9 26 2455830.57035880    50    I                   Netuno_0027.fits                                   Triton                2048  2048
   0.044   0.038 1001.92 1107.20 1.938   2006.36    224.06 99.999 99.999 99.999 13.510 13.188 99.999 99.999 99.999  0.331 99.999 99.999 99.999 99.999  99.999  99.999  99.999  99.999  0.013  0.013  0.012  0.013  0.054  0.058   25   20 99.999 99.999   99  22.055900082 -12.519520410  1 42 13.00 2011  9 26 2455830.57098380    50    I                   Netuno_0028.fits                                   Triton                2048  2048
   0.036   0.041 1005.50 1108.17 1.736   2369.39    275.12 99.999 99.999 99.999 13.494 13.133 99.999 99.999 99.999  0.334 99.999 99.999 99.999 99.999  99.999  99.999  99.999  99.999  0.008  0.008  0.012  0.012  0.053  0.052   24   19 99.999 99.999   99  22.055899177 -12.519525492  1 43  6.00 2011  9 26 2455830.57159722    50    I                   Netuno_0029.fits                                   Triton                2048  2048
   0.038   0.048 1001.41 1107.68 2.100   1547.42    217.36 99.999 99.999 99.999 13.493 13.238 99.999 99.999 99.999  0.333 99.999 99.999 99.999 99.999  99.999  99.999  99.999  99.999  0.007  0.007  0.012  0.013  0.048  0.052   25   18 99.999 99.999   99  22.055898480 -12.519529677  1 43 59.00 2011  9 26 2455830.57221065    50    I                   Netuno_0030.fits                                   Triton                2048  2048
   0.035   0.031  999.86 1108.26 2.072   1328.88    246.64 99.999 99.999 99.999 13.521 13.243 99.999 99.999 99.999  0.328 99.999 99.999 99.999 99.999  99.999  99.999  99.999  99.999  0.008  0.008  0.013  0.014  0.056  0.062   25   20 99.999 99.999   99  22.055897640 -12.519540720  1 44 53.00 2011  9 26 2455830.57283565    50    I                   Netuno_0031.fits                                   Triton                2048  2048
   0.027   0.052  997.41 1108.82 1.986   1639.97    244.91 99.999 99.999 99.999 13.528 13.246 99.999 99.999 99.999  0.323 99.999 99.999 99.999 99.999  99.999  99.999  99.999  99.999  0.004  0.004  0.011  0.015  0.046  0.063   25   20 99.999 99.999   99  22.055896732 -12.519541048  1 45 46.00 2011  9 26 2455830.57344907    50    I                   Netuno_0032.fits                                   Triton                2048  2048
   0.040   0.055 1001.17 1111.15 2.217   1540.95    194.20 99.999 99.999 99.999 13.545 13.243 99.999 99.999 99.999  0.317 99.999 99.999 99.999 99.999  99.999  99.999  99.999  99.999  0.016  0.016  0.010  0.013  0.041  0.055   25   18 99.999 99.999   99  22.055896201 -12.519546312  1 46 39.00 2011  9 26 2455830.57406250    50    I                   Netuno_0033.fits                                   Triton                2048  2048
   0.043   0.067 1003.57 1110.87 1.253   4069.70    540.19 99.999 99.999 99.999 13.526 13.142 99.999 99.999 99.999  0.331 99.999 99.999 99.999 99.999  99.999  99.999  99.999  99.999  0.009  0.009  0.012  0.014  0.052  0.060   25   20 99.999 99.999   99  22.055892463 -12.519573765  1 51  6.00 2011  9 26 2455830.57715278    50    I                   Netuno_0038.fits                                   Triton                2048  2048
   0.044   0.064 1001.80 1110.64 1.347   4108.57    364.96 99.999 99.999 99.999 13.552 13.200 99.999 99.999 99.999  0.350 99.999 99.999 99.999 99.999  99.999  99.999  99.999  99.999  0.007  0.007  0.011  0.013  0.046  0.054   22   18 99.999 99.999   99  22.055891724 -12.519580927  1 51 59.00 2011  9 26 2455830.57776620    50    I                   Netuno_0039.fits                                   Triton                2048  2048
   0.051   0.063 1001.95 1111.31 1.472   3175.07    363.60 99.999 99.999 99.999 13.548 13.165 99.999 99.999 99.999  0.338 99.999 99.999 99.999 99.999  99.999  99.999  99.999  99.999  0.009  0.009  0.010  0.012  0.040  0.050   24   18 99.999 99.999   99  22.055890325 -12.519593412  1 53 46.00 2011  9 26 2455830.57900463    50    I                   Netuno_0041.fits                                   Triton                2048  2048
   0.052   0.038 1007.29 1112.03 2.149   1806.96    172.42 99.999 99.999 99.999 13.561 13.238 99.999 99.999 99.999  0.335 99.999 99.999 99.999 99.999  99.999  99.999  99.999  99.999  0.024  0.024  0.013  0.014  0.056  0.059   24   19 99.999 99.999   99  22.055889571 -12.519606766  1 54 39.00 2011  9 26 2455830.57961806    50    I                   Netuno_0042.fits                                   Triton                2048  2048
   0.039   0.069 1008.20 1113.14 1.601   2806.91    310.85 99.999 99.999 99.999 13.514 13.146 99.999 99.999 99.999  0.342 99.999 99.999 99.999 99.999  99.999  99.999  99.999  99.999  0.010  0.010  0.010  0.013  0.043  0.053   23   18 99.999 99.999   99  22.055888568 -12.519604130  1 55 32.00 2011  9 26 2455830.58023148    50    I                   Netuno_0043.fits                                   Triton                2048  2048
   0.043   0.038 1006.12 1113.23 1.634   2454.06    342.72 99.999 99.999 99.999 13.563 13.208 99.999 99.999 99.999  0.396 99.999 99.999 99.999 99.999  99.999  99.999  99.999  99.999  0.008  0.008  0.011  0.013  0.049  0.057   26   20 99.999 99.999   99  22.055887878 -12.519618926  1 56 26.00 2011  9 26 2455830.58085648    50    I                   Netuno_0044.fits                                   Triton                2048  2048
   0.043   0.062 1006.62 1114.02 1.827   2165.11    264.19 99.999 99.999 99.999 13.577 13.210 99.999 99.999 99.999  0.387 99.999 99.999 99.999 99.999  99.999  99.999  99.999  99.999  0.007  0.007  0.013  0.013  0.056  0.054   26   19 99.999 99.999   99  22.055887129 -12.519618397  1 57 19.00 2011  9 26 2455830.58146991    50    I                   Netuno_0045.fits                                   Triton                2048  2048
   0.030   0.053 1012.79 1113.85 1.495   2668.84    405.63 99.999 99.999 99.999 13.427 13.223 99.999 99.999 99.999  0.158 99.999 99.999 99.999 99.999  99.999  99.999  99.999  99.999  0.006  0.006  0.048  0.034  0.056  0.040   13    9 99.999 99.999   99  22.055885342 -12.519632990  1 59  5.00 2011  9 26 2455830.58269676    50    I                   Netuno_0047.fits                                   Triton                2048  2048
   0.040   0.048 1008.84 1114.74 1.700   2555.15    278.09 99.999 99.999 99.999 13.530 13.202 99.999 99.999 99.999  0.355 99.999 99.999 99.999 99.999  99.999  99.999  99.999  99.999  0.017  0.017  0.014  0.012  0.048  0.042   20   16 99.999 99.999   99  22.055884788 -12.519640707  1 59 59.00 2011  9 26 2455830.58332176    50    I                   Netuno_0048.fits                                   Triton                2048  2048
   0.035   0.061 1006.66 1115.07 2.062   1935.68    177.53 99.999 99.999 99.999 13.553 13.216 99.999 99.999 99.999  0.392 99.999 99.999 99.999 99.999  99.999  99.999  99.999  99.999  0.012  0.012  0.010  0.014  0.044  0.059   26   20 99.999 99.999   99  22.055883922 -12.519643419  2  0 52.00 2011  9 26 2455830.58393519    50    I                   Netuno_0049.fits                                   Triton                2048  2048
   0.057   0.039 1003.90 1114.54 2.078   1470.43    226.81 99.999 99.999 99.999 13.504 13.224 99.999 99.999 99.999  0.337 99.999 99.999 99.999 99.999  99.999  99.999  99.999  99.999  0.007  0.007  0.012  0.013  0.049  0.055   25   19 99.999 99.999   99  22.055883576 -12.519655477  2  1 45.00 2011  9 26 2455830.58454861    50    I                   Netuno_0050.fits                                   Triton                2048  2048
   0.043   0.009  310.09 1826.33 1.845   1541.15    222.29 99.999 99.999 99.999 13.427 13.263 99.999 99.999 99.999  0.380 99.999 99.999 99.999 99.999  99.999  99.999  99.999  99.999  0.007  0.007  0.025  0.025  0.049  0.050   27   17 99.999 99.999   99  22.055875368 -12.519728105  2 10 60.00 2011  9 26 2455830.59097222    40    I                   NetunoNL_0001.fits                                 Triton                2048  2048
   0.033  -0.008  309.06 1827.75 2.304   1183.94    144.59 99.999 99.999 99.999 13.373 13.249 99.999 99.999 99.999  0.329 99.999 99.999 99.999 99.999  99.999  99.999  99.999  99.999  0.008  0.008  0.027  0.028  0.055  0.057   25   18 99.999 99.999   99  22.055874561 -12.519737860  2 11 43.00 2011  9 26 2455830.59146991    40    I                   NetunoNL_0002.fits                                 Triton                2048  2048
   0.048  -0.009  308.50 1827.55 1.778   1765.44    234.78 99.999 99.999 99.999 13.372 13.194 99.999 99.999 99.999  0.325 99.999 99.999 99.999 99.999  99.999  99.999  99.999  99.999  0.006  0.006  0.028  0.024  0.055  0.046   26   17 99.999 99.999   99  22.055873596 -12.519748373  2 13 10.00 2011  9 26 2455830.59247685    40    I                   NetunoNL_0004.fits                                 Triton                2048  2048
   0.027   0.013  316.05 1829.29 2.025   1361.30    193.51 99.999 99.999 99.999 13.433 13.220 99.999 99.999 99.999  0.316 99.999 99.999 99.999 99.999  99.999  99.999  99.999  99.999  0.009  0.009  0.027  0.029  0.053  0.057   26   18 99.999 99.999   99  22.055871984 -12.519752097  2 14 36.00 2011  9 26 2455830.59347222    40    I                   NetunoNL_0006.fits                                 Triton                2048  2048
   0.036  -0.002  314.81 1828.66 2.047   1205.94    205.84 99.999 99.999 99.999 13.383 13.245 99.999 99.999 99.999  0.325 99.999 99.999 99.999 99.999  99.999  99.999  99.999  99.999  0.010  0.010  0.025  0.028  0.050  0.055   27   17 99.999 99.999   99  22.055871518 -12.519761482  2 15 20.00 2011  9 26 2455830.59398148    40    I                   NetunoNL_0007.fits                                 Triton                2048  2048
   0.030   0.006  313.20 1829.84 1.931   1497.09    202.09 99.999 99.999 99.999 13.432 13.250 99.999 99.999 99.999  0.307 99.999 99.999 99.999 99.999  99.999  99.999  99.999  99.999  0.006  0.006  0.025  0.022  0.050  0.042   26   17 99.999 99.999   99  22.055870800 -12.519764210  2 16  3.00 2011  9 26 2455830.59447917    40    I                   NetunoNL_0008.fits                                 Triton                2048  2048
   0.059   0.009  314.56 1829.50 1.747   1761.04    241.58 99.999 99.999 99.999 13.446 13.206 99.999 99.999 99.999  0.384 99.999 99.999 99.999 99.999  99.999  99.999  99.999  99.999  0.006  0.006  0.028  0.027  0.056  0.053   28   18 99.999 99.999   99  22.055870700 -12.519768258  2 16 46.00 2011  9 26 2455830.59497685    40    I                   NetunoNL_0009.fits                                 Triton                2048  2048
   0.044  -0.008  313.71 1831.10 1.831   1631.36    217.03 99.999 99.999 99.999 13.438 13.176 99.999 99.999 99.999  0.378 99.999 99.999 99.999 99.999  99.999  99.999  99.999  99.999  0.006  0.006  0.024  0.025  0.047  0.049   27   17 99.999 99.999   99  22.055869805 -12.519778062  2 17 30.00 2011  9 26 2455830.59548611    40    I                   NetunoNL_0010.fits                                 Triton                2048  2048
   0.039  -0.013  318.49 1830.49 2.120   1301.93    181.86 99.999 99.999 99.999 13.472 13.283 99.999 99.999 99.999  0.377 99.999 99.999 99.999 99.999  99.999  99.999  99.999  99.999  0.018  0.018  0.027  0.025  0.054  0.048   26   17 99.999 99.999   99  22.055869096 -12.519784377  2 18 13.00 2011  9 26 2455830.59598380    40    I                   NetunoNL_0011.fits                                 Triton                2048  2048
   0.051  -0.003  319.20 1831.16 2.020   1436.13    193.17 99.999 99.999 99.999 13.435 13.210 99.999 99.999 99.999  0.377 99.999 99.999 99.999 99.999  99.999  99.999  99.999  99.999  0.008  0.008  0.028  0.021  0.055  0.042   28   17 99.999 99.999   99  22.055868696 -12.519786644  2 18 56.00 2011  9 26 2455830.59648148    40    I                   NetunoNL_0012.fits                                 Triton                2048  2048
   0.034  -0.020  314.55 1831.25 2.240   1069.90    173.05 99.999 99.999 99.999 13.384 13.258 99.999 99.999 99.999  0.322 99.999 99.999 99.999 99.999  99.999  99.999  99.999  99.999  0.009  0.009  0.025  0.021  0.048  0.040   27   16 99.999 99.999   99  22.055867750 -12.519796276  2 19 39.00 2011  9 26 2455830.59697917    40    I                   NetunoNL_0013.fits                                 Triton                2048  2048
   0.047  -0.001  312.78 1831.50 1.760   1570.20    262.13 99.999 99.999 99.999 13.444 13.230 99.999 99.999 99.999  0.383 99.999 99.999 99.999 99.999  99.999  99.999  99.999  99.999  0.006  0.006  0.026  0.026  0.051  0.051   27   17 99.999 99.999   99  22.055867367 -12.519796423  2 20 23.00 2011  9 26 2455830.59748843    40    I                   NetunoNL_0014.fits                                 Triton                2048  2048
   0.044  -0.020  310.66 1831.71 1.901   1537.05    212.64 99.999 99.999 99.999 13.416 13.222 99.999 99.999 99.999  0.382 99.999 99.999 99.999 99.999  99.999  99.999  99.999  99.999  0.010  0.010  0.027  0.021  0.052  0.041   28   17 99.999 99.999   99  22.055866690 -12.519806543  2 21  6.00 2011  9 26 2455830.59798611    40    I                   NetunoNL_0015.fits                                 Triton                2048  2048
   0.032  -0.001  311.94 1832.13 1.593   2271.87    261.68 99.999 99.999 99.999 13.420 13.176 99.999 99.999 99.999  0.307 99.999 99.999 99.999 99.999  99.999  99.999  99.999  99.999  0.010  0.010  0.024  0.024  0.046  0.047   26   17 99.999 99.999   99  22.055865863 -12.519806446  2 21 49.00 2011  9 26 2455830.59848380    40    I                   NetunoNL_0016.fits                                 Triton                2048  2048
   0.035  -0.007  314.98 1832.62 1.494   2782.36    260.58 99.999 99.999 99.999 13.387 13.165 99.999 99.999 99.999  0.320 99.999 99.999 99.999 99.999  99.999  99.999  99.999  99.999  0.008  0.008  0.026  0.022  0.052  0.043   26   17 99.999 99.999   99  22.055865278 -12.519813150  2 22 33.00 2011  9 26 2455830.59899306    40    I                   NetunoNL_0017.fits                                 Triton                2048  2048
   0.051   0.003  313.44 1832.60 1.887   1525.96    214.74 99.999 99.999 99.999 13.452 13.247 99.999 99.999 99.999  0.376 99.999 99.999 99.999 99.999  99.999  99.999  99.999  99.999  0.013  0.013  0.031  0.029  0.061  0.058   28   18 99.999 99.999   99  22.055864969 -12.519815351  2 23 16.00 2011  9 26 2455830.59949074    40    I                   NetunoNL_0018.fits                                 Triton                2048  2048
   0.025   0.021  309.77 1833.04 1.570   2447.69    241.53 99.999 99.999 99.999 13.455 13.184 99.999 99.999 99.999  0.378 99.999 99.999 99.999 99.999  99.999  99.999  99.999  99.999  0.005  0.005  0.032  0.031  0.065  0.062   27   19 99.999 99.999   99  22.055863869 -12.519815301  2 23 59.00 2011  9 26 2455830.59998843    40    I                   NetunoNL_0019.fits                                 Triton                2048  2048
   0.052   0.000  308.38 1832.93 1.745   2391.57    153.60 99.999 99.999 99.999 13.457 13.222 99.999 99.999 99.999  0.390 99.999 99.999 99.999 99.999  99.999  99.999  99.999  99.999  0.016  0.016  0.027  0.024  0.054  0.047   27   17 99.999 99.999   99  22.055863740 -12.519826282  2 24 43.00 2011  9 26 2455830.60049769    40    I                   NetunoNL_0020.fits                                 Triton                2048  2048
   0.030  -0.011  306.51 1833.01 1.249   3346.89    452.15 99.999 99.999 99.999 13.406 13.167 99.999 99.999 99.999  0.326 99.999 99.999 99.999 99.999  99.999  99.999  99.999  99.999  0.009  0.009  0.026  0.024  0.051  0.048   27   17 99.999 99.999   99  22.055862705 -12.519834573  2 25 26.00 2011  9 26 2455830.60099537    40    I                   NetunoNL_0021.fits                                 Triton                2048  2048
   0.024   0.011  310.21 1833.64 1.558   2340.55    273.06 99.999 99.999 99.999 13.449 13.188 99.999 99.999 99.999  0.381 99.999 99.999 99.999 99.999  99.999  99.999  99.999  99.999  0.015  0.015  0.027  0.024  0.053  0.048   26   17 99.999 99.999   99  22.055861975 -12.519833268  2 26  9.00 2011  9 26 2455830.60149306    40    I                   NetunoNL_0022.fits                                 Triton                2048  2048
   0.057   0.001  311.78 1833.61 1.366   2900.67    349.20 99.999 99.999 99.999 13.392 13.164 99.999 99.999 99.999  0.380 99.999 99.999 99.999 99.999  99.999  99.999  99.999  99.999  0.008  0.008  0.027  0.032  0.055  0.064   28   19 99.999 99.999   99  22.055861998 -12.519841115  2 26 52.00 2011  9 26 2455830.60199074    40    I                   NetunoNL_0023.fits                                 Triton                2048  2048
   0.059   0.012  309.35 1833.54 2.103   1632.60    128.90 99.999 99.999 99.999 13.401 13.198 99.999 99.999 99.999  0.319 99.999 99.999 99.999 99.999  99.999  99.999  99.999  99.999  0.020  0.020  0.028  0.024  0.056  0.049   26   18 99.999 99.999   99  22.055861404 -12.519843172  2 27 36.00 2011  9 26 2455830.60250000    40    I                   NetunoNL_0024.fits                                 Triton                2048  2048
   0.047   0.038  307.57 1834.66 1.593   2305.89    252.43 99.999 99.999 99.999 13.453 13.225 99.999 99.999 99.999  0.395 99.999 99.999 99.999 99.999  99.999  99.999  99.999  99.999  0.005  0.005  0.025  0.031  0.051  0.064   27   19 99.999 99.999   99  22.055860561 -12.519840758  2 28 19.00 2011  9 26 2455830.60299769    40    I                   NetunoNL_0025.fits                                 Triton                2048  2048
   0.045  -0.002  306.17 1834.08 1.448   2733.34    292.94 99.999 99.999 99.999 13.411 13.166 99.999 99.999 99.999  0.393 99.999 99.999 99.999 99.999  99.999  99.999  99.999  99.999  0.005  0.005  0.027  0.026  0.055  0.052   28   18 99.999 99.999   99  22.055859900 -12.519857082  2 29  2.00 2011  9 26 2455830.60349537    40    I                   NetunoNL_0026.fits                                 Triton                2048  2048
   0.060  -0.006  307.29 1835.46 1.423   2936.70    308.18 99.999 99.999 99.999 13.474 13.240 99.999 99.999 99.999  0.397 99.999 99.999 99.999 99.999  99.999  99.999  99.999  99.999  0.013  0.013  0.030  0.031  0.061  0.062   27   19 99.999 99.999   99  22.055859554 -12.519862995  2 29 46.00 2011  9 26 2455830.60400463    40    I                   NetunoNL_0027.fits                                 Triton                2048  2048
   0.032  -0.009  311.98 1834.91 1.395   2826.39    335.02 99.999 99.999 99.999 13.382 13.122 99.999 99.999 99.999  0.383 99.999 99.999 99.999 99.999  99.999  99.999  99.999  99.999  0.008  0.008  0.026  0.026  0.051  0.052   28   17 99.999 99.999   99  22.055858413 -12.519868926  2 30 29.00 2011  9 26 2455830.60450231    40    I                   NetunoNL_0028.fits                                 Triton                2048  2048
   0.047   0.006  310.86 1835.39 1.777   1901.55    207.84 99.999 99.999 99.999 13.425 13.204 99.999 99.999 99.999  0.386 99.999 99.999 99.999 99.999  99.999  99.999  99.999  99.999  0.011  0.011  0.028  0.022  0.055  0.043   26   17 99.999 99.999   99  22.055858056 -12.519869814  2 31 12.00 2011  9 26 2455830.60500000    40    I                   NetunoNL_0029.fits                                 Triton                2048  2048
   0.035  -0.017  310.18 1835.64 1.501   2626.22    284.41 99.999 99.999 99.999 13.373 13.132 99.999 99.999 99.999  0.333 99.999 99.999 99.999 99.999  99.999  99.999  99.999  99.999  0.005  0.005  0.026  0.025  0.051  0.049   27   17 99.999 99.999   99  22.055857222 -12.519881430  2 31 56.00 2011  9 26 2455830.60550926    40    I                   NetunoNL_0030.fits                                 Triton                2048  2048
   0.047  -0.022  309.94 1835.94 1.709   2142.77    213.28 99.999 99.999 99.999 13.411 13.187 99.999 99.999 99.999  0.384 99.999 99.999 99.999 99.999  99.999  99.999  99.999  99.999  0.005  0.005  0.029  0.022  0.057  0.044   27   17 99.999 99.999   99  22.055856811 -12.519887651  2 32 39.00 2011  9 26 2455830.60600694    40    I                   NetunoNL_0031.fits                                 Triton                2048  2048
   0.051  -0.017  309.65 1836.40 1.656   1900.53    284.49 99.999 99.999 99.999 13.376 13.151 99.999 99.999 99.999  0.323 99.999 99.999 99.999 99.999  99.999  99.999  99.999  99.999  0.005  0.005  0.028  0.026  0.056  0.050   26   17 99.999 99.999   99  22.055856279 -12.519891464  2 33 22.00 2011  9 26 2455830.60650463    40    I                   NetunoNL_0032.fits                                 Triton                2048  2048
   0.032  -0.011  315.68 1837.42 1.711   2056.93    224.34 99.999 99.999 99.999 13.396 13.184 99.999 99.999 99.999  0.323 99.999 99.999 99.999 99.999  99.999  99.999  99.999  99.999  0.005  0.005  0.030  0.028  0.059  0.055   26   17 99.999 99.999   99  22.055854662 -12.519899723  2 34 49.00 2011  9 26 2455830.60751157    40    I                   NetunoNL_0034.fits                                 Triton                2048  2048
   0.033   0.021  314.09 1837.28 1.786   1892.71    207.65 99.999 99.999 99.999 13.464 13.189 99.999 99.999 99.999  0.372 99.999 99.999 99.999 99.999  99.999  99.999  99.999  99.999  0.010  0.010  0.026  0.029  0.052  0.059   28   19 99.999 99.999   99  22.055854064 -12.519895928  2 35 32.00 2011  9 26 2455830.60800926    40    I                   NetunoNL_0035.fits                                 Triton                2048  2048
   0.052   0.043  313.93 1838.02 1.513   2564.02    262.22 99.999 99.999 99.999 13.423 13.221 99.999 99.999 99.999  0.318 99.999 99.999 99.999 99.999  99.999  99.999  99.999  99.999  0.004  0.004  0.029  0.030  0.058  0.061   25   18 99.999 99.999   99  22.055853827 -12.519894941  2 36 15.00 2011  9 26 2455830.60850694    40    I                   NetunoNL_0036.fits                                 Triton                2048  2048
   0.034   0.000  313.99 1838.69 1.802   1817.43    216.46 99.999 99.999 99.999 13.452 13.230 99.999 99.999 99.999  0.377 99.999 99.999 99.999 99.999  99.999  99.999  99.999  99.999  0.012  0.012  0.031  0.021  0.060  0.041   27   17 99.999 99.999   99  22.055852225 -12.519916827  2 37 42.00 2011  9 26 2455830.60951389    40    I                   NetunoNL_0038.fits                                 Triton                2048  2048
   0.033   0.029  318.64 1839.45 1.572   2144.04    296.04 99.999 99.999 99.999 13.474 13.229 99.999 99.999 99.999  0.375 99.999 99.999 99.999 99.999  99.999  99.999  99.999  99.999  0.014  0.014  0.027  0.035  0.056  0.071   26   20 99.999 99.999   99  22.055851602 -12.519913761  2 38 25.00 2011  9 26 2455830.61001157    40    I                   NetunoNL_0039.fits                                 Triton                2048  2048
   0.031  -0.018  317.10 1839.48 1.555   2563.60    250.12 99.999 99.999 99.999 13.358 13.134 99.999 99.999 99.999  0.317 99.999 99.999 99.999 99.999  99.999  99.999  99.999  99.999  0.007  0.007  0.023  0.025  0.044  0.049   27   17 99.999 99.999   99  22.055850921 -12.519932201  2 39  9.00 2011  9 26 2455830.61052083    40    I                   NetunoNL_0040.fits                                 Triton                2048  2048
   0.054   0.006  310.94 1840.11 1.540   2492.80    280.42 99.999 99.999 99.999 13.412 13.169 99.999 99.999 99.999  0.400 99.999 99.999 99.999 99.999  99.999  99.999  99.999  99.999  0.011  0.011  0.026  0.026  0.051  0.051   27   17 99.999 99.999   99  22.055850108 -12.519935435  2 40 35.00 2011  9 26 2455830.61151620    40    I                   NetunoNL_0042.fits                                 Triton                2048  2048
   0.042   0.020  307.74 1840.48 1.463   2543.89    319.97 99.999 99.999 99.999 13.440 13.161 99.999 99.999 99.999  0.382 99.999 99.999 99.999 99.999  99.999  99.999  99.999  99.999  0.011  0.011  0.025  0.030  0.051  0.060   26   19 99.999 99.999   99  22.055849262 -12.519936553  2 41 18.00 2011  9 26 2455830.61201389    40    I                   NetunoNL_0043.fits                                 Triton                2048  2048
   0.050  -0.012  309.82 1840.65 1.817   2036.09    178.89 99.999 99.999 99.999 13.467 13.212 99.999 99.999 99.999  0.384 99.999 99.999 99.999 99.999  99.999  99.999  99.999  99.999  0.012  0.012  0.025  0.023  0.049  0.045   27   17 99.999 99.999   99  22.055848785 -12.519950431  2 42  2.00 2011  9 26 2455830.61252315    40    I                   NetunoNL_0044.fits                                 Triton                2048  2048
   0.044   0.007  311.94 1841.61 1.588   2435.80    240.51 99.999 99.999 99.999 13.439 13.218 99.999 99.999 99.999  0.384 99.999 99.999 99.999 99.999  99.999  99.999  99.999  99.999  0.006  0.006  0.027  0.025  0.054  0.050   27   17 99.999 99.999   99  22.055848050 -12.519950289  2 42 45.00 2011  9 26 2455830.61302083    40    I                   NetunoNL_0045.fits                                 Triton                2048  2048
   0.057   0.003  309.66 1841.78 1.565   2695.58    231.57 99.999 99.999 99.999 13.435 13.150 99.999 99.999 99.999  0.396 99.999 99.999 99.999 99.999  99.999  99.999  99.999  99.999  0.017  0.017  0.028  0.026  0.057  0.053   27   18 99.999 99.999   99  22.055847689 -12.519956259  2 43 28.00 2011  9 26 2455830.61351852    40    I                   NetunoNL_0046.fits                                 Triton                2048  2048
   0.058   0.013  307.78 1842.35 1.522   2653.16    258.62 99.999 99.999 99.999 13.367 13.186 99.999 99.999 99.999  0.320 99.999 99.999 99.999 99.999  99.999  99.999  99.999  99.999  0.012  0.012  0.030  0.030  0.060  0.061   27   19 99.999 99.999   99  22.055847073 -12.519958852  2 44 12.00 2011  9 26 2455830.61402778    40    I                   NetunoNL_0047.fits                                 Triton                2048  2048
   0.050  -0.020  304.93 1842.78 2.434    964.87    144.07 99.999 99.999 99.999 13.486 13.300 99.999 99.999 99.999  0.372 99.999 99.999 99.999 99.999  99.999  99.999  99.999  99.999  0.015  0.016  0.024  0.022  0.047  0.044   25   17 99.999 99.999   99  22.055846307 -12.519973107  2 44 55.00 2011  9 26 2455830.61452546    40    I                   NetunoNL_0048.fits                                 Triton                2048  2048
   0.048  -0.017  305.06 1842.56 1.641   2096.59    261.42 99.999 99.999 99.999 13.390 13.210 99.999 99.999 99.999  0.326 99.999 99.999 99.999 99.999  99.999  99.999  99.999  99.999  0.006  0.006  0.029  0.031  0.057  0.062   25   18 99.999 99.999   99  22.055845668 -12.519977187  2 45 38.00 2011  9 26 2455830.61502315    40    I                   NetunoNL_0049.fits                                 Triton                2048  2048
   0.052  -0.013  309.06 1843.90 1.452   2454.81    353.30 99.999 99.999 99.999 13.368 13.140 99.999 99.999 99.999  0.328 99.999 99.999 99.999 99.999  99.999  99.999  99.999  99.999  0.010  0.010  0.030  0.028  0.060  0.056   26   18 99.999 99.999   99  22.055845096 -12.519981196  2 46 22.00 2011  9 26 2455830.61553241    40    I                   NetunoNL_0050.fits                                 Triton                2048  2048
   0.030   0.032 1720.63 1845.29 1.664   2278.67    230.60 99.999 99.999 99.999 13.517 13.130 99.999 99.999 99.999  0.369 99.999 99.999 99.999 99.999  99.999  99.999  99.999  99.999  0.013  0.013  0.023  0.025  0.048  0.053   19   16 99.999 99.999   99  22.055838786 -12.520016717  2 53 12.00 2011  9 26 2455830.62027778    40    I                   NetunoNO_0001.fits                                 Triton                2048  2048
   0.047   0.024 1723.85 1845.37 1.584   2102.08    293.59 99.999 99.999 99.999 13.469 13.108 99.999 99.999 99.999  0.368 99.999 99.999 99.999 99.999  99.999  99.999  99.999  99.999  0.020  0.020  0.024  0.023  0.050  0.048   19   16 99.999 99.999   99  22.055837864 -12.520029242  2 54 39.00 2011  9 26 2455830.62128472    40    I                   NetunoNO_0003.fits                                 Triton                2048  2048
   0.024   0.059 1727.41 1845.94 1.577   2233.06    282.29 99.999 99.999 99.999 13.531 13.162 99.999 99.999 99.999  0.364 99.999 99.999 99.999 99.999  99.999  99.999  99.999  99.999  0.006  0.006  0.023  0.030  0.049  0.065   19   17 99.999 99.999   99  22.055836793 -12.520024369  2 55 22.00 2011  9 26 2455830.62178241    40    I                   NetunoNO_0004.fits                                 Triton                2048  2048
   0.057   0.005 1726.38 1846.32 1.517   2603.12    272.98 99.999 99.999 99.999 13.516 13.140 99.999 99.999 99.999  0.379 99.999 99.999 99.999 99.999  99.999  99.999  99.999  99.999  0.007  0.006  0.025  0.027  0.050  0.055   18   16 99.999 99.999   99  22.055836805 -12.520044490  2 56  5.00 2011  9 26 2455830.62228009    40    I                   NetunoNO_0005.fits                                 Triton                2048  2048
   0.030   0.038 1725.67 1846.78 1.345   3228.08    338.88 99.999 99.999 99.999 13.476 13.088 99.999 99.999 99.999  0.377 99.999 99.999 99.999 99.999  99.999  99.999  99.999  99.999  0.009  0.009  0.022  0.026  0.047  0.056   19   17 99.999 99.999   99  22.055835671 -12.520040277  2 56 48.00 2011  9 26 2455830.62277778    40    I                   NetunoNO_0006.fits                                 Triton                2048  2048
   0.027   0.039 1726.33 1847.18 1.449   2870.72    283.29 99.999 99.999 99.999 13.514 13.125 99.999 99.999 99.999  0.373 99.999 99.999 99.999 99.999  99.999  99.999  99.999  99.999  0.006  0.006  0.023  0.025  0.049  0.053   19   16 99.999 99.999   99  22.055834976 -12.520044976  2 57 32.00 2011  9 26 2455830.62328704    40    I                   NetunoNO_0007.fits                                 Triton                2048  2048
   0.051   0.011 1727.46 1847.95 1.701   2327.75    187.53 99.999 99.999 99.999 13.495 13.108 99.999 99.999 99.999  0.366 99.999 99.999 99.999 99.999  99.999  99.999  99.999  99.999  0.015  0.015  0.023  0.026  0.050  0.056   19   17 99.999 99.999   99  22.055834830 -12.520058184  2 58 15.00 2011  9 26 2455830.62378472    40    I                   NetunoNO_0008.fits                                 Triton                2048  2048
   0.032   0.026 1732.16 1847.62 1.578   2685.68    210.90 99.999 99.999 99.999 13.555 13.097 99.999 99.999 99.999  0.456 99.999 99.999 99.999 99.999  99.999  99.999  99.999  99.999  0.015  0.015  0.024  0.024  0.051  0.051   20   17 99.999 99.999   99  22.055833858 -12.520058902  2 58 58.00 2011  9 26 2455830.62428241    40    I                   NetunoNO_0009.fits                                 Triton                2048  2048
   0.025   0.040 1730.79 1848.27 1.733   2128.79    213.02 99.999 99.999 99.999 13.567 13.139 99.999 99.999 99.999  0.459 99.999 99.999 99.999 99.999  99.999  99.999  99.999  99.999  0.014  0.014  0.024  0.027  0.051  0.058   20   17 99.999 99.999   99  22.055833092 -12.520059886  2 59 41.00 2011  9 26 2455830.62478009    40    I                   NetunoNO_0010.fits                                 Triton                2048  2048
   0.028   0.010 1728.79 1849.29 1.608   2249.51    269.83 99.999 99.999 99.999 13.438 13.085 99.999 99.999 99.999  0.367 99.999 99.999 99.999 99.999  99.999  99.999  99.999  99.999  0.009  0.009  0.024  0.025  0.052  0.054   19   17 99.999 99.999   99  22.055832537 -12.520073289  3  0 24.00 2011  9 26 2455830.62527778    40    I                   NetunoNO_0011.fits                                 Triton                2048  2048
   0.028   0.038 1725.91 1849.44 1.793   1997.09    195.97 99.999 99.999 99.999 13.505 13.119 99.999 99.999 99.999  0.374 99.999 99.999 99.999 99.999  99.999  99.999  99.999  99.999  0.010  0.010  0.026  0.028  0.056  0.059   19   16 99.999 99.999   99  22.055831890 -12.520070926  3  1  8.00 2011  9 26 2455830.62578704    40    I                   NetunoNO_0012.fits                                 Triton                2048  2048
   0.035   0.017 1725.11 1850.13 2.194   1272.36    155.91 99.999 99.999 99.999 13.478 13.143 99.999 99.999 99.999  0.385 99.999 99.999 99.999 99.999  99.999  99.999  99.999  99.999  0.015  0.015  0.024  0.024  0.052  0.053   19   17 99.999 99.999   99  22.055829548 -12.520096796  3  3 60.00 2011  9 26 2455830.62777778    40    I                   NetunoNO_0016.fits                                 Triton                2048  2048
   0.060  -0.012 1723.79 1851.47 1.874   1948.25    173.06 99.999 99.999 99.999 13.527 13.167 99.999 99.999 99.999  0.366 99.999 99.999 99.999 99.999  99.999  99.999  99.999  99.999  0.010  0.010  0.023  0.027  0.049  0.060   19   17 99.999 99.999   99  22.055828157 -12.520120099  3  6 10.00 2011  9 26 2455830.62928241    40    I                   NetunoNO_0019.fits                                 Triton                2048  2048
   0.040  -0.007 1727.23 1851.29 1.812   1885.33    223.23 99.999 99.999 99.999 13.593 13.120 99.999 99.999 99.999  0.372 99.999 99.999 99.999 99.999  99.999  99.999  99.999  99.999  0.008  0.008  0.027  0.025  0.053  0.049   16   15 99.999 99.999   99  22.055827167 -12.520123722  3  6 53.00 2011  9 26 2455830.62978009    40    I                   NetunoNO_0020.fits                                 Triton                2048  2048
   0.034   0.036 1727.44 1851.34 1.578   2418.43    266.80 99.999 99.999 99.999 13.485 13.085 99.999 99.999 99.999  0.375 99.999 99.999 99.999 99.999  99.999  99.999  99.999  99.999  0.008  0.008  0.022  0.027  0.047  0.058   19   17 99.999 99.999   99  22.055826414 -12.520116748  3  7 36.00 2011  9 26 2455830.63027778    40    I                   NetunoNO_0021.fits                                 Triton                2048  2048
   0.035   0.040 1724.04 1852.34 1.611   2234.47    268.56 99.999 99.999 99.999 13.504 13.130 99.999 99.999 99.999  0.372 99.999 99.999 99.999 99.999  99.999  99.999  99.999  99.999  0.007  0.007  0.024  0.024  0.052  0.053   19   17 99.999 99.999   99  22.055825807 -12.520120769  3  8 20.00 2011  9 26 2455830.63078704    40    I                   NetunoNO_0022.fits                                 Triton                2048  2048
   0.026   0.029 1724.18 1852.21 1.709   2031.08    231.41 99.999 99.999 99.999 13.507 13.161 99.999 99.999 99.999  0.362 99.999 99.999 99.999 99.999  99.999  99.999  99.999  99.999  0.005  0.005  0.024  0.027  0.052  0.058   19   17 99.999 99.999   99  22.055825029 -12.520128781  3  9  3.00 2011  9 26 2455830.63128472    40    I                   NetunoNO_0023.fits                                 Triton                2048  2048
   0.057  -0.009 1721.61 1852.89 1.662   2197.16    238.59 99.999 99.999 99.999 13.482 13.099 99.999 99.999 99.999  0.368 99.999 99.999 99.999 99.999  99.999  99.999  99.999  99.999  0.007  0.007  0.021  0.026  0.046  0.056   19   17 99.999 99.999   99  22.055825007 -12.520144507  3  9 46.00 2011  9 26 2455830.63178241    40    I                   NetunoNO_0024.fits                                 Triton                2048  2048
   0.057  -0.012 1724.86 1853.55 1.772   2041.72    217.47 99.999 99.999 99.999 13.507 13.171 99.999 99.999 99.999  0.377 99.999 99.999 99.999 99.999  99.999  99.999  99.999  99.999  0.018  0.018  0.023  0.021  0.049  0.045   19   16 99.999 99.999   99  22.055824390 -12.520150397  3 10 29.00 2011  9 26 2455830.63228009    40    I                   NetunoNO_0025.fits                                 Triton                2048  2048
   0.056  -0.004 1725.44 1854.56 1.594   2496.59    243.54 99.999 99.999 99.999 13.526 13.116 99.999 99.999 99.999  0.376 99.999 99.999 99.999 99.999  99.999  99.999  99.999  99.999  0.005  0.005  0.022  0.023  0.046  0.049   19   16 99.999 99.999   99  22.055822485 -12.520163417  3 12 39.00 2011  9 26 2455830.63378472    40    I                   NetunoNO_0028.fits                                 Triton                2048  2048
   0.052  -0.016 1729.74 1854.73 1.899   1852.82    180.29 99.999 99.999 99.999 13.549 13.187 99.999 99.999 99.999  0.359 99.999 99.999 99.999 99.999  99.999  99.999  99.999  99.999  0.000  0.000  0.026  0.024  0.056  0.051   19   17 99.999 99.999   99  22.055820540 -12.520181857  3 14 48.00 2011  9 26 2455830.63527778    40    I                   NetunoNO_0031.fits                                 Triton                2048  2048
   0.036   0.040 1731.36 1855.54 1.564   2406.07    281.49 99.999 99.999 99.999 13.551 13.076 99.999 99.999 99.999  0.456 99.999 99.999 99.999 99.999  99.999  99.999  99.999  99.999  0.014  0.014  0.022  0.025  0.048  0.054   20   17 99.999 99.999   99  22.055819628 -12.520171479  3 15 32.00 2011  9 26 2455830.63578704    40    I                   NetunoNO_0032.fits                                 Triton                2048  2048
   0.030   0.014 1729.59 1856.21 1.655   2544.27    183.84 99.999 99.999 99.999 13.482 13.107 99.999 99.999 99.999  0.373 99.999 99.999 99.999 99.999  99.999  99.999  99.999  99.999  0.007  0.007  0.024  0.025  0.051  0.053   19   16 99.999 99.999   99  22.055818875 -12.520183892  3 16 15.00 2011  9 26 2455830.63628472    40    I                   NetunoNO_0033.fits                                 Triton                2048  2048
   0.044   0.024 1729.35 1856.07 1.453   2942.11    282.39 99.999 99.999 99.999 13.481 13.091 99.999 99.999 99.999  0.360 99.999 99.999 99.999 99.999  99.999  99.999  99.999  99.999  0.006  0.006  0.025  0.025  0.054  0.055   19   17 99.999 99.999   99  22.055818537 -12.520186234  3 16 58.00 2011  9 26 2455830.63678241    40    I                   NetunoNO_0034.fits                                 Triton                2048  2048
   0.025   0.028 1729.10 1857.12 1.522   2447.79    295.55 99.999 99.999 99.999 13.535 13.155 99.999 99.999 99.999  0.371 99.999 99.999 99.999 99.999  99.999  99.999  99.999  99.999  0.005  0.005  0.025  0.024  0.050  0.049   18   16 99.999 99.999   99  22.055817558 -12.520189895  3 17 41.00 2011  9 26 2455830.63728009    40    I                   NetunoNO_0035.fits                                 Triton                2048  2048
   0.026   0.042 1731.88 1857.55 1.794   2045.92    195.63 99.999 99.999 99.999 13.586 13.127 99.999 99.999 99.999  0.440 99.999 99.999 99.999 99.999  99.999  99.999  99.999  99.999  0.012  0.012  0.021  0.025  0.046  0.053   20   17 99.999 99.999   99  22.055816944 -12.520191014  3 18 24.00 2011  9 26 2455830.63777778    40    I                   NetunoNO_0036.fits                                 Triton                2048  2048
   0.037   0.010 1734.98 1857.37 1.557   2350.80    295.99 99.999 99.999 99.999 13.564 13.127 99.999 99.999 99.999  0.462 99.999 99.999 99.999 99.999  99.999  99.999  99.999  99.999  0.009  0.009  0.022  0.024  0.047  0.052   20   16 99.999 99.999   99  22.055816541 -12.520205381  3 19  8.00 2011  9 26 2455830.63828704    40    I                   NetunoNO_0037.fits                                 Triton                2048  2048
   0.050   0.018 1732.62 1857.03 1.667   2329.08    229.40 99.999 99.999 99.999 13.518 13.142 99.999 99.999 99.999  0.367 99.999 99.999 99.999 99.999  99.999  99.999  99.999  99.999  0.014  0.014  0.025  0.028  0.055  0.060   19   17 99.999 99.999   99  22.055816145 -12.520208031  3 19 51.00 2011  9 26 2455830.63878472    40    I                   NetunoNO_0038.fits                                 Triton                2048  2048
   0.038   0.028 1730.26 1857.71 1.551   2419.21    284.48 99.999 99.999 99.999 13.478 13.081 99.999 99.999 99.999  0.370 99.999 99.999 99.999 99.999  99.999  99.999  99.999  99.999  0.006  0.006  0.022  0.025  0.047  0.055   19   17 99.999 99.999   99  22.055815305 -12.520210404  3 20 34.00 2011  9 26 2455830.63928241    40    I                   NetunoNO_0039.fits                                 Triton                2048  2048
   0.032   0.049 1727.79 1858.38 1.752   2116.48    204.31 99.999 99.999 99.999 13.497 13.106 99.999 99.999 99.999  0.352 99.999 99.999 99.999 99.999  99.999  99.999  99.999  99.999  0.010  0.010  0.023  0.026  0.049  0.056   19   16 99.999 99.999   99  22.055814587 -12.520209495  3 21 17.00 2011  9 26 2455830.63978009    40    I                   NetunoNO_0040.fits                                 Triton                2048  2048
   0.044   0.013 1727.12 1858.53 1.442   2653.03    350.00 99.999 99.999 99.999 13.542 13.170 99.999 99.999 99.999  0.367 99.999 99.999 99.999 99.999  99.999  99.999  99.999  99.999  0.010  0.010  0.023  0.022  0.048  0.046   19   16 99.999 99.999   99  22.055814169 -12.520224314  3 22  0.00 2011  9 26 2455830.64027778    40    I                   NetunoNO_0041.fits                                 Triton                2048  2048
   0.050  -0.021 1729.30 1858.54 1.732   2138.84    214.36 99.999 99.999 99.999 13.566 13.150 99.999 99.999 99.999  0.347 99.999 99.999 99.999 99.999  99.999  99.999  99.999  99.999  0.010  0.010  0.023  0.022  0.050  0.046   18   16 99.999 99.999   99  22.055813669 -12.520239111  3 22 44.00 2011  9 26 2455830.64078704    40    I                   NetunoNO_0042.fits                                 Triton                2048  2048
   0.032   0.008 1729.75 1858.95 1.414   3035.10    302.59 99.999 99.999 99.999 13.478 13.054 99.999 99.999 99.999  0.364 99.999 99.999 99.999 99.999  99.999  99.999  99.999  99.999  0.012  0.012  0.024  0.024  0.051  0.053   19   17 99.999 99.999   99  22.055812686 -12.520236013  3 23 27.00 2011  9 26 2455830.64128472    40    I                   NetunoNO_0043.fits                                 Triton                2048  2048
   0.059   0.013 1727.02 1860.44 1.512   2491.86    297.56 99.999 99.999 99.999 13.485 13.113 99.999 99.999 99.999  0.372 99.999 99.999 99.999 99.999  99.999  99.999  99.999  99.999  0.008  0.008  0.024  0.024  0.052  0.050   19   16 99.999 99.999   99  22.055812592 -12.520239938  3 24 10.00 2011  9 26 2455830.64178241    40    I                   NetunoNO_0044.fits                                 Triton                2048  2048
   0.042   0.024 1726.56 1860.33 1.497   2937.95    240.38 99.999 99.999 99.999 13.502 13.024 99.999 99.999 99.999  0.356 99.999 99.999 99.999 99.999  99.999  99.999  99.999  99.999  0.010  0.010  0.022  0.020  0.046  0.043   18   16 99.999 99.999   99  22.055811667 -12.520241875  3 24 53.00 2011  9 26 2455830.64228009    40    I                   NetunoNO_0045.fits                                 Triton                2048  2048
   0.037   0.021 1728.42 1861.62 1.523   2630.94    268.90 99.999 99.999 99.999 13.512 13.095 99.999 99.999 99.999  0.359 99.999 99.999 99.999 99.999  99.999  99.999  99.999  99.999  0.006  0.006  0.024  0.025  0.052  0.055   19   17 99.999 99.999   99  22.055809064 -12.520263125  3 27 46.00 2011  9 26 2455830.64428241    40    I                   NetunoNO_0049.fits                                 Triton                2048  2048
   0.039  -0.031 1741.40  247.93 1.587   2675.14    216.51 99.999 99.999 99.999 13.292 13.064 99.999 99.999 99.999  0.465 99.999 99.999 99.999 99.999  99.999  99.999  99.999  99.999  0.008  0.008  0.024  0.026  0.048  0.052   27   24 99.999 99.999   99  22.055799286 -12.520357549  3 39  5.00 2011  9 26 2455830.65214120    40    I                   NetunoSO_0007.fits                                 Triton                2048  2048
   0.048  -0.041 1733.22  249.65 1.562   2620.77    240.02 99.999 99.999 99.999 13.330 13.081 99.999 99.999 99.999  0.420 99.999 99.999 99.999 99.999  99.999  99.999  99.999  99.999  0.010  0.010  0.020  0.024  0.042  0.051   29   24 99.999 99.999   99  22.055795096 -12.520396162  3 44  8.00 2011  9 26 2455830.65564815    40    I                   NetunoSO_0014.fits                                 Triton                2048  2048
   0.058  -0.034 1746.54  265.98 1.662   2040.10    268.36 99.999 99.999 99.999 13.355 13.116 99.999 99.999 99.999  0.418 99.999 99.999 99.999 99.999  99.999  99.999  99.999  99.999  0.008  0.008  0.024  0.026  0.051  0.056   29   26 99.999 99.999   99  22.055764619 -12.520645770  4 19 32.00 2011  9 26 2455830.68023148    40    I                   NetunoSO_0023.fits                                 Triton                2048  2048
   0.053  -0.041 1734.17  269.06 1.579   2698.35    227.94 99.999 99.999 99.999 13.352 13.144 99.999 99.999 99.999  0.445 99.999 99.999 99.999 99.999  99.999  99.999  99.999  99.999  0.014  0.014  0.021  0.022  0.044  0.047   29   24 99.999 99.999   99  22.055755149 -12.520725115  4 30 20.00 2011  9 26 2455830.68773148    40    I                   NetunoSO_0038.fits                                 Triton                2048  2048
   0.056  -0.016 1738.14  271.14 1.467   2988.44    248.13 99.999 99.999 99.999 13.309 13.108 99.999 99.999 99.999  0.457 99.999 99.999 99.999 99.999  99.999  99.999  99.999  99.999  0.009  0.009  0.025  0.025  0.049  0.050   27   24 99.999 99.999   99  22.055751448 -12.520748764  4 34 39.00 2011  9 26 2455830.69072917    40    I                   NetunoSO_0044.fits                                 Triton                2048  2048
   0.048  -0.029 1738.22  270.74 1.363   3273.01    304.16 99.999 99.999 99.999 13.279 13.062 99.999 99.999 99.999  0.462 99.999 99.999 99.999 99.999  99.999  99.999  99.999  99.999  0.007  0.007  0.021  0.031  0.039  0.057   27   22 99.999 99.999   99  22.055750694 -12.520757624  4 35 22.00 2011  9 26 2455830.69122685    40    I                   NetunoSO_0045.fits                                 Triton                2048  2048
   0.039  -0.021 1736.99  271.28 1.536   2522.03    285.18 99.999 99.999 99.999 13.349 13.131 99.999 99.999 99.999  0.454 99.999 99.999 99.999 99.999  99.999  99.999  99.999  99.999  0.007  0.007  0.021  0.018  0.038  0.033   27   20 99.999 99.999   99  22.055749261 -12.520765686  4 36 48.00 2011  9 26 2455830.69222222    40    I                   NetunoSO_0047.fits                                 Triton                2048  2048
   0.045  -0.011 1739.35  272.12 1.685   2477.00    191.42 99.999 99.999 99.999 13.386 13.175 99.999 99.999 99.999  0.429 99.999 99.999 99.999 99.999  99.999  99.999  99.999  99.999  0.012  0.012  0.023  0.020  0.048  0.041   28   23 99.999 99.999   99  22.055748125 -12.520773023  4 38 15.00 2011  9 26 2455830.69322917    40    I                   NetunoSO_0049.fits                                 Triton                2048  2048
   0.053  -0.029 1742.67  272.44 1.347   3283.02    328.22 99.999 99.999 99.999 13.367 13.099 99.999 99.999 99.999  0.296 99.999 99.999 99.999 99.999  99.999  99.999  99.999  99.999  0.007  0.007  0.021  0.028  0.045  0.060   28   25 99.999 99.999   99  22.055747635 -12.520783348  4 38 58.00 2011  9 26 2455830.69372685    40    I                   NetunoSO_0050.fits                                 Triton                2048  2048
   0.057   0.005  344.27  275.60 1.625   2484.80    212.42 99.999 99.999 99.999 13.448 13.149 99.999 99.999 99.999  0.320 99.999 99.999 99.999 99.999  99.999  99.999  99.999  99.999  0.013  0.013  0.025  0.031  0.053  0.065   20   17 99.999 99.999   99  22.055743801 -12.520806111  4 43 29.00 2011  9 26 2455830.69686343    40    I                   NetunoSL_0001.fits                                 Triton                2048  2048
   0.035  -0.027  341.80  275.70 1.419   2787.47    318.09 99.999 99.999 99.999 13.495 13.127 99.999 99.999 99.999  0.285 99.999 99.999 99.999 99.999  99.999  99.999  99.999  99.999  0.008  0.008  0.018  0.033  0.036  0.065   17   15 99.999 99.999   99  22.055742783 -12.520820283  4 44 12.00 2011  9 26 2455830.69736111    40    I                   NetunoSL_0002.fits                                 Triton                2048  2048
   0.022  -0.017  338.80  275.73 1.443   2874.55    277.81 99.999 99.999 99.999 13.399 13.019 99.999 99.999 99.999  0.332 99.999 99.999 99.999 99.999  99.999  99.999  99.999  99.999  0.009  0.009  0.024  0.036  0.042  0.062   17   14 99.999 99.999   99  22.055741898 -12.520822479  4 44 55.00 2011  9 26 2455830.69785880    40    I                   NetunoSL_0003.fits                                 Triton                2048  2048
   0.024  -0.017  339.98  276.10 1.639   2442.44    210.46 99.999 99.999 99.999 13.509 13.175 99.999 99.999 99.999  0.313 99.999 99.999 99.999 99.999  99.999  99.999  99.999  99.999  0.015  0.015  0.020  0.033  0.039  0.064   20   15 99.999 99.999   99  22.055741283 -12.520827764  4 45 39.00 2011  9 26 2455830.69836806    40    I                   NetunoSL_0004.fits                                 Triton                2048  2048
   0.025   0.015  341.37  276.00 1.599   2204.35    269.24 99.999 99.999 99.999 13.522 13.215 99.999 99.999 99.999  0.327 99.999 99.999 99.999 99.999  99.999  99.999  99.999  99.999  0.010  0.010  0.029  0.033  0.057  0.066   18   15 99.999 99.999   99  22.055740687 -12.520824165  4 46 22.00 2011  9 26 2455830.69886574    40    I                   NetunoSL_0005.fits                                 Triton                2048  2048
   0.055   0.019  339.82  277.44 1.813   2126.64    176.41 99.999 99.999 99.999 13.506 13.199 99.999 99.999 99.999  0.314 99.999 99.999 99.999 99.999  99.999  99.999  99.999  99.999  0.016  0.016  0.026  0.029  0.055  0.061   20   14 99.999 99.999   99  22.055738132 -12.520848894  4 49 58.00 2011  9 26 2455830.70136574    40    I                   NetunoSL_0010.fits                                 Triton                2048  2048
   0.053   0.054  338.41  277.49 1.555   2542.71    244.57 99.999 99.999 99.999 13.484 13.199 99.999 99.999 99.999  0.305 99.999 99.999 99.999 99.999  99.999  99.999  99.999  99.999  0.005  0.005  0.029  0.028  0.055  0.052   19   13 99.999 99.999   99  22.055736872 -12.520849339  4 51 24.00 2011  9 26 2455830.70236111    40    I                   NetunoSL_0012.fits                                 Triton                2048  2048
   0.061   0.023  337.69  277.29 1.362   2962.85    343.72 99.999 99.999 99.999 13.451 13.159 99.999 99.999 99.999  0.320 99.999 99.999 99.999 99.999  99.999  99.999  99.999  99.999  0.008  0.008  0.022  0.022  0.043  0.042   20   14 99.999 99.999   99  22.055736381 -12.520863141  4 52  7.00 2011  9 26 2455830.70285880    40    I                   NetunoSL_0013.fits                                 Triton                2048  2048
   0.046  -0.005  336.12  277.65 1.585   2321.61    245.60 99.999 99.999 99.999 13.519 13.165 99.999 99.999 99.999  0.333 99.999 99.999 99.999 99.999  99.999  99.999  99.999  99.999  0.009  0.009  0.019  0.027  0.038  0.054   18   15 99.999 99.999   99  22.055735458 -12.520876049  4 52 51.00 2011  9 26 2455830.70336806    40    I                   NetunoSL_0014.fits                                 Triton                2048  2048
   0.049   0.001  339.75  277.58 1.660   2260.21    222.79 99.999 99.999 99.999 13.520 13.221 99.999 99.999 99.999  0.325 99.999 99.999 99.999 99.999  99.999  99.999  99.999  99.999  0.004  0.004  0.022  0.024  0.042  0.044   17   14 99.999 99.999   99  22.055733649 -12.520890102  4 55  0.00 2011  9 26 2455830.70486111    40    I                   NetunoSL_0017.fits                                 Triton                2048  2048
   0.028   0.037  338.11  277.57 1.623   2273.52    244.45 99.999 99.999 99.999 13.503 13.179 99.999 99.999 99.999  0.309 99.999 99.999 99.999 99.999  99.999  99.999  99.999  99.999  0.005  0.005  0.028  0.025  0.056  0.049   19   15 99.999 99.999   99  22.055732623 -12.520885118  4 55 43.00 2011  9 26 2455830.70535880    40    I                   NetunoSL_0018.fits                                 Triton                2048  2048
   0.057   0.058  336.25  278.65 1.742   1914.99    229.31 99.999 99.999 99.999 13.470 13.266 99.999 99.999 99.999  0.314 99.999 99.999 99.999 99.999  99.999  99.999  99.999  99.999  0.014  0.014  0.027  0.025  0.060  0.056   21   17 99.999 99.999   99  22.055729419 -12.520910372  5  0  3.00 2011  9 26 2455830.70836806    40    I                   NetunoSL_0024.fits                                 Triton                2048  2048
   0.047   0.027  333.12  278.97 1.859   1827.72    193.86 99.999 99.999 99.999 13.452 13.139 99.999 99.999 99.999  0.295 99.999 99.999 99.999 99.999  99.999  99.999  99.999  99.999  0.010  0.010  0.030  0.025  0.056  0.046   19   13 99.999 99.999   99  22.055728592 -12.520924169  5  0 46.00 2011  9 26 2455830.70886574    40    I                   NetunoSL_0025.fits                                 Triton                2048  2048
   0.039   0.012  335.81  278.96 1.704   1982.96    256.77 99.999 99.999 99.999 13.496 13.226 99.999 99.999 99.999  0.332 99.999 99.999 99.999 99.999  99.999  99.999  99.999  99.999  0.008  0.008  0.029  0.036  0.054  0.069   19   15 99.999 99.999   99  22.055727219 -12.520938623  5  2 12.00 2011  9 26 2455830.70986111    40    I                   NetunoSL_0027.fits                                 Triton                2048  2048
   0.024  -0.002  333.25  279.00 1.852   1728.36    211.06 99.999 99.999 99.999 13.475 13.140 99.999 99.999 99.999  0.311 99.999 99.999 99.999 99.999  99.999  99.999  99.999  99.999  0.007  0.007  0.026  0.032  0.050  0.062   20   15 99.999 99.999   99  22.055726298 -12.520947880  5  2 56.00 2011  9 26 2455830.71037037    40    I                   NetunoSL_0028.fits                                 Triton                2048  2048
   0.056   0.001  330.42  279.66 2.044   1287.34    203.16 99.999 99.999 99.999 13.490 13.275 99.999 99.999 99.999  0.312 99.999 99.999 99.999 99.999  99.999  99.999  99.999  99.999  0.007  0.007  0.025  0.027  0.049  0.053   19   15 99.999 99.999   99  22.055724399 -12.520967435  5  5 48.00 2011  9 26 2455830.71236111    40    I                   NetunoSL_0032.fits                                 Triton                2048  2048
   0.056   0.030  326.30  281.01 1.918   1548.78    211.25 99.999 99.999 99.999 13.482 13.314 99.999 99.999 99.999  0.296 99.999 99.999 99.999 99.999  99.999  99.999  99.999  99.999  0.006  0.006  0.035  0.028  0.077  0.061   22   17 99.999 99.999   99  22.055721887 -12.520980255  5  8 41.00 2011  9 26 2455830.71436343    40    I                   NetunoSL_0036.fits                                 Triton                2048  2048
   0.040  -0.037  325.87  279.48 2.600    914.84    145.13 99.999 99.999 99.999 13.505 13.313 99.999 99.999 99.999  0.319 99.999 99.999 99.999 99.999  99.999  99.999  99.999  99.999  0.006  0.006  0.022  0.031  0.035  0.050   18   13 99.999 99.999   99  22.055719710 -12.521014561  5 10 51.00 2011  9 26 2455830.71586806    40    I                   NetunoSL_0039.fits                                 Triton                2048  2048
   0.038  -0.026  324.27  279.78 1.916   1548.68    207.60 99.999 99.999 99.999 13.497 13.274 99.999 99.999 99.999  0.298 99.999 99.999 99.999 99.999  99.999  99.999  99.999  99.999  0.009  0.009  0.022  0.040  0.039  0.070   19   15 99.999 99.999   99  22.055719017 -12.521016772  5 11 34.00 2011  9 26 2455830.71636574    40    I                   NetunoSL_0040.fits                                 Triton                2048  2048
   0.046  -0.038  324.52  280.32 1.600   2088.09    288.16 99.999 99.999 99.999 13.494 13.135 99.999 99.999 99.999  0.329 99.999 99.999 99.999 99.999  99.999  99.999  99.999  99.999  0.007  0.007  0.018  0.036  0.029  0.059   17   13 99.999 99.999   99  22.055718560 -12.521025037  5 12 17.00 2011  9 26 2455830.71686343    40    I                   NetunoSL_0041.fits                                 Triton                2048  2048
   0.044  -0.031  324.59  280.67 1.832   1586.07    225.99 99.999 99.999 99.999 13.413 13.228 99.999 99.999 99.999  0.309 99.999 99.999 99.999 99.999  99.999  99.999  99.999  99.999  0.006  0.006  0.038  0.043  0.062  0.069   19   13 99.999 99.999   99  22.055716026 -12.521043860  5 15 10.00 2011  9 26 2455830.71886574    40    I                   NetunoSL_0045.fits                                 Triton                2048  2048
   0.037  -0.019  327.75  280.92 2.127   1504.29    145.90 99.999 99.999 99.999 13.488 13.203 99.999 99.999 99.999  0.306 99.999 99.999 99.999 99.999  99.999  99.999  99.999  99.999  0.011  0.011  0.030  0.033  0.056  0.062   19   16 99.999 99.999   99  22.055712759 -12.521066733  5 18 46.00 2011  9 26 2455830.72136574    40    I                   NetunoSL_0050.fits                                 Triton                2048  2048
