  -0.043  -0.080  489.92  532.54 1.667    173.16    115.51 99.999 99.999 99.999 13.228 13.194 99.999 99.999 99.999  0.183 99.999 99.999 99.999 99.999  99.999  99.999  99.999  99.999  0.025  0.025  0.018  0.025  0.050  0.070   12   11 99.999 99.999   99  21.168701640 -16.465477265  1  3 17.14 2005  9 24 2453637.54394838     5  V                     n30002.fits                                        Triton                1020  1020
  -0.065  -0.067  489.44  532.82 1.344    231.03    127.70 99.999 99.999 99.999 13.262 13.249 99.999 99.999 99.999  0.177 99.999 99.999 99.999 99.999  99.999  99.999  99.999  99.999  0.003  0.003  0.021  0.020  0.050  0.046    8    8 99.999 99.999   99  21.168700779 -16.465475537  1  4  5.32 2005  9 24 2453637.54450602     5  V                     n30003.fits                                        Triton                1020  1020
  -0.065  -0.112  489.93  534.17 1.200    241.59    127.84 99.999 99.999 99.999 13.222 13.316 99.999 99.999 99.999  0.168 99.999 99.999 99.999 99.999  99.999  99.999  99.999  99.999  0.030  0.030  0.026  0.028  0.066  0.071    9    9 99.999 99.999   99  21.168699942 -16.465491682  1  5 33.11 2005  9 24 2453637.54552211     5  V                     n30005.fits                                        Triton                1020  1020
  -0.049  -0.074  489.68  533.94 1.480    132.75    114.17 99.999 99.999 99.999 13.194 13.274 99.999 99.999 99.999  0.166 99.999 99.999 99.999 99.999  99.999  99.999  99.999  99.999  0.015  0.015  0.018  0.019  0.040  0.044    8    8 99.999 99.999   99  21.168699827 -16.465482687  1  6 16.16 2005  9 24 2453637.54602037     5  V                     n30006.fits                                        Triton                1020  1020
  -0.030  -0.073  486.03  528.05 1.449    230.48    119.63 99.999 99.999 99.999 13.182 13.189 99.999 99.999 99.999  0.218 99.999 99.999 99.999 99.999  99.999  99.999  99.999  99.999  0.021  0.021  0.018  0.016  0.062  0.054   18   15 99.999 99.999   99  21.168688594 -16.465532685  1 26 45.77 2005  9 24 2453637.56025197    10  V                     n30023.fits                                        Triton                1020  1020
  -0.047  -0.064  485.61  526.72 1.089     99.74    143.92 99.999 99.999 99.999 13.369 13.444 99.999 99.999 99.999  0.149 99.999 99.999 99.999 99.999  99.999  99.999  99.999  99.999  0.038  0.039  0.017  0.039  0.037  0.082    6    6 99.999 99.999   99  21.168687488 -16.465533607  1 28  8.22 2005  9 24 2453637.56120625     6  V                     n30025.fits                                        Triton                1020  1020
  -0.029  -0.093  485.88  527.45 1.325    205.64    114.88 99.999 99.999 99.999 13.244 13.214 99.999 99.999 99.999  0.214 99.999 99.999 99.999 99.999  99.999  99.999  99.999  99.999  0.017  0.017  0.013  0.018  0.051  0.070   19   16 99.999 99.999   99  21.168687223 -16.465544509  1 29 13.89 2005  9 24 2453637.56196632     8  V                     n30026.fits                                        Triton                1020  1020
   0.003  -0.095  485.75  526.57 1.553    260.14    116.48 99.999 99.999 99.999 13.119 13.160 99.999 99.999 99.999  0.220 99.999 99.999 99.999 99.999  99.999  99.999  99.999  99.999  0.000  0.000  0.013  0.014  0.049  0.054   20   15 99.999 99.999   99  21.168687145 -16.465547647  1 30 26.47 2005  9 24 2453637.56280637     8  V                     n30027.fits                                        Triton                1020  1020
  -0.008  -0.118  485.24  524.00 1.595    201.74    121.86 99.999 99.999 99.999 13.198 13.280 99.999 99.999 99.999  0.220 99.999 99.999 99.999 99.999  99.999  99.999  99.999  99.999  0.028  0.028  0.014  0.017  0.050  0.061   17   14 99.999 99.999   99  21.168686068 -16.465558033  1 31 59.07 2005  9 24 2453637.56387813     6  V                     n30029.fits                                        Triton                1020  1020
  -0.063  -0.048  458.35  540.84 1.278    142.77    117.74 99.999 99.999 99.999 13.253 13.235 99.999 99.999 99.999  0.179 99.999 99.999 99.999 99.999  99.999  99.999  99.999  99.999  0.026  0.027  0.018  0.021  0.060  0.072   13   12 99.999 99.999   99  21.168652226 -16.465684634  2 30  6.69 2005  9 24 2453637.60424410    10  V                     n30033.fits                                        Triton                1020  1020
  -0.051  -0.040  451.79  531.40 1.818    209.12    132.39 99.999 99.999 99.999 13.131 13.194 99.999 99.999 99.999  0.253 99.999 99.999 99.999 99.999  99.999  99.999  99.999  99.999  0.024  0.024  0.016  0.014  0.058  0.050   21   15 99.999 99.999   99  21.168631655 -16.465778902  3  7 21.43 2005  9 24 2453637.63010914    10  V                     n30099.fits                                        Triton                1020  1020
  -0.036  -0.082  451.31  532.17 1.893    173.83    115.56 99.999 99.999 99.999 13.232 13.245 99.999 99.999 99.999  0.196 99.999 99.999 99.999 99.999  99.999  99.999  99.999  99.999  0.020  0.020  0.013  0.018  0.053  0.070   20   17 99.999 99.999   99  21.168630999 -16.465794997  3  9  3.72 2005  9 24 2453637.63129306     9  V                     n30101.fits                                        Triton                1020  1020
  -0.059  -0.116  451.29  529.48 1.745     89.76    122.67 99.999 99.999 99.999 13.180 13.267 99.999 99.999 99.999  0.243 99.999 99.999 99.999 99.999  99.999  99.999  99.999  99.999  0.028  0.028  0.021  0.021  0.055  0.055   12    9 99.999 99.999   99  21.168629591 -16.465808806  3 10 47.22 2005  9 24 2453637.63249097     9  V                     n30104.fits                                        Triton                1020  1020
  -0.004  -0.113  451.24  528.67 1.534    181.30    133.02 99.999 99.999 99.999 13.156 13.192 99.999 99.999 99.999  0.204 99.999 99.999 99.999 99.999  99.999  99.999  99.999  99.999  0.020  0.021  0.017  0.014  0.064  0.052   21   15 99.999 99.999   99  21.168630459 -16.465808943  3 11  7.71 2005  9 24 2453637.63272812     9  V                     n30105.fits                                        Triton                1020  1020
  -0.044  -0.079  450.80  528.68 1.521    170.03    116.21 99.999 99.999 99.999 13.156 13.132 99.999 99.999 99.999  0.149 99.999 99.999 99.999 99.999  99.999  99.999  99.999  99.999  0.036  0.036  0.016  0.016  0.062  0.063   18   16 99.999 99.999   99  21.168629484 -16.465800271  3 11 29.04 2005  9 24 2453637.63297500     9  V                     n30106.fits                                        Triton                1020  1020
  -0.058  -0.036  450.99  529.38 1.614    229.57    116.91 99.999 99.999 99.999 13.199 13.201 99.999 99.999 99.999  0.183 99.999 99.999 99.999 99.999  99.999  99.999  99.999  99.999  0.026  0.026  0.014  0.018  0.052  0.065   23   17 99.999 99.999   99  21.168629010 -16.465789324  3 11 50.50 2005  9 24 2453637.63322338     9  V                     n30107.fits                                        Triton                1020  1020
   0.006  -0.079  450.88  531.16 1.615    151.42    114.12 99.999 99.999 99.999 13.156 13.146 99.999 99.999 99.999  0.256 99.999 99.999 99.999 99.999  99.999  99.999  99.999  99.999  0.028  0.028  0.018  0.019  0.054  0.058   15   11 99.999 99.999   99  21.168629861 -16.465803307  3 12 33.18 2005  9 24 2453637.63371736     9  V                     n30109.fits                                        Triton                1020  1020
  -0.039  -0.095  451.10  531.19 1.596    201.66    127.19 99.999 99.999 99.999 13.222 13.224 99.999 99.999 99.999  0.192 99.999 99.999 99.999 99.999  99.999  99.999  99.999  99.999  0.020  0.020  0.012  0.015  0.050  0.065   21   19 99.999 99.999   99  21.168628793 -16.465808529  3 12 53.64 2005  9 24 2453637.63395417     9  V                     n30110.fits                                        Triton                1020  1020
  -0.008  -0.087  450.76  532.13 1.680    160.54    130.65 99.999 99.999 99.999 13.281 13.227 99.999 99.999 99.999  0.164 99.999 99.999 99.999 99.999  99.999  99.999  99.999  99.999  0.031  0.031  0.012  0.017  0.045  0.064   20   16 99.999 99.999   99  21.168629197 -16.465807162  3 13 15.04 2005  9 24 2453637.63420185     9  V                     n30111.fits                                        Triton                1020  1020
   0.003  -0.125  450.57  533.08 1.384    267.64    143.49 99.999 99.999 99.999 13.143 13.182 99.999 99.999 99.999  0.192 99.999 99.999 99.999 99.999  99.999  99.999  99.999  99.999  0.022  0.022  0.015  0.013  0.058  0.050   20   16 99.999 99.999   99  21.168628982 -16.465820084  3 14  2.88 2005  9 24 2453637.63475556     9  V                     n30113.fits                                        Triton                1020  1020
  -0.002  -0.078  450.32  533.21 1.637    117.58    104.93 99.999 99.999 99.999 13.306 13.337 99.999 99.999 99.999  0.222 99.999 99.999 99.999 99.999  99.999  99.999  99.999  99.999  0.024  0.024  0.016  0.020  0.050  0.065   18   12 99.999 99.999   99  21.168627480 -16.465813307  3 16 31.30 2005  9 24 2453637.63647338     9  V                     n30120.fits                                        Triton                1020  1020
  -0.023  -0.143  450.07  533.07 1.452    104.30    129.28 99.999 99.999 99.999 13.335 13.297 99.999 99.999 99.999  0.205 99.999 99.999 99.999 99.999  99.999  99.999  99.999  99.999  0.021  0.021  0.017  0.017  0.060  0.060   15   14 99.999 99.999   99  21.168626894 -16.465832340  3 16 51.87 2005  9 24 2453637.63671146     9  V                     n30121.fits                                        Triton                1020  1020
  -0.034  -0.126  449.72  533.79 1.939     46.90    109.37 99.999 99.999 99.999 13.357 13.283 99.999 99.999 99.999  0.152 99.999 99.999 99.999 99.999  99.999  99.999  99.999  99.999  0.023  0.023  0.011  0.037  0.020  0.067    8    7 99.999 99.999   99  21.168624612 -16.465837361  3 20 33.44 2005  9 24 2453637.63927593     9  V                     n30126.fits                                        Triton                1020  1020
  -0.049  -0.042  449.20  531.51 1.511     26.91    104.57 99.999 99.999 99.999 13.463 13.175 99.999 99.999 99.999  0.154 99.999 99.999 99.999 99.999  99.999  99.999  99.999  99.999  0.054  0.054  0.000  0.000  0.000  0.000    3    3 99.999 99.999   99  21.168623140 -16.465819615  3 22 43.15 2005  9 24 2453637.64077720     9  V                     n30132.fits                                        Triton                1020  1020
   0.000  -0.114  447.67  525.54 1.901    138.99    121.41 99.999 99.999 99.999 13.162 13.172 99.999 99.999 99.999  0.266 99.999 99.999 99.999 99.999  99.999  99.999  99.999  99.999  0.033  0.033  0.020  0.016  0.073  0.059   26   14 99.999 99.999   99  21.168619057 -16.465863505  3 31 47.14 2005  9 24 2453637.64707338     8  V                     n30145.fits                                        Triton                1020  1020
  -0.015  -0.067  447.16  527.85 1.614    207.53    135.47 99.999 99.999 99.999 13.062 13.188 99.999 99.999 99.999  0.269 99.999 99.999 99.999 99.999  99.999  99.999  99.999  99.999  0.035  0.035  0.012  0.019  0.048  0.076   22   18 99.999 99.999   99  21.168617233 -16.465857981  3 34 32.47 2005  9 24 2453637.64898692     8  V                     n30149.fits                                        Triton                1020  1020
  -0.018  -0.109  447.32  526.54 1.640    199.39    140.21 99.999 99.999 99.999 13.166 13.261 99.999 99.999 99.999  0.300 99.999 99.999 99.999 99.999  99.999  99.999  99.999  99.999  0.029  0.029  0.013  0.013  0.055  0.055   26   20 99.999 99.999   99  21.168616799 -16.465871499  3 35 12.33 2005  9 24 2453637.64944826     8  V                     n30151.fits                                        Triton                1020  1020
  -0.014  -0.037  447.03  527.95 1.504    237.00    141.41 99.999 99.999 99.999 13.120 13.141 99.999 99.999 99.999  0.245 99.999 99.999 99.999 99.999  99.999  99.999  99.999  99.999  0.022  0.022  0.016  0.014  0.062  0.053   24   19 99.999 99.999   99  21.168616499 -16.465853286  3 35 52.13 2005  9 24 2453637.64990891     8  V                     n30153.fits                                        Triton                1020  1020
  -0.049  -0.103  446.95  529.15 1.555    244.31    123.84 99.999 99.999 99.999 13.110 13.037 99.999 99.999 99.999  0.205 99.999 99.999 99.999 99.999  99.999  99.999  99.999  99.999  0.030  0.030  0.015  0.013  0.060  0.053   25   18 99.999 99.999   99  21.168615477 -16.465873444  3 36 32.85 2005  9 24 2453637.65038021     8  V                     n30155.fits                                        Triton                1020  1020
  -0.051  -0.082  446.83  529.68 1.527    238.40    134.97 99.999 99.999 99.999 13.123 13.091 99.999 99.999 99.999  0.243 99.999 99.999 99.999 99.999  99.999  99.999  99.999  99.999  0.035  0.035  0.016  0.019  0.071  0.081   24   20 99.999 99.999   99  21.168615242 -16.465868350  3 36 52.36 2005  9 24 2453637.65060602     8  V                     n30156.fits                                        Triton                1020  1020
  -0.014  -0.074  446.99  529.86 1.664    203.49    121.32 99.999 99.999 99.999 13.105 13.201 99.999 99.999 99.999  0.229 99.999 99.999 99.999 99.999  99.999  99.999  99.999  99.999  0.000  0.000  0.021  0.024  0.066  0.075   21   14 99.999 99.999   99  21.168615762 -16.465867013  3 37 12.69 2005  9 24 2453637.65084132     8  V                     n30157.fits                                        Triton                1020  1020
   0.008  -0.030  446.90  530.87 1.770    162.69    121.28 99.999 99.999 99.999 13.188 13.166 99.999 99.999 99.999  0.213 99.999 99.999 99.999 99.999  99.999  99.999  99.999  99.999  0.020  0.020  0.014  0.015  0.054  0.060   23   17 99.999 99.999   99  21.168615823 -16.465856639  3 37 52.52 2005  9 24 2453637.65130231     8  V                     n30159.fits                                        Triton                1020  1020
  -0.012  -0.044  446.81  530.28 1.754    154.79    112.40 99.999 99.999 99.999 13.251 13.252 99.999 99.999 99.999  0.183 99.999 99.999 99.999 99.999  99.999  99.999  99.999  99.999  0.021  0.021  0.015  0.014  0.064  0.058   22   18 99.999 99.999   99  21.168615250 -16.465861335  3 38 12.86 2005  9 24 2453637.65153773     8  V                     n30160.fits                                        Triton                1020  1020
  -0.039  -0.124  447.09  529.25 1.615    145.22    116.03 99.999 99.999 99.999 13.142 13.165 99.999 99.999 99.999  0.201 99.999 99.999 99.999 99.999  99.999  99.999  99.999  99.999  0.026  0.026  0.019  0.015  0.067  0.052   23   16 99.999 99.999   99  21.168614553 -16.465884441  3 38 32.32 2005  9 24 2453637.65176296     8  V                     n30161.fits                                        Triton                1020  1020
  -0.044  -0.096  447.06  529.01 1.694    130.52    115.62 99.999 99.999 99.999 13.221 13.191 99.999 99.999 99.999  0.133 99.999 99.999 99.999 99.999  99.999  99.999  99.999  99.999  0.028  0.028  0.013  0.022  0.047  0.076   20   15 99.999 99.999   99  21.168614252 -16.465877456  3 38 52.72 2005  9 24 2453637.65199907     8  V                     n30162.fits                                        Triton                1020  1020
  -0.041  -0.032  447.04  529.62 1.897    107.83    114.83 99.999 99.999 99.999 13.237 13.178 99.999 99.999 99.999  0.152 99.999 99.999 99.999 99.999  99.999  99.999  99.999  99.999  0.020  0.020  0.016  0.026  0.036  0.056   15    9 99.999 99.999   99  21.168613955 -16.465861719  3 39 32.63 2005  9 24 2453637.65246100     8  V                     n30164.fits                                        Triton                1020  1020
  -0.003  -0.143  446.62  531.13 1.773    117.66    138.32 99.999 99.999 99.999 13.217 13.141 99.999 99.999 99.999  0.243 99.999 99.999 99.999 99.999  99.999  99.999  99.999  99.999  0.023  0.023  0.013  0.018  0.051  0.071   26   18 99.999 99.999   99  21.168614266 -16.465894400  3 40 17.72 2005  9 24 2453637.65298287     8  V                     n30166.fits                                        Triton                1020  1020
  -0.034  -0.098  446.73  531.14 1.760    139.78    117.89 99.999 99.999 99.999 13.177 13.182 99.999 99.999 99.999  0.188 99.999 99.999 99.999 99.999  99.999  99.999  99.999  99.999  0.026  0.026  0.013  0.013  0.051  0.051   19   15 99.999 99.999   99  21.168613483 -16.465882877  3 40 37.25 2005  9 24 2453637.65320891     8  V                     n30167.fits                                        Triton                1020  1020
  -0.007  -0.122  447.18  531.62 1.857    120.48    106.77 99.999 99.999 99.999 13.166 13.099 99.999 99.999 99.999  0.214 99.999 99.999 99.999 99.999  99.999  99.999  99.999  99.999  0.023  0.023  0.021  0.018  0.071  0.064   26   17 99.999 99.999   99  21.168613846 -16.465890150  3 40 57.61 2005  9 24 2453637.65344456     8  V                     n30168.fits                                        Triton                1020  1020
  -0.022  -0.065  446.78  529.30 1.855    120.40    132.56 99.999 99.999 99.999 13.158 13.136 99.999 99.999 99.999  0.205 99.999 99.999 99.999 99.999  99.999  99.999  99.999  99.999  0.023  0.023  0.015  0.018  0.054  0.065   23   13 99.999 99.999   99  21.168612499 -16.465879848  3 42 51.58 2005  9 24 2453637.65476366     8  V                     n30172.fits                                        Triton                1020  1020
  -0.041  -0.017  447.02  529.18 1.932    122.05    121.68 99.999 99.999 99.999 13.147 13.152 99.999 99.999 99.999  0.172 99.999 99.999 99.999 99.999  99.999  99.999  99.999  99.999  0.022  0.022  0.018  0.013  0.060  0.042   24   14 99.999 99.999   99  21.168611925 -16.465867358  3 43 11.91 2005  9 24 2453637.65499896     8  V                     n30173.fits                                        Triton                1020  1020
  -0.038  -0.059  447.22  530.27 2.058    108.04    113.53 99.999 99.999 99.999 13.273 13.361 99.999 99.999 99.999  0.242 99.999 99.999 99.999 99.999  99.999  99.999  99.999  99.999  0.030  0.030  0.022  0.019  0.073  0.063   20   13 99.999 99.999   99  21.168611627 -16.465880459  3 43 51.73 2005  9 24 2453637.65545984     8  V                     n30175.fits                                        Triton                1020  1020
  -0.011  -0.020  446.67  530.82 1.981    124.79    117.26 99.999 99.999 99.999 13.233 13.192 99.999 99.999 99.999  0.155 99.999 99.999 99.999 99.999  99.999  99.999  99.999  99.999  0.022  0.022  0.026  0.022  0.062  0.053   20   12 99.999 99.999   99  21.168611785 -16.465871678  3 44 31.67 2005  9 24 2453637.65592211     8  V                     n30177.fits                                        Triton                1020  1020
  -0.024  -0.121  446.79  530.94 1.721    166.71    125.21 99.999 99.999 99.999 13.124 13.171 99.999 99.999 99.999  0.232 99.999 99.999 99.999 99.999  99.999  99.999  99.999  99.999  0.000  0.000  0.016  0.020  0.055  0.071   24   16 99.999 99.999   99  21.168611348 -16.465900651  3 44 51.18 2005  9 24 2453637.65614792     8  V                     n30178.fits                                        Triton                1020  1020
  -0.003  -0.093  447.44  531.09 1.930    118.65    122.72 99.999 99.999 99.999 13.156 13.203 99.999 99.999 99.999  0.201 99.999 99.999 99.999 99.999  99.999  99.999  99.999  99.999  0.015  0.015  0.035  0.030  0.078  0.067   21   10 99.999 99.999   99  21.168611554 -16.465893531  3 45 11.54 2005  9 24 2453637.65638356     8  V                     n30179.fits                                        Triton                1020  1020
  -0.014  -0.048  447.22  531.60 2.249    105.23    114.13 99.999 99.999 99.999 13.178 13.183 99.999 99.999 99.999  0.189 99.999 99.999 99.999 99.999  99.999  99.999  99.999  99.999  0.019  0.019  0.014  0.017  0.053  0.065   21   15 99.999 99.999   99  21.168611177 -16.465882264  3 45 31.88 2005  9 24 2453637.65661898     8  V                     n30180.fits                                        Triton                1020  1020
   0.003  -0.072  446.75  530.98 1.955    105.72    119.35 99.999 99.999 99.999 13.333 13.332 99.999 99.999 99.999  0.185 99.999 99.999 99.999 99.999  99.999  99.999  99.999  99.999  0.027  0.027  0.018  0.019  0.058  0.062   21   14 99.999 99.999   99  21.168611316 -16.465889662  3 45 52.70 2005  9 24 2453637.65685995     8  V                     n30181.fits                                        Triton                1020  1020
  -0.048  -0.124  446.66  527.41 2.003    115.86    128.32 99.999 99.999 99.999 13.193 13.270 99.999 99.999 99.999  0.179 99.999 99.999 99.999 99.999  99.999  99.999  99.999  99.999  0.024  0.024  0.016  0.023  0.065  0.092   24   16 99.999 99.999   99  21.168609759 -16.465906641  3 46 52.27 2005  9 24 2453637.65754942     8  V                     n30184.fits                                        Triton                1020  1020
