  -0.006   0.051  381.29  533.47 2.690    208.35     35.22 99.999 99.999 99.999 13.522 13.397 99.999 99.999 99.999  0.158 99.999 99.999 99.999 99.999  99.999  99.999  99.999  99.999  0.044  0.044  0.022  0.020  0.070  0.063   16   12 99.999 99.999   99  20.824580410 -17.680590221  1 58 10.85 2002  7 18 2452473.58207002     2  CLEAR                 net0001.fits                                       Triton                 745  1050
  -0.007  -0.161  380.86  531.02 3.527    155.12     25.04 99.999 99.999 99.999 13.549 13.332 99.999 99.999 99.999  0.141 99.999 99.999 99.999 99.999  99.999  99.999  99.999  99.999  0.013  0.013  0.024  0.025  0.069  0.074   12   11 99.999 99.999   99  20.824579193 -17.680652816  1 59 19.20 2002  7 18 2452473.58286111     2  CLEAR                 net0005.fits                                       Triton                 745  1050
  -0.090  -0.079  380.50  532.60 2.420    230.66     41.88 99.999 99.999 99.999 13.449 13.298 99.999 99.999 99.999  0.210 99.999 99.999 99.999 99.999  99.999  99.999  99.999  99.999  0.025  0.025  0.019  0.005  0.068  0.018   17   14 99.999 99.999   99  20.824576413 -17.680633645  2  0 26.72 2002  7 18 2452473.58364259     2  CLEAR                 net0009.fits                                       Triton                 745  1050
   0.260   0.000  381.12  534.57 3.011    168.99     32.95 99.999 99.999 99.999 13.586 13.491 99.999 99.999 99.999  0.352 99.999 99.999 99.999 99.999  99.999  99.999  99.999  99.999  0.038  0.038  0.018  0.024  0.051  0.069   15    9 99.999 99.999   99  20.824582912 -17.680612415  2  0 43.62 2002  7 18 2452473.58383819     2  CLEAR                 net0010.fits                                       Triton                 745  1050
  -0.104   0.030  381.24  533.82 3.187    166.36     29.09 99.999 99.999 99.999 13.527 13.331 99.999 99.999 99.999  0.186 99.999 99.999 99.999 99.999  99.999  99.999  99.999  99.999  0.045  0.045  0.018  0.027  0.052  0.081   12   11 99.999 99.999   99  20.824575006 -17.680606827  2  1 32.54 2002  7 18 2452473.58440440     2  CLEAR                 net0013.fits                                       Triton                 745  1050
   0.107   0.234  381.79  536.97 1.822    183.02     80.66 99.999 99.999 99.999 13.536 13.424 99.999 99.999 99.999  0.161 99.999 99.999 99.999 99.999  99.999  99.999  99.999  99.999  0.007  0.007  0.019  0.022  0.047  0.053   12    8 99.999 99.999   99  20.824577668 -17.680554387  2  2 55.37 2002  7 18 2452473.58536308     2  CLEAR                 net0018.fits                                       Triton                 745  1050
   0.022   0.031  380.26  535.18 2.597    240.71     32.45 99.999 99.999 99.999 13.431 13.287 99.999 99.999 99.999  0.159 99.999 99.999 99.999 99.999  99.999  99.999  99.999  99.999  0.034  0.034  0.014  0.013  0.043  0.043   15   12 99.999 99.999   99  20.824575433 -17.680612880  2  3 28.59 2002  7 18 2452473.58574757     2  CLEAR                 net0020.fits                                       Triton                 745  1050
   0.053  -0.193  397.81  537.52 3.165     93.39     35.67 99.999 99.999 99.999 13.538 13.291 99.999 99.999 99.999  0.211 99.999 99.999 99.999 99.999  99.999  99.999  99.999  99.999  0.040  0.039  0.017  0.020  0.042  0.049   13   11 99.999 99.999   99  20.824349086 -17.681402887  5 43  1.82 2002  7 18 2452473.73821551     2  CLEAR                 net0036.fits                                       Triton                 745  1050
   0.198  -0.407  397.88  541.06 3.834     70.68     34.21 99.999 99.999 99.999 13.605 13.332 99.999 99.999 99.999  0.214 99.999 99.999 99.999 99.999  99.999  99.999  99.999  99.999  0.048  0.052  0.032  0.028  0.080  0.068   11   11 99.999 99.999   99  20.824351214 -17.681464754  5 43 42.41 2002  7 18 2452473.73868530     2  CLEAR                 net0037.fits                                       Triton                 745  1050
   0.069  -0.315  398.35  542.22 2.992    100.14     38.44 99.999 99.999 99.999 13.502 13.316 99.999 99.999 99.999  0.191 99.999 99.999 99.999 99.999  99.999  99.999  99.999  99.999  0.037  0.037  0.025  0.018  0.075  0.054   17   10 99.999 99.999   99  20.824346572 -17.681446368  5 45 46.63 2002  7 18 2452473.74012303     2  CLEAR                 net0040.fits                                       Triton                 745  1050
  -0.093  -0.106  398.98  540.50 1.889    239.20     58.13 99.999 99.999 99.999 13.345 13.177 99.999 99.999 99.999  0.201 99.999 99.999 99.999 99.999  99.999  99.999  99.999  99.999  0.012  0.012  0.013  0.016  0.048  0.059   25   15 99.999 99.999   99  20.824342006 -17.681393073  5 47  9.56 2002  7 18 2452473.74108287     2  CLEAR                 net0042.fits                                       Triton                 745  1050
