   0.057  -0.067  381.20  532.87 2.333    240.04     46.17 99.999 99.999 99.999 13.458 13.277 99.999 99.999 99.999  0.170 99.999 99.999 99.999 99.999  99.999  99.999  99.999  99.999  0.035  0.035  0.016  0.014  0.056  0.052   14   14 99.999 99.999   99  20.824581336 -17.680623985  1 58 28.31 2002  7 18 2452473.58227211     2  CLEAR                 net0002.fits                                       Triton                 745  1050
   0.083  -0.068  380.48  533.28 3.055    166.84     33.56 99.999 99.999 99.999 13.528 13.390 99.999 99.999 99.999  0.210 99.999 99.999 99.999 99.999  99.999  99.999  99.999  99.999  0.048  0.048  0.016  0.018  0.052  0.058   14   11 99.999 99.999   99  20.824581537 -17.680625286  1 58 44.90 2002  7 18 2452473.58246412     2  CLEAR                 net0003.fits                                       Triton                 745  1050
  -0.045  -0.036  381.94  531.84 2.588    262.10     27.44 99.999 99.999 99.999 13.409 13.256 99.999 99.999 99.999  0.207 99.999 99.999 99.999 99.999  99.999  99.999  99.999  99.999  0.025  0.025  0.017  0.018  0.065  0.066   19   14 99.999 99.999   99  20.824578758 -17.680617142  1 59  1.49 2002  7 18 2452473.58265613     2  CLEAR                 net0004.fits                                       Triton                 745  1050
   0.022  -0.062  380.78  529.87 2.381    269.60     35.49 99.999 99.999 99.999 13.467 13.346 99.999 99.999 99.999  0.181 99.999 99.999 99.999 99.999  99.999  99.999  99.999  99.999  0.031  0.031  0.014  0.014  0.050  0.053   17   15 99.999 99.999   99  20.824579481 -17.680626144  1 59 35.81 2002  7 18 2452473.58305336     2  CLEAR                 net0006.fits                                       Triton                 745  1050
   0.038  -0.050  380.47  531.07 2.109    256.01     56.13 99.999 99.999 99.999 13.478 13.348 99.999 99.999 99.999  0.180 99.999 99.999 99.999 99.999  99.999  99.999  99.999  99.999  0.010  0.010  0.013  0.012  0.046  0.043   20   14 99.999 99.999   99  20.824579496 -17.680623884  1 59 53.48 2002  7 18 2452473.58325787     2  CLEAR                 net0007.fits                                       Triton                 745  1050
  -0.025  -0.059  381.83  530.88 2.750    216.60     31.84 99.999 99.999 99.999 13.519 13.236 99.999 99.999 99.999  0.176 99.999 99.999 99.999 99.999  99.999  99.999  99.999  99.999  0.037  0.037  0.011  0.016  0.035  0.053   17   11 99.999 99.999   99  20.824577951 -17.680627171  2  0 10.10 2002  7 18 2452473.58345023     2  CLEAR                 net0008.fits                                       Triton                 745  1050
   0.077  -0.079  380.51  534.82 1.818    317.40     69.12 99.999 99.999 99.999 13.400 13.242 99.999 99.999 99.999  0.197 99.999 99.999 99.999 99.999  99.999  99.999  99.999  99.999  0.028  0.028  0.013  0.023  0.040  0.070   20   12 99.999 99.999   99  20.824579081 -17.680635325  2  0 59.35 2002  7 18 2452473.58402025     2  CLEAR                 net0011.fits                                       Triton                 745  1050
   0.026  -0.112  380.15  534.32 3.746    143.91     22.58 99.999 99.999 99.999 13.744 13.515 99.999 99.999 99.999  0.559 99.999 99.999 99.999 99.999  99.999  99.999  99.999  99.999  0.043  0.043  0.013  0.015  0.032  0.038   11    9 99.999 99.999   99  20.824577813 -17.680645358  2  1 15.95 2002  7 18 2452473.58421238     2  CLEAR                 net0012.fits                                       Triton                 745  1050
  -0.005  -0.093  380.67  535.08 3.705    145.13     24.48 99.999 99.999 99.999 13.607 13.371 99.999 99.999 99.999  0.245 99.999 99.999 99.999 99.999  99.999  99.999  99.999  99.999  0.057  0.057  0.030  0.031  0.077  0.079   10    8 99.999 99.999   99  20.824576616 -17.680641997  2  1 49.40 2002  7 18 2452473.58459954     2  CLEAR                 net0014.fits                                       Triton                 745  1050
   0.057  -0.025  381.22  536.08 2.981    200.93     26.71 99.999 99.999 99.999 13.499 13.364 99.999 99.999 99.999  0.165 99.999 99.999 99.999 99.999  99.999  99.999  99.999  99.999  0.027  0.027  0.017  0.021  0.059  0.073   15   13 99.999 99.999   99  20.824577553 -17.680623968  2  2  5.98 2002  7 18 2452473.58479144     2  CLEAR                 net0015.fits                                       Triton                 745  1050
   0.013  -0.109  380.72  537.54 2.498    195.10     45.27 99.999 99.999 99.999 13.512 13.320 99.999 99.999 99.999  0.153 99.999 99.999 99.999 99.999  99.999  99.999  99.999  99.999  0.039  0.039  0.020  0.008  0.062  0.027   13   11 99.999 99.999   99  20.824576385 -17.680648002  2  2 22.72 2002  7 18 2452473.58498519     2  CLEAR                 net0016.fits                                       Triton                 745  1050
   0.052  -0.034  381.20  536.96 2.196    269.08     46.58 99.999 99.999 99.999 13.471 13.342 99.999 99.999 99.999  0.174 99.999 99.999 99.999 99.999  99.999  99.999  99.999  99.999  0.033  0.033  0.015  0.020  0.055  0.072   18   15 99.999 99.999   99  20.824576877 -17.680628058  2  2 39.41 2002  7 18 2452473.58517836     2  CLEAR                 net0017.fits                                       Triton                 745  1050
   0.055  -0.088  380.80  534.97 2.774    222.46     29.55 99.999 99.999 99.999 13.390 13.279 99.999 99.999 99.999  0.168 99.999 99.999 99.999 99.999  99.999  99.999  99.999  99.999  0.036  0.036  0.011  0.014  0.043  0.056   17   16 99.999 99.999   99  20.824576365 -17.680645055  2  3 11.97 2002  7 18 2452473.58555521     2  CLEAR                 net0019.fits                                       Triton                 745  1050
  -0.017  -0.116  398.12  540.88 2.864    126.83     34.75 99.999 99.999 99.999 13.473 13.273 99.999 99.999 99.999  0.156 99.999 99.999 99.999 99.999  99.999  99.999  99.999  99.999  0.025  0.025  0.015  0.018  0.059  0.071   21   16 99.999 99.999   99  20.824346306 -17.681386042  5 44 23.79 2002  7 18 2452473.73916424     2  CLEAR                 net0038.fits                                       Triton                 745  1050
   0.022  -0.061  398.26  541.98 2.257    191.08     37.84 99.999 99.999 99.999 13.407 13.197 99.999 99.999 99.999  0.171 99.999 99.999 99.999 99.999  99.999  99.999  99.999  99.999  0.017  0.017  0.010  0.017  0.045  0.075   24   20 99.999 99.999   99  20.824346379 -17.681373261  5 45  5.21 2002  7 18 2452473.73964363     2  CLEAR                 net0039.fits                                       Triton                 745  1050
   0.021  -0.067  399.33  541.14 2.526    173.90     35.35 99.999 99.999 99.999 13.466 13.275 99.999 99.999 99.999  0.189 99.999 99.999 99.999 99.999  99.999  99.999  99.999  99.999  0.020  0.020  0.010  0.016  0.045  0.075   25   21 99.999 99.999   99  20.824344936 -17.681379845  5 46 28.03 2002  7 18 2452473.74060220     2  CLEAR                 net0041.fits                                       Triton                 745  1050
  -0.045  -0.061  399.33  541.57 2.005    284.76     39.04 99.999 99.999 99.999 13.311 13.157 99.999 99.999 99.999  0.201 99.999 99.999 99.999 99.999  99.999  99.999  99.999  99.999  0.017  0.017  0.013  0.014  0.059  0.062   26   20 99.999 99.999   99  20.824342246 -17.681382889  5 47 51.00 2002  7 18 2452473.74156250     2  CLEAR                 net0043.fits                                       Triton                 745  1050
  -0.022  -0.059  398.88  541.50 2.143    247.74     36.96 99.999 99.999 99.999 13.354 13.164 99.999 99.999 99.999  0.183 99.999 99.999 99.999 99.999  99.999  99.999  99.999  99.999  0.020  0.020  0.015  0.011  0.063  0.047   27   18 99.999 99.999   99  20.824341982 -17.681384634  5 48 31.63 2002  7 18 2452473.74203275     2  CLEAR                 net0044.fits                                       Triton                 745  1050
   0.015  -0.061  399.71  542.54 2.323    183.69     35.89 99.999 99.999 99.999 13.381 13.106 99.999 99.999 99.999  0.155 99.999 99.999 99.999 99.999  99.999  99.999  99.999  99.999  0.013  0.013  0.015  0.015  0.062  0.062   25   19 99.999 99.999   99  20.824341994 -17.681387368  5 49 13.02 2002  7 18 2452473.74251181     2  CLEAR                 net0045.fits                                       Triton                 745  1050
