  -0.224  -0.062  546.34  482.98 2.880     68.64     15.51 99.999 99.999 99.999 13.196 13.314 99.999 99.999 99.999  0.185 99.999 99.999 99.999 99.999  99.999  99.999  99.999  99.999  0.023  0.023  0.039  0.023  0.072  0.043    5    5 99.999 99.999   99  22.584797572  -9.719300774  4  3 33.48 2014  7 30 2456868.66913752    10    R                   Triton_004.fits                                    Triton                1024  1024
   0.028   0.040  545.27  483.79 1.687    127.03     27.63 99.999 99.999 99.999 13.213 13.349 99.999 99.999 99.999  0.166 99.999 99.999 99.999 99.999  99.999  99.999  99.999  99.999  0.015  0.015  0.042  0.043  0.086  0.087    6    6 99.999 99.999   99  22.584802115  -9.719273067  4  3 46.29 2014  7 30 2456868.66928579    10    R                   Triton_005.fits                                    Triton                1024  1024
  -0.020  -0.008  546.22  483.17 2.300    109.46     15.22 99.999 99.999 99.999 13.073 13.327 99.999 99.999 99.999  0.223 99.999 99.999 99.999 99.999  99.999  99.999  99.999  99.999  0.015  0.015  0.028  0.020  0.057  0.041    7    6 99.999 99.999   99  22.584801005  -9.719286910  4  3 59.10 2014  7 30 2456868.66943406    10    R                   Triton_006.fits                                    Triton                1024  1024
   0.061  -0.179  540.78  482.97 1.961     79.03     27.87 99.999 99.999 99.999 13.205 13.327 99.999 99.999 99.999  0.271 99.999 99.999 99.999 99.999  99.999  99.999  99.999  99.999  0.027  0.027  0.000  0.000  0.000  0.000    5    3 99.999 99.999   99  22.584801702  -9.719337316  4  4 50.35 2014  7 30 2456868.67002718    10    R                   Triton_010.fits                                    Triton                1024  1024
   0.004   0.072  542.00  483.83 2.271     97.33     18.46 99.999 99.999 99.999 13.103 13.418 99.999 99.999 99.999  0.341 99.999 99.999 99.999 99.999  99.999  99.999  99.999  99.999  0.012  0.012  0.052  0.047  0.086  0.079    6    5 99.999 99.999   99  22.584800436  -9.719267925  4  5  3.16 2014  7 30 2456868.67017546    10    R                   Triton_011.fits                                    Triton                1024  1024
  -0.014  -0.078  540.35  482.94 1.096    129.51     52.10 99.999 99.999 99.999 13.185 13.523 99.999 99.999 99.999  0.217 99.999 99.999 99.999 99.999  99.999  99.999  99.999  99.999  0.011  0.011  0.007  0.042  0.013  0.077    6    5 99.999 99.999   99  22.584799911  -9.719310621  4  5 15.97 2014  7 30 2456868.67032376    10    R                   Triton_012.fits                                    Triton                1024  1024
  -0.192  -0.056  546.55  484.24 2.729     80.88     15.46 99.999 99.999 99.999 13.192 13.292 99.999 99.999 99.999  0.181 99.999 99.999 99.999 99.999  99.999  99.999  99.999  99.999  0.018  0.018  0.027  0.062  0.046  0.103    5    4 99.999 99.999   99  22.584795955  -9.719306362  4  5 54.40 2014  7 30 2456868.67076854    10    R                   Triton_015.fits                                    Triton                1024  1024
   0.256   0.089  547.04  484.58 2.472     89.35     17.86 99.999 99.999 99.999 13.173 13.502 99.999 99.999 99.999  0.151 99.999 99.999 99.999 99.999  99.999  99.999  99.999  99.999  0.022  0.022  0.089  0.036  0.136  0.055    6    4 99.999 99.999   99  22.584803970  -9.719267570  4  6 20.02 2014  7 30 2456868.67106510    10    R                   Triton_017.fits                                    Triton                1024  1024
   0.073   0.042  545.99  483.80 2.228    101.66     20.04 99.999 99.999 99.999 13.133 13.416 99.999 99.999 99.999  0.265 99.999 99.999 99.999 99.999  99.999  99.999  99.999  99.999  0.019  0.019  0.069  0.043  0.134  0.082    7    4 99.999 99.999   99  22.584800130  -9.719281662  4  6 45.65 2014  7 30 2456868.67136165    10    R                   Triton_019.fits                                    Triton                1024  1024
   1.377   0.358  542.55  482.38 1.821    108.47     24.74 99.999 99.999 99.999 13.141 13.308 99.999 99.999 99.999  0.181 99.999 99.999 99.999 99.999  99.999  99.999  99.999  99.999  0.006  0.006  0.000  0.000  0.000  0.000    3    3 99.999 99.999   99  22.584823619  -9.719197340  4  7 49.70 2014  7 30 2456868.67210306    10    R                   Triton_024.fits                                    Triton                1024  1024
  -0.097  -0.172  541.57  482.67 1.549     84.26     35.76 99.999 99.999 99.999 13.225 13.600 99.999 99.999 99.999  0.246 99.999 99.999 99.999 99.999  99.999  99.999  99.999  99.999  0.033  0.033  0.044  0.026  0.080  0.047    6    5 99.999 99.999   99  22.584795308  -9.719346347  4  8 28.14 2014  7 30 2456868.67254787    10    R                   Triton_027.fits                                    Triton                1024  1024
   0.155  -0.130  540.02  482.10 1.573     95.70     32.98 99.999 99.999 99.999 13.140 13.390 99.999 99.999 99.999  0.188 99.999 99.999 99.999 99.999  99.999  99.999  99.999  99.999  0.003  0.003  0.048  0.066  0.081  0.111    5    5 99.999 99.999   99  22.584799851  -9.719335662  4  8 40.95 2014  7 30 2456868.67269616    10    R                   Triton_028.fits                                    Triton                1024  1024
   0.090  -0.017  539.88  483.28 1.767     89.12     26.93 99.999 99.999 99.999 13.207 13.295 99.999 99.999 99.999  0.277 99.999 99.999 99.999 99.999  99.999  99.999  99.999  99.999  0.019  0.019  0.039  0.059  0.066  0.099    6    5 99.999 99.999   99  22.584798417  -9.719304602  4  8 53.76 2014  7 30 2456868.67284446    10    R                   Triton_029.fits                                    Triton                1024  1024
   0.186   0.084  541.03  483.33 2.676     81.12     11.31 99.999 99.999 99.999 13.236 13.377 99.999 99.999 99.999  0.204 99.999 99.999 99.999 99.999  99.999  99.999  99.999  99.999  0.015  0.015  0.014  0.036  0.019  0.049    5    4 99.999 99.999   99  22.584800014  -9.719277179  4  9  6.66 2014  7 30 2456868.67299377    10    R                   Triton_030.fits                                    Triton                1024  1024
