   0.024  -0.079  481.40  492.88 1.740    125.87      9.01 99.999 99.999 99.999 13.289 13.383 99.999 99.999 99.999  0.180 99.999 99.999 99.999 99.999  99.999  99.999  99.999  99.999  0.020  0.020  0.018  0.020  0.058  0.067   15   12 99.999 99.999   99  21.450274903 -15.232369047  4 56  2.31 2006  7  4 2453920.70558229     3  V                     n20001.fits                                        Triton                1020  1020
   0.052  -0.016  478.05  493.80 1.312    179.26     20.88 99.999 99.999 99.999 13.134 13.268 99.999 99.999 99.999  0.298 99.999 99.999 99.999 99.999  99.999  99.999  99.999  99.999  0.015  0.015  0.019  0.017  0.074  0.066   19   15 99.999 99.999   99  21.450274170 -15.232361616  4 57 35.71 2006  7  4 2453920.70666331     3  V                     n20003.fits                                        Triton                1020  1020
   0.076  -0.117  477.67  494.78 1.583    145.99     10.82 99.999 99.999 99.999 13.302 13.404 99.999 99.999 99.999  0.272 99.999 99.999 99.999 99.999  99.999  99.999  99.999  99.999  0.015  0.015  0.020  0.015  0.065  0.051   19   13 99.999 99.999   99  21.450273981 -15.232394746  4 58 21.54 2006  7  4 2453920.70719375     3  V                     n20004.fits                                        Triton                1020  1020
  -0.020  -0.055  476.97  494.44 1.660    150.01      7.12 99.999 99.999 99.999 13.211 13.209 99.999 99.999 99.999  0.227 99.999 99.999 99.999 99.999  99.999  99.999  99.999  99.999  0.020  0.020  0.019  0.016  0.067  0.057   20   14 99.999 99.999   99  21.450271505 -15.232382445  4 59  7.40 2006  7  4 2453920.70772454     3  V                     n20005.fits                                        Triton                1020  1020
   0.031  -0.085  479.17  493.46 1.515    142.93     15.26 99.999 99.999 99.999 13.277 13.404 99.999 99.999 99.999  0.219 99.999 99.999 99.999 99.999  99.999  99.999  99.999  99.999  0.008  0.008  0.018  0.021  0.065  0.073   18   13 99.999 99.999   99  21.450271837 -15.232395808  4 59 54.08 2006  7  4 2453920.70826481     3  V                     n20006.fits                                        Triton                1020  1020
   0.029  -0.067  477.31  494.08 1.522    160.93     11.84 99.999 99.999 99.999 13.273 13.385 99.999 99.999 99.999  0.208 99.999 99.999 99.999 99.999  99.999  99.999  99.999  99.999  0.015  0.015  0.019  0.020  0.071  0.076   17   15 99.999 99.999   99  21.450269909 -15.232405974  5  2 12.41 2006  7  4 2453920.70986586     3  V                     n20009.fits                                        Triton                1020  1020
  -0.027   0.016  479.65  492.59 1.419    176.32     13.77 99.999 99.999 99.999 13.236 13.297 99.999 99.999 99.999  0.252 99.999 99.999 99.999 99.999  99.999  99.999  99.999  99.999  0.016  0.016  0.017  0.017  0.058  0.058   20   14 99.999 99.999   99  21.450267572 -15.232392918  5  3 44.94 2006  7  4 2453920.71093681     3  V                     n20011.fits                                        Triton                1020  1020
   0.022  -0.071  479.78  492.69 1.377    179.29     15.08 99.999 99.999 99.999 13.332 13.375 99.999 99.999 99.999  0.205 99.999 99.999 99.999 99.999  99.999  99.999  99.999  99.999  0.019  0.019  0.020  0.018  0.065  0.057   17   12 99.999 99.999   99  21.450267888 -15.232422293  5  4 30.77 2006  7  4 2453920.71146725     3  V                     n20012.fits                                        Triton                1020  1020
   0.009  -0.082  478.75  493.21 1.320    198.22     16.11 99.999 99.999 99.999 13.220 13.174 99.999 99.999 99.999  0.224 99.999 99.999 99.999 99.999  99.999  99.999  99.999  99.999  0.008  0.008  0.023  0.019  0.074  0.059   16   12 99.999 99.999   99  21.450267007 -15.232430297  5  5 16.61 2006  7  4 2453920.71199780     3  V                     n20013.fits                                        Triton                1020  1020
   0.034  -0.058  478.58  493.56 1.333    178.81     17.14 99.999 99.999 99.999 13.288 13.336 99.999 99.999 99.999  0.262 99.999 99.999 99.999 99.999  99.999  99.999  99.999  99.999  0.016  0.016  0.021  0.019  0.072  0.065   17   12 99.999 99.999   99  21.450266244 -15.232433486  5  6 48.27 2006  7  4 2453920.71305868     3  V                     n20015.fits                                        Triton                1020  1020
   0.069  -0.104  481.36  491.45 0.912    209.38     39.86 99.999 99.999 99.999 13.236 13.227 99.999 99.999 99.999  0.208 99.999 99.999 99.999 99.999  99.999  99.999  99.999  99.999  0.034  0.014  0.018  0.016  0.054  0.048   15   11 99.999 99.999   99  21.450266268 -15.232451254  5  7 34.95 2006  7  4 2453920.71359896     3  V                     n20016.fits                                        Triton                1020  1020
   0.038  -0.053  482.78  490.79 1.254    200.62     19.27 99.999 99.999 99.999 13.392 13.519 99.999 99.999 99.999  0.156 99.999 99.999 99.999 99.999  99.999  99.999  99.999  99.999  0.017  0.017  0.022  0.018  0.068  0.054   11   11 99.999 99.999   99  21.450265026 -15.232442298  5  8 20.31 2006  7  4 2453920.71412396     3  V                     n20017.fits                                        Triton                1020  1020
   0.002  -0.038  482.19  491.16 1.336    204.07     11.97 99.999 99.999 99.999 13.253 13.300 99.999 99.999 99.999  0.170 99.999 99.999 99.999 99.999  99.999  99.999  99.999  99.999  0.021  0.021  0.018  0.022  0.060  0.071   16   12 99.999 99.999   99  21.450263707 -15.232443224  5  9  7.88 2006  7  4 2453920.71467454     3  V                     n20018.fits                                        Triton                1020  1020
   0.062  -0.061  481.76  491.07 1.457    167.51     12.14 99.999 99.999 99.999 13.324 13.322 99.999 99.999 99.999  0.223 99.999 99.999 99.999 99.999  99.999  99.999  99.999  99.999  0.015  0.015  0.019  0.017  0.076  0.065   16   16 99.999 99.999   99  21.450264215 -15.232454592  5  9 53.77 2006  7  4 2453920.71520567     3  V                     n20019.fits                                        Triton                1020  1020
   0.047  -0.125  481.79  491.26 1.408    167.29     14.82 99.999 99.999 99.999 13.213 13.354 99.999 99.999 99.999  0.270 99.999 99.999 99.999 99.999  99.999  99.999  99.999  99.999  0.011  0.011  0.017  0.020  0.059  0.069   18   13 99.999 99.999   99  21.450263288 -15.232477368  5 10 39.65 2006  7  4 2453920.71573669     3  V                     n20020.fits                                        Triton                1020  1020
   0.034  -0.103  483.69  489.83 1.319    161.46     21.55 99.999 99.999 99.999 13.333 13.320 99.999 99.999 99.999  0.125 99.999 99.999 99.999 99.999  99.999  99.999  99.999  99.999  0.000  0.000  0.018  0.017  0.069  0.067   15   15 99.999 99.999   99  21.450262412 -15.232476441  5 11 25.49 2006  7  4 2453920.71626725     3  V                     n20021.fits                                        Triton                1020  1020
   0.028  -0.066  484.91  488.94 1.363    167.60     17.13 99.999 99.999 99.999 13.393 13.378 99.999 99.999 99.999  0.233 99.999 99.999 99.999 99.999  99.999  99.999  99.999  99.999  0.014  0.014  0.020  0.018  0.069  0.062   15   12 99.999 99.999   99  21.450261678 -15.232471007  5 12 11.32 2006  7  4 2453920.71679769     3  V                     n20022.fits                                        Triton                1020  1020
   0.012  -0.130  483.88  489.91 1.344    184.63     16.56 99.999 99.999 99.999 13.233 13.259 99.999 99.999 99.999  0.253 99.999 99.999 99.999 99.999  99.999  99.999  99.999  99.999  0.017  0.017  0.018  0.017  0.060  0.055   16   13 99.999 99.999   99  21.450260739 -15.232493799  5 12 58.02 2006  7  4 2453920.71733819     3  V                     n20023.fits                                        Triton                1020  1020
  -0.026  -0.012  483.08  490.46 1.297    195.97     15.97 99.999 99.999 99.999 13.299 13.241 99.999 99.999 99.999  0.170 99.999 99.999 99.999 99.999  99.999  99.999  99.999  99.999  0.011  0.011  0.015  0.017  0.055  0.061   17   14 99.999 99.999   99  21.450259333 -15.232465993  5 13 44.70 2006  7  4 2453920.71787847     3  V                     n20024.fits                                        Triton                1020  1020
   0.021   0.014  481.55  491.04 1.434    184.25      9.51 99.999 99.999 99.999 13.270 13.249 99.999 99.999 99.999  0.259 99.999 99.999 99.999 99.999  99.999  99.999  99.999  99.999  0.021  0.021  0.020  0.018  0.065  0.058   17   12 99.999 99.999   99  21.450258984 -15.232468784  5 15 16.36 2006  7  4 2453920.71893935     3  V                     n20026.fits                                        Triton                1020  1020
   0.076  -0.111  480.50  491.45 1.568    138.98     13.11 99.999 99.999 99.999 13.264 13.190 99.999 99.999 99.999  0.235 99.999 99.999 99.999 99.999  99.999  99.999  99.999  99.999  0.028  0.028  0.015  0.014  0.052  0.049   16   12 99.999 99.999   99  21.450258121 -15.232518860  5 17 34.73 2006  7  4 2453920.72054086     3  V                     n20029.fits                                        Triton                1020  1020
   0.089  -0.007  479.85  492.38 1.320    171.41     18.55 99.999 99.999 99.999 13.238 13.350 99.999 99.999 99.999  0.212 99.999 99.999 99.999 99.999  99.999  99.999  99.999  99.999  0.011  0.011  0.018  0.013  0.066  0.047   17   13 99.999 99.999   99  21.450257757 -15.232495135  5 18 20.57 2006  7  4 2453920.72107141     3  V                     n20030.fits                                        Triton                1020  1020
  -0.017  -0.134  480.29  492.27 1.645    121.38     13.00 99.999 99.999 99.999 13.359 13.446 99.999 99.999 99.999  0.236 99.999 99.999 99.999 99.999  99.999  99.999  99.999  99.999  0.015  0.015  0.018  0.012  0.065  0.041   17   13 99.999 99.999   99  21.450255089 -15.232535185  5 19  6.41 2006  7  4 2453920.72160197     3  V                     n20031.fits                                        Triton                1020  1020
   0.082  -0.020  481.40  491.34 1.526    150.57     12.09 99.999 99.999 99.999 13.290 13.428 99.999 99.999 99.999  0.274 99.999 99.999 99.999 99.999  99.999  99.999  99.999  99.999  0.027  0.027  0.019  0.022  0.070  0.079   19   14 99.999 99.999   99  21.450256360 -15.232508626  5 19 52.24 2006  7  4 2453920.72213241     3  V                     n20032.fits                                        Triton                1020  1020
   0.079  -0.012  480.78  491.68 1.336    170.47     17.55 99.999 99.999 99.999 13.250 13.297 99.999 99.999 99.999  0.179 99.999 99.999 99.999 99.999  99.999  99.999  99.999  99.999  0.020  0.020  0.025  0.023  0.080  0.075   14   11 99.999 99.999   99  21.450255655 -15.232511426  5 20 38.92 2006  7  4 2453920.72267269     3  V                     n20033.fits                                        Triton                1020  1020
   0.056  -0.138  480.38  491.79 1.588    143.93     11.18 99.999 99.999 99.999 13.274 13.367 99.999 99.999 99.999  0.285 99.999 99.999 99.999 99.999  99.999  99.999  99.999  99.999  0.015  0.015  0.023  0.021  0.068  0.062   15   12 99.999 99.999   99  21.450254567 -15.232551482  5 21 24.75 2006  7  4 2453920.72320312     3  V                     n20034.fits                                        Triton                1020  1020
   0.036  -0.154  479.54  492.16 1.322    172.81     18.83 99.999 99.999 99.999 13.328 13.371 99.999 99.999 99.999  0.218 99.999 99.999 99.999 99.999  99.999  99.999  99.999  99.999  0.009  0.009  0.020  0.014  0.077  0.053   17   15 99.999 99.999   99  21.450253574 -15.232560813  5 22 10.58 2006  7  4 2453920.72373356     3  V                     n20035.fits                                        Triton                1020  1020
   0.042  -0.123  479.26  492.70 1.515    151.86     12.07 99.999 99.999 99.999 13.405 13.350 99.999 99.999 99.999  0.110 99.999 99.999 99.999 99.999  99.999  99.999  99.999  99.999  0.012  0.012  0.020  0.018  0.073  0.064   15   13 99.999 99.999   99  21.450253059 -15.232557106  5 22 56.40 2006  7  4 2453920.72426389     3  V                     n20036.fits                                        Triton                1020  1020
   0.049  -0.060  482.06  490.66 1.331    182.29     15.93 99.999 99.999 99.999 13.289 13.268 99.999 99.999 99.999  0.230 99.999 99.999 99.999 99.999  99.999  99.999  99.999  99.999  0.017  0.017  0.018  0.016  0.064  0.059   17   14 99.999 99.999   99  21.450252552 -15.232544627  5 23 42.22 2006  7  4 2453920.72479421     3  V                     n20037.fits                                        Triton                1020  1020
  -0.004  -0.032  482.26  490.58 1.265    185.92     20.60 99.999 99.999 99.999 13.333 13.455 99.999 99.999 99.999  0.230 99.999 99.999 99.999 99.999  99.999  99.999  99.999  99.999  0.011  0.010  0.020  0.021  0.065  0.066   13   11 99.999 99.999   99  21.450250889 -15.232542246  5 24 28.90 2006  7  4 2453920.72533449     3  V                     n20038.fits                                        Triton                1020  1020
   0.022  -0.032  481.66  491.21 1.318    183.33     18.01 99.999 99.999 99.999 13.393 13.402 99.999 99.999 99.999  0.234 99.999 99.999 99.999 99.999  99.999  99.999  99.999  99.999  0.000  0.000  0.018  0.017  0.064  0.060   15   13 99.999 99.999   99  21.450250749 -15.232547094  5 25 14.72 2006  7  4 2453920.72586481     3  V                     n20039.fits                                        Triton                1020  1020
   0.030  -0.040  480.85  491.32 1.167    214.02     21.75 99.999 99.999 99.999 13.297 13.339 99.999 99.999 99.999  0.237 99.999 99.999 99.999 99.999  99.999  99.999  99.999  99.999  0.009  0.009  0.024  0.019  0.078  0.061   16   13 99.999 99.999   99  21.450250276 -15.232554342  5 26  0.55 2006  7  4 2453920.72639525     3  V                     n20040.fits                                        Triton                1020  1020
