  -0.040  -0.140 1045.34  701.57 2.461     82.83     14.39 99.999 99.999 99.999 13.680 13.766 99.999 99.999 99.999  0.316 99.999 99.999 99.999 99.999  99.999  99.999  99.999  99.999  0.032  0.032  0.036  0.024  0.068  0.045   18    9 99.999 99.999   99  22.464938913 -10.305165912  7 45 27.57 2013  5  5 2456417.82323578    10    I                   Netuno_0001.fits                                   Triton                2048  2048
  -0.040  -0.121 1049.20  717.28 1.737    337.51     40.71 99.999 99.999 99.999 13.554 13.632 99.999 99.999 99.999  0.226 99.999 99.999 99.999 99.999  99.999  99.999  99.999  99.999  0.008  0.008  0.015  0.015  0.056  0.056   30   18 99.999 99.999   99  22.464947891 -10.305125779  7 55 14.12 2013  5  5 2456417.83002459    20    I                   Netuno_0008.fits                                   Triton                2048  2048
  -0.133   0.090 1050.27  721.12 2.072     22.55     30.03 99.999 99.999 99.999 13.200 13.444 99.999 99.999 99.999  0.267 99.999 99.999 99.999 99.999  99.999  99.999  99.999  99.999  0.025  0.025  0.038  0.011  0.088  0.026    7    6 99.999 99.999   99  22.464949183 -10.305055633  7 58 33.67 2013  5  5 2456417.83233419    20    I                   Netuno_0016.fits                                   Triton                2048  2048
  -0.036  -0.079 1050.17  723.61 1.823     45.47     33.05 99.999 99.999 99.999 13.532 13.664 99.999 99.999 99.999  0.208 99.999 99.999 99.999 99.999  99.999  99.999  99.999  99.999  0.054  0.054  0.023  0.022  0.058  0.056   12   10 99.999 99.999   99  22.464951406 -10.305100731  7 58 58.60 2013  5  5 2456417.83262264    20    I                   Netuno_0017.fits                                   Triton                2048  2048
   0.170  -0.019 1049.94  724.22 1.906     44.51     32.04 99.999 99.999 99.999 13.437 13.586 99.999 99.999 99.999  0.288 99.999 99.999 99.999 99.999  99.999  99.999  99.999  99.999  0.016  0.016  0.027  0.015  0.073  0.041   13    9 99.999 99.999   99  22.464955680 -10.305082804  7 59 23.52 2013  5  5 2456417.83291109    20    I                   Netuno_0018.fits                                   Triton                2048  2048
   0.168  -0.140 1050.68  719.27 1.478     29.29     33.53 99.999 99.999 99.999 13.329 13.435 99.999 99.999 99.999  0.217 99.999 99.999 99.999 99.999  99.999  99.999  99.999  99.999  0.006  0.006  0.017  0.020  0.041  0.048    9    8 99.999 99.999   99  22.464956777 -10.305111925  8  0 38.33 2013  5  5 2456417.83377698    20    I                   Netuno_0021.fits                                   Triton                2048  2048
  -0.180   0.198 1049.58  724.85 1.705    348.07     45.59 99.999 99.999 99.999 13.331 13.435 99.999 99.999 99.999  0.236 99.999 99.999 99.999 99.999  99.999  99.999  99.999  99.999  0.010  0.010  0.017  0.018  0.056  0.057   30   15 99.999 99.999   99  22.464951759 -10.305012157  8  2 18.08 2013  5  5 2456417.83493150    20    I                   Netuno_0025.fits                                   Triton                2048  2048
  -0.071   0.177 1048.59  726.50 1.676    351.41     47.91 99.999 99.999 99.999 13.423 13.483 99.999 99.999 99.999  0.220 99.999 99.999 99.999 99.999  99.999  99.999  99.999  99.999  0.008  0.008  0.015  0.018  0.051  0.061   30   15 99.999 99.999   99  22.464954173 -10.305016728  8  2 43.04 2013  5  5 2456417.83522032    20    I                   Netuno_0026.fits                                   Triton                2048  2048
  -0.141   0.037 1049.47  720.31 1.415    211.39     44.86 99.999 99.999 99.999 13.481 13.553 99.999 99.999 99.999  0.300 99.999 99.999 99.999 99.999  99.999  99.999  99.999  99.999  0.015  0.015  0.014  0.015  0.047  0.048   27   17 99.999 99.999   99  22.464954770 -10.305048294  8  4 47.79 2013  5  5 2456417.83666420    20    I                   Netuno_0031.fits                                   Triton                2048  2048
   0.023  -0.160 1050.96  724.36 1.485    179.96     35.68 99.999 99.999 99.999 13.255 13.261 99.999 99.999 99.999  0.319 99.999 99.999 99.999 99.999  99.999  99.999  99.999  99.999  0.012  0.012  0.017  0.015  0.054  0.049   26   14 99.999 99.999   99  22.464958988 -10.305098699  8  6  2.60 2013  5  5 2456417.83753010    20    I                   Netuno_0034.fits                                   Triton                2048  2048
  -0.069   0.122 1050.28  720.90 1.617    420.65     40.46 99.999 99.999 99.999 13.459 13.480 99.999 99.999 99.999  0.234 99.999 99.999 99.999 99.999  99.999  99.999  99.999  99.999  0.010  0.010  0.014  0.011  0.058  0.047   30   20 99.999 99.999   99  22.464958785 -10.305014356  8  7 42.38 2013  5  5 2456417.83868499    20    I                   Netuno_0038.fits                                   Triton                2048  2048
  -0.053   0.099 1051.04  717.73 1.433    486.44     55.41 99.999 99.999 99.999 13.515 13.571 99.999 99.999 99.999  0.250 99.999 99.999 99.999 99.999  99.999  99.999  99.999  99.999  0.009  0.009  0.018  0.018  0.066  0.067   30   16 99.999 99.999   99  22.464959473 -10.305019095  8  8  7.34 2013  5  5 2456417.83897380    20    I                   Netuno_0039.fits                                   Triton                2048  2048
