  -0.142  -0.041 1007.52  902.76 1.268    354.02     77.38 99.999 99.999 99.999 13.366 13.385 99.999 99.999 99.999  0.210 99.999 99.999 99.999 99.999  99.999  99.999  99.999  99.999  0.013  0.013  0.021  0.029  0.059  0.084   15   12 99.999 99.999   99  22.307425042 -11.184167802  4  3  7.50 2012  7 22 2456130.66883681     3   'R       '           Netuno_0001.fits                                   Triton                2048  2048
  -0.146  -0.003 1006.99  906.03 1.105    440.00     86.94 99.999 99.999 99.999 13.384 13.333 99.999 99.999 99.999  0.256 99.999 99.999 99.999 99.999  99.999  99.999  99.999  99.999  0.012  0.012  0.040  0.037  0.081  0.074    6    6 99.999 99.999   99  22.307423432 -11.184170499  4  4 43.50 2012  7 22 2456130.66994792     3   'R       '           Netuno_0002.fits                                   Triton                2048  2048
  -0.137  -0.049 1006.79  905.84 1.235    377.75     73.58 99.999 99.999 99.999 13.344 13.348 99.999 99.999 99.999  0.197 99.999 99.999 99.999 99.999  99.999  99.999  99.999  99.999  0.011  0.011  0.028  0.043  0.064  0.100   11    6 99.999 99.999   99  22.307423505 -11.184184403  4  4 51.50 2012  7 22 2456130.67004051     3   'R       '           Netuno_0003.fits                                   Triton                2048  2048
  -0.100   0.001 1007.20  906.21 1.180    356.96     84.09 99.999 99.999 99.999 13.365 13.312 99.999 99.999 99.999  0.153 99.999 99.999 99.999 99.999  99.999  99.999  99.999  99.999  0.021  0.021  0.031  0.022  0.081  0.057    8    8 99.999 99.999   99  22.307424066 -11.184172006  4  5  0.50 2012  7 22 2456130.67014468     3   'R       '           Netuno_0004.fits                                   Triton                2048  2048
  -0.111  -0.082 1007.21  906.14 1.333    361.37     63.44 99.999 99.999 99.999 13.380 13.403 99.999 99.999 99.999  0.160 99.999 99.999 99.999 99.999  99.999  99.999  99.999  99.999  0.012  0.012  0.025  0.034  0.064  0.087   11   10 99.999 99.999   99  22.307423704 -11.184196243  4  5  9.50 2012  7 22 2456130.67024884     3   'R       '           Netuno_0005.fits                                   Triton                2048  2048
  -0.116  -0.093 1007.28  906.70 1.059    464.82     85.78 99.999 99.999 99.999 13.376 13.374 99.999 99.999 99.999  0.152 99.999 99.999 99.999 99.999  99.999  99.999  99.999  99.999  0.015  0.015  0.021  0.029  0.055  0.074   12   11 99.999 99.999   99  22.307423481 -11.184200420  4  5 18.50 2012  7 22 2456130.67035301     3   'R       '           Netuno_0006.fits                                   Triton                2048  2048
  -0.132  -0.032 1007.17  907.00 1.081    469.01     95.46 99.999 99.999 99.999 13.313 13.247 99.999 99.999 99.999  0.176 99.999 99.999 99.999 99.999  99.999  99.999  99.999  99.999  0.010  0.010  0.030  0.035  0.062  0.071    7    7 99.999 99.999   99  22.307423042 -11.184184777  4  5 26.50 2012  7 22 2456130.67044560     3   'R       '           Netuno_0007.fits                                   Triton                2048  2048
  -0.134   0.039 1007.06  907.29 1.229    410.84     66.76 99.999 99.999 99.999 13.288 13.322 99.999 99.999 99.999  0.250 99.999 99.999 99.999 99.999  99.999  99.999  99.999  99.999  0.010  0.010  0.026  0.034  0.058  0.077   10    8 99.999 99.999   99  22.307422861 -11.184166144  4  5 35.50 2012  7 22 2456130.67054977     3   'R       '           Netuno_0008.fits                                   Triton                2048  2048
  -0.203   0.054 1006.22  906.91 1.655    244.50     58.11 99.999 99.999 99.999 13.360 13.374 99.999 99.999 99.999  0.105 99.999 99.999 99.999 99.999  99.999  99.999  99.999  99.999  0.017  0.017  0.013  0.030  0.026  0.062    6    6 99.999 99.999   99  22.307421284 -11.184164349  4  5 53.50 2012  7 22 2456130.67075810     3   'R       '           Netuno_0010.fits                                   Triton                2048  2048
  -0.170  -0.058 1006.76  905.92 1.463    267.18     69.10 99.999 99.999 99.999 13.373 13.412 99.999 99.999 99.999  0.107 99.999 99.999 99.999 99.999  99.999  99.999  99.999  99.999  0.011  0.011  0.043  0.029  0.083  0.056    6    5 99.999 99.999   99  22.307421763 -11.184196886  4  6  2.50 2012  7 22 2456130.67086227     3   'R       '           Netuno_0011.fits                                   Triton                2048  2048
  -0.183   0.077 1007.12  906.76 1.301    336.02     73.81 99.999 99.999 99.999 13.312 13.209 99.999 99.999 99.999  0.199 99.999 99.999 99.999 99.999  99.999  99.999  99.999  99.999  0.017  0.017  0.084  0.131  0.057  0.089    5    5 99.999 99.999   99  22.307421382 -11.184160551  4  6 10.50 2012  7 22 2456130.67095486     3   'R       '           Netuno_0012.fits                                   Triton                2048  2048
  -0.097   0.009 1006.70  905.66 1.379    324.31     65.42 99.999 99.999 99.999 13.378 13.273 99.999 99.999 99.999  0.193 99.999 99.999 99.999 99.999  99.999  99.999  99.999  99.999  0.016  0.016  0.023  0.026  0.062  0.070   10    9 99.999 99.999   99  22.307422859 -11.184180472  4  6 19.50 2012  7 22 2456130.67105903     3   'R       '           Netuno_0013.fits                                   Triton                2048  2048
  -0.136   0.026 1006.95  901.13 1.230    352.19     79.41 99.999 99.999 99.999 13.283 13.256 99.999 99.999 99.999  0.201 99.999 99.999 99.999 99.999  99.999  99.999  99.999  99.999  0.013  0.013  0.021  0.027  0.057  0.074   10    8 99.999 99.999   99  22.307421715 -11.184179493  4  6 45.50 2012  7 22 2456130.67135995     3   'R       '           Netuno_0016.fits                                   Triton                2048  2048
  -0.068  -0.028 1007.77  900.12 1.561    250.83     65.48 99.999 99.999 99.999 13.447 13.429 99.999 99.999 99.999  0.174 99.999 99.999 99.999 99.999  99.999  99.999  99.999  99.999  0.014  0.014  0.082  0.032  0.108  0.043    6    6 99.999 99.999   99  22.307422854 -11.184195737  4  6 54.50 2012  7 22 2456130.67146412     3   'R       '           Netuno_0017.fits                                   Triton                2048  2048
  -0.066  -0.005 1006.92  898.98 1.407    258.01     72.37 99.999 99.999 99.999 13.392 13.396 99.999 99.999 99.999  0.152 99.999 99.999 99.999 99.999  99.999  99.999  99.999  99.999  0.011  0.011  0.029  0.028  0.079  0.076   10   10 99.999 99.999   99  22.307422755 -11.184190599  4  7  3.50 2012  7 22 2456130.67156829     3   'R       '           Netuno_0018.fits                                   Triton                2048  2048
  -0.212  -0.106 1007.58  897.98 1.452    227.38     73.14 99.999 99.999 99.999 13.538 13.426 99.999 99.999 99.999  0.193 99.999 99.999 99.999 99.999  99.999  99.999  99.999  99.999  0.016  0.016  0.029  0.028  0.072  0.069   12    8 99.999 99.999   99  22.307419715 -11.184221071  4  7 21.50 2012  7 22 2456130.67177662     3   'R       '           Netuno_0020.fits                                   Triton                2048  2048
  -0.145  -0.020 1007.53  897.88 1.519    243.00     60.22 99.999 99.999 99.999 13.355 13.339 99.999 99.999 99.999  0.244 99.999 99.999 99.999 99.999  99.999  99.999  99.999  99.999  0.001  0.001  0.041  0.036  0.082  0.072    6    6 99.999 99.999   99  22.307420839 -11.184198342  4  7 29.50 2012  7 22 2456130.67186921     3   'R       '           Netuno_0021.fits                                   Triton                2048  2048
  -0.104  -0.090 1007.02  899.32 1.275    366.49     64.31 99.999 99.999 99.999 13.502 13.641 99.999 99.999 99.999  0.176 99.999 99.999 99.999 99.999  99.999  99.999  99.999  99.999  0.011  0.011  0.023  0.031  0.055  0.073   10    8 99.999 99.999   99  22.307421478 -11.184219261  4  7 38.50 2012  7 22 2456130.67197338     3   'R       '           Netuno_0022.fits                                   Triton                2048  2048
  -0.100   0.019 1006.47  899.75 1.473    281.24     59.53 99.999 99.999 99.999 13.318 13.274 99.999 99.999 99.999  0.156 99.999 99.999 99.999 99.999  99.999  99.999  99.999  99.999  0.015  0.015  0.011  0.036  0.028  0.089    8    7 99.999 99.999   99  22.307421410 -11.184189993  4  7 47.50 2012  7 22 2456130.67207755     3   'R       '           Netuno_0023.fits                                   Triton                2048  2048
  -0.139   0.034 1006.44  900.14 1.307    358.13     60.32 99.999 99.999 99.999 13.405 13.439 99.999 99.999 99.999  0.207 99.999 99.999 99.999 99.999  99.999  99.999  99.999  99.999  0.010  0.010  0.047  0.038  0.093  0.077    6    6 99.999 99.999   99  22.307420548 -11.184187163  4  7 56.50 2012  7 22 2456130.67218171     3   'R       '           Netuno_0024.fits                                   Triton                2048  2048
  -0.120   0.019 1006.13  900.80 1.380    280.60     70.10 99.999 99.999 99.999 13.420 13.408 99.999 99.999 99.999  0.132 99.999 99.999 99.999 99.999  99.999  99.999  99.999  99.999  0.015  0.015  0.036  0.028  0.072  0.055    6    6 99.999 99.999   99  22.307420756 -11.184192481  4  8  4.50 2012  7 22 2456130.67227431     3   'R       '           Netuno_0025.fits                                   Triton                2048  2048
  -0.061  -0.023 1007.43  900.58 1.406    293.44     62.62 99.999 99.999 99.999 13.368 13.397 99.999 99.999 99.999  0.235 99.999 99.999 99.999 99.999  99.999  99.999  99.999  99.999  0.015  0.015  0.022  0.020  0.057  0.053   13    9 99.999 99.999   99  22.307421734 -11.184205342  4  8 13.50 2012  7 22 2456130.67237847     3   'R       '           Netuno_0026.fits                                   Triton                2048  2048
  -0.132   0.066 1006.48  902.00 1.194    349.37     78.84 99.999 99.999 99.999 13.305 13.210 99.999 99.999 99.999  0.221 99.999 99.999 99.999 99.999  99.999  99.999  99.999  99.999  0.013  0.013  0.060  0.035  0.112  0.064    6    5 99.999 99.999   99  22.307420254 -11.184182053  4  8 22.50 2012  7 22 2456130.67248264     3   'R       '           Netuno_0027.fits                                   Triton                2048  2048
  -0.185   0.064 1006.99  901.95 1.366    283.00     71.70 99.999 99.999 99.999 13.234 13.324 99.999 99.999 99.999  0.148 99.999 99.999 99.999 99.999  99.999  99.999  99.999  99.999  0.004  0.004  0.017  0.036  0.035  0.072    7    5 99.999 99.999   99  22.307419126 -11.184183524  4  8 31.50 2012  7 22 2456130.67258681     3   'R       '           Netuno_0028.fits                                   Triton                2048  2048
  -0.194   0.063 1006.77  901.62 1.526    250.49     64.84 99.999 99.999 99.999 13.475 13.425 99.999 99.999 99.999  0.221 99.999 99.999 99.999 99.999  99.999  99.999  99.999  99.999  0.008  0.008  0.039  0.034  0.075  0.065    6    6 99.999 99.999   99  22.307418842 -11.184184909  4  8 39.50 2012  7 22 2456130.67267940     3   'R       '           Netuno_0029.fits                                   Triton                2048  2048
