   0.031   0.000 1043.83  941.51 2.024    559.36     73.69 99.999 99.999 99.999 13.386 13.266 99.999 99.999 99.999  0.231 99.999 99.999 99.999 99.999  99.999  99.999  99.999  99.999  0.011  0.011  0.023  0.022  0.068  0.067   13    9 99.999 99.999   99  22.377675470 -10.864529317  4 23 12.66 2013  9  6 2456541.68278544    10    I                   Netuno_04.23.22_0001.fits                          Triton                2048  2048
   0.002  -0.060 1044.16  940.45 2.300    452.99     69.44 99.999 99.999 99.999 13.422 13.267 99.999 99.999 99.999  0.218 99.999 99.999 99.999 99.999  99.999  99.999  99.999  99.999  0.012  0.012  0.022  0.026  0.067  0.079   13   10 99.999 99.999   99  22.377674641 -10.864547920  4 23 27.63 2013  9  6 2456541.68295868    10    I                   Netuno_04.23.37_0002.fits                          Triton                2048  2048
   0.028   0.009 1043.67  939.86 2.034    421.65     86.42 99.999 99.999 99.999 13.451 13.317 99.999 99.999 99.999  0.188 99.999 99.999 99.999 99.999  99.999  99.999  99.999  99.999  0.010  0.010  0.019  0.017  0.055  0.051   12    9 99.999 99.999   99  22.377674897 -10.864531175  4 23 42.60 2013  9  6 2456541.68313190    10    I                   Netuno_04.23.52_0003.fits                          Triton                2048  2048
   0.029   0.060 1045.39  939.39 1.865    558.66    102.28 99.999 99.999 99.999 13.419 13.315 99.999 99.999 99.999  0.248 99.999 99.999 99.999 99.999  99.999  99.999  99.999  99.999  0.012  0.012  0.030  0.024  0.073  0.059   12    8 99.999 99.999   99  22.377674637 -10.864519293  4 23 57.56 2013  9  6 2456541.68330512    10    I                   Netuno_04.24.07_0004.fits                          Triton                2048  2048
  -0.016  -0.002 1042.97  939.26 1.952    484.10     95.26 99.999 99.999 99.999 13.463 13.343 99.999 99.999 99.999  0.250 99.999 99.999 99.999 99.999  99.999  99.999  99.999  99.999  0.013  0.013  0.023  0.023  0.062  0.063   12    9 99.999 99.999   99  22.377673509 -10.864538584  4 24 12.52 2013  9  6 2456541.68347829    10    I                   Netuno_04.24.22_0005.fits                          Triton                2048  2048
  -0.027   0.063 1044.72  938.08 1.868    465.19     91.03 99.999 99.999 99.999 13.433 13.301 99.999 99.999 99.999  0.227 99.999 99.999 99.999 99.999  99.999  99.999  99.999  99.999  0.013  0.013  0.022  0.013  0.056  0.033   12    7 99.999 99.999   99  22.377673019 -10.864522377  4 24 27.49 2013  9  6 2456541.68365149    10    I                   Netuno_04.24.37_0006.fits                          Triton                2048  2048
  -0.022  -0.095 1044.92  937.67 2.117    343.13     71.77 99.999 99.999 99.999 13.508 13.365 99.999 99.999 99.999  0.185 99.999 99.999 99.999 99.999  99.999  99.999  99.999  99.999  0.010  0.010  0.028  0.027  0.081  0.076   11    9 99.999 99.999   99  22.377672840 -10.864568484  4 24 42.45 2013  9  6 2456541.68382463    10    I                   Netuno_04.24.52_0007.fits                          Triton                2048  2048
   0.007   0.030 1044.64  936.98 1.842    542.82     92.39 99.999 99.999 99.999 13.430 13.281 99.999 99.999 99.999  0.255 99.999 99.999 99.999 99.999  99.999  99.999  99.999  99.999  0.003  0.003  0.022  0.020  0.064  0.059   12    9 99.999 99.999   99  22.377673113 -10.864536062  4 24 57.41 2013  9  6 2456541.68399775    10    I                   Netuno_04.25.07_0008.fits                          Triton                2048  2048
  -0.047  -0.036 1044.27  937.24 2.220    360.93     54.68 99.999 99.999 99.999 13.438 13.351 99.999 99.999 99.999  0.249 99.999 99.999 99.999 99.999  99.999  99.999  99.999  99.999  0.011  0.011  0.024  0.012  0.065  0.033   13    8 99.999 99.999   99  22.377671838 -10.864556793  4 25 12.37 2013  9  6 2456541.68417096    10    I                   Netuno_04.25.22_0009.fits                          Triton                2048  2048
   0.024  -0.044 1044.28  936.24 2.041    469.24     76.72 99.999 99.999 99.999 13.478 13.289 99.999 99.999 99.999  0.209 99.999 99.999 99.999 99.999  99.999  99.999  99.999  99.999  0.010  0.010  0.017  0.024  0.052  0.075   12   10 99.999 99.999   99  22.377672895 -10.864561018  4 25 27.33 2013  9  6 2456541.68434405    10    I                   Netuno_04.25.37_0010.fits                          Triton                2048  2048
