  -0.015  -0.085  366.51  554.38 1.122    978.72     86.09 99.999 99.999 99.999 13.415 13.293 99.999 99.999 99.999  0.210 99.999 99.999 99.999 99.999  99.999  99.999  99.999  99.999  0.023  0.023  0.015  0.018  0.062  0.071   21   19 99.999 99.999   99  20.830130847 -17.664749732  2 20 19.28 2002  7 15 2452470.59744537     2  Clear                 net0005.fits                                       Triton                 768  1050
  -0.002   0.009  366.01  553.77 1.116   1099.89     55.66 99.999 99.999 99.999 13.314 13.281 99.999 99.999 99.999  0.315 99.999 99.999 99.999 99.999  99.999  99.999  99.999  99.999  0.016  0.016  0.015  0.015  0.055  0.053   16   13 99.999 99.999   99  20.830126022 -17.664748712  2 23 56.18 2002  7 15 2452470.59995579     2  Clear                 net0010.fits                                       Triton                 768  1050
  -0.001   0.032  365.74  555.98 0.889   1318.37    163.70 99.999 99.999 99.999 13.429 13.232 99.999 99.999 99.999  0.305 99.999 99.999 99.999 99.999  99.999  99.999  99.999  99.999  0.030  0.030  0.019  0.011  0.053  0.032   12    9 99.999 99.999   99  20.830122961 -17.664757163  2 26  6.64 2002  7 15 2452470.60146574     2  Clear                 net0013.fits                                       Triton                 768  1050
  -0.056  -0.032  365.77  554.40 1.015    915.35    149.97 99.999 99.999 99.999 13.505 13.289 99.999 99.999 99.999  0.226 99.999 99.999 99.999 99.999  99.999  99.999  99.999  99.999  0.034  0.032  0.019  0.011  0.052  0.032   13   11 99.999 99.999   99  20.830117799 -17.664795085  2 29  0.63 2002  7 15 2452470.60347951     2  Clear                 net0017.fits                                       Triton                 768  1050
   0.006  -0.067  366.75  585.11 1.706    615.66     22.15 99.999 99.999 99.999 13.392 13.320 99.999 99.999 99.999  0.211 99.999 99.999 99.999 99.999  99.999  99.999  99.999  99.999  0.044  0.044  0.011  0.014  0.045  0.056   27   19 99.999 99.999   99  20.829685873 -17.666804900  7 32 36.98 2002  7 15 2452470.81431690     2  Clear                 net0044.fits                                       Triton                 768  1050
   0.020   0.072  367.26  584.88 1.301    581.27    102.22 99.999 99.999 99.999 13.482 13.368 99.999 99.999 99.999  0.170 99.999 99.999 99.999 99.999  99.999  99.999  99.999  99.999  0.060  0.059  0.012  0.014  0.049  0.059   23   18 99.999 99.999   99  20.829682007 -17.666784527  7 35 29.58 2002  7 15 2452470.81631458     2  Clear                 net0048.fits                                       Triton                 768  1050
   0.041  -0.098  358.32  513.82 1.581    548.92     49.89 99.999 99.999 99.999 13.341 13.276 99.999 99.999 99.999  0.222 99.999 99.999 99.999 99.999  99.999  99.999  99.999  99.999  0.056  0.056  0.014  0.015  0.056  0.059   21   16 99.999 99.999   99  20.829637250 -17.667028573  8  7  0.58 2002  7 15 2452470.83820116     2  Clear                 net0050.fits                                       Triton                 768  1050
   0.033   0.020  358.72  515.48 1.797    538.89     20.96 99.999 99.999 99.999 13.424 13.375 99.999 99.999 99.999  0.287 99.999 99.999 99.999 99.999  99.999  99.999  99.999  99.999  0.054  0.054  0.014  0.013  0.056  0.055   23   17 99.999 99.999   99  20.829636087 -17.667000077  8  7 42.90 2002  7 15 2452470.83869097     2  Clear                 net0051.fits                                       Triton                 768  1050
   0.057  -0.116  358.31  515.85 1.540    602.18     42.67 99.999 99.999 99.999 13.320 13.253 99.999 99.999 99.999  0.269 99.999 99.999 99.999 99.999  99.999  99.999  99.999  99.999  0.052  0.052  0.013  0.018  0.053  0.077   22   18 99.999 99.999   99  20.829634467 -17.667046935  8  9  9.60 2002  7 15 2452470.83969444     2  Clear                 net0053.fits                                       Triton                 768  1050
   0.037  -0.122  358.22  511.07 1.338    570.04     97.59 99.999 99.999 99.999 13.362 13.353 99.999 99.999 99.999  0.220 99.999 99.999 99.999 99.999  99.999  99.999  99.999  99.999  0.064  0.064  0.015  0.016  0.061  0.067   22   18 99.999 99.999   99  20.829632044 -17.667057214  8 10 35.13 2002  7 15 2452470.84068437     2  Clear                 net0055.fits                                       Triton                 768  1050
   0.042  -0.108  358.04  511.81 1.882    513.19     14.46 99.999 99.999 99.999 13.400 13.348 99.999 99.999 99.999  0.225 99.999 99.999 99.999 99.999  99.999  99.999  99.999  99.999  0.047  0.047  0.014  0.015  0.061  0.067   25   20 99.999 99.999   99  20.829631095 -17.667058030  8 11 18.30 2002  7 15 2452470.84118403     2  Clear                 net0056.fits                                       Triton                 768  1050
   0.014   0.016  358.22  516.46 1.723    560.26     24.67 99.999 99.999 99.999 13.430 13.392 99.999 99.999 99.999  0.220 99.999 99.999 99.999 99.999  99.999  99.999  99.999  99.999  0.042  0.042  0.013  0.012  0.053  0.049   23   18 99.999 99.999   99  20.829627467 -17.667037042  8 13 28.22 2002  7 15 2452470.84268773     2  Clear                 net0059.fits                                       Triton                 768  1050
   0.009  -0.117  358.18  518.05 1.887    517.43     14.15 99.999 99.999 99.999 13.420 13.409 99.999 99.999 99.999  0.285 99.999 99.999 99.999 99.999  99.999  99.999  99.999  99.999  0.060  0.060  0.013  0.015  0.054  0.060   26   16 99.999 99.999   99  20.829624261 -17.667087253  8 15 38.40 2002  7 15 2452470.84419444     2  Clear                 net0062.fits                                       Triton                 768  1050
   0.048   0.113  358.52  519.98 1.448    527.38     84.37 99.999 99.999 99.999 13.371 13.316 99.999 99.999 99.999  0.205 99.999 99.999 99.999 99.999  99.999  99.999  99.999  99.999  0.023  0.023  0.018  0.018  0.066  0.068   21   15 99.999 99.999   99  20.829623995 -17.667027908  8 16 21.76 2002  7 15 2452470.84469630     2  Clear                 net0063.fits                                       Triton                 768  1050
   0.021  -0.071  358.30  518.72 1.608    493.87     54.64 99.999 99.999 99.999 13.408 13.355 99.999 99.999 99.999  0.214 99.999 99.999 99.999 99.999  99.999  99.999  99.999  99.999  0.052  0.052  0.011  0.013  0.047  0.057   25   20 99.999 99.999   99  20.829621382 -17.667088188  8 17 48.25 2002  7 15 2452470.84569734     2  Clear                 net0065.fits                                       Triton                 768  1050
   0.017  -0.077  358.36  518.61 1.861    481.00     27.33 99.999 99.999 99.999 13.392 13.349 99.999 99.999 99.999  0.223 99.999 99.999 99.999 99.999  99.999  99.999  99.999  99.999  0.046  0.047  0.018  0.016  0.071  0.064   21   16 99.999 99.999   99  20.829619254 -17.667098698  8 19 14.63 2002  7 15 2452470.84669711     2  Clear                 net0067.fits                                       Triton                 768  1050
   0.024   0.045  358.37  521.89 1.756    466.96     46.49 99.999 99.999 99.999 13.393 13.355 99.999 99.999 99.999  0.202 99.999 99.999 99.999 99.999  99.999  99.999  99.999  99.999  0.073  0.073  0.014  0.015  0.056  0.060   24   17 99.999 99.999   99  20.829618360 -17.667069152  8 19 57.89 2002  7 15 2452470.84719780     2  Clear                 net0068.fits                                       Triton                 768  1050
   0.025  -0.112  358.61  521.99 1.968    436.34     26.21 99.999 99.999 99.999 13.461 13.406 99.999 99.999 99.999  0.151 99.999 99.999 99.999 99.999  99.999  99.999  99.999  99.999  0.073  0.073  0.011  0.014  0.045  0.055   23   16 99.999 99.999   99  20.829617328 -17.667117263  8 20 41.93 2002  7 15 2452470.84770752     2  Clear                 net0069.fits                                       Triton                 768  1050
   0.050   0.040  358.23  520.87 1.757    510.11     32.15 99.999 99.999 99.999 13.310 13.257 99.999 99.999 99.999  0.236 99.999 99.999 99.999 99.999  99.999  99.999  99.999  99.999  0.012  0.012  0.009  0.013  0.041  0.056   26   21 99.999 99.999   99  20.829616768 -17.667079556  8 21 25.10 2002  7 15 2452470.84820718     2  Clear                 net0070.fits                                       Triton                 768  1050
