   0.024   0.013 1064.06 1064.84 1.709     89.68     24.86 99.999 99.999 99.999 13.491 13.483 99.999 99.999 99.999  0.121 99.999 99.999 99.999 99.999  99.999  99.999  99.999  99.999  0.022  0.022  0.009  0.016  0.028  0.049   10   10 99.999 99.999   99  21.317769717 -15.870320143  1 17 35.75 2006  9 25 2454003.55388600     5  Clear                 netuno0001.fits                                    Triton                2045  2050
   0.030   0.024 1057.72 1061.91 2.686    316.33     12.68 99.999 99.999 99.999 13.605 13.682 99.999 99.999 99.999  0.149 99.999 99.999 99.999 99.999  99.999  99.999  99.999  99.999  0.022  0.022  0.010  0.008  0.051  0.040   32   25 99.999 99.999   99  21.317760972 -15.870386652  1 28 19.22 2006  9 25 2454003.56133357     5  Clear                 netuno0008.fits                                    Triton                2045  2050
   0.050  -0.107 1064.31 1061.03 2.886     28.17     15.56 99.999 99.999 99.999 13.479 13.323 99.999 99.999 99.999  0.111 99.999 99.999 99.999 99.999  99.999  99.999  99.999  99.999  0.035  0.035  0.001  0.015  0.001  0.022    4    4 99.999 99.999   99  21.317759637 -15.870436441  1 30 23.55 2006  9 25 2454003.56277257     5  Clear                 netuno0009.fits                                    Triton                2045  2050
   0.016  -0.006 1065.51 1059.88 3.254    218.56      8.68 99.999 99.999 99.999 13.512 13.574 99.999 99.999 99.999  0.116 99.999 99.999 99.999 99.999  99.999  99.999  99.999  99.999  0.029  0.029  0.014  0.011  0.067  0.054   29   26 99.999 99.999   99  21.317756979 -15.870423811  1 32 49.09 2006  9 25 2454003.56445706     5  Clear                 netuno0011.fits                                    Triton                2045  2050
   0.041   0.020 1070.11 1058.96 2.761    245.69     26.77 99.999 99.999 99.999 13.534 13.591 99.999 99.999 99.999  0.134 99.999 99.999 99.999 99.999  99.999  99.999  99.999  99.999  0.030  0.030  0.010  0.009  0.049  0.046   31   25 99.999 99.999   99  21.317756705 -15.870422601  1 33 42.94 2006  9 25 2454003.56508032     5  Clear                 netuno0012.fits                                    Triton                2045  2050
   0.036   0.026 1068.65 1058.05 2.027    337.68     49.46 99.999 99.999 99.999 13.536 13.599 99.999 99.999 99.999  0.119 99.999 99.999 99.999 99.999  99.999  99.999  99.999  99.999  0.011  0.011  0.010  0.013  0.045  0.056   30   20 99.999 99.999   99  21.317754807 -15.870434935  1 35 53.51 2006  9 25 2454003.56659155     5  Clear                 netuno0014.fits                                    Triton                2045  2050
   0.017  -0.073 1071.54 1057.73 3.132     85.05     10.27 99.999 99.999 99.999 13.452 13.460 99.999 99.999 99.999  0.121 99.999 99.999 99.999 99.999  99.999  99.999  99.999  99.999  0.029  0.030  0.015  0.017  0.060  0.068   18   17 99.999 99.999   99  21.317753573 -15.870469296  1 36 55.33 2006  9 25 2454003.56730706     2  Clear                 netuno0015.fits                                    Triton                2045  2050
   0.028  -0.047 1073.64 1057.19 1.612     51.76     19.34 99.999 99.999 99.999 13.474 13.454 99.999 99.999 99.999  0.107 99.999 99.999 99.999 99.999  99.999  99.999  99.999  99.999  0.024  0.024  0.010  0.009  0.023  0.020    7    7 99.999 99.999   99  21.317752727 -15.870469939  1 38 11.93 2006  9 25 2454003.56819363     2  Clear                 netuno0016.fits                                    Triton                2045  2050
   0.038  -0.036 1065.96 1056.59 2.220     44.56     15.90 99.999 99.999 99.999 13.451 13.412 99.999 99.999 99.999  0.104 99.999 99.999 99.999 99.999  99.999  99.999  99.999  99.999  0.024  0.024  0.027  0.006  0.057  0.014    6    6 99.999 99.999   99  21.317751819 -15.870475958  1 39 33.44 2006  9 25 2454003.56913704     5  Clear                 netuno0017.fits                                    Triton                2045  2050
   0.014   0.000 1063.59 1056.64 3.172    129.18     10.37 99.999 99.999 99.999 13.512 13.514 99.999 99.999 99.999  0.120 99.999 99.999 99.999 99.999  99.999  99.999  99.999  99.999  0.023  0.023  0.009  0.014  0.037  0.056   18   16 99.999 99.999   99  21.317747887 -15.870492669  1 43 43.45 2006  9 25 2454003.57203067    10  Clear                 netuno0020.fits                                    Triton                2045  2050
   0.041  -0.002 1064.52 1056.35 2.133    445.67     35.85 99.999 99.999 99.999 13.473 13.546 99.999 99.999 99.999  0.111 99.999 99.999 99.999 99.999  99.999  99.999  99.999  99.999  0.011  0.011  0.011  0.011  0.054  0.059   32   27 99.999 99.999   99  21.317747351 -15.870501591  1 45  1.15 2006  9 25 2454003.57292998    10  Clear                 netuno0021.fits                                    Triton                2045  2050
   0.034   0.063 1064.08 1056.23 2.184    223.79     21.75 99.999 99.999 99.999 13.506 13.517 99.999 99.999 99.999  0.115 99.999 99.999 99.999 99.999  99.999  99.999  99.999  99.999  0.020  0.020  0.012  0.015  0.051  0.065   22   20 99.999 99.999   99  21.317746007 -15.870492757  1 46 26.39 2006  9 25 2454003.57391655     5  Clear                 netuno0022.fits                                    Triton                2045  2050
   0.027  -0.054 1063.21 1056.75 1.978    417.65     52.18 99.999 99.999 99.999 13.546 13.595 99.999 99.999 99.999  0.129 99.999 99.999 99.999 99.999  99.999  99.999  99.999  99.999  0.015  0.015  0.010  0.010  0.048  0.051   30   24 99.999 99.999   99  21.317744986 -15.870532299  1 47 30.54 2006  9 25 2454003.57465903     5  Clear                 netuno0023.fits                                    Triton                2045  2050
