   0.024  -0.097  417.24  469.31 0.924   2406.72    196.44 99.999 99.999 99.999 13.270 13.203 99.999 99.999 99.999  0.182 99.999 99.999 99.999 99.999  99.999  99.999  99.999  99.999  0.042  0.038  0.015  0.011  0.071  0.054   31   24 99.999 99.999   99  21.068846016 -16.822042620  5 35  5.55 2004  8 20 2453237.73270313     3  Dark                  net1908040048.fits                                 Triton                1020  1020
  -0.044   0.104  454.25  502.94 1.688    222.59     10.86 99.999 99.999 99.999 13.578 13.450 99.999 99.999 99.999  0.174 99.999 99.999 99.999 99.999  99.999  99.999  99.999  99.999  0.038  0.038  0.011  0.014  0.053  0.067   30   24 99.999 99.999   99  21.067545268 -16.828687466  3 31 48.81 2004  8 21 2453238.64709271     3  Dark                  net2008040033.fits                                 Triton                1020  1020
  -0.024   0.059  452.96  481.71 2.219    164.27     -0.51 99.999 99.999 99.999 13.513 13.401 99.999 99.999 99.999  0.199 99.999 99.999 99.999 99.999  99.999  99.999  99.999  99.999  0.000  0.000  0.015  0.012  0.063  0.049   31   20 99.999 99.999   99  21.067459628 -16.829231105  4 54 32.44 2004  8 21 2453238.70454213     3  Dark                  net2008040061.fits                                 Triton                1020  1020
  -0.103  -0.031  452.43  481.43 1.615    221.64     12.86 99.999 99.999 99.999 13.509 13.388 99.999 99.999 99.999  0.146 99.999 99.999 99.999 99.999  99.999  99.999  99.999  99.999  0.043  0.043  0.017  0.018  0.064  0.068   28   19 99.999 99.999   99  21.067452765 -16.829289347  4 59 39.33 2004  8 21 2453238.70809410     3  Dark                  net2008040067.fits                                 Triton                1020  1020
   0.036   0.050  451.91  483.02 2.147    157.20      3.90 99.999 99.999 99.999 13.649 13.518 99.999 99.999 99.999  0.136 99.999 99.999 99.999 99.999  99.999  99.999  99.999  99.999  0.063  0.063  0.015  0.015  0.067  0.068   30   21 99.999 99.999   99  21.067454566 -16.829272376  5  0 31.77 2004  8 21 2453238.70870104     3  Dark                  net2008040068.fits                                 Triton                1020  1020
  -0.090  -0.042  486.98  537.06 1.214    310.78     29.56 99.999 99.999 99.999 13.332 13.255 99.999 99.999 99.999  0.142 99.999 99.999 99.999 99.999  99.999  99.999  99.999  99.999  0.000  0.000  0.011  0.012  0.054  0.057   27   23 99.999 99.999   99  21.066210129 -16.837694700 23 55 42.21 2004  8 21 2453239.49701632     3  Dark                  net2108040001.fits                                 Triton                1020  1020
  -0.017   0.000  487.35  541.39 1.267    289.38     26.35 99.999 99.999 99.999 13.354 13.150 99.999 99.999 99.999  0.119 99.999 99.999 99.999 99.999  99.999  99.999  99.999  99.999  0.016  0.016  0.015  0.014  0.063  0.058   23   18 99.999 99.999   99  21.066208388 -16.837703855 23 58 17.81 2004  8 21 2453239.49881725     3  Dark                  net2108040004.fits                                 Triton                1020  1020
  -0.075  -0.017  514.57  498.42 1.218    327.25     21.78 99.999 99.999 99.999 13.404 13.392 99.999 99.999 99.999  0.203 99.999 99.999 99.999 99.999  99.999  99.999  99.999  99.999  0.014  0.014  0.014  0.014  0.063  0.062   26   20 99.999 99.999   99  21.066115379 -16.838315486  1 13 51.22 2004  8 22 2453239.55128727     3  Dark                  net2108040033.fits                                 Triton                1020  1020
  -0.053  -0.036  514.79  499.48 1.083    306.43     45.11 99.999 99.999 99.999 13.398 13.323 99.999 99.999 99.999  0.151 99.999 99.999 99.999 99.999  99.999  99.999  99.999  99.999  0.022  0.021  0.013  0.013  0.059  0.059   24   21 99.999 99.999   99  21.066109452 -16.838362456  1 19  3.13 2004  8 22 2453239.55489734     3  Dark                  net2108040039.fits                                 Triton                1020  1020
  -0.007   0.025  480.90  487.57 1.188    324.95     31.67 99.999 99.999 99.999 13.453 13.358 99.999 99.999 99.999  0.141 99.999 99.999 99.999 99.999  99.999  99.999  99.999  99.999  0.013  0.012  0.013  0.015  0.058  0.071   27   23 99.999 99.999   99  21.066026592 -16.838891982  2 27  5.87 2004  8 22 2453239.60215127     3  Dark                  net2108040047.fits                                 Triton                1020  1020
  -0.035   0.017  480.80  486.07 1.254    314.83     22.46 99.999 99.999 99.999 13.515 13.387 99.999 99.999 99.999  0.112 99.999 99.999 99.999 99.999  99.999  99.999  99.999  99.999  0.027  0.027  0.012  0.012  0.051  0.052   22   19 99.999 99.999   99  21.066022848 -16.838915078  2 29 40.90 2004  8 22 2453239.60394560     3  Dark                  net2108040050.fits                                 Triton                1020  1020
  -0.053  -0.077  519.32  540.86 1.074    372.20     32.70 99.999 99.999 99.999 13.417 13.306 99.999 99.999 99.999  0.216 99.999 99.999 99.999 99.999  99.999  99.999  99.999  99.999  0.010  0.011  0.014  0.018  0.046  0.062   16   14 99.999 99.999   99  21.064233477 -16.849512076  1 11  9.19 2004  8 23 2453240.54941192     3  Dark                  net2208040002.fits                                 Triton                1020  1020
  -0.077  -0.018  518.98  544.97 1.237    313.30     26.24 99.999 99.999 99.999 13.330 13.075 99.999 99.999 99.999  0.186 99.999 99.999 99.999 99.999  99.999  99.999  99.999  99.999  0.000  0.000  0.012  0.014  0.051  0.062   23   20 99.999 99.999   99  21.064223344 -16.849543502  1 17 58.57 2004  8 23 2453240.55415012     3  Dark                  net2208040010.fits                                 Triton                1020  1020
   0.012   0.044  528.47  517.43 1.239    384.23     12.90 99.999 99.999 99.999 13.459 13.226 99.999 99.999 99.999  0.159 99.999 99.999 99.999 99.999  99.999  99.999  99.999  99.999  0.024  0.024  0.017  0.015  0.054  0.049   15   13 99.999 99.999   99  21.064123325 -16.850026159  2 29 26.61 2004  8 23 2453240.60378021     3  Dark                  net2208040042.fits                                 Triton                1020  1020
  -0.030  -0.097  500.79  474.44 1.438    219.35     24.56 99.999 99.999 99.999 13.519 13.386 99.999 99.999 99.999  0.177 99.999 99.999 99.999 99.999  99.999  99.999  99.999  99.999  0.010  0.010  0.010  0.013  0.041  0.053   23   17 99.999 99.999   99  21.063921818 -16.851015997  4 49 59.73 2004  8 23 2453240.70138576     3  Dark                  net2208040072.fits                                 Triton                1020  1020
   0.035   0.051  500.45  477.31 1.542    172.84     13.11 99.999 99.999 99.999 13.429 13.383 99.999 99.999 99.999  0.165 99.999 99.999 99.999 99.999  99.999  99.999  99.999  99.999  0.042  0.042  0.015  0.016  0.055  0.060   27   22 99.999 99.999   99  21.063920625 -16.850986361  4 51 42.73 2004  8 23 2453240.70257789     3  Dark                  net2208040074.fits                                 Triton                1020  1020
   0.021  -0.114  500.35  476.80 1.632     48.68      5.68 99.999 99.999 99.999 13.355 13.251 99.999 99.999 99.999  0.324 99.999 99.999 99.999 99.999  99.999  99.999  99.999  99.999  0.072  0.071  0.014  0.018  0.053  0.066   22   15 99.999 99.999   99  21.063917932 -16.851043492  4 53 24.78 2004  8 23 2453240.70375903     3  Dark                  net2208040076.fits                                 Triton                1020  1020
   0.083  -0.037  500.48  476.65 1.492     83.84     12.59 99.999 99.999 99.999 13.492 13.399 99.999 99.999 99.999  0.226 99.999 99.999 99.999 99.999  99.999  99.999  99.999  99.999  0.044  0.044  0.015  0.016  0.058  0.060   24   16 99.999 99.999   99  21.063917911 -16.851027739  4 54 15.64 2004  8 23 2453240.70434768     3  Dark                  net2208040077.fits                                 Triton                1020  1020
   0.040  -0.034  476.20  556.40 1.163    243.45     35.21 99.999 99.999 99.999 13.378 13.294 99.999 99.999 99.999  0.147 99.999 99.999 99.999 99.999  99.999  99.999  99.999  99.999  0.025  0.024  0.018  0.015  0.065  0.055   22   16 99.999 99.999   99  21.063815635 -16.851491434  6  5 20.82 2004  8 23 2453240.75371319     3  Dark                  net2208040102.fits                                 Triton                1020  1020
  -0.091  -0.145  476.82  558.06 1.713    157.76     12.66 99.999 99.999 99.999 13.538 13.392 99.999 99.999 99.999  0.192 99.999 99.999 99.999 99.999  99.999  99.999  99.999  99.999  0.019  0.019  0.014  0.015  0.059  0.060   24   19 99.999 99.999   99  21.063804787 -16.851559793  6 11 10.37 2004  8 23 2453240.75775891     3  Dark                  net2208040109.fits                                 Triton                1020  1020
   0.101   0.139  476.47  559.75 1.628    170.76     14.47 99.999 99.999 99.999 13.418 13.405 99.999 99.999 99.999  0.151 99.999 99.999 99.999 99.999  99.999  99.999  99.999  99.999  0.021  0.021  0.011  0.015  0.045  0.061   26   18 99.999 99.999   99  21.063807349 -16.851486224  6 11 59.67 2004  8 23 2453240.75832951     3  Dark                  net2208040110.fits                                 Triton                1020  1020
   0.099  -0.056  476.47  560.29 1.873    146.58      8.81 99.999 99.999 99.999 13.407 13.324 99.999 99.999 99.999  0.212 99.999 99.999 99.999 99.999  99.999  99.999  99.999  99.999  0.032  0.032  0.013  0.012  0.059  0.055   33   23 99.999 99.999   99  21.063806133 -16.851545501  6 12 48.69 2004  8 23 2453240.75889688     3  Dark                  net2208040111.fits                                 Triton                1020  1020
  -0.035   0.031  476.73  558.12 1.737    142.08     11.73 99.999 99.999 99.999 13.533 13.530 99.999 99.999 99.999  0.137 99.999 99.999 99.999 99.999  99.999  99.999  99.999  99.999  0.022  0.022  0.014  0.012  0.062  0.054   32   22 99.999 99.999   99  21.063802360 -16.851527055  6 13 38.86 2004  8 23 2453240.75947755     3  Dark                  net2208040112.fits                                 Triton                1020  1020
  -0.092  -0.074  476.60  559.70 1.485    186.49     15.15 99.999 99.999 99.999 13.335 13.446 99.999 99.999 99.999  0.143 99.999 99.999 99.999 99.999  99.999  99.999  99.999  99.999  0.023  0.023  0.018  0.015  0.074  0.059   29   17 99.999 99.999   99  21.063800056 -16.851561298  6 14 28.86 2004  8 23 2453240.76005625     3  Dark                  net2208040113.fits                                 Triton                1020  1020
   0.075   0.047  476.65  561.26 1.479    176.57     16.05 99.999 99.999 99.999 13.322 13.245 99.999 99.999 99.999  0.195 99.999 99.999 99.999 99.999  99.999  99.999  99.999  99.999  0.019  0.019  0.013  0.015  0.060  0.066   31   22 99.999 99.999   99  21.063802112 -16.851533020  6 15 17.90 2004  8 23 2453240.76062384     3  Dark                  net2208040114.fits                                 Triton                1020  1020
  -0.014  -0.122  477.04  562.95 1.425    224.51     17.39 99.999 99.999 99.999 13.336 13.258 99.999 99.999 99.999  0.186 99.999 99.999 99.999 99.999  99.999  99.999  99.999  99.999  0.016  0.016  0.013  0.016  0.062  0.075   31   25 99.999 99.999   99  21.063799230 -16.851585331  6 16  7.93 2004  8 23 2453240.76120289     3  Dark                  net2208040115.fits                                 Triton                1020  1020
   0.080  -0.081  477.09  564.36 1.667    193.92     11.80 99.999 99.999 99.999 13.443 13.428 99.999 99.999 99.999  0.168 99.999 99.999 99.999 99.999  99.999  99.999  99.999  99.999  0.025  0.025  0.016  0.011  0.071  0.052   32   21 99.999 99.999   99  21.063795710 -16.851597859  6 19 51.44 2004  8 23 2453240.76378981     3  Dark                  net2208040118.fits                                 Triton                1020  1020
  -0.062   0.083  573.61  418.46 1.418    207.37     20.20 99.999 99.999 99.999 13.370 13.229 99.999 99.999 99.999  0.172 99.999 99.999 99.999 99.999  99.999  99.999  99.999  99.999  0.011  0.011  0.013  0.020  0.049  0.072   21   15 99.999 99.999   99  21.062199496 -16.857655905  1 13  4.73 2004  8 24 2453241.55074919     3  Dark                  net2308040001.fits                                 Triton                1020  1020
   0.082  -0.214  539.89  464.02 3.061     49.53     10.94 99.999 99.999 99.999 13.547 13.316 99.999 99.999 99.999  0.162 99.999 99.999 99.999 99.999  99.999  99.999  99.999  99.999  0.026  0.026  0.021  0.029  0.049  0.068   17   13 99.999 99.999   99  21.062197473 -16.857752840  1 16 30.15 2004  8 24 2453241.55312674     3  Dark                  net2308040002.fits                                 Triton                1020  1020
  -0.007   0.078  540.05  464.74 1.814    141.38     15.52 99.999 99.999 99.999 13.460 13.332 99.999 99.999 99.999  0.134 99.999 99.999 99.999 99.999  99.999  99.999  99.999  99.999  0.014  0.014  0.011  0.014  0.046  0.056   24   20 99.999 99.999   99  21.062194273 -16.857676049  1 17 32.13 2004  8 24 2453241.55384410     3  Dark                  net2308040003.fits                                 Triton                1020  1020
  -0.008   0.072  557.00  427.24 1.063    349.57     45.20 99.999 99.999 99.999 13.457 13.324 99.999 99.999 99.999  0.118 99.999 99.999 99.999 99.999  99.999  99.999  99.999  99.999  0.033  0.032  0.008  0.014  0.031  0.051   23   18 99.999 99.999   99  21.062097017 -16.857965001  2 26 59.34 2004  8 24 2453241.60207569     3  Dark                  net2308040033.fits                                 Triton                1020  1020
   0.012  -0.114  506.69  457.92 1.201    320.45     21.18 99.999 99.999 99.999 13.425 13.281 99.999 99.999 99.999  0.128 99.999 99.999 99.999 99.999  99.999  99.999  99.999  99.999  0.011  0.011  0.014  0.013  0.059  0.054   25   21 99.999 99.999   99  21.061980768 -16.858348294  3 50 49.86 2004  8 24 2453241.66029931     3  Dark                  net2308040050.fits                                 Triton                1020  1020
   0.057   0.020  482.63  482.67 1.039    253.54     54.02 99.999 99.999 99.999 13.483 13.427 99.999 99.999 99.999  0.183 99.999 99.999 99.999 99.999  99.999  99.999  99.999  99.999  0.031  0.032  0.013  0.013  0.057  0.057   22   19 99.999 99.999   99  21.061881966 -16.858584832  5  3  8.12 2004  8 24 2453241.71051065     3  Dark                  net2308040075.fits                                 Triton                1020  1020
   0.019  -0.126  481.89  482.33 1.222    308.01     22.95 99.999 99.999 99.999 13.446 13.338 99.999 99.999 99.999  0.122 99.999 99.999 99.999 99.999  99.999  99.999  99.999  99.999  0.028  0.028  0.015  0.015  0.052  0.052   17   13 99.999 99.999   99  21.061873257 -16.858646603  5  8 57.59 2004  8 24 2453241.71455544     3  Dark                  net2308040081.fits                                 Triton                1020  1020
   0.084  -0.087 1042.05 1291.14 2.688    233.77     15.91 99.999 99.999 99.999 13.415 13.191 99.999 99.999 99.999  0.286 99.999 99.999 99.999 99.999  99.999  99.999  99.999  99.999  0.037  0.037  0.020  0.019  0.067  0.066   21   12 99.999 99.999   99  22.253616040 -11.495823604  4 57 52.05 2012  8 24 2456163.70685238     6                        Netuno_04.58.00_0004.fits                          Triton                2048  2048
  -0.070   0.065 1043.63 1290.51 2.995    222.48      8.00 99.999 99.999 99.999 13.405 13.214 99.999 99.999 99.999  0.281 99.999 99.999 99.999 99.999  99.999  99.999  99.999  99.999  0.035  0.035  0.019  0.022  0.056  0.065   20   13 99.999 99.999   99  22.253612674 -11.495782647  4 58 15.69 2012  8 24 2456163.70712601     6                        Netuno_04.58.24_0006.fits                          Triton                2048  2048
  -0.010  -0.161 1042.69 1279.48 2.372    291.60     11.47 99.999 99.999 99.999 13.374 13.193 99.999 99.999 99.999  0.300 99.999 99.999 99.999 99.999  99.999  99.999  99.999  99.999  0.038  0.038  0.015  0.013  0.056  0.048   22   14 99.999 99.999   99  22.253611163 -11.495854926  5  0 37.83 2012  8 24 2456163.70877116     6                        Netuno_05.00.46_0018.fits                          Triton                2048  2048
  -0.067  -0.074 1021.67 1177.77 2.151    291.09     30.13 99.999 99.999 99.999 13.579 13.481 99.999 99.999 99.999  0.136 99.999 99.999 99.999 99.999  99.999  99.999  99.999  99.999  0.033  0.033  0.022  0.018  0.076  0.063   15   13 99.999 99.999   99  22.216725461 -11.710553956  2 32 55.75 2012  9 15 2456185.60620084     6                        Netuno_02.33.04_0001.fits                          Triton                2048  2048
   0.122   0.006 1022.84 1170.95 1.612    322.74     70.54 99.999 99.999 99.999 13.458 13.423 99.999 99.999 99.999  0.077 99.999 99.999 99.999 99.999  99.999  99.999  99.999  99.999  0.032  0.032  0.017  0.019  0.057  0.064   15   11 99.999 99.999   99  22.216726423 -11.710543412  2 34 54.51 2012  9 15 2456185.60757530     6                        Netuno_02.35.03_0011.fits                          Triton                2048  2048
  -0.014   0.003 1022.77 1171.37 2.965    208.87     11.90 99.999 99.999 99.999 13.505 13.526 99.999 99.999 99.999  0.125 99.999 99.999 99.999 99.999  99.999  99.999  99.999  99.999  0.035  0.035  0.020  0.017  0.056  0.049   15   10 99.999 99.999   99  22.216723350 -11.710546423  2 35 18.26 2012  9 15 2456185.60785019     6                        Netuno_02.35.27_0013.fits                          Triton                2048  2048
  -0.049  -0.014 1024.14 1175.36 2.500    273.21     13.85 99.999 99.999 99.999 13.457 13.336 99.999 99.999 99.999  0.084 99.999 99.999 99.999 99.999  99.999  99.999  99.999  99.999  0.017  0.017  0.015  0.018  0.053  0.065   15   13 99.999 99.999   99  22.216719545 -11.710565088  2 37 40.73 2012  9 15 2456185.60949917     6                        Netuno_02.37.49_0025.fits                          Triton                2048  2048
   0.052   0.013 1023.65 1171.17 2.686    251.79     10.37 99.999 99.999 99.999 13.442 13.400 99.999 99.999 99.999  0.083 99.999 99.999 99.999 99.999  99.999  99.999  99.999  99.999  0.036  0.036  0.013  0.014  0.047  0.049   15   13 99.999 99.999   99  22.216720951 -11.710559953  2 38  4.46 2012  9 15 2456185.60977388     6                        Netuno_02.38.13_0027.fits                          Triton                2048  2048
  -0.033  -0.094 1038.44 1243.59 1.836    640.10     64.63 99.999 99.999 99.999 13.394 13.375 99.999 99.999 99.999  0.096 99.999 99.999 99.999 99.999  99.999  99.999  99.999  99.999  0.018  0.018  0.019  0.020  0.055  0.058   13   11 99.999 99.999   99  22.215191912 -11.716383356 23 30 15.42 2012  9 15 2456186.47934513    10                        Netuno_23.30.26_0006.fits                          Triton                2048  2048
  -0.014  -0.081 1038.52 1240.63 1.774    756.08     53.88 99.999 99.999 99.999 13.414 13.323 99.999 99.999 99.999  0.083 99.999 99.999 99.999 99.999  99.999  99.999  99.999  99.999  0.026  0.026  0.022  0.023  0.061  0.063   13   10 99.999 99.999   99  22.215191653 -11.716381781 23 30 47.17 2012  9 15 2456186.47971260    10                        Netuno_23.30.58_0008.fits                          Triton                2048  2048
  -0.101  -0.095 1037.59 1237.46 1.687    728.61     81.29 99.999 99.999 99.999 13.378 13.333 99.999 99.999 99.999  0.072 99.999 99.999 99.999 99.999  99.999  99.999  99.999  99.999  0.022  0.022  0.018  0.021  0.054  0.063   13   12 99.999 99.999   99  22.215187256 -11.716394237 23 33 10.09 2012  9 15 2456186.48136683    10                        Netuno_23.33.21_0017.fits                          Triton                2048  2048
   0.027   0.003 1038.87 1234.73 1.742    730.55     66.37 99.999 99.999 99.999 13.372 13.231 99.999 99.999 99.999  0.076 99.999 99.999 99.999 99.999  99.999  99.999  99.999  99.999  0.009  0.009  0.027  0.022  0.071  0.058   13   10 99.999 99.999   99  22.215187837 -11.716372880 23 34 45.24 2012  9 15 2456186.48246802    10                        Netuno_23.34.56_0023.fits                          Triton                2048  2048
  -0.009  -0.104 1038.69 1233.58 1.545    789.75     96.57 99.999 99.999 99.999 13.385 13.344 99.999 99.999 99.999  0.089 99.999 99.999 99.999 99.999  99.999  99.999  99.999  99.999  0.014  0.014  0.015  0.022  0.043  0.061   13   11 99.999 99.999   99  22.215186551 -11.716404063 23 35 17.10 2012  9 15 2456186.48283677    10                        Netuno_23.35.28_0025.fits                          Triton                2048  2048
  -0.013  -0.013 1039.59 1232.26 1.785    638.09     74.85 99.999 99.999 99.999 13.402 13.381 99.999 99.999 99.999  0.079 99.999 99.999 99.999 99.999  99.999  99.999  99.999  99.999  0.014  0.014  0.019  0.021  0.058  0.064   13   11 99.999 99.999   99  22.215185873 -11.716380816 23 35 48.85 2012  9 15 2456186.48320426    10                        Netuno_23.35.59_0027.fits                          Triton                2048  2048
  -0.018  -0.096 1038.11 1231.34 1.826    604.86     69.16 99.999 99.999 99.999 13.397 13.322 99.999 99.999 99.999  0.075 99.999 99.999 99.999 99.999  99.999  99.999  99.999  99.999  0.013  0.013  0.013  0.027  0.034  0.071   13   10 99.999 99.999   99  22.215185472 -11.716405025 23 36  4.71 2012  9 15 2456186.48338781    10                        Netuno_23.36.15_0028.fits                          Triton                2048  2048
  -0.030  -0.111  971.24 1122.88 1.706    263.16     31.69 99.999 99.999 99.999 13.389 13.380 99.999 99.999 99.999  0.258 99.999 99.999 99.999 99.999  99.999  99.999  99.999  99.999  0.017  0.017  0.015  0.021  0.043  0.061   15   10 99.999 99.999   99  22.213631271 -11.721365501  0 55 25.73 2012  9 17 2456187.53849222     5                        Netuno_00.55.34_0004.fits                          Triton                2048  2048
   0.071  -0.051  973.17 1129.27 0.911    721.18    147.87 99.999 99.999 99.999 13.436 13.405 99.999 99.999 99.999  0.093 99.999 99.999 99.999 99.999  99.999  99.999  99.999  99.999  0.042  0.042  0.022  0.021  0.059  0.058   14   11 99.999 99.999   99  22.213631644 -11.721354789  0 57  3.62 2012  9 17 2456187.53962524     5                        Netuno_00.57.12_0013.fits                          Triton                2048  2048
   0.051  -0.058  973.98 1130.75 1.127    779.92     72.82 99.999 99.999 99.999 13.241 13.228 99.999 99.999 99.999  0.246 99.999 99.999 99.999 99.999  99.999  99.999  99.999  99.999  0.000  0.000  0.014  0.019  0.042  0.058   15   13 99.999 99.999   99  22.213630407 -11.721359965  0 57 58.00 2012  9 17 2456187.54025461     5                        Netuno_00.58.06_0018.fits                          Triton                2048  2048
   0.100  -0.115  974.61 1129.56 1.079    528.13    102.92 99.999 99.999 99.999 13.335 13.366 99.999 99.999 99.999  0.333 99.999 99.999 99.999 99.999  99.999  99.999  99.999  99.999  0.014  0.014  0.017  0.023  0.046  0.060   15   10 99.999 99.999   99  22.213631009 -11.721377154  0 58 19.73 2012  9 17 2456187.54050616     5                        Netuno_00.58.28_0020.fits                          Triton                2048  2048
   0.064  -0.056  973.43 1129.53 1.185    590.11     90.06 99.999 99.999 99.999 13.453 13.530 99.999 99.999 99.999  0.060 99.999 99.999 99.999 99.999  99.999  99.999  99.999  99.999  0.022  0.022  0.023  0.021  0.067  0.063   13   12 99.999 99.999   99  22.213629960 -11.721361808  0 58 41.55 2012  9 17 2456187.54075862     5                        Netuno_00.58.49_0022.fits                          Triton                2048  2048
