  -0.052  -0.078  488.99  528.55 1.549    105.55     98.34 99.999 99.999 99.999 13.204 13.186 99.999 99.999 99.999  0.228 99.999 99.999 99.999 99.999  99.999  99.999  99.999  99.999  0.000  0.000  0.021  0.030  0.052  0.074   11    9 99.999 99.999   99  21.168697046 -16.465495539  1 11  4.47 2005  9 24 2453637.54935729    20  V                     n30011.fits                                        Triton                1020  1020
  -0.051  -0.100  488.40  530.84 1.673    157.61    112.55 99.999 99.999 99.999 13.205 13.195 99.999 99.999 99.999  0.209 99.999 99.999 99.999 99.999  99.999  99.999  99.999  99.999  0.028  0.028  0.014  0.019  0.049  0.067   18   14 99.999 99.999   99  21.168694962 -16.465510970  1 14 49.07 2005  9 24 2453637.55195683    20  V                     n30014.fits                                        Triton                1020  1020
  -0.009  -0.077  488.02  528.94 1.476    271.19    109.57 99.999 99.999 99.999 13.149 13.203 99.999 99.999 99.999  0.229 99.999 99.999 99.999 99.999  99.999  99.999  99.999  99.999  0.027  0.027  0.015  0.013  0.061  0.054   22   18 99.999 99.999   99  21.168695186 -16.465507026  1 15 48.82 2005  9 24 2453637.55264838    20  V                     n30015.fits                                        Triton                1020  1020
   0.030  -0.079  487.72  532.61 1.424    148.97    118.48 99.999 99.999 99.999 13.137 13.142 99.999 99.999 99.999  0.255 99.999 99.999 99.999 99.999  99.999  99.999  99.999  99.999  0.000  0.000  0.011  0.021  0.038  0.073   17   13 99.999 99.999   99  21.168694746 -16.465512893  1 17 55.85 2005  9 24 2453637.55411863    20  V                     n30018.fits                                        Triton                1020  1020
  -0.001  -0.066  487.62  529.52 1.779     46.76    107.55 99.999 99.999 99.999 13.294 13.308 99.999 99.999 99.999  0.415 99.999 99.999 99.999 99.999  99.999  99.999  99.999  99.999  0.031  0.031  0.026  0.022  0.051  0.043    6    5 99.999 99.999   99  21.168693224 -16.465513017  1 19 32.50 2005  9 24 2453637.55523727    15  V                     n30019.fits                                        Triton                1020  1020
  -0.033  -0.069  458.71  541.03 1.615    235.35    128.50 99.999 99.999 99.999 13.249 13.171 99.999 99.999 99.999  0.205 99.999 99.999 99.999 99.999  99.999  99.999  99.999  99.999  0.013  0.013  0.016  0.016  0.063  0.063   19   17 99.999 99.999   99  21.168653368 -16.465688005  2 29  8.45 2005  9 24 2453637.60357002    15  V                     n30032.fits                                        Triton                1020  1020
  -0.053  -0.101  458.03  538.34 1.544     96.93    118.27 99.999 99.999 99.999 13.217 13.115 99.999 99.999 99.999  0.192 99.999 99.999 99.999 99.999  99.999  99.999  99.999  99.999  0.016  0.016  0.019  0.020  0.062  0.067   15   12 99.999 99.999   99  21.168651948 -16.465701656  2 30 57.41 2005  9 24 2453637.60483113    12  V                     n30034.fits                                        Triton                1020  1020
  -0.009  -0.128  457.87  540.02 2.041    121.95    124.64 99.999 99.999 99.999 13.289 13.274 99.999 99.999 99.999  0.172 99.999 99.999 99.999 99.999  99.999  99.999  99.999  99.999  0.004  0.004  0.019  0.016  0.067  0.057   22   14 99.999 99.999   99  21.168651945 -16.465712934  2 32 30.63 2005  9 24 2453637.60591007    12  V                     n30036.fits                                        Triton                1020  1020
   0.029  -0.106  457.36  540.52 1.812    263.83    155.55 99.999 99.999 99.999 13.190 13.180 99.999 99.999 99.999  0.190 99.999 99.999 99.999 99.999  99.999  99.999  99.999  99.999  0.009  0.009  0.016  0.014  0.071  0.063   28   22 99.999 99.999   99  21.168650979 -16.465714588  2 35 32.85 2005  9 24 2453637.60801910    12  V                     n30040.fits                                        Triton                1020  1020
  -0.042  -0.071  457.47  540.90 1.739    313.29    119.34 99.999 99.999 99.999 13.117 13.144 99.999 99.999 99.999  0.202 99.999 99.999 99.999 99.999  99.999  99.999  99.999  99.999  0.013  0.013  0.014  0.013  0.060  0.058   28   24 99.999 99.999   99  21.168649387 -16.465705898  2 35 56.32 2005  9 24 2453637.60829074    12  V                     n30041.fits                                        Triton                1020  1020
   0.028  -0.125  457.48  541.99 1.696    271.46    129.34 99.999 99.999 99.999 13.201 13.216 99.999 99.999 99.999  0.205 99.999 99.999 99.999 99.999  99.999  99.999  99.999  99.999  0.013  0.013  0.015  0.018  0.061  0.075   24   19 99.999 99.999   99  21.168650521 -16.465721868  2 36 20.66 2005  9 24 2453637.60857245    12  V                     n30042.fits                                        Triton                1020  1020
  -0.003  -0.102  457.28  542.43 1.769    292.68    141.32 99.999 99.999 99.999 13.203 13.246 99.999 99.999 99.999  0.228 99.999 99.999 99.999 99.999  99.999  99.999  99.999  99.999  0.014  0.014  0.009  0.014  0.038  0.058   27   18 99.999 99.999   99  21.168649693 -16.465716720  2 36 44.31 2005  9 24 2453637.60884618    12  V                     n30043.fits                                        Triton                1020  1020
  -0.002  -0.120  457.16  542.53 1.615    365.38    134.03 99.999 99.999 99.999 13.119 13.028 99.999 99.999 99.999  0.235 99.999 99.999 99.999 99.999  99.999  99.999  99.999  99.999  0.009  0.009  0.015  0.015  0.068  0.066   27   22 99.999 99.999   99  21.168649492 -16.465722855  2 37  8.65 2005  9 24 2453637.60912789    12  V                     n30044.fits                                        Triton                1020  1020
   0.014  -0.086  457.02  543.25 1.832    270.99    126.53 99.999 99.999 99.999 13.145 13.118 99.999 99.999 99.999  0.235 99.999 99.999 99.999 99.999  99.999  99.999  99.999  99.999  0.020  0.020  0.021  0.019  0.078  0.070   24   17 99.999 99.999   99  21.168649573 -16.465714120  2 37 32.13 2005  9 24 2453637.60939965    12  V                     n30045.fits                                        Triton                1020  1020
  -0.043  -0.097  457.29  543.25 1.673    306.04    151.76 99.999 99.999 99.999 13.174 13.158 99.999 99.999 99.999  0.195 99.999 99.999 99.999 99.999  99.999  99.999  99.999  99.999  0.016  0.016  0.014  0.014  0.056  0.058   28   20 99.999 99.999   99  21.168648188 -16.465718557  2 38  1.60 2005  9 24 2453637.60974074    12  V                     n30046.fits                                        Triton                1020  1020
   0.001  -0.102  457.06  542.50 1.720    322.48    145.39 99.999 99.999 99.999 13.147 13.194 99.999 99.999 99.999  0.197 99.999 99.999 99.999 99.999  99.999  99.999  99.999  99.999  0.013  0.013  0.017  0.020  0.066  0.078   26   20 99.999 99.999   99  21.168648834 -16.465720811  2 38 25.08 2005  9 24 2453637.61001250    12  V                     n30047.fits                                        Triton                1020  1020
  -0.018  -0.064  456.69  540.71 1.407    461.09    166.82 99.999 99.999 99.999 13.132 13.174 99.999 99.999 99.999  0.196 99.999 99.999 99.999 99.999  99.999  99.999  99.999  99.999  0.011  0.011  0.014  0.017  0.050  0.063   24   17 99.999 99.999   99  21.168648182 -16.465711551  2 38 54.56 2005  9 24 2453637.61035370    12  V                     n30048.fits                                        Triton                1020  1020
  -0.003  -0.070  456.61  539.96 1.345    474.61    157.66 99.999 99.999 99.999 13.079 13.100 99.999 99.999 99.999  0.220 99.999 99.999 99.999 99.999  99.999  99.999  99.999  99.999  0.006  0.006  0.013  0.018  0.051  0.069   21   17 99.999 99.999   99  21.168648200 -16.465714323  2 39 23.19 2005  9 24 2453637.61068507    12  V                     n30049.fits                                        Triton                1020  1020
  -0.001  -0.100  456.40  540.94 1.624    395.19    126.11 99.999 99.999 99.999 13.101 13.092 99.999 99.999 99.999  0.238 99.999 99.999 99.999 99.999  99.999  99.999  99.999  99.999  0.009  0.009  0.012  0.013  0.054  0.057   28   23 99.999 99.999   99  21.168648009 -16.465723884  2 39 47.52 2005  9 24 2453637.61096667    12  V                     n30050.fits                                        Triton                1020  1020
  -0.041  -0.066  456.14  541.84 1.608    396.67    134.15 99.999 99.999 99.999 13.068 13.150 99.999 99.999 99.999  0.255 99.999 99.999 99.999 99.999  99.999  99.999  99.999  99.999  0.018  0.018  0.009  0.016  0.036  0.062   27   19 99.999 99.999   99  21.168647022 -16.465715579  2 40 11.86 2005  9 24 2453637.61124838    12  V                     n30051.fits                                        Triton                1020  1020
   0.001  -0.103  456.59  542.20 1.564    395.00    132.32 99.999 99.999 99.999 13.068 13.063 99.999 99.999 99.999  0.241 99.999 99.999 99.999 99.999  99.999  99.999  99.999  99.999  0.011  0.011  0.014  0.017  0.059  0.068   25   19 99.999 99.999   99  21.168647599 -16.465726917  2 40 36.90 2005  9 24 2453637.61153819    12  V                     n30052.fits                                        Triton                1020  1020
  -0.022  -0.046  456.46  541.93 1.679    334.45    140.28 99.999 99.999 99.999 13.121 13.205 99.999 99.999 99.999  0.277 99.999 99.999 99.999 99.999  99.999  99.999  99.999  99.999  0.012  0.012  0.016  0.018  0.062  0.072   25   19 99.999 99.999   99  21.168646917 -16.465712146  2 41  1.95 2005  9 24 2453637.61182813    12  V                     n30053.fits                                        Triton                1020  1020
  -0.053  -0.047  456.40  542.01 1.608    326.16    142.17 99.999 99.999 99.999 13.108 13.147 99.999 99.999 99.999  0.191 99.999 99.999 99.999 99.999  99.999  99.999  99.999  99.999  0.015  0.015  0.011  0.013  0.045  0.056   25   20 99.999 99.999   99  21.168646096 -16.465713413  2 41 26.97 2005  9 24 2453637.61211771    12  V                     n30054.fits                                        Triton                1020  1020
  -0.007  -0.095  456.52  543.05 1.690    298.18    147.94 99.999 99.999 99.999 13.100 13.161 99.999 99.999 99.999  0.214 99.999 99.999 99.999 99.999  99.999  99.999  99.999  99.999  0.014  0.014  0.012  0.017  0.053  0.075   27   21 99.999 99.999   99  21.168646721 -16.465727833  2 41 52.03 2005  9 24 2453637.61240775    12  V                     n30055.fits                                        Triton                1020  1020
  -0.019  -0.107  456.49  542.11 1.567    199.77    132.71 99.999 99.999 99.999 13.185 13.249 99.999 99.999 99.999  0.170 99.999 99.999 99.999 99.999  99.999  99.999  99.999  99.999  0.011  0.011  0.014  0.015  0.059  0.064   24   21 99.999 99.999   99  21.168646273 -16.465732299  2 42 17.13 2005  9 24 2453637.61269826    12  V                     n30056.fits                                        Triton                1020  1020
  -0.023  -0.083  456.45  539.88 1.520    200.51    119.83 99.999 99.999 99.999 13.204 13.161 99.999 99.999 99.999  0.201 99.999 99.999 99.999 99.999  99.999  99.999  99.999  99.999  0.018  0.018  0.014  0.015  0.062  0.063   21   19 99.999 99.999   99  21.168645925 -16.465726942  2 42 47.40 2005  9 24 2453637.61304861    12  V                     n30057.fits                                        Triton                1020  1020
  -0.011  -0.108  456.61  539.17 1.449    303.46    140.34 99.999 99.999 99.999 13.167 13.174 99.999 99.999 99.999  0.204 99.999 99.999 99.999 99.999  99.999  99.999  99.999  99.999  0.014  0.014  0.013  0.015  0.056  0.064   27   21 99.999 99.999   99  21.168645864 -16.465735349  2 43 17.61 2005  9 24 2453637.61339826    12  V                     n30058.fits                                        Triton                1020  1020
   0.017  -0.078  455.92  539.68 1.747    266.98    127.41 99.999 99.999 99.999 13.114 13.129 99.999 99.999 99.999  0.230 99.999 99.999 99.999 99.999  99.999  99.999  99.999  99.999  0.018  0.018  0.012  0.013  0.048  0.053   24   18 99.999 99.999   99  21.168646164 -16.465727852  2 43 42.72 2005  9 24 2453637.61368889    12  V                     n30059.fits                                        Triton                1020  1020
  -0.029  -0.097  455.62  539.13 1.573    311.32    129.71 99.999 99.999 99.999 13.133 13.060 99.999 99.999 99.999  0.256 99.999 99.999 99.999 99.999  99.999  99.999  99.999  99.999  0.018  0.018  0.016  0.014  0.058  0.050   21   15 99.999 99.999   99  21.168643948 -16.465739535  2 46  6.26 2005  9 24 2453637.61535023    12  V                     n30064.fits                                        Triton                1020  1020
  -0.006  -0.062  455.13  535.94 1.504    380.22    157.08 99.999 99.999 99.999 13.047 13.128 99.999 99.999 99.999  0.280 99.999 99.999 99.999 99.999  99.999  99.999  99.999  99.999  0.012  0.012  0.014  0.015  0.053  0.058   26   19 99.999 99.999   99  21.168643908 -16.465731668  2 46 56.58 2005  9 24 2453637.61593264    12  V                     n30066.fits                                        Triton                1020  1020
   0.001  -0.050  454.69  536.16 1.690    331.51    152.80 99.999 99.999 99.999 13.154 13.185 99.999 99.999 99.999  0.214 99.999 99.999 99.999 99.999  99.999  99.999  99.999  99.999  0.010  0.010  0.014  0.016  0.059  0.068   28   19 99.999 99.999   99  21.168642880 -16.465734017  2 49  2.18 2005  9 24 2453637.61738634    12  V                     n30071.fits                                        Triton                1020  1020
   0.018  -0.052  454.21  532.68 2.412    167.15    120.99 99.999 99.999 99.999 13.246 13.361 99.999 99.999 99.999  0.241 99.999 99.999 99.999 99.999  99.999  99.999  99.999  99.999  0.025  0.025  0.016  0.017  0.061  0.066   24   18 99.999 99.999   99  21.168642205 -16.465739067  2 50 48.77 2005  9 24 2453637.61862002    12  V                     n30075.fits                                        Triton                1020  1020
  -0.043  -0.064  453.94  532.92 1.824    275.87    122.91 99.999 99.999 99.999 13.084 13.113 99.999 99.999 99.999  0.223 99.999 99.999 99.999 99.999  99.999  99.999  99.999  99.999  0.005  0.005  0.011  0.012  0.045  0.052   26   20 99.999 99.999   99  21.168640343 -16.465745567  2 52  4.00 2005  9 24 2453637.61949074    12  V                     n30078.fits                                        Triton                1020  1020
   0.006  -0.101  454.28  533.68 1.872    275.90    132.54 99.999 99.999 99.999 13.186 13.135 99.999 99.999 99.999  0.181 99.999 99.999 99.999 99.999  99.999  99.999  99.999  99.999  0.014  0.014  0.011  0.017  0.047  0.073   25   20 99.999 99.999   99  21.168641057 -16.465757008  2 52 29.08 2005  9 24 2453637.61978102    12  V                     n30079.fits                                        Triton                1020  1020
   0.012  -0.093  453.88  534.41 1.597    340.60    133.56 99.999 99.999 99.999 13.103 13.164 99.999 99.999 99.999  0.165 99.999 99.999 99.999 99.999  99.999  99.999  99.999  99.999  0.013  0.013  0.012  0.015  0.046  0.058   25   19 99.999 99.999   99  21.168640930 -16.465755861  2 52 54.25 2005  9 24 2453637.62007234    12  V                     n30080.fits                                        Triton                1020  1020
  -0.005  -0.110  454.29  534.80 2.038    182.62    156.32 99.999 99.999 99.999 13.256 13.288 99.999 99.999 99.999  0.207 99.999 99.999 99.999 99.999  99.999  99.999  99.999  99.999  0.016  0.016  0.011  0.021  0.043  0.081   23   16 99.999 99.999   99  21.168640344 -16.465761551  2 53 20.26 2005  9 24 2453637.62037338    12  V                     n30081.fits                                        Triton                1020  1020
  -0.029  -0.107  453.85  535.89 2.023    224.01    119.88 99.999 99.999 99.999 13.178 13.213 99.999 99.999 99.999  0.185 99.999 99.999 99.999 99.999  99.999  99.999  99.999  99.999  0.019  0.019  0.018  0.018  0.064  0.064   23   17 99.999 99.999   99  21.168639658 -16.465761865  2 53 46.27 2005  9 24 2453637.62067442    12  V                     n30082.fits                                        Triton                1020  1020
  -0.031  -0.107  453.63  535.85 1.804    282.83    142.73 99.999 99.999 99.999 13.115 13.171 99.999 99.999 99.999  0.236 99.999 99.999 99.999 99.999  99.999  99.999  99.999  99.999  0.016  0.016  0.017  0.011  0.067  0.042   23   18 99.999 99.999   99  21.168639364 -16.465762936  2 54 12.36 2005  9 24 2453637.62097639    12  V                     n30083.fits                                        Triton                1020  1020
   0.022  -0.125  453.79  533.82 1.650    333.25    133.82 99.999 99.999 99.999 13.198 13.160 99.999 99.999 99.999  0.192 99.999 99.999 99.999 99.999  99.999  99.999  99.999  99.999  0.016  0.016  0.015  0.019  0.062  0.078   23   20 99.999 99.999   99  21.168639934 -16.465770362  2 55  3.60 2005  9 24 2453637.62156944    12  V                     n30085.fits                                        Triton                1020  1020
  -0.035  -0.091  453.74  533.86 1.556    354.97    138.77 99.999 99.999 99.999 13.160 13.247 99.999 99.999 99.999  0.238 99.999 99.999 99.999 99.999  99.999  99.999  99.999  99.999  0.027  0.027  0.013  0.013  0.054  0.054   25   20 99.999 99.999   99  21.168638569 -16.465761944  2 55 28.88 2005  9 24 2453637.62186204    12  V                     n30086.fits                                        Triton                1020  1020
  -0.004  -0.125  453.66  534.61 1.546    385.61    132.52 99.999 99.999 99.999 13.135 13.123 99.999 99.999 99.999  0.257 99.999 99.999 99.999 99.999  99.999  99.999  99.999  99.999  0.017  0.017  0.011  0.015  0.048  0.066   26   20 99.999 99.999   99  21.168638954 -16.465772510  2 55 54.07 2005  9 24 2453637.62215359    12  V                     n30087.fits                                        Triton                1020  1020
  -0.030  -0.094  453.53  535.68 1.613    349.36    139.03 99.999 99.999 99.999 13.140 13.080 99.999 99.999 99.999  0.217 99.999 99.999 99.999 99.999  99.999  99.999  99.999  99.999  0.027  0.027  0.013  0.013  0.055  0.053   28   20 99.999 99.999   99  21.168638189 -16.465764866  2 56 19.18 2005  9 24 2453637.62244421    12  V                     n30088.fits                                        Triton                1020  1020
  -0.012  -0.062  453.38  535.94 1.518    398.18    142.87 99.999 99.999 99.999 13.114 13.145 99.999 99.999 99.999  0.248 99.999 99.999 99.999 99.999  99.999  99.999  99.999  99.999  0.014  0.014  0.016  0.014  0.066  0.058   29   20 99.999 99.999   99  21.168638322 -16.465757099  2 56 45.18 2005  9 24 2453637.62274514    12  V                     n30089.fits                                        Triton                1020  1020
  -0.022  -0.065  453.33  536.01 1.357    434.89    154.92 99.999 99.999 99.999 13.093 13.098 99.999 99.999 99.999  0.250 99.999 99.999 99.999 99.999  99.999  99.999  99.999  99.999  0.016  0.016  0.012  0.015  0.054  0.066   27   21 99.999 99.999   99  21.168637885 -16.465759296  2 57 11.30 2005  9 24 2453637.62304745    12  V                     n30090.fits                                        Triton                1020  1020
   0.000  -0.083  453.32  536.98 1.569    381.30    142.91 99.999 99.999 99.999 13.139 13.142 99.999 99.999 99.999  0.210 99.999 99.999 99.999 99.999  99.999  99.999  99.999  99.999  0.017  0.017  0.013  0.017  0.057  0.071   26   20 99.999 99.999   99  21.168638056 -16.465765374  2 57 37.28 2005  9 24 2453637.62334815    12  V                     n30091.fits                                        Triton                1020  1020
  -0.023  -0.092  453.14  535.23 1.620    376.45    120.24 99.999 99.999 99.999 13.130 13.175 99.999 99.999 99.999  0.272 99.999 99.999 99.999 99.999  99.999  99.999  99.999  99.999  0.017  0.017  0.019  0.013  0.079  0.056   27   20 99.999 99.999   99  21.168636910 -16.465771118  2 58 52.59 2005  9 24 2453637.62421979    12  V                     n30094.fits                                        Triton                1020  1020
  -0.033  -0.074  453.03  534.81 1.452    420.83    138.93 99.999 99.999 99.999 13.135 13.104 99.999 99.999 99.999  0.210 99.999 99.999 99.999 99.999  99.999  99.999  99.999  99.999  0.026  0.026  0.012  0.014  0.048  0.055   23   18 99.999 99.999   99  21.168636494 -16.465767321  2 59 17.69 2005  9 24 2453637.62451030    12  V                     n30095.fits                                        Triton                1020  1020
  -0.015  -0.061  452.86  534.98 1.420    462.20    140.07 99.999 99.999 99.999 13.119 13.139 99.999 99.999 99.999  0.224 99.999 99.999 99.999 99.999  99.999  99.999  99.999  99.999  0.020  0.020  0.018  0.013  0.067  0.049   24   19 99.999 99.999   99  21.168636607 -16.465764693  2 59 42.80 2005  9 24 2453637.62480093    12  V                     n30096.fits                                        Triton                1020  1020
  -0.015  -0.076  452.88  536.31 1.541    422.04    129.60 99.999 99.999 99.999 13.071 13.102 99.999 99.999 99.999  0.225 99.999 99.999 99.999 99.999  99.999  99.999  99.999  99.999  0.025  0.025  0.010  0.016  0.043  0.064   25   18 99.999 99.999   99  21.168636383 -16.465770092  3  0  7.90 2005  9 24 2453637.62509144    12  V                     n30097.fits                                        Triton                1020  1020
  -0.002  -0.113  452.93  536.48 1.430    458.32    126.56 99.999 99.999 99.999 13.042 13.021 99.999 99.999 99.999  0.255 99.999 99.999 99.999 99.999  99.999  99.999  99.999  99.999  0.018  0.018  0.017  0.014  0.069  0.058   25   19 99.999 99.999   99  21.168636387 -16.465781333  3  0 32.95 2005  9 24 2453637.62538137    12  V                     n30098.fits                                        Triton                1020  1020
