  -0.149  -0.066 1007.76  883.06 1.823    175.89     18.89 99.999 99.999 99.999 13.500 13.449 99.999 99.999 99.999  0.173 99.999 99.999 99.999 99.999  99.999  99.999  99.999  99.999  0.017  0.017  0.021  0.019  0.061  0.057   31   17 99.999 99.999   99  21.474954009 -15.108475166  5  6 11.26 2006  6  8 2453894.71263032     1  Clear                 netuno0001.fits                                    Triton                2040  2050
  -0.045  -0.330 1007.73  885.09 1.814    167.14     20.87 99.999 99.999 99.999 13.626 13.573 99.999 99.999 99.999  0.179 99.999 99.999 99.999 99.999  99.999  99.999  99.999  99.999  0.015  0.015  0.018  0.022  0.059  0.072   35   20 99.999 99.999   99  21.474954280 -15.108546676  5 10  8.50 2006  6  8 2453894.71537616     1  Clear                 netuno0003.fits                                    Triton                2040  2050
  -0.097   0.007 1007.48  883.07 1.755    184.19     20.29 99.999 99.999 99.999 13.485 13.479 99.999 99.999 99.999  0.191 99.999 99.999 99.999 99.999  99.999  99.999  99.999  99.999  0.013  0.013  0.017  0.018  0.072  0.075   36   24 99.999 99.999   99  21.474952999 -15.108452715  5 10 44.53 2006  6  8 2453894.71579317     1  Clear                 netuno0004.fits                                    Triton                2040  2050
  -0.036   0.071 1010.84  889.22 1.686    192.78     22.87 99.999 99.999 99.999 13.396 13.391 99.999 99.999 99.999  0.133 99.999 99.999 99.999 99.999  99.999  99.999  99.999  99.999  0.012  0.012  0.018  0.018  0.079  0.081   36   21 99.999 99.999   99  21.474953666 -15.108434320  5 11 53.98 2006  6  8 2453894.71659699     1  Clear                 netuno0006.fits                                    Triton                2040  2050
   0.181  -0.119 1008.81  887.26 2.543    113.19     10.48 99.999 99.999 99.999 13.556 13.528 99.999 99.999 99.999  0.198 99.999 99.999 99.999 99.999  99.999  99.999  99.999  99.999  0.022  0.022  0.016  0.017  0.062  0.067   33   16 99.999 99.999   99  21.474957327 -15.108486741  5 13  2.41 2006  6  8 2453894.71738900     1  Clear                 netuno0008.fits                                    Triton                2040  2050
  -0.361  -0.219 1007.90  887.60 1.885    164.68     18.86 99.999 99.999 99.999 13.538 13.508 99.999 99.999 99.999  0.144 99.999 99.999 99.999 99.999  99.999  99.999  99.999  99.999  0.017  0.017  0.012  0.017  0.043  0.061   32   18 99.999 99.999   99  21.474946446 -15.108513994  5 14 11.79 2006  6  8 2453894.71819201     1  Clear                 netuno0010.fits                                    Triton                2040  2050
  -0.226  -0.264 1007.33  884.57 1.617    185.84     27.53 99.999 99.999 99.999 13.446 13.453 99.999 99.999 99.999  0.165 99.999 99.999 99.999 99.999  99.999  99.999  99.999  99.999  0.012  0.012  0.020  0.015  0.072  0.055   37   18 99.999 99.999   99  21.474948773 -15.108526244  5 14 47.54 2006  6  8 2453894.71860579     1  Clear                 netuno0011.fits                                    Triton                2040  2050
   0.098   0.009 1007.29  886.07 1.787    185.00     21.54 99.999 99.999 99.999 13.433 13.399 99.999 99.999 99.999  0.129 99.999 99.999 99.999 99.999  99.999  99.999  99.999  99.999  0.010  0.010  0.018  0.016  0.065  0.057   31   18 99.999 99.999   99  21.474954736 -15.108450071  5 15 22.14 2006  6  8 2453894.71900625     1  Clear                 netuno0012.fits                                    Triton                2040  2050
   0.066   0.150 1010.27  889.24 1.805    159.61     22.37 99.999 99.999 99.999 13.370 13.417 99.999 99.999 99.999  0.217 99.999 99.999 99.999 99.999  99.999  99.999  99.999  99.999  0.004  0.004  0.025  0.031  0.058  0.073   28   13 99.999 99.999   99  21.474953881 -15.108410583  5 15 57.05 2006  6  8 2453894.71941030     1  Clear                 netuno0013.fits                                    Triton                2040  2050
  -0.141  -0.006 1007.59  884.61 1.652    184.03     27.56 99.999 99.999 99.999 13.633 13.566 99.999 99.999 99.999  0.180 99.999 99.999 99.999 99.999  99.999  99.999  99.999  99.999  0.016  0.016  0.014  0.016  0.062  0.068   34   24 99.999 99.999   99  21.474949134 -15.108452904  5 17 41.65 2006  6  8 2453894.72062095     1  Clear                 netuno0016.fits                                    Triton                2040  2050
  -0.102  -0.012 1005.29  880.84 1.464    230.48     28.44 99.999 99.999 99.999 13.447 13.432 99.999 99.999 99.999  0.146 99.999 99.999 99.999 99.999  99.999  99.999  99.999  99.999  0.017  0.017  0.015  0.016  0.064  0.067   35   22 99.999 99.999   99  21.474949620 -15.108454146  5 18 16.13 2006  6  8 2453894.72102002     1  Clear                 netuno0017.fits                                    Triton                2040  2050
  -0.144  -0.004 1005.07  881.22 1.454    243.66     26.28 99.999 99.999 99.999 13.448 13.465 99.999 99.999 99.999  0.162 99.999 99.999 99.999 99.999  99.999  99.999  99.999  99.999  0.011  0.011  0.017  0.015  0.070  0.061   38   23 99.999 99.999   99  21.474948325 -15.108451267  5 19 25.89 2006  6  8 2453894.72182743     1  Clear                 netuno0019.fits                                    Triton                2040  2050
  -0.229  -0.080 1006.63  883.40 1.848    179.96     17.82 99.999 99.999 99.999 13.530 13.506 99.999 99.999 99.999  0.142 99.999 99.999 99.999 99.999  99.999  99.999  99.999  99.999  0.017  0.017  0.014  0.018  0.053  0.068   33   16 99.999 99.999   99  21.474946448 -15.108472307  5 20  0.47 2006  6  8 2453894.72222766     1  Clear                 netuno0020.fits                                    Triton                2040  2050
   0.086   0.103 1006.08  881.57 1.807    188.57     18.53 99.999 99.999 99.999 13.415 13.382 99.999 99.999 99.999  0.248 99.999 99.999 99.999 99.999  99.999  99.999  99.999  99.999  0.018  0.018  0.017  0.009  0.067  0.036   37   23 99.999 99.999   99  21.474952236 -15.108421043  5 20 34.66 2006  6  8 2453894.72262338     1  Clear                 netuno0021.fits                                    Triton                2040  2050
   0.143  -0.018 1003.56  878.71 1.811    177.03     21.24 99.999 99.999 99.999 13.370 13.334 99.999 99.999 99.999  0.162 99.999 99.999 99.999 99.999  99.999  99.999  99.999  99.999  0.010  0.010  0.017  0.014  0.068  0.056   35   20 99.999 99.999   99  21.474953078 -15.108454447  5 21  8.88 2006  6  8 2453894.72301944     1  Clear                 netuno0022.fits                                    Triton                2040  2050
  -0.193   0.038 1004.37  877.51 1.925    159.01     18.71 99.999 99.999 99.999 13.463 13.430 99.999 99.999 99.999  0.143 99.999 99.999 99.999 99.999  99.999  99.999  99.999  99.999  0.021  0.021  0.017  0.021  0.060  0.076   32   18 99.999 99.999   99  21.474946387 -15.108438592  5 21 43.08 2006  6  8 2453894.72341528     1  Clear                 netuno0023.fits                                    Triton                2040  2050
   0.040   0.115 1000.28  873.66 1.449    213.64     33.52 99.999 99.999 99.999 13.403 13.385 99.999 99.999 99.999  0.126 99.999 99.999 99.999 99.999  99.999  99.999  99.999  99.999  0.014  0.014  0.020  0.017  0.071  0.061   36   22 99.999 99.999   99  21.474950596 -15.108417007  5 22 17.28 2006  6  8 2453894.72381111     1  Clear                 netuno0024.fits                                    Triton                2040  2050
  -0.260  -0.011 1000.85  873.30 2.046    150.30     18.48 99.999 99.999 99.999 13.464 13.475 99.999 99.999 99.999  0.149 99.999 99.999 99.999 99.999  99.999  99.999  99.999  99.999  0.021  0.021  0.014  0.015  0.061  0.066   36   27 99.999 99.999   99  21.474944602 -15.108451599  5 22 52.36 2006  6  8 2453894.72421713     1  Clear                 netuno0025.fits                                    Triton                2040  2050
  -0.506  -0.113 1001.56  875.03 1.886    179.29     16.30 99.999 99.999 99.999 13.478 13.476 99.999 99.999 99.999  0.199 99.999 99.999 99.999 99.999  99.999  99.999  99.999  99.999  0.023  0.023  0.016  0.017  0.062  0.065   28   20 99.999 99.999   99  21.474939625 -15.108479833  5 23 27.43 2006  6  8 2453894.72462303     1  Clear                 netuno0026.fits                                    Triton                2040  2050
   0.028   0.033 1002.71  875.47 2.029    171.77     13.42 99.999 99.999 99.999 13.532 13.527 99.999 99.999 99.999  0.160 99.999 99.999 99.999 99.999  99.999  99.999  99.999  99.999  0.020  0.020  0.016  0.017  0.063  0.067   34   21 99.999 99.999   99  21.474949625 -15.108438805  5 24  2.50 2006  6  8 2453894.72502894     1  Clear                 netuno0027.fits                                    Triton                2040  2050
   0.033   0.088  999.93  871.95 1.627    242.61     16.07 99.999 99.999 99.999 13.493 13.460 99.999 99.999 99.999  0.174 99.999 99.999 99.999 99.999  99.999  99.999  99.999  99.999  0.016  0.016  0.016  0.015  0.067  0.065   36   25 99.999 99.999   99  21.474949222 -15.108422936  5 25 12.04 2006  6  8 2453894.72583380     1  Clear                 netuno0029.fits                                    Triton                2040  2050
  -0.329  -0.048  999.13  873.49 1.531    176.62     34.74 99.999 99.999 99.999 13.617 13.616 99.999 99.999 99.999  0.198 99.999 99.999 99.999 99.999  99.999  99.999  99.999  99.999  0.018  0.018  0.018  0.014  0.085  0.066   34   25 99.999 99.999   99  21.474942023 -15.108460635  5 25 47.00 2006  6  8 2453894.72623843     1  Clear                 netuno0030.fits                                    Triton                2040  2050
   0.126   0.017  997.92  869.07 2.073    169.15     11.75 99.999 99.999 99.999 13.408 13.361 99.999 99.999 99.999  0.144 99.999 99.999 99.999 99.999  99.999  99.999  99.999  99.999  0.019  0.019  0.016  0.013  0.074  0.061   32   22 99.999 99.999   99  21.474950465 -15.108442143  5 26 21.91 2006  6  8 2453894.72664248     1  Clear                 netuno0031.fits                                    Triton                2040  2050
  -0.161  -0.123  996.33  870.63 1.536    244.45     22.71 99.999 99.999 99.999 13.496 13.510 99.999 99.999 99.999  0.168 99.999 99.999 99.999 99.999  99.999  99.999  99.999  99.999  0.027  0.027  0.014  0.013  0.061  0.061   35   23 99.999 99.999   99  21.474941459 -15.108477011  5 34 25.52 2006  6  8 2453894.73223981     1  Clear                 netuno0040.fits                                    Triton                2040  2050
   0.101  -0.140  995.88  869.23 1.571    244.94     20.88 99.999 99.999 99.999 13.528 13.548 99.999 99.999 99.999  0.241 99.999 99.999 99.999 99.999  99.999  99.999  99.999  99.999  0.011  0.011  0.014  0.013  0.069  0.060   38   28 99.999 99.999   99  21.474946280 -15.108481383  5 34 59.72 2006  6  8 2453894.73263565     1  Clear                 netuno0041.fits                                    Triton                2040  2050
  -0.155  -0.044  998.95  877.65 1.320    249.32     36.14 99.999 99.999 99.999 13.397 13.421 99.999 99.999 99.999  0.175 99.999 99.999 99.999 99.999  99.999  99.999  99.999  99.999  0.003  0.003  0.017  0.019  0.062  0.071   34   20 99.999 99.999   99  21.474940858 -15.108454075  5 36  8.11 2006  6  8 2453894.73342720     1  Clear                 netuno0043.fits                                    Triton                2040  2050
  -0.065  -0.153  997.85  872.37 1.480    274.28     20.27 99.999 99.999 99.999 13.442 13.449 99.999 99.999 99.999  0.139 99.999 99.999 99.999 99.999  99.999  99.999  99.999  99.999  0.023  0.023  0.015  0.016  0.053  0.056   37   22 99.999 99.999   99  21.474942328 -15.108484100  5 36 42.43 2006  6  8 2453894.73382442     1  Clear                 netuno0044.fits                                    Triton                2040  2050
  -0.150   0.042  997.19  870.28 1.735    213.88     15.47 99.999 99.999 99.999 13.560 13.528 99.999 99.999 99.999  0.154 99.999 99.999 99.999 99.999  99.999  99.999  99.999  99.999  0.022  0.022  0.017  0.015  0.073  0.065   37   24 99.999 99.999   99  21.474940463 -15.108429795  5 37 17.01 2006  6  8 2453894.73422465     1  Clear                 netuno0045.fits                                    Triton                2040  2050
  -0.141  -0.071  995.37  868.04 1.763    219.45     13.01 99.999 99.999 99.999 13.553 13.510 99.999 99.999 99.999  0.185 99.999 99.999 99.999 99.999  99.999  99.999  99.999  99.999  0.017  0.017  0.015  0.012  0.068  0.054   37   25 99.999 99.999   99  21.474940378 -15.108460838  5 37 52.29 2006  6  8 2453894.73463299     1  Clear                 netuno0046.fits                                    Triton                2040  2050
  -0.102  -0.017  994.02  866.92 1.699    213.05     18.73 99.999 99.999 99.999 13.489 13.440 99.999 99.999 99.999  0.144 99.999 99.999 99.999 99.999  99.999  99.999  99.999  99.999  0.012  0.012  0.015  0.014  0.060  0.058   37   25 99.999 99.999   99  21.474940354 -15.108444739  5 39 36.81 2006  6  8 2453894.73584271     1  Clear                 netuno0049.fits                                    Triton                2040  2050
  -0.213  -0.115  993.41  867.68 1.844    193.15     14.50 99.999 99.999 99.999 13.553 13.512 99.999 99.999 99.999  0.180 99.999 99.999 99.999 99.999  99.999  99.999  99.999  99.999  0.020  0.020  0.015  0.013  0.067  0.056   35   23 99.999 99.999   99  21.474937968 -15.108471754  5 40 11.21 2006  6  8 2453894.73624086     1  Clear                 netuno0050.fits                                    Triton                2040  2050
   0.162  -0.059  992.49  864.34 2.060    174.53      9.83 99.999 99.999 99.999 13.587 13.546 99.999 99.999 99.999  0.207 99.999 99.999 99.999 99.999  99.999  99.999  99.999  99.999  0.018  0.018  0.013  0.016  0.056  0.070   37   25 99.999 99.999   99  21.474944944 -15.108455929  5 40 44.55 2006  6  8 2453894.73662674     1  Clear                 netuno0051.fits                                    Triton                2040  2050
  -0.117  -0.075  990.47  860.95 1.401    252.93     30.31 99.999 99.999 99.999 13.567 13.585 99.999 99.999 99.999  0.196 99.999 99.999 99.999 99.999  99.999  99.999  99.999  99.999  0.015  0.014  0.015  0.013  0.064  0.055   37   21 99.999 99.999   99  21.474939090 -15.108459849  5 41 52.99 2006  6  8 2453894.73741887     1  Clear                 netuno0053.fits                                    Triton                2040  2050
  -0.115  -0.035  988.23  858.85 1.491    216.41     27.15 99.999 99.999 99.999 13.548 13.555 99.999 99.999 99.999  0.198 99.999 99.999 99.999 99.999  99.999  99.999  99.999  99.999  0.008  0.008  0.015  0.015  0.059  0.061   38   26 99.999 99.999   99  21.474938622 -15.108447946  5 43  2.21 2006  6  8 2453894.73822002     1  Clear                 netuno0055.fits                                    Triton                2040  2050
   0.157  -0.018  990.03  860.84 1.370    285.06     28.69 99.999 99.999 99.999 13.561 13.496 99.999 99.999 99.999  0.138 99.999 99.999 99.999 99.999  99.999  99.999  99.999  99.999  0.019  0.019  0.014  0.012  0.061  0.054   37   28 99.999 99.999   99  21.474943338 -15.108442720  5 44 11.84 2006  6  8 2453894.73902593     1  Clear                 netuno0057.fits                                    Triton                2040  2050
  -0.104  -0.159  988.30  859.50 1.376    279.13     26.56 99.999 99.999 99.999 13.429 13.482 99.999 99.999 99.999  0.182 99.999 99.999 99.999 99.999  99.999  99.999  99.999  99.999  0.027  0.027  0.014  0.016  0.061  0.068   38   26 99.999 99.999   99  21.474938086 -15.108481665  5 44 46.12 2006  6  8 2453894.73942269     1  Clear                 netuno0058.fits                                    Triton                2040  2050
   0.009   0.070  986.55  854.12 1.727    234.87     11.73 99.999 99.999 99.999 13.506 13.460 99.999 99.999 99.999  0.154 99.999 99.999 99.999 99.999  99.999  99.999  99.999  99.999  0.022  0.021  0.012  0.012  0.056  0.056   37   25 99.999 99.999   99  21.474939528 -15.108417147  5 46 27.86 2006  6  8 2453894.74060023     1  Clear                 netuno0061.fits                                    Triton                2040  2050
  -0.012  -0.186  988.08  858.61 1.209    344.46     35.98 99.999 99.999 99.999 13.369 13.332 99.999 99.999 99.999  0.160 99.999 99.999 99.999 99.999  99.999  99.999  99.999  99.999  0.015  0.015  0.013  0.011  0.061  0.054   36   28 99.999 99.999   99  21.474938635 -15.108487477  5 47 35.54 2006  6  8 2453894.74138356     1  Clear                 netuno0063.fits                                    Triton                2040  2050
  -0.083   0.048  990.59  860.50 1.584    705.37     41.17 99.999 99.999 99.999 13.506 13.376 99.999 99.999 99.999  0.228 99.999 99.999 99.999 99.999  99.999  99.999  99.999  99.999  0.013  0.013  0.014  0.011  0.066  0.050   39   26 99.999 99.999   99  21.474934631 -15.108419539  5 53 40.63 2006  6  8 2453894.74560914     3  Clear                 netuno0068.fits                                    Triton                2040  2050
  -0.125  -0.034  986.85  852.95 1.829    491.68     39.63 99.999 99.999 99.999 13.489 13.367 99.999 99.999 99.999  0.136 99.999 99.999 99.999 99.999  99.999  99.999  99.999  99.999  0.007  0.007  0.017  0.013  0.075  0.058   35   26 99.999 99.999   99  21.474931491 -15.108439267  5 59  4.90 2006  6  8 2453894.74936227     3  Clear                 netuno0077.fits                                    Triton                2040  2050
  -0.150   0.099  990.44  857.90 1.931    405.24     45.45 99.999 99.999 99.999 13.613 13.452 99.999 99.999 99.999  0.221 99.999 99.999 99.999 99.999  99.999  99.999  99.999  99.999  0.012  0.012  0.022  0.015  0.074  0.051   33   17 99.999 99.999   99  21.474930503 -15.108401528  6  0 16.45 2006  6  8 2453894.75019039     3  Clear                 netuno0079.fits                                    Triton                2040  2050
  -0.039   0.038  988.24  855.01 1.973    499.60     24.24 99.999 99.999 99.999 13.380 13.321 99.999 99.999 99.999  0.178 99.999 99.999 99.999 99.999  99.999  99.999  99.999  99.999  0.014  0.014  0.016  0.013  0.070  0.058   39   28 99.999 99.999   99  21.474932361 -15.108418329  6  0 52.65 2006  6  8 2453894.75060938     3  Clear                 netuno0080.fits                                    Triton                2040  2050
  -0.128   0.018  987.10  853.24 1.984    468.63     27.98 99.999 99.999 99.999 13.448 13.362 99.999 99.999 99.999  0.231 99.999 99.999 99.999 99.999  99.999  99.999  99.999  99.999  0.011  0.011  0.014  0.014  0.060  0.062   35   23 99.999 99.999   99  21.474930398 -15.108423604  6  1 28.85 2006  6  8 2453894.75102836     3  Clear                 netuno0081.fits                                    Triton                2040  2050
  -0.219   0.056  985.60  850.01 1.650    535.82     58.55 99.999 99.999 99.999 13.450 13.326 99.999 99.999 99.999  0.125 99.999 99.999 99.999 99.999  99.999  99.999  99.999  99.999  0.018  0.018  0.014  0.016  0.059  0.064   36   26 99.999 99.999   99  21.474928403 -15.108412709  6  2  5.04 2006  6  8 2453894.75144722     3  Clear                 netuno0082.fits                                    Triton                2040  2050
   0.090  -0.038  983.20  847.46 1.985    428.69     36.26 99.999 99.999 99.999 13.534 13.398 99.999 99.999 99.999  0.133 99.999 99.999 99.999 99.999  99.999  99.999  99.999  99.999  0.011  0.011  0.016  0.015  0.065  0.058   37   19 99.999 99.999   99  21.474934068 -15.108438395  6  2 41.22 2006  6  8 2453894.75186597     3  Clear                 netuno0083.fits                                    Triton                2040  2050
  -0.269  -0.087  986.73  854.11 1.779    484.53     53.19 99.999 99.999 99.999 13.494 13.366 99.999 99.999 99.999  0.157 99.999 99.999 99.999 99.999  99.999  99.999  99.999  99.999  0.017  0.017  0.014  0.012  0.068  0.055   36   29 99.999 99.999   99  21.474926681 -15.108451362  6  3 53.66 2006  6  8 2453894.75270440     3  Clear                 netuno0085.fits                                    Triton                2040  2050
  -0.184  -0.027  983.56  846.55 2.026    454.30     31.08 99.999 99.999 99.999 13.427 13.309 99.999 99.999 99.999  0.172 99.999 99.999 99.999 99.999  99.999  99.999  99.999  99.999  0.030  0.030  0.015  0.016  0.061  0.065   33   25 99.999 99.999   99  21.474927244 -15.108433324  6  6 17.62 2006  6  8 2453894.75437060     3  Clear                 netuno0089.fits                                    Triton                2040  2050
  -0.094  -0.088  983.11  846.77 1.632    453.06     74.36 99.999 99.999 99.999 13.496 13.352 99.999 99.999 99.999  0.138 99.999 99.999 99.999 99.999  99.999  99.999  99.999  99.999  0.028  0.028  0.013  0.013  0.065  0.066   37   29 99.999 99.999   99  21.474928484 -15.108449736  6  7 30.01 2006  6  8 2453894.75520845     3  Clear                 netuno0091.fits                                    Triton                2040  2050
   0.114   0.000  930.21  845.10 1.335    260.50     33.38 99.999 99.999 99.999 13.504 13.474 99.999 99.999 99.999  0.175 99.999 99.999 99.999 99.999  99.999  99.999  99.999  99.999  0.012  0.012  0.021  0.021  0.075  0.074   35   21 99.999 99.999   99  21.474898152 -15.108378488  7 28  9.04 2006  6  8 2453894.81121574     1  Clear                 netuno0096.fits                                    Triton                2040  2050
   0.123  -0.020  929.28  843.15 1.475    260.24     22.18 99.999 99.999 99.999 13.501 13.475 99.999 99.999 99.999  0.162 99.999 99.999 99.999 99.999  99.999  99.999  99.999  99.999  0.015  0.015  0.016  0.017  0.068  0.073   38   25 99.999 99.999   99  21.474897631 -15.108383312  7 29 49.32 2006  6  8 2453894.81237639     1  Clear                 netuno0097.fits                                    Triton                2040  2050
   0.203   0.063  930.93  843.35 1.243    299.97     35.47 99.999 99.999 99.999 13.472 13.424 99.999 99.999 99.999  0.115 99.999 99.999 99.999 99.999  99.999  99.999  99.999  99.999  0.009  0.009  0.015  0.011  0.056  0.041   37   19 99.999 99.999   99  21.474898673 -15.108359525  7 30 57.95 2006  6  8 2453894.81317072     1  Clear                 netuno0099.fits                                    Triton                2040  2050
   0.138   0.018  932.76  849.24 1.306    256.79     36.98 99.999 99.999 99.999 13.313 13.238 99.999 99.999 99.999  0.131 99.999 99.999 99.999 99.999  99.999  99.999  99.999  99.999  0.017  0.017  0.013  0.010  0.059  0.047   37   23 99.999 99.999   99  21.474897197 -15.108371780  7 31 32.16 2006  6  8 2453894.81356667     1  Clear                 netuno0100.fits                                    Triton                2040  2050
   0.027  -0.151  931.58  847.38 1.351    255.29     34.61 99.999 99.999 99.999 13.479 13.396 99.999 99.999 99.999  0.130 99.999 99.999 99.999 99.999  99.999  99.999  99.999  99.999  0.017  0.017  0.013  0.013  0.064  0.060   37   25 99.999 99.999   99  21.474894592 -15.108418179  7 32 39.69 2006  6  8 2453894.81434826     1  Clear                 netuno0102.fits                                    Triton                2040  2050
   0.191  -0.092  932.16  846.82 1.312    292.66     28.61 99.999 99.999 99.999 13.409 13.396 99.999 99.999 99.999  0.179 99.999 99.999 99.999 99.999  99.999  99.999  99.999  99.999  0.015  0.015  0.016  0.014  0.066  0.061   38   23 99.999 99.999   99  21.474896775 -15.108399923  7 34 55.83 2006  6  8 2453894.81592396     1  Clear                 netuno0106.fits                                    Triton                2040  2050
  -0.152  -0.187  935.12  851.92 1.156    312.24     46.53 99.999 99.999 99.999 13.377 13.324 99.999 99.999 99.999  0.138 99.999 99.999 99.999 99.999  99.999  99.999  99.999  99.999  0.021  0.021  0.013  0.013  0.062  0.063   36   27 99.999 99.999   99  21.474889965 -15.108426140  7 35 30.04 2006  6  8 2453894.81631991     1  Clear                 netuno0107.fits                                    Triton                2040  2050
   0.133   0.006  933.18  846.87 1.118    355.53     43.62 99.999 99.999 99.999 13.407 13.270 99.999 99.999 99.999  0.136 99.999 99.999 99.999 99.999  99.999  99.999  99.999  99.999  0.014  0.014  0.013  0.012  0.069  0.065   38   29 99.999 99.999   99  21.474893779 -15.108370007  7 39 28.04 2006  6  8 2453894.81907454     1  Clear                 netuno0114.fits                                    Triton                2040  2050
   0.032   0.028  932.10  843.68 1.322    306.45     26.88 99.999 99.999 99.999 13.446 13.372 99.999 99.999 99.999  0.127 99.999 99.999 99.999 99.999  99.999  99.999  99.999  99.999  0.013  0.013  0.013  0.012  0.066  0.060   38   29 99.999 99.999   99  21.474891136 -15.108363148  7 41  9.65 2006  6  8 2453894.82025058     1  Clear                 netuno0117.fits                                    Triton                2040  2050
   0.135  -0.073  933.61  846.09 1.312    308.81     28.24 99.999 99.999 99.999 13.572 13.487 99.999 99.999 99.999  0.128 99.999 99.999 99.999 99.999  99.999  99.999  99.999  99.999  0.012  0.012  0.016  0.014  0.063  0.056   38   27 99.999 99.999   99  21.474891918 -15.108389186  7 43 59.64 2006  6  8 2453894.82221806     1  Clear                 netuno0122.fits                                    Triton                2040  2050
   0.133  -0.111  930.94  843.12 1.198    274.05     45.88 99.999 99.999 99.999 13.497 13.428 99.999 99.999 99.999  0.183 99.999 99.999 99.999 99.999  99.999  99.999  99.999  99.999  0.023  0.023  0.013  0.013  0.062  0.063   38   26 99.999 99.999   99  21.474891412 -15.108399187  7 45  8.25 2006  6  8 2453894.82301215     1  Clear                 netuno0124.fits                                    Triton                2040  2050
   0.010   0.130  931.33  842.93 1.531    258.07     18.67 99.999 99.999 99.999 13.545 13.481 99.999 99.999 99.999  0.140 99.999 99.999 99.999 99.999  99.999  99.999  99.999  99.999  0.015  0.015  0.011  0.012  0.060  0.064   38   31 99.999 99.999   99  21.474888809 -15.108331606  7 45 42.45 2006  6  8 2453894.82340799     1  Clear                 netuno0125.fits                                    Triton                2040  2050
   0.151   0.121  937.58  845.55 1.560    657.62     54.57 99.999 99.999 99.999 13.574 13.396 99.999 99.999 99.999  0.118 99.999 99.999 99.999 99.999  99.999  99.999  99.999  99.999  0.015  0.015  0.014  0.012  0.065  0.056   38   29 99.999 99.999   99  21.474885891 -15.108325753  7 59 13.46 2006  6  8 2453894.83279468     3  Clear                 netuno0147.fits                                    Triton                2040  2050
