  -0.094  -0.056  489.14  531.91 1.655     47.52    110.82 99.999 99.999 99.999 13.421 13.137 99.999 99.999 99.999  0.033 99.999 99.999 99.999 99.999  99.999  99.999  99.999  99.999  0.043  0.043  0.267  0.114  0.153  0.066    4    4 99.999 99.999   99  21.168697328 -16.465485067  1  9  9.16 2005  9 24 2453637.54802269    15  V                     n30009.fits                                        Triton                1020  1020
  -0.067  -0.024  489.09  531.53 1.537     58.26     96.28 99.999 99.999 99.999 13.261 12.908 99.999 99.999 99.999  0.198 99.999 99.999 99.999 99.999  99.999  99.999  99.999  99.999  0.024  0.024  0.000  0.000  0.000  0.000    3    3 99.999 99.999   99  21.168697317 -16.465478343  1 10  5.59 2005  9 24 2453637.54867581    20  V                     n30010.fits                                        Triton                1020  1020
  -0.083  -0.106  488.29  529.48 1.747     61.30    109.40 99.999 99.999 99.999 13.267 13.284 99.999 99.999 99.999  0.193 99.999 99.999 99.999 99.999  99.999  99.999  99.999  99.999  0.006  0.006  0.034  0.015  0.072  0.031    8    7 99.999 99.999   99  21.168695481 -16.465507389  1 12 47.02 2005  9 24 2453637.55054421    20  V                     n30012.fits                                        Triton                1020  1020
  -0.004  -0.007  487.91  530.38 1.564     89.49    104.06 99.999 99.999 99.999 13.252 13.164 99.999 99.999 99.999  0.354 99.999 99.999 99.999 99.999  99.999  99.999  99.999  99.999  0.000  0.000  0.041  0.039  0.087  0.083    8    8 99.999 99.999   99  21.168694889 -16.465489057  1 16 30.58 2005  9 24 2453637.55313171    20  V                     n30016.fits                                        Triton                1020  1020
   0.115  -0.053  487.81  531.69 1.692    109.51    123.61 99.999 99.999 99.999 13.237 13.246 99.999 99.999 99.999  0.162 99.999 99.999 99.999 99.999  99.999  99.999  99.999  99.999  0.025  0.025  0.017  0.019  0.053  0.061   14   10 99.999 99.999   99  21.168696754 -16.465503870  1 17 17.45 2005  9 24 2453637.55367419    20  V                     n30017.fits                                        Triton                1020  1020
  -0.095  -0.081  487.04  531.92 1.627    101.65    117.83 99.999 99.999 99.999 13.320 13.380 99.999 99.999 99.999  0.131 99.999 99.999 99.999 99.999  99.999  99.999  99.999  99.999  0.027  0.027  0.021  0.027  0.048  0.061   10    8 99.999 99.999   99  21.168690369 -16.465521627  1 21 24.23 2005  9 24 2453637.55653044    30  V                     n30021.fits                                        Triton                1020  1020
  -0.009  -0.034  486.64  530.34 1.651    112.09    112.29 99.999 99.999 99.999 13.197 13.234 99.999 99.999 99.999  0.166 99.999 99.999 99.999 99.999  99.999  99.999  99.999  99.999  0.038  0.038  0.020  0.016  0.057  0.046   10    9 99.999 99.999   99  21.168691237 -16.465511964  1 22 46.83 2005  9 24 2453637.55748646    30  V                     n30022.fits                                        Triton                1020  1020
  -0.004  -0.140  458.94  541.03 1.684    226.13    140.87 99.999 99.999 99.999 13.175 13.163 99.999 99.999 99.999  0.194 99.999 99.999 99.999 99.999  99.999  99.999  99.999  99.999  0.015  0.015  0.011  0.011  0.051  0.050   24   22 99.999 99.999   99  21.168654508 -16.465705040  2 28  6.94 2005  9 24 2453637.60285810    20  V                     n30031.fits                                        Triton                1020  1020
  -0.026  -0.152  458.30  538.57 2.196     64.70    108.61 99.999 99.999 99.999 13.322 13.448 99.999 99.999 99.999  0.252 99.999 99.999 99.999 99.999  99.999  99.999  99.999  99.999  0.027  0.027  0.009  0.019  0.028  0.058   13   10 99.999 99.999   99  21.168652028 -16.465717810  2 31 47.45 2005  9 24 2453637.60541030    12  V                     n30035.fits                                        Triton                1020  1020
  -0.064  -0.073  457.63  541.21 1.822    148.37    152.25 99.999 99.999 99.999 13.243 13.337 99.999 99.999 99.999  0.179 99.999 99.999 99.999 99.999  99.999  99.999  99.999  99.999  0.016  0.016  0.015  0.014  0.062  0.056   23   18 99.999 99.999   99  21.168650427 -16.465699859  2 33 18.94 2005  9 24 2453637.60646921    12  V                     n30037.fits                                        Triton                1020  1020
   0.043  -0.192  458.12  542.62 2.613     75.92    117.56 99.999 99.999 99.999 13.261 13.288 99.999 99.999 99.999  0.190 99.999 99.999 99.999 99.999  99.999  99.999  99.999  99.999  0.024  0.024  0.014  0.016  0.050  0.055   15   13 99.999 99.999   99  21.168652115 -16.465734714  2 34  1.32 2005  9 24 2453637.60695972    12  V                     n30038.fits                                        Triton                1020  1020
  -0.011  -0.018  457.46  539.71 1.860    249.91    119.75 99.999 99.999 99.999 13.187 13.298 99.999 99.999 99.999  0.192 99.999 99.999 99.999 99.999  99.999  99.999  99.999  99.999  0.010  0.010  0.013  0.016  0.056  0.068   25   20 99.999 99.999   99  21.168650422 -16.465689130  2 35  8.51 2005  9 24 2453637.60773738    12  V                     n30039.fits                                        Triton                1020  1020
  -0.031  -0.140  456.06  539.20 1.884    267.90    121.06 99.999 99.999 99.999 13.148 13.138 99.999 99.999 99.999  0.231 99.999 99.999 99.999 99.999  99.999  99.999  99.999  99.999  0.011  0.011  0.012  0.016  0.050  0.063   26   17 99.999 99.999   99  21.168645005 -16.465746027  2 44  7.84 2005  9 24 2453637.61397963    12  V                     n30060.fits                                        Triton                1020  1020
  -0.041  -0.028  455.95  540.48 2.138    167.29    116.88 99.999 99.999 99.999 13.166 13.182 99.999 99.999 99.999  0.219 99.999 99.999 99.999 99.999  99.999  99.999  99.999  99.999  0.020  0.020  0.013  0.019  0.050  0.072   22   15 99.999 99.999   99  21.168644515 -16.465716456  2 44 39.81 2005  9 24 2453637.61434965    12  V                     n30061.fits                                        Triton                1020  1020
   0.093  -0.287  455.83  539.95 1.967    186.67    134.54 99.999 99.999 99.999 13.222 13.240 99.999 99.999 99.999  0.185 99.999 99.999 99.999 99.999  99.999  99.999  99.999  99.999  0.018  0.018  0.010  0.022  0.037  0.082   22   15 99.999 99.999   99  21.168646827 -16.465789684  2 45 10.09 2005  9 24 2453637.61470012    12  V                     n30062.fits                                        Triton                1020  1020
   0.026  -0.141  455.94  539.59 1.777    270.15    113.61 99.999 99.999 99.999 13.117 13.080 99.999 99.999 99.999  0.233 99.999 99.999 99.999 99.999  99.999  99.999  99.999  99.999  0.015  0.015  0.017  0.021  0.061  0.073   25   16 99.999 99.999   99  21.168645252 -16.465750642  2 45 40.22 2005  9 24 2453637.61504884    12  V                     n30063.fits                                        Triton                1020  1020
  -0.065  -0.025  455.26  537.61 1.599    315.07    132.15 99.999 99.999 99.999 13.102 13.055 99.999 99.999 99.999  0.232 99.999 99.999 99.999 99.999  99.999  99.999  99.999  99.999  0.016  0.016  0.015  0.014  0.061  0.059   24   19 99.999 99.999   99  21.168642994 -16.465720506  2 46 31.47 2005  9 24 2453637.61564201    12  V                     n30065.fits                                        Triton                1020  1020
  -0.025  -0.005  455.01  535.16 1.579    370.18    137.60 99.999 99.999 99.999 13.033 13.078 99.999 99.999 99.999  0.299 99.999 99.999 99.999 99.999  99.999  99.999  99.999  99.999  0.008  0.008  0.015  0.016  0.058  0.061   25   17 99.999 99.999   99  21.168643325 -16.465717001  2 47 21.60 2005  9 24 2453637.61622222    12  V                     n30067.fits                                        Triton                1020  1020
   0.002  -0.160  455.21  535.72 1.696    329.14    136.16 99.999 99.999 99.999 13.225 13.266 99.999 99.999 99.999  0.218 99.999 99.999 99.999 99.999  99.999  99.999  99.999  99.999  0.017  0.017  0.017  0.017  0.064  0.066   23   18 99.999 99.999   99  21.168643597 -16.465761135  2 47 46.75 2005  9 24 2453637.61651331    12  V                     n30068.fits                                        Triton                1020  1020
   0.061  -0.152  454.95  536.50 1.580    346.37    149.65 99.999 99.999 99.999 13.107 13.157 99.999 99.999 99.999  0.208 99.999 99.999 99.999 99.999  99.999  99.999  99.999  99.999  0.012  0.012  0.013  0.016  0.052  0.064   23   18 99.999 99.999   99  21.168644512 -16.465759870  2 48 11.87 2005  9 24 2453637.61680405    12  V                     n30069.fits                                        Triton                1020  1020
  -0.022  -0.003  454.54  536.55 1.681    325.78    141.63 99.999 99.999 99.999 13.123 13.172 99.999 99.999 99.999  0.235 99.999 99.999 99.999 99.999  99.999  99.999  99.999  99.999  0.013  0.013  0.014  0.012  0.059  0.051   29   18 99.999 99.999   99  21.168642650 -16.465719670  2 48 36.98 2005  9 24 2453637.61709468    12  V                     n30070.fits                                        Triton                1020  1020
   0.013  -0.160  454.45  535.70 1.690    343.02    142.65 99.999 99.999 99.999 13.108 13.077 99.999 99.999 99.999  0.240 99.999 99.999 99.999 99.999  99.999  99.999  99.999  99.999  0.014  0.014  0.011  0.021  0.046  0.082   27   17 99.999 99.999   99  21.168642861 -16.465765426  2 49 28.30 2005  9 24 2453637.61768866    12  V                     n30072.fits                                        Triton                1020  1020
   0.036  -0.192  454.75  535.22 1.496    386.33    136.72 99.999 99.999 99.999 13.116 13.147 99.999 99.999 99.999  0.248 99.999 99.999 99.999 99.999  99.999  99.999  99.999  99.999  0.012  0.012  0.015  0.016  0.059  0.063   26   18 99.999 99.999   99  21.168643086 -16.465775676  2 49 53.54 2005  9 24 2453637.61798079    12  V                     n30073.fits                                        Triton                1020  1020
   0.037  -0.173  454.71  534.46 1.891    232.68    128.25 99.999 99.999 99.999 13.245 13.264 99.999 99.999 99.999  0.200 99.999 99.999 99.999 99.999  99.999  99.999  99.999  99.999  0.015  0.015  0.020  0.020  0.072  0.072   23   14 99.999 99.999   99  21.168642817 -16.465771789  2 50 23.73 2005  9 24 2453637.61833021    12  V                     n30074.fits                                        Triton                1020  1020
  -0.078  -0.061  454.30  531.46 2.118    190.38    143.30 99.999 99.999 99.999 13.106 13.227 99.999 99.999 99.999  0.243 99.999 99.999 99.999 99.999  99.999  99.999  99.999  99.999  0.017  0.017  0.013  0.015  0.047  0.055   24   16 99.999 99.999   99  21.168640128 -16.465742395  2 51 13.72 2005  9 24 2453637.61890880    12  V                     n30076.fits                                        Triton                1020  1020
   0.037  -0.157  454.53  532.19 2.021    217.60    118.69 99.999 99.999 99.999 13.210 13.190 99.999 99.999 99.999  0.232 99.999 99.999 99.999 99.999  99.999  99.999  99.999  99.999  0.017  0.017  0.016  0.017  0.063  0.068   25   19 99.999 99.999   99  21.168642098 -16.465770162  2 51 38.86 2005  9 24 2453637.61919977    12  V                     n30077.fits                                        Triton                1020  1020
  -0.035  -0.035  453.98  534.58 1.673    293.78    135.76 99.999 99.999 99.999 13.110 13.136 99.999 99.999 99.999  0.258 99.999 99.999 99.999 99.999  99.999  99.999  99.999  99.999  0.028  0.028  0.014  0.016  0.062  0.071   28   22 99.999 99.999   99  21.168639039 -16.465744167  2 54 38.38 2005  9 24 2453637.62127755    12  V                     n30084.fits                                        Triton                1020  1020
  -0.003  -0.179  453.10  537.27 1.580    370.96    130.11 99.999 99.999 99.999 13.119 13.101 99.999 99.999 99.999  0.262 99.999 99.999 99.999 99.999  99.999  99.999  99.999  99.999  0.020  0.020  0.016  0.015  0.064  0.059   26   18 99.999 99.999   99  21.168637773 -16.465793174  2 58  2.47 2005  9 24 2453637.62363970    12  V                     n30092.fits                                        Triton                1020  1020
   0.004  -0.152  453.44  536.37 1.683    372.84    105.13 99.999 99.999 99.999 13.143 13.149 99.999 99.999 99.999  0.228 99.999 99.999 99.999 99.999  99.999  99.999  99.999  99.999  0.025  0.025  0.014  0.016  0.060  0.067   27   19 99.999 99.999   99  21.168637670 -16.465786729  2 58 27.61 2005  9 24 2453637.62393067    12  V                     n30093.fits                                        Triton                1020  1020
   0.057  -0.080  447.98  527.29 2.020    197.39    128.64 99.999 99.999 99.999 13.208 13.307 99.999 99.999 99.999  0.215 99.999 99.999 99.999 99.999  99.999  99.999  99.999  99.999  0.018  0.018  0.010  0.013  0.041  0.052   25   17 99.999 99.999   99  21.168620965 -16.465850229  3 30 18.85 2005  9 24 2453637.64605150    15  V                     n30143.fits                                        Triton                1020  1020
