  -0.175  -0.137  485.31  424.77 1.976      3.95      5.65 99.999 99.999 99.999 13.520 13.559 99.999 99.999 99.999  0.180 99.999 99.999 99.999 99.999  99.999  99.999  99.999  99.999  0.013  0.013  0.003  0.008  0.004  0.011    4    4 99.999 99.999   99  20.959807848 -17.209009046  0  7 58.57 2003  7 28 2452848.50553900     1  Clear                 net0001.fits                                       Triton                1004  1024
   0.442  -0.082  485.69  427.39 0.841      7.13      8.16 99.999 99.999 99.999 13.541 13.599 99.999 99.999 99.999  0.120 99.999 99.999 99.999 99.999  99.999  99.999  99.999  99.999  0.036  0.032  0.036  0.030  0.073  0.061    5    5 99.999 99.999   99  20.959818577 -17.208996803  0  8 55.68 2003  7 28 2452848.50620000     1  Clear                 net0002.fits                                       Triton                1004  1024
  -0.164   0.040  484.61  424.17 2.003      9.50      6.07 99.999 99.999 99.999 13.419 13.467 99.999 99.999 99.999  0.054 99.999 99.999 99.999 99.999  99.999  99.999  99.999  99.999  0.057  0.057  0.019  0.032  0.048  0.082    7    7 99.999 99.999   99  20.959803369 -17.208970577  0 11 31.81 2003  7 28 2452848.50800706     1  Clear                 net0005.fits                                       Triton                1004  1024
  -0.036   0.287  484.90  426.51 2.012      9.84      5.75 99.999 99.999 99.999 13.048 12.952 99.999 99.999 99.999  0.257 99.999 99.999 99.999 99.999  99.999  99.999  99.999  99.999  0.067  0.068  0.021  0.061  0.025  0.072    4    4 99.999 99.999   99  20.959804544 -17.208904629  0 12 30.72 2003  7 28 2452848.50868889     1  Clear                 net0006.fits                                       Triton                1004  1024
   0.213   0.353  486.05  425.91 1.868     11.56      6.13 99.999 99.999 99.999 13.271 13.272 99.999 99.999 99.999  0.174 99.999 99.999 99.999 99.999  99.999  99.999  99.999  99.999  0.053  0.053  0.075  0.014  0.129  0.024    4    4 99.999 99.999   99  20.959808354 -17.208888734  0 13 16.03 2003  7 28 2452848.50921331     1  Clear                 net0007.fits                                       Triton                1004  1024
  -0.233  -0.531  486.16  433.63 2.449      5.87      5.52 99.999 99.999 99.999 13.600 13.626 99.999 99.999 99.999  0.114 99.999 99.999 99.999 99.999  99.999  99.999  99.999  99.999  0.003  0.003  0.033  0.126  0.035  0.134    5    4 99.999 99.999   99  20.959798123 -17.209137400  0 14 27.80 2003  7 28 2452848.51004398     1  Clear                 net0008.fits                                       Triton                1004  1024
   0.106   0.360  484.30  435.44 2.141      7.14      5.23 99.999 99.999 99.999 13.004 13.035 99.999 99.999 99.999  0.198 99.999 99.999 99.999 99.999  99.999  99.999  99.999  99.999  0.085  0.085  0.034  0.041  0.056  0.068    5    4 99.999 99.999   99  20.959803500 -17.208892742  0 15 21.68 2003  7 28 2452848.51066759     1  Clear                 net0009.fits                                       Triton                1004  1024
  -0.047   0.105  485.26  439.84 2.477    155.12     19.47 99.999 99.999 99.999 13.237 13.229 99.999 99.999 99.999  0.210 99.999 99.999 99.999 99.999  99.999  99.999  99.999  99.999  0.014  0.014  0.014  0.018  0.053  0.069   30   17 99.999 99.999   99  20.959790969 -17.208984536  0 22 33.57 2003  7 28 2452848.51566632    30  Clear                 net0013.fits                                       Triton                1004  1024
   0.012   0.202  504.48  491.00 3.152     34.91     11.33 99.999 99.999 99.999 13.295 13.361 99.999 99.999 99.999  0.132 99.999 99.999 99.999 99.999  99.999  99.999  99.999  99.999  0.003  0.003  0.024  0.024  0.069  0.069   11    9 99.999 99.999   99  20.959419730 -17.209738293  5  7  1.07 2003  7 28 2452848.71320683    30  Clear                 net0027.fits                                       Triton                1004  1024
   0.070   0.122  503.69  491.15 3.823     11.25      7.65 99.999 99.999 99.999 13.576 13.664 99.999 99.999 99.999  0.343 99.999 99.999 99.999 99.999  99.999  99.999  99.999  99.999  0.068  0.068  0.026  0.036  0.055  0.077    6    5 99.999 99.999   99  20.959419254 -17.209763851  5  8 15.18 2003  7 28 2452848.71406458    30  Clear                 net0028.fits                                       Triton                1004  1024
   0.019   0.001  503.38  490.86 1.189     13.41      9.15 99.999 99.999 99.999 13.502 13.602 99.999 99.999 99.999  0.182 99.999 99.999 99.999 99.999  99.999  99.999  99.999  99.999  0.054  0.055  0.011  0.031  0.026  0.075    9    6 99.999 99.999   99  20.959405504 -17.209822966  5 18 11.21 2003  7 28 2452848.72096308     2  Clear                 net0035.fits                                       Triton                1004  1024
  -0.155   0.028  498.81  485.65 1.272     31.52      7.25 99.999 99.999 99.999 13.272 13.332 99.999 99.999 99.999  0.202 99.999 99.999 99.999 99.999  99.999  99.999  99.999  99.999  0.031  0.031  0.024  0.017  0.059  0.041    7    6 99.999 99.999   99  20.959398405 -17.209822944  5 21  5.65 2003  7 28 2452848.72298206     2  Clear                 net0038.fits                                       Triton                1004  1024
   0.070   0.123  498.10  486.79 1.535     34.09      5.39 99.999 99.999 99.999 13.214 13.260 99.999 99.999 99.999  0.163 99.999 99.999 99.999 99.999  99.999  99.999  99.999  99.999  0.020  0.020  0.021  0.025  0.056  0.069   11    9 99.999 99.999   99  20.959400602 -17.209801152  5 22 46.67 2003  7 28 2452848.72415127     2  Clear                 net0040.fits                                       Triton                1004  1024
  -0.151  -0.096  506.93  471.85 1.813     29.49      7.56 99.999 99.999 99.999 13.500 13.516 99.999 99.999 99.999  0.326 99.999 99.999 99.999 99.999  99.999  99.999  99.999  99.999  0.047  0.047  0.023  0.023  0.073  0.072   17   10 99.999 99.999   99  20.959318294 -17.210018757  6 23 59.22 2003  7 28 2452848.76665764     1  Clear                 net0041.fits                                       Triton                1004  1024
   0.031  -0.132  506.57  467.88 1.622     33.78      8.55 99.999 99.999 99.999 13.398 13.415 99.999 99.999 99.999  0.136 99.999 99.999 99.999 99.999  99.999  99.999  99.999  99.999  0.028  0.028  0.021  0.018  0.056  0.047   11    8 99.999 99.999   99  20.959320499 -17.210031425  6 25  1.43 2003  7 28 2452848.76737766     1  Clear                 net0042.fits                                       Triton                1004  1024
   0.058  -0.122  507.50  468.95 2.279     19.82      6.20 99.999 99.999 99.999 13.465 13.490 99.999 99.999 99.999  0.240 99.999 99.999 99.999 99.999  99.999  99.999  99.999  99.999  0.055  0.055  0.023  0.022  0.072  0.068   15   12 99.999 99.999   99  20.959320047 -17.210030467  6 25 47.42 2003  7 28 2452848.76790995     1  Clear                 net0043.fits                                       Triton                1004  1024
   0.045   0.089  506.16  469.40 1.927     32.16      5.67 99.999 99.999 99.999 13.282 13.274 99.999 99.999 99.999  0.148 99.999 99.999 99.999 99.999  99.999  99.999  99.999  99.999  0.030  0.030  0.023  0.020  0.074  0.065   14   11 99.999 99.999   99  20.959318816 -17.209973980  6 26 33.40 2003  7 28 2452848.76844213     1  Clear                 net0044.fits                                       Triton                1004  1024
  -0.074   0.178  505.98  476.18 1.888     29.31      7.05 99.999 99.999 99.999 13.286 13.345 99.999 99.999 99.999  0.298 99.999 99.999 99.999 99.999  99.999  99.999  99.999  99.999  0.043  0.043  0.025  0.018  0.074  0.055   16    9 99.999 99.999   99  20.959314825 -17.209952398  6 27 53.63 2003  7 28 2452848.76937072     1  Clear                 net0045.fits                                       Triton                1004  1024
  -0.321   0.182  507.03  470.65 2.204     24.07      5.57 99.999 99.999 99.999 13.433 13.415 99.999 99.999 99.999  0.200 99.999 99.999 99.999 99.999  99.999  99.999  99.999  99.999  0.058  0.058  0.019  0.020  0.058  0.062   16   10 99.999 99.999   99  20.959308825 -17.209953907  6 28 50.78 2003  7 28 2452848.77003218     1  Clear                 net0046.fits                                       Triton                1004  1024
  -0.042   0.227  506.94  472.24 1.387     49.47      7.12 99.999 99.999 99.999 13.239 13.275 99.999 99.999 99.999  0.316 99.999 99.999 99.999 99.999  99.999  99.999  99.999  99.999  0.040  0.040  0.028  0.021  0.067  0.048   14    6 99.999 99.999   99  20.959313291 -17.209943200  6 29 36.08 2003  7 28 2452848.77055648     1  Clear                 net0047.fits                                       Triton                1004  1024
   0.075   0.186  506.77  474.77 1.513     37.36      9.11 99.999 99.999 99.999 13.197 13.281 99.999 99.999 99.999  0.164 99.999 99.999 99.999 99.999  99.999  99.999  99.999  99.999  0.039  0.039  0.019  0.019  0.060  0.060   13   10 99.999 99.999   99  20.959314599 -17.209956591  6 30 21.17 2003  7 28 2452848.77107836     1  Clear                 net0048.fits                                       Triton                1004  1024
  -0.051  -0.123  506.96  477.23 1.342     41.90     10.04 99.999 99.999 99.999 13.167 13.138 99.999 99.999 99.999  0.232 99.999 99.999 99.999 99.999  99.999  99.999  99.999  99.999  0.009  0.009  0.029  0.032  0.074  0.083   13    9 99.999 99.999   99  20.959310710 -17.210045383  6 31 29.66 2003  7 28 2452848.77187106     1  Clear                 net0049.fits                                       Triton                1004  1024
  -0.052  -0.133  507.03  474.70 2.252     26.02      4.50 99.999 99.999 99.999 13.364 13.409 99.999 99.999 99.999  0.222 99.999 99.999 99.999 99.999  99.999  99.999  99.999  99.999  0.050  0.050  0.029  0.013  0.095  0.043   13   11 99.999 99.999   99  20.959309410 -17.210050611  6 32 30.17 2003  7 28 2452848.77257141     1  Clear                 net0050.fits                                       Triton                1004  1024
  -0.024   0.046  505.30  476.70 2.425    211.29     11.52 99.999 99.999 99.999 13.288 13.245 99.999 99.999 99.999  0.182 99.999 99.999 99.999 99.999  99.999  99.999  99.999  99.999  0.035  0.035  0.016  0.015  0.073  0.068   30   21 99.999 99.999   99  20.959301917 -17.210016895  6 38 51.04 2003  7 28 2452848.77697963    10  Clear                 net0053.fits                                       Triton                1004  1024
  -0.019   0.051  505.33  478.20 2.001    242.48     23.52 99.999 99.999 99.999 13.275 13.213 99.999 99.999 99.999  0.203 99.999 99.999 99.999 99.999  99.999  99.999  99.999  99.999  0.018  0.018  0.014  0.015  0.064  0.067   29   21 99.999 99.999   99  20.959300847 -17.210018128  6 39 46.09 2003  7 28 2452848.77761678    10  Clear                 net0054.fits                                       Triton                1004  1024
  -0.033   0.125  504.44  556.05 1.929    222.55     30.09 99.999 99.999 99.999 13.307 13.295 99.999 99.999 99.999  0.206 99.999 99.999 99.999 99.999  99.999  99.999  99.999  99.999  0.030  0.030  0.017  0.019  0.061  0.070   30   18 99.999 99.999   99  20.959296742 -17.210004894  6 42 49.26 2003  7 28 2452848.77973681    10  Clear                 net0057.fits                                       Triton                1004  1024
  -0.117  -0.133  504.76  546.34 1.975    255.44     21.57 99.999 99.999 99.999 13.256 13.183 99.999 99.999 99.999  0.197 99.999 99.999 99.999 99.999  99.999  99.999  99.999  99.999  0.024  0.024  0.017  0.017  0.067  0.066   27   19 99.999 99.999   99  20.959292508 -17.210082061  6 44 52.15 2003  7 28 2452848.78115914    10  Clear                 net0059.fits                                       Triton                1004  1024
  -0.456  -0.031  497.84  467.02 2.646     13.48      5.67 99.999 99.999 99.999 13.347 13.444 99.999 99.999 99.999  0.193 99.999 99.999 99.999 99.999  99.999  99.999  99.999  99.999  0.013  0.013  0.003  0.045  0.006  0.082    6    4 99.999 99.999   99  20.959208432 -17.210208571  7 46 38.40 2003  7 28 2452848.82405556     1  Clear                 net0061.fits                                       Triton                1004  1024
  -0.025   0.153  496.96  468.11 2.159     18.77      6.56 99.999 99.999 99.999 13.480 13.542 99.999 99.999 99.999  0.232 99.999 99.999 99.999 99.999  99.999  99.999  99.999  99.999  0.004  0.004  0.020  0.020  0.048  0.049   10    6 99.999 99.999   99  20.959215576 -17.210159983  7 47 37.31 2003  7 28 2452848.82473738     1  Clear                 net0062.fits                                       Triton                1004  1024
   0.518   0.389  497.12  466.45 2.199     16.06      6.55 99.999 99.999 99.999 13.229 13.154 99.999 99.999 99.999  0.322 99.999 99.999 99.999 99.999  99.999  99.999  99.999  99.999  0.014  0.014  0.051  0.002  0.112  0.005    7    5 99.999 99.999   99  20.959225133 -17.210096285  7 48 23.77 2003  7 28 2452848.82527512     1  Clear                 net0063.fits                                       Triton                1004  1024
  -0.131  -0.027  497.96  465.05 2.333     17.89      5.44 99.999 99.999 99.999 13.515 13.443 99.999 99.999 99.999  0.173 99.999 99.999 99.999 99.999  99.999  99.999  99.999  99.999  0.039  0.039  0.046  0.026  0.113  0.064   11    7 99.999 99.999   99  20.959211579 -17.210213779  7 49  9.86 2003  7 28 2452848.82580856     1  Clear                 net0064.fits                                       Triton                1004  1024
  -0.279  -0.228  497.86  471.28 2.469     17.30      5.90 99.999 99.999 99.999 13.549 13.536 99.999 99.999 99.999  0.265 99.999 99.999 99.999 99.999  99.999  99.999  99.999  99.999  0.042  0.042  0.045  0.052  0.091  0.104    9    5 99.999 99.999   99  20.959207434 -17.210272318  7 50 11.29 2003  7 28 2452848.82651956     1  Clear                 net0065.fits                                       Triton                1004  1024
  -0.003   0.292  497.61  475.79 2.230     17.95      6.54 99.999 99.999 99.999 13.433 13.562 99.999 99.999 99.999  0.185 99.999 99.999 99.999 99.999  99.999  99.999  99.999  99.999  0.000  0.000  0.025  0.002  0.048  0.003    6    4 99.999 99.999   99  20.959211448 -17.210130285  7 51 16.27 2003  7 28 2452848.82727164     1  Clear                 net0066.fits                                       Triton                1004  1024
  -0.155  -0.336  498.64  474.86 2.320     17.78      5.78 99.999 99.999 99.999 13.289 13.467 99.999 99.999 99.999  0.117 99.999 99.999 99.999 99.999  99.999  99.999  99.999  99.999  0.034  0.034  0.000  0.076  0.001  0.099    6    4 99.999 99.999   99  20.959207542 -17.210306788  7 52  1.47 2003  7 28 2452848.82779479     1  Clear                 net0067.fits                                       Triton                1004  1024
  -0.106   0.699  497.72  473.75 2.548     16.04      5.94 99.999 99.999 99.999 13.231 13.176 99.999 99.999 99.999  0.165 99.999 99.999 99.999 99.999  99.999  99.999  99.999  99.999  0.037  0.037  0.037  0.049  0.080  0.105    6    5 99.999 99.999   99  20.959207578 -17.210021072  7 52 45.85 2003  7 28 2452848.82830845     1  Clear                 net0068.fits                                       Triton                1004  1024
  -0.446  -0.127  498.78  478.09 2.466     15.40      5.75 99.999 99.999 99.999 13.152 13.254 99.999 99.999 99.999  0.147 99.999 99.999 99.999 99.999  99.999  99.999  99.999  99.999  0.047  0.047  0.000  0.000  0.000  0.000    5    3 99.999 99.999   99  20.959199739 -17.210253053  7 53 46.45 2003  7 28 2452848.82900984     1  Clear                 net0069.fits                                       Triton                1004  1024
   0.255   0.219  498.08  481.96 2.717     13.17      5.96 99.999 99.999 99.999 13.289 13.279 99.999 99.999 99.999  0.215 99.999 99.999 99.999 99.999  99.999  99.999  99.999  99.999  0.054  0.054  0.014  0.067  0.026  0.128    6    4 99.999 99.999   99  20.959212198 -17.210159033  7 54 40.13 2003  7 28 2452848.82963113     1  Clear                 net0070.fits                                       Triton                1004  1024
  -0.013   0.107  498.27  484.08 3.347     80.61     13.98 99.999 99.999 99.999 13.226 13.212 99.999 99.999 99.999  0.162 99.999 99.999 99.999 99.999  99.999  99.999  99.999  99.999  0.021  0.021  0.019  0.015  0.066  0.051   23   13 99.999 99.999   99  20.959200910 -17.210202494  7 59 34.48 2003  7 28 2452848.83303796    10  Clear                 net0073.fits                                       Triton                1004  1024
  -0.010  -0.045  498.19  480.52 3.023     99.93     14.49 99.999 99.999 99.999 13.251 13.316 99.999 99.999 99.999  0.192 99.999 99.999 99.999 99.999  99.999  99.999  99.999  99.999  0.021  0.021  0.017  0.018  0.063  0.067   22   14 99.999 99.999   99  20.959199843 -17.210247073  8  0 29.56 2003  7 28 2452848.83367546    10  Clear                 net0074.fits                                       Triton                1004  1024
   0.153   0.058  498.44  485.24 3.621     64.94     14.05 99.999 99.999 99.999 13.295 13.347 99.999 99.999 99.999  0.175 99.999 99.999 99.999 99.999  99.999  99.999  99.999  99.999  0.008  0.008  0.022  0.024  0.069  0.077   16   12 99.999 99.999   99  20.959201499 -17.210221462  8  1 40.98 2003  7 28 2452848.83450208    10  Clear                 net0075.fits                                       Triton                1004  1024
  -0.315   0.166  499.03  485.61 2.895    107.28     14.64 99.999 99.999 99.999 13.264 13.370 99.999 99.999 99.999  0.177 99.999 99.999 99.999 99.999  99.999  99.999  99.999  99.999  0.017  0.017  0.022  0.017  0.072  0.054   26   11 99.999 99.999   99  20.959191316 -17.210193668  8  2 35.12 2003  7 28 2452848.83512870    10  Clear                 net0076.fits                                       Triton                1004  1024
  -0.260  -0.118  499.99  491.40 3.324     84.00     11.92 99.999 99.999 99.999 13.345 13.406 99.999 99.999 99.999  0.200 99.999 99.999 99.999 99.999  99.999  99.999  99.999  99.999  0.020  0.020  0.018  0.017  0.062  0.059   26   13 99.999 99.999   99  20.959188685 -17.210279596  8  5 33.09 2003  7 28 2452848.83718854    10  Clear                 net0079.fits                                       Triton                1004  1024
