   0.752   0.823  523.19  499.89 2.188   1683.45    133.69 99.999 99.999 99.999 13.601 13.571 99.999 99.999 99.999  0.252 99.999 99.999 99.999 99.999  99.999  99.999  99.999  99.999  0.053  0.053  0.015  0.012  0.067  0.052   24   21 99.999 99.999   99  22.198045003 -11.700237736  7  8 13.00 2011  5 23 2455704.79737269    10    I                   Tritao_05.08.19_0024.fits                          Triton                1024  1024
   0.710   0.836  523.09  500.51 2.495   1214.57    149.24 99.999 99.999 99.999 13.611 13.596 99.999 99.999 99.999  0.232 99.999 99.999 99.999 99.999  99.999  99.999  99.999  99.999  0.058  0.057  0.017  0.014  0.075  0.062   24   20 99.999 99.999   99  22.198044231 -11.700233599  7  8 25.00 2011  5 23 2455704.79751157    10    I                   Tritao_05.08.31_0025.fits                          Triton                1024  1024
   0.713   0.836  522.95  501.16 2.072   1338.28    216.60 99.999 99.999 99.999 13.603 13.540 99.999 99.999 99.999  0.246 99.999 99.999 99.999 99.999  99.999  99.999  99.999  99.999  0.007  0.007  0.010  0.020  0.037  0.073   23   14 99.999 99.999   99  22.198044342 -11.700232700  7  8 37.00 2011  5 23 2455704.79765046    10    I                   Tritao_05.08.44_0026.fits                          Triton                1024  1024
   0.722   0.848  523.13  500.89 2.644   1449.18     47.17 99.999 99.999 99.999 13.644 13.676 99.999 99.999 99.999  0.248 99.999 99.999 99.999 99.999  99.999  99.999  99.999  99.999  0.042  0.043  0.015  0.015  0.066  0.063   22   20 99.999 99.999   99  22.198044621 -11.700227643  7  9  1.00 2011  5 23 2455704.79792824    10    I                   Tritao_05.09.08_0028.fits                          Triton                1024  1024
   0.729   0.854  522.90  502.77 1.563   1818.63    347.84 99.999 99.999 99.999 13.622 13.610 99.999 99.999 99.999  0.294 99.999 99.999 99.999 99.999  99.999  99.999  99.999  99.999  0.021  0.021  0.014  0.011  0.058  0.045   21   17 99.999 99.999   99  22.198044901 -11.700223918  7  9 37.00 2011  5 23 2455704.79834491    10    I                   Tritao_05.09.44_0031.fits                          Triton                1024  1024
   0.733   0.836  522.91  503.66 2.322   1694.97     75.11 99.999 99.999 99.999 13.606 13.552 99.999 99.999 99.999  0.279 99.999 99.999 99.999 99.999  99.999  99.999  99.999  99.999  0.067  0.067  0.018  0.015  0.075  0.063   24   18 99.999 99.999   99  22.198045146 -11.700226788  7 10 13.00 2011  5 23 2455704.79876157    10    I                   Tritao_05.10.20_0034.fits                          Triton                1024  1024
   0.759   0.863  522.98  501.97 2.033   1887.41    146.43 99.999 99.999 99.999 13.639 13.594 99.999 99.999 99.999  0.281 99.999 99.999 99.999 99.999  99.999  99.999  99.999  99.999  0.069  0.069  0.014  0.015  0.059  0.062   22   17 99.999 99.999   99  22.198045747 -11.700217436  7 10 38.00 2011  5 23 2455704.79905093    10    I                   Tritao_05.10.44_0036.fits                          Triton                1024  1024
   0.721   0.821  523.29  500.32 2.301   1873.18     57.71 99.999 99.999 99.999 13.640 13.592 99.999 99.999 99.999  0.263 99.999 99.999 99.999 99.999  99.999  99.999  99.999  99.999  0.048  0.048  0.015  0.014  0.070  0.067   24   23 99.999 99.999   99  22.198045163 -11.700226589  7 11 14.00 2011  5 23 2455704.79946759    10    I                   Tritao_05.11.20_0039.fits                          Triton                1024  1024
   0.715   0.838  523.13  500.93 2.459   1648.26     59.94 99.999 99.999 99.999 13.645 13.587 99.999 99.999 99.999  0.260 99.999 99.999 99.999 99.999  99.999  99.999  99.999  99.999  0.044  0.044  0.016  0.015  0.065  0.063   21   19 99.999 99.999   99  22.198045192 -11.700219807  7 11 50.00 2011  5 23 2455704.79988426    10    I                   Tritao_05.11.56_0042.fits                          Triton                1024  1024
   0.728   0.829  522.92  501.13 1.864   1853.03    242.79 99.999 99.999 99.999 13.622 13.590 99.999 99.999 99.999  0.256 99.999 99.999 99.999 99.999  99.999  99.999  99.999  99.999  0.006  0.006  0.016  0.014  0.068  0.059   23   19 99.999 99.999   99  22.198045499 -11.700221337  7 12  2.00 2011  5 23 2455704.80002315    10    I                   Tritao_05.12.08_0043.fits                          Triton                1024  1024
   0.755   0.839  523.21  501.55 2.580   1529.70     56.13 99.999 99.999 99.999 13.636 13.620 99.999 99.999 99.999  0.246 99.999 99.999 99.999 99.999  99.999  99.999  99.999  99.999  0.043  0.042  0.015  0.014  0.066  0.064   24   21 99.999 99.999   99  22.198046171 -11.700216402  7 12 38.00 2011  5 23 2455704.80043982    10    I                   Tritao_05.12.44_0046.fits                          Triton                1024  1024
   0.769   0.850  523.27  502.08 2.292   1940.78     41.78 99.999 99.999 99.999 13.600 13.521 99.999 99.999 99.999  0.241 99.999 99.999 99.999 99.999  99.999  99.999  99.999  99.999  0.037  0.037  0.015  0.011  0.063  0.047   23   17 99.999 99.999   99  22.198046510 -11.700211764  7 13  2.00 2011  5 23 2455704.80071759    10    I                   Tritao_05.13.08_0048.fits                          Triton                1024  1024
   0.732   0.845  523.36  502.21 2.262   2019.83     22.51 99.999 99.999 99.999 13.645 13.583 99.999 99.999 99.999  0.252 99.999 99.999 99.999 99.999  99.999  99.999  99.999  99.999  0.020  0.020  0.017  0.013  0.074  0.056   24   19 99.999 99.999   99  22.198045867 -11.700212449  7 13 14.00 2011  5 23 2455704.80085648    10    I                   Tritao_05.13.20_0049.fits                          Triton                1024  1024
   0.760   0.829  523.48  502.09 2.219   2056.57     35.19 99.999 99.999 99.999 13.606 13.568 99.999 99.999 99.999  0.259 99.999 99.999 99.999 99.999  99.999  99.999  99.999  99.999  0.035  0.035  0.018  0.015  0.072  0.060   22   18 99.999 99.999   99  22.198046464 -11.700216053  7 13 26.00 2011  5 23 2455704.80099537    10    I                   Tritao_05.13.32_0050.fits                          Triton                1024  1024
   0.737   0.815  523.24  503.22 2.498   1757.29      9.54 99.999 99.999 99.999 13.611 13.516 99.999 99.999 99.999  0.244 99.999 99.999 99.999 99.999  99.999  99.999  99.999  99.999  0.045  0.045  0.018  0.013  0.078  0.059   22   20 99.999 99.999   99  22.198046131 -11.700218369  7 13 50.00 2011  5 23 2455704.80127315    10    I                   Tritao_05.13.56_0052.fits                          Triton                1024  1024
   0.766   0.835  523.27  503.68 1.994   2126.71    130.75 99.999 99.999 99.999 13.630 13.612 99.999 99.999 99.999  0.276 99.999 99.999 99.999 99.999  99.999  99.999  99.999  99.999  0.043  0.043  0.015  0.013  0.064  0.056   20   18 99.999 99.999   99  22.198046701 -11.700211956  7 14  2.00 2011  5 23 2455704.80141204    10    I                   Tritao_05.14.08_0053.fits                          Triton                1024  1024
   0.741   0.848  523.25  503.36 2.089   2384.89     18.75 99.999 99.999 99.999 13.618 13.566 99.999 99.999 99.999  0.253 99.999 99.999 99.999 99.999  99.999  99.999  99.999  99.999  0.048  0.047  0.015  0.016  0.062  0.065   22   19 99.999 99.999   99  22.198046295 -11.700207800  7 14 14.00 2011  5 23 2455704.80155093    10    I                   Tritao_05.14.20_0054.fits                          Triton                1024  1024
   0.739   0.854  523.28  502.49 2.568   1689.54     21.23 99.999 99.999 99.999 13.640 13.582 99.999 99.999 99.999  0.277 99.999 99.999 99.999 99.999  99.999  99.999  99.999  99.999  0.056  0.056  0.015  0.014  0.066  0.062   23   21 99.999 99.999   99  22.198046305 -11.700205251  7 14 26.00 2011  5 23 2455704.80168981    10    I                   Tritao_05.14.32_0055.fits                          Triton                1024  1024
   0.715   0.824  523.22  501.87 2.399   1891.28     21.90 99.999 99.999 99.999 13.641 13.642 99.999 99.999 99.999  0.267 99.999 99.999 99.999 99.999  99.999  99.999  99.999  99.999  0.036  0.036  0.015  0.015  0.067  0.068   24   22 99.999 99.999   99  22.198045906 -11.700212670  7 14 38.00 2011  5 23 2455704.80182870    10    I                   Tritao_05.14.44_0056.fits                          Triton                1024  1024
   0.743   0.845  522.69  500.75 2.380   1786.86     55.98 99.999 99.999 99.999 13.666 13.651 99.999 99.999 99.999  0.278 99.999 99.999 99.999 99.999  99.999  99.999  99.999  99.999  0.072  0.072  0.015  0.012  0.063  0.051   24   19 99.999 99.999   99  22.198046586 -11.700204601  7 15 14.00 2011  5 23 2455704.80224537    10    I                   Tritao_05.15.20_0059.fits                          Triton                1024  1024
   0.723   0.827  522.94  500.77 2.747   1532.29     20.79 99.999 99.999 99.999 13.665 13.637 99.999 99.999 99.999  0.265 99.999 99.999 99.999 99.999  99.999  99.999  99.999  99.999  0.038  0.039  0.015  0.014  0.066  0.062   24   20 99.999 99.999   99  22.198046370 -11.700207091  7 15 50.00 2011  5 23 2455704.80266204    10    I                   Tritao_05.15.57_0062.fits                          Triton                1024  1024
   0.734   0.846  522.76  501.15 2.229   1932.44     82.31 99.999 99.999 99.999 13.641 13.593 99.999 99.999 99.999  0.273 99.999 99.999 99.999 99.999  99.999  99.999  99.999  99.999  0.059  0.059  0.014  0.017  0.060  0.073   22   19 99.999 99.999   99  22.198046636 -11.700201153  7 16  3.00 2011  5 23 2455704.80281250    10    I                   Tritao_05.16.09_0063.fits                          Triton                1024  1024
   0.732   0.820  522.91  501.16 1.699   2680.63    182.29 99.999 99.999 99.999 13.562 13.531 99.999 99.999 99.999  0.268 99.999 99.999 99.999 99.999  99.999  99.999  99.999  99.999  0.049  0.049  0.020  0.015  0.077  0.057   17   15 99.999 99.999   99  22.198046670 -11.700206983  7 16 27.00 2011  5 23 2455704.80309028    10    I                   Tritao_05.16.33_0065.fits                          Triton                1024  1024
   0.756   0.829  523.00  501.46 2.071   2145.20     92.74 99.999 99.999 99.999 13.635 13.505 99.999 99.999 99.999  0.255 99.999 99.999 99.999 99.999  99.999  99.999  99.999  99.999  0.053  0.054  0.015  0.015  0.058  0.060   21   16 99.999 99.999   99  22.198047180 -11.700203684  7 16 39.00 2011  5 23 2455704.80322917    10    I                   Tritao_05.16.45_0066.fits                          Triton                1024  1024
   0.775   0.840  522.78  501.35 2.264   2031.06     34.55 99.999 99.999 99.999 13.626 13.585 99.999 99.999 99.999  0.258 99.999 99.999 99.999 99.999  99.999  99.999  99.999  99.999  0.055  0.055  0.011  0.014  0.045  0.060   23   18 99.999 99.999   99  22.198047596 -11.700199680  7 16 51.00 2011  5 23 2455704.80336806    10    I                   Tritao_05.16.57_0067.fits                          Triton                1024  1024
   0.764   0.832  522.93  500.80 1.806   2784.88     79.59 99.999 99.999 99.999 13.631 13.617 99.999 99.999 99.999  0.267 99.999 99.999 99.999 99.999  99.999  99.999  99.999  99.999  0.031  0.031  0.018  0.012  0.077  0.052   20   19 99.999 99.999   99  22.198047501 -11.700200449  7 17 15.00 2011  5 23 2455704.80364583    10    I                   Tritao_05.17.21_0069.fits                          Triton                1024  1024
   0.772   0.821  523.01  501.33 2.035   2142.98    102.62 99.999 99.999 99.999 13.618 13.564 99.999 99.999 99.999  0.261 99.999 99.999 99.999 99.999  99.999  99.999  99.999  99.999  0.046  0.046  0.013  0.013  0.053  0.054   21   16 99.999 99.999   99  22.198047682 -11.700202656  7 17 27.00 2011  5 23 2455704.80378472    10    I                   Tritao_05.17.33_0070.fits                          Triton                1024  1024
   0.705   0.839  522.63  502.52 1.888   2333.98    145.08 99.999 99.999 99.999 13.617 13.583 99.999 99.999 99.999  0.270 99.999 99.999 99.999 99.999  99.999  99.999  99.999  99.999  0.056  0.056  0.017  0.014  0.068  0.058   20   17 99.999 99.999   99  22.198046467 -11.700196948  7 17 39.00 2011  5 23 2455704.80392361    10    I                   Tritao_05.17.45_0071.fits                          Triton                1024  1024
   0.776   0.845  522.97  502.79 1.165   2737.80    751.27 99.999 99.999 99.999 13.703 13.580 99.999 99.999 99.999  0.286 99.999 99.999 99.999 99.999  99.999  99.999  99.999  99.999  0.040  0.042  0.016  0.015  0.056  0.054   17   13 99.999 99.999   99  22.198047929 -11.700193689  7 18  3.00 2011  5 23 2455704.80420139    10    I                   Tritao_05.18.09_0073.fits                          Triton                1024  1024
   0.731   0.818  523.48  501.21 1.743   3013.98     95.25 99.999 99.999 99.999 13.669 13.537 99.999 99.999 99.999  0.264 99.999 99.999 99.999 99.999  99.999  99.999  99.999  99.999  0.044  0.044  0.015  0.013  0.060  0.051   18   16 99.999 99.999   99  22.198047194 -11.700199694  7 18 28.00 2011  5 23 2455704.80449074    10    I                   Tritao_05.18.34_0075.fits                          Triton                1024  1024
   0.746   0.846  522.76  499.96 1.450   3298.28    254.62 99.999 99.999 99.999 13.579 13.539 99.999 99.999 99.999  0.236 99.999 99.999 99.999 99.999  99.999  99.999  99.999  99.999  0.034  0.034  0.015  0.017  0.062  0.068   20   18 99.999 99.999   99  22.198047497 -11.700191037  7 18 40.00 2011  5 23 2455704.80462963    10    I                   Tritao_05.18.46_0076.fits                          Triton                1024  1024
   0.737   0.825  523.13  499.35 1.613   2743.82    266.97 99.999 99.999 99.999 13.700 13.655 99.999 99.999 99.999  0.279 99.999 99.999 99.999 99.999  99.999  99.999  99.999  99.999  0.030  0.030  0.015  0.018  0.057  0.065   17   15 99.999 99.999   99  22.198047391 -11.700196151  7 18 52.00 2011  5 23 2455704.80476852    10    I                   Tritao_05.18.58_0077.fits                          Triton                1024  1024
   0.761   0.831  523.06  498.59 2.537   1723.85     25.74 99.999 99.999 99.999 13.591 13.544 99.999 99.999 99.999  0.260 99.999 99.999 99.999 99.999  99.999  99.999  99.999  99.999  0.048  0.047  0.011  0.011  0.049  0.049   24   19 99.999 99.999   99  22.198047884 -11.700193609  7 19  4.00 2011  5 23 2455704.80490741    10    I                   Tritao_05.19.10_0078.fits                          Triton                1024  1024
   0.760   0.824  522.89  498.17 2.064   2327.23     53.64 99.999 99.999 99.999 13.635 13.584 99.999 99.999 99.999  0.246 99.999 99.999 99.999 99.999  99.999  99.999  99.999  99.999  0.046  0.046  0.014  0.013  0.060  0.056   23   20 99.999 99.999   99  22.198047977 -11.700194247  7 19 28.00 2011  5 23 2455704.80518519    10    I                   Tritao_05.19.34_0080.fits                          Triton                1024  1024
   0.784   0.852  522.91  498.74 2.223   2095.98     44.34 99.999 99.999 99.999 13.650 13.576 99.999 99.999 99.999  0.260 99.999 99.999 99.999 99.999  99.999  99.999  99.999  99.999  0.049  0.049  0.013  0.013  0.057  0.060   22   20 99.999 99.999   99  22.198048513 -11.700184597  7 19 52.00 2011  5 23 2455704.80546296    10    I                   Tritao_05.19.58_0082.fits                          Triton                1024  1024
   0.739   0.820  523.22  499.40 2.409   1757.61     60.21 99.999 99.999 99.999 13.654 13.655 99.999 99.999 99.999  0.256 99.999 99.999 99.999 99.999  99.999  99.999  99.999  99.999  0.046  0.046  0.013  0.013  0.059  0.056   24   20 99.999 99.999   99  22.198047732 -11.700192684  7 20  4.00 2011  5 23 2455704.80560185    10    I                   Tritao_05.20.11_0083.fits                          Triton                1024  1024
   0.785   0.818  522.89  499.76 1.537   2814.38    286.22 99.999 99.999 99.999 13.577 13.503 99.999 99.999 99.999  0.255 99.999 99.999 99.999 99.999  99.999  99.999  99.999  99.999  0.052  0.052  0.016  0.014  0.065  0.057   20   17 99.999 99.999   99  22.198049004 -11.700187067  7 21 42.00 2011  5 23 2455704.80673611    10    I                   Tritao_05.21.49_0024.fits                          Triton                1024  1024
   0.712   0.859  522.40  499.67 2.174   2162.96     25.35 99.999 99.999 99.999 13.584 13.543 99.999 99.999 99.999  0.218 99.999 99.999 99.999 99.999  99.999  99.999  99.999  99.999  0.066  0.066  0.018  0.011  0.074  0.047   21   19 99.999 99.999   99  22.198047690 -11.700174799  7 21 55.00 2011  5 23 2455704.80688657    10    I                   Tritao_05.22.01_0025.fits                          Triton                1024  1024
   0.723   0.858  522.52  498.80 1.810   2213.09    203.61 99.999 99.999 99.999 13.590 13.557 99.999 99.999 99.999  0.253 99.999 99.999 99.999 99.999  99.999  99.999  99.999  99.999  0.050  0.050  0.016  0.015  0.070  0.067   24   21 99.999 99.999   99  22.198047979 -11.700173703  7 22 19.00 2011  5 23 2455704.80716435    10    I                   Tritao_05.22.25_0027.fits                          Triton                1024  1024
   0.724   0.833  522.40  498.28 1.663   2533.68    248.81 99.999 99.999 99.999 13.613 13.527 99.999 99.999 99.999  0.247 99.999 99.999 99.999 99.999  99.999  99.999  99.999  99.999  0.053  0.053  0.016  0.014  0.067  0.060   23   18 99.999 99.999   99  22.198048058 -11.700179652  7 22 31.00 2011  5 23 2455704.80730324    10    I                   Tritao_05.22.37_0028.fits                          Triton                1024  1024
   0.741   0.824  522.85  497.52 2.344   1813.62     60.16 99.999 99.999 99.999 13.628 13.586 99.999 99.999 99.999  0.251 99.999 99.999 99.999 99.999  99.999  99.999  99.999  99.999  0.000  0.000  0.014  0.014  0.064  0.061   24   20 99.999 99.999   99  22.198048438 -11.700181456  7 22 43.00 2011  5 23 2455704.80744213    10    I                   Tritao_05.22.49_0029.fits                          Triton                1024  1024
   0.754   0.853  522.93  495.99 2.605   1574.16     40.72 99.999 99.999 99.999 13.635 13.590 99.999 99.999 99.999  0.246 99.999 99.999 99.999 99.999  99.999  99.999  99.999  99.999  0.053  0.053  0.012  0.013  0.053  0.059   23   21 99.999 99.999   99  22.198048725 -11.700172459  7 22 55.00 2011  5 23 2455704.80758102    10    I                   Tritao_05.23.01_0030.fits                          Triton                1024  1024
   0.783   0.820  522.96  496.00 1.658   2255.30    351.50 99.999 99.999 99.999 13.642 13.622 99.999 99.999 99.999  0.270 99.999 99.999 99.999 99.999  99.999  99.999  99.999  99.999  0.053  0.053  0.012  0.014  0.054  0.060   24   19 99.999 99.999   99  22.198049343 -11.700181054  7 23  7.00 2011  5 23 2455704.80771991    10    I                   Tritao_05.23.13_0031.fits                          Triton                1024  1024
   0.768   0.817  522.76  495.29 2.125   2263.04     39.67 99.999 99.999 99.999 13.637 13.576 99.999 99.999 99.999  0.270 99.999 99.999 99.999 99.999  99.999  99.999  99.999  99.999  0.046  0.046  0.013  0.014  0.058  0.064   23   20 99.999 99.999   99  22.198049106 -11.700181113  7 23 19.00 2011  5 23 2455704.80785880    10    I                   Tritao_05.23.25_0032.fits                          Triton                1024  1024
   0.764   0.836  522.86  496.48 1.706   2526.57    228.71 99.999 99.999 99.999 13.599 13.602 99.999 99.999 99.999  0.243 99.999 99.999 99.999 99.999  99.999  99.999  99.999  99.999  0.000  0.000  0.013  0.015  0.054  0.065   23   19 99.999 99.999   99  22.198049113 -11.700174035  7 23 43.00 2011  5 23 2455704.80813657    10    I                   Tritao_05.23.50_0034.fits                          Triton                1024  1024
   0.788   0.840  522.88  497.73 2.195   1953.19     91.77 99.999 99.999 99.999 13.595 13.557 99.999 99.999 99.999  0.279 99.999 99.999 99.999 99.999  99.999  99.999  99.999  99.999  0.044  0.044  0.012  0.011  0.053  0.048   23   19 99.999 99.999   99  22.198049676 -11.700171520  7 24  8.00 2011  5 23 2455704.80842593    10    I                   Tritao_05.24.14_0036.fits                          Triton                1024  1024
   0.771   0.849  522.83  498.35 1.619   2598.86    249.47 99.999 99.999 99.999 13.535 13.531 99.999 99.999 99.999  0.246 99.999 99.999 99.999 99.999  99.999  99.999  99.999  99.999  0.018  0.018  0.015  0.018  0.061  0.069   21   16 99.999 99.999   99  22.198049468 -11.700167567  7 24 32.00 2011  5 23 2455704.80870370    10    I                   Tritao_05.24.38_0038.fits                          Triton                1024  1024
   0.719   0.857  522.23  498.76 1.882   2379.75    140.57 99.999 99.999 99.999 13.604 13.562 99.999 99.999 99.999  0.261 99.999 99.999 99.999 99.999  99.999  99.999  99.999  99.999  0.035  0.035  0.016  0.012  0.072  0.057   24   22 99.999 99.999   99  22.198048627 -11.700162918  7 25  8.00 2011  5 23 2455704.80912037    10    I                   Tritao_05.25.14_0041.fits                          Triton                1024  1024
   0.764   0.837  522.65  499.57 1.604   3071.14    190.24 99.999 99.999 99.999 13.632 13.623 99.999 99.999 99.999  0.298 99.999 99.999 99.999 99.999  99.999  99.999  99.999  99.999  0.035  0.035  0.014  0.016  0.062  0.070   20   19 99.999 99.999   99  22.198049590 -11.700166895  7 25 32.00 2011  5 23 2455704.80939815    10    I                   Tritao_05.25.39_0043.fits                          Triton                1024  1024
   0.769   0.834  522.93  499.15 2.187   1960.56     77.02 99.999 99.999 99.999 13.644 13.626 99.999 99.999 99.999  0.282 99.999 99.999 99.999 99.999  99.999  99.999  99.999  99.999  0.058  0.058  0.018  0.014  0.076  0.059   20   17 99.999 99.999   99  22.198049932 -11.700163729  7 26 36.00 2011  5 23 2455704.81013889    10    I                   Tritao_05.26.42_0024.fits                          Triton                1024  1024
   0.747   0.827  522.69  498.56 2.608   1680.58     12.82 99.999 99.999 99.999 13.621 13.599 99.999 99.999 99.999  0.273 99.999 99.999 99.999 99.999  99.999  99.999  99.999  99.999  0.036  0.036  0.016  0.011  0.074  0.050   23   21 99.999 99.999   99  22.198049571 -11.700164620  7 26 48.00 2011  5 23 2455704.81027778    10    I                   Tritao_05.26.54_0025.fits                          Triton                1024  1024
   0.765   0.836  522.73  498.19 2.235   2133.30     23.09 99.999 99.999 99.999 13.603 13.638 99.999 99.999 99.999  0.250 99.999 99.999 99.999 99.999  99.999  99.999  99.999  99.999  0.039  0.039  0.014  0.012  0.057  0.049   21   18 99.999 99.999   99  22.198049966 -11.700161368  7 27  0.00 2011  5 23 2455704.81041667    10    I                   Tritao_05.27.06_0026.fits                          Triton                1024  1024
   0.757   0.821  522.50  498.55 2.148   2082.91     69.29 99.999 99.999 99.999 13.643 13.609 99.999 99.999 99.999  0.267 99.999 99.999 99.999 99.999  99.999  99.999  99.999  99.999  0.049  0.049  0.014  0.013  0.061  0.059   23   20 99.999 99.999   99  22.198049935 -11.700164106  7 27 24.00 2011  5 23 2455704.81069444    10    I                   Tritao_05.27.30_0028.fits                          Triton                1024  1024
   0.733   0.864  522.75  498.82 1.794   2784.82    101.07 99.999 99.999 99.999 13.643 13.585 99.999 99.999 99.999  0.258 99.999 99.999 99.999 99.999  99.999  99.999  99.999  99.999  0.028  0.028  0.013  0.016  0.059  0.073   22   21 99.999 99.999   99  22.198049523 -11.700151349  7 27 36.00 2011  5 23 2455704.81083333    10    I                   Tritao_05.27.42_0029.fits                          Triton                1024  1024
   0.765   0.860  522.15  499.16 1.798   2312.78    207.50 99.999 99.999 99.999 13.640 13.577 99.999 99.999 99.999  0.261 99.999 99.999 99.999 99.999  99.999  99.999  99.999  99.999  0.058  0.058  0.015  0.013  0.067  0.060   22   21 99.999 99.999   99  22.198050156 -11.700151592  7 27 48.00 2011  5 23 2455704.81097222    10    I                   Tritao_05.27.54_0030.fits                          Triton                1024  1024
   0.716   0.843  522.82  500.05 1.738   2828.23    122.36 99.999 99.999 99.999 13.606 13.500 99.999 99.999 99.999  0.264 99.999 99.999 99.999 99.999  99.999  99.999  99.999  99.999  0.034  0.034  0.017  0.015  0.073  0.062   19   18 99.999 99.999   99  22.198049454 -11.700153196  7 28 37.00 2011  5 23 2455704.81153935    10    I                   Tritao_05.28.43_0034.fits                          Triton                1024  1024
   0.757   0.827  522.49  500.03 2.100   2124.40     70.66 99.999 99.999 99.999 13.638 13.580 99.999 99.999 99.999  0.265 99.999 99.999 99.999 99.999  99.999  99.999  99.999  99.999  0.063  0.063  0.016  0.012  0.062  0.048   19   15 99.999 99.999   99  22.198050286 -11.700156936  7 28 49.00 2011  5 23 2455704.81167824    10    I                   Tritao_05.28.55_0035.fits                          Triton                1024  1024
   0.737   0.851  522.48  500.63 1.852   2688.79     76.82 99.999 99.999 99.999 13.619 13.508 99.999 99.999 99.999  0.290 99.999 99.999 99.999 99.999  99.999  99.999  99.999  99.999  0.024  0.024  0.015  0.015  0.064  0.065   20   19 99.999 99.999   99  22.198049931 -11.700149557  7 29  1.00 2011  5 23 2455704.81181713    10    I                   Tritao_05.29.07_0036.fits                          Triton                1024  1024
   0.733   0.853  522.17  501.04 2.318   1859.18     48.77 99.999 99.999 99.999 13.574 13.531 99.999 99.999 99.999  0.195 99.999 99.999 99.999 99.999  99.999  99.999  99.999  99.999  0.056  0.056  0.015  0.019  0.064  0.079   21   18 99.999 99.999   99  22.198049978 -11.700147446  7 29 25.00 2011  5 23 2455704.81209491    10    I                   Tritao_05.29.31_0038.fits                          Triton                1024  1024
   0.788   0.825  522.17  501.67 2.673   1579.65     10.14 99.999 99.999 99.999 13.623 13.633 99.999 99.999 99.999  0.271 99.999 99.999 99.999 99.999  99.999  99.999  99.999  99.999  0.058  0.058  0.014  0.012  0.062  0.055   22   20 99.999 99.999   99  22.198051076 -11.700154311  7 29 37.00 2011  5 23 2455704.81223380    10    I                   Tritao_05.29.43_0039.fits                          Triton                1024  1024
   0.746   0.841  522.57  502.49 2.358   1938.90      8.25 99.999 99.999 99.999 13.647 13.644 99.999 99.999 99.999  0.277 99.999 99.999 99.999 99.999  99.999  99.999  99.999  99.999  0.034  0.034  0.016  0.014  0.070  0.059   22   19 99.999 99.999   99  22.198050331 -11.700149134  7 29 49.00 2011  5 23 2455704.81237269    10    I                   Tritao_05.29.55_0040.fits                          Triton                1024  1024
   0.762   0.833  522.01  502.96 2.121   1785.92    135.88 99.999 99.999 99.999 13.601 13.554 99.999 99.999 99.999  0.293 99.999 99.999 99.999 99.999  99.999  99.999  99.999  99.999  0.060  0.060  0.016  0.014  0.064  0.058   22   18 99.999 99.999   99  22.198050725 -11.700149710  7 30 13.00 2011  5 23 2455704.81265046    10    I                   Tritao_05.30.20_0042.fits                          Triton                1024  1024
   0.740   0.844  522.10  502.56 2.652   1394.76     66.05 99.999 99.999 99.999 13.626 13.622 99.999 99.999 99.999  0.277 99.999 99.999 99.999 99.999  99.999  99.999  99.999  99.999  0.075  0.075  0.016  0.012  0.064  0.049   24   17 99.999 99.999   99  22.198050353 -11.700145939  7 30 26.00 2011  5 23 2455704.81280093    10    I                   Tritao_05.30.32_0043.fits                          Triton                1024  1024
   0.731   0.848  522.09  501.32 2.272   1859.00     40.34 99.999 99.999 99.999 13.667 13.621 99.999 99.999 99.999  0.274 99.999 99.999 99.999 99.999  99.999  99.999  99.999  99.999  0.041  0.041  0.015  0.015  0.065  0.063   22   19 99.999 99.999   99  22.198050832 -11.700134936  7 32 58.00 2011  5 23 2455704.81456019    10    I                   Tritao_05.33.04_0024.fits                          Triton                1024  1024
   0.742   0.852  522.51  501.58 2.043   2011.42     98.12 99.999 99.999 99.999 13.603 13.576 99.999 99.999 99.999  0.253 99.999 99.999 99.999 99.999  99.999  99.999  99.999  99.999  0.027  0.027  0.015  0.012  0.065  0.054   23   20 99.999 99.999   99  22.198051147 -11.700132411  7 33 21.00 2011  5 23 2455704.81482639    10    I                   Tritao_05.33.27_0024.fits                          Triton                1024  1024
   0.733   0.854  521.99  503.31 2.604   1507.71     26.24 99.999 99.999 99.999 13.623 13.626 99.999 99.999 99.999  0.263 99.999 99.999 99.999 99.999  99.999  99.999  99.999  99.999  0.046  0.046  0.018  0.013  0.080  0.056   24   20 99.999 99.999   99  22.198051058 -11.700130430  7 33 42.00 2011  5 23 2455704.81506944    10    I                   Tritao_05.33.48_0024.fits                          Triton                1024  1024
   0.750   0.848  522.45  503.05 2.623   1575.12      1.48 99.999 99.999 99.999 13.651 13.668 99.999 99.999 99.999  0.268 99.999 99.999 99.999 99.999  99.999  99.999  99.999  99.999  0.033  0.034  0.013  0.013  0.060  0.061   24   22 99.999 99.999   99  22.198051431 -11.700131380  7 33 54.00 2011  5 23 2455704.81520833    10    I                   Tritao_05.34.00_0025.fits                          Triton                1024  1024
   0.754   0.852  521.85  502.44 1.778   2036.01    222.49 99.999 99.999 99.999 13.666 13.610 99.999 99.999 99.999  0.276 99.999 99.999 99.999 99.999  99.999  99.999  99.999  99.999  0.052  0.052  0.016  0.013  0.068  0.055   21   18 99.999 99.999   99  22.198051556 -11.700129411  7 34  6.00 2011  5 23 2455704.81534722    10    I                   Tritao_05.34.13_0026.fits                          Triton                1024  1024
