   0.031  -0.042 1162.96 1157.43 2.430   1790.15     70.45 99.999 99.999 99.999 13.362 12.994 99.999 99.999 99.999  0.187 99.999 99.999 99.999 99.999  99.999  99.999  99.999  99.999  0.034  0.034  0.013  0.010  0.054  0.041   23   20 99.999 99.999   99  22.090076818 -12.337764654  2 48 42.00 2011  9  4 2455808.61715278    90    I                   Tritao_0001.fits                                   Triton                2048  2048
   0.021  -0.031 1164.13 1150.34 2.320   1749.05     97.86 99.999 99.999 99.999 13.445 13.050 99.999 99.999 99.999  0.197 99.999 99.999 99.999 99.999  99.999  99.999  99.999  99.999  0.035  0.035  0.014  0.013  0.060  0.056   22   20 99.999 99.999   99  22.090068035 -12.337815901  2 54 54.00 2011  9  4 2455808.62145833    90    I                   Tritao_0005.fits                                   Triton                2048  2048
   0.068  -0.059 1163.57 1153.44 1.664   3040.14    199.69 99.999 99.999 99.999 13.434 12.996 99.999 99.999 99.999  0.225 99.999 99.999 99.999 99.999  99.999  99.999  99.999  99.999  0.014  0.014  0.012  0.011  0.050  0.047   23   21 99.999 99.999   99  22.090060339 -12.337877406  3  1  6.00 2011  9  4 2455808.62576389    90    I                   Tritao_0009.fits                                   Triton                2048  2048
   0.030  -0.039 1165.27 1159.83 2.328   1799.28     90.72 99.999 99.999 99.999 13.377 12.997 99.999 99.999 99.999  0.190 99.999 99.999 99.999 99.999  99.999  99.999  99.999  99.999  0.030  0.030  0.012  0.014  0.048  0.057   23   19 99.999 99.999   99  22.090048870 -12.337939397  3  8 51.00 2011  9  4 2455808.63114583    90    I                   Tritao_0014.fits                                   Triton                2048  2048
   0.020  -0.047 1175.37 1166.68 2.061    689.61     49.40 99.999 99.999 99.999 13.372 13.083 99.999 99.999 99.999  0.175 99.999 99.999 99.999 99.999  99.999  99.999  99.999  99.999  0.018  0.018  0.012  0.015  0.035  0.046   18   16 99.999 99.999   99  22.090006240 -12.338207193  3 39 28.00 2011  9  4 2455808.65240741    30    I                   Tritao_0032.fits                                   Triton                2048  2048
   0.037  -0.049 1178.13 1169.20 1.909    833.67     50.75 99.999 99.999 99.999 13.467 13.128 99.999 99.999 99.999  0.187 99.999 99.999 99.999 99.999  99.999  99.999  99.999  99.999  0.018  0.018  0.013  0.011  0.057  0.046   23   21 99.999 99.999   99  22.089997375 -12.338265385  3 46  6.00 2011  9  4 2455808.65701389    30    I                   Tritao_0044.fits                                   Triton                2048  2048
   0.064  -0.056 1178.70 1175.19 2.006    771.75     46.23 99.999 99.999 99.999 13.449 13.183 99.999 99.999 99.999  0.204 99.999 99.999 99.999 99.999  99.999  99.999  99.999  99.999  0.016  0.016  0.009  0.010  0.041  0.045   22   21 99.999 99.999   99  22.089995566 -12.338281468  3 47 46.00 2011  9  4 2455808.65817130    30    I                   Tritao_0047.fits                                   Triton                2048  2048
   0.132   0.046 1181.79 1170.81 1.391    569.09    100.16 99.999 99.999 99.999 13.355 13.239 99.999 99.999 99.999  0.128 99.999 99.999 99.999 99.999  99.999  99.999  99.999  99.999  0.022  0.022  0.014  0.019  0.050  0.070   17   15 99.999 99.999   99  22.089991508 -12.338286431  3 51 38.00 2011  9  4 2455808.66085648    30    I                   Tritao_0054.fits                                   Triton                2048  2048
   0.129   0.023 1180.92 1168.59 1.473    533.31     84.99 99.999 99.999 99.999 13.371 13.165 99.999 99.999 99.999  0.176 99.999 99.999 99.999 99.999  99.999  99.999  99.999  99.999  0.028  0.028  0.012  0.015  0.045  0.056   23   18 99.999 99.999   99  22.089990672 -12.338297683  3 52 11.00 2011  9  4 2455808.66123843    30    I                   Tritao_0055.fits                                   Triton                2048  2048
   0.205   0.033 1181.30 1165.43 0.961    627.92    187.62 99.999 99.999 99.999 13.351 13.120 99.999 99.999 99.999  0.129 99.999 99.999 99.999 99.999  99.999  99.999  99.999  99.999  0.030  0.030  0.018  0.019  0.073  0.074   19   17 99.999 99.999   99  22.089991362 -12.338299726  3 52 44.00 2011  9  4 2455808.66162037    30    I                   Tritao_0056.fits                                   Triton                2048  2048
   0.127  -0.000 1181.44 1164.83 1.035    797.50    146.62 99.999 99.999 99.999 13.376 13.161 99.999 99.999 99.999  0.157 99.999 99.999 99.999 99.999  99.999  99.999  99.999  99.999  0.005  0.005  0.014  0.016  0.050  0.058   23   19 99.999 99.999   99  22.089989075 -12.338313698  3 53 18.00 2011  9  4 2455808.66201389    30    I                   Tritao_0057.fits                                   Triton                2048  2048
   0.068   0.058 1183.53 1168.71 1.692    422.18     80.25 99.999 99.999 99.999 13.440 13.255 99.999 99.999 99.999  0.140 99.999 99.999 99.999 99.999  99.999  99.999  99.999  99.999  0.018  0.018  0.014  0.016  0.057  0.066   19   19 99.999 99.999   99  22.089979535 -12.338350123  3 59 23.00 2011  9  4 2455808.66623843    30    I                   Tritao_0068.fits                                   Triton                2048  2048
   0.123   0.031 1183.24 1168.75 1.750    447.81     69.58 99.999 99.999 99.999 13.457 13.205 99.999 99.999 99.999  0.199 99.999 99.999 99.999 99.999  99.999  99.999  99.999  99.999  0.019  0.019  0.013  0.016  0.048  0.059   24   19 99.999 99.999   99  22.089979806 -12.338362102  3 59 56.00 2011  9  4 2455808.66662037    30    I                   Tritao_0069.fits                                   Triton                2048  2048
   0.135   0.046 1184.40 1165.39 1.251    521.00    138.12 99.999 99.999 99.999 13.307 13.121 99.999 99.999 99.999  0.148 99.999 99.999 99.999 99.999  99.999  99.999  99.999  99.999  0.018  0.018  0.014  0.017  0.054  0.066   24   20 99.999 99.999   99  22.089978502 -12.338367480  4  1  2.00 2011  9  4 2455808.66738426    30    I                   Tritao_0071.fits                                   Triton                2048  2048
   0.077   0.046 1185.39 1172.28 1.794    505.83     55.34 99.999 99.999 99.999 13.366 13.201 99.999 99.999 99.999  0.166 99.999 99.999 99.999 99.999  99.999  99.999  99.999  99.999  0.004  0.004  0.013  0.017  0.049  0.066   24   21 99.999 99.999   99  22.089974357 -12.338386635  4  3 15.00 2011  9  4 2455808.66892361    30    I                   Tritao_0075.fits                                   Triton                2048  2048
   0.136   0.025 1186.30 1169.99 1.204    589.88    155.75 99.999 99.999 99.999 13.411 13.173 99.999 99.999 99.999  0.142 99.999 99.999 99.999 99.999  99.999  99.999  99.999  99.999  0.008  0.008  0.014  0.018  0.050  0.066   16   16 99.999 99.999   99  22.089971601 -12.338416017  4  6  1.00 2011  9  4 2455808.67084491    30    I                   Tritao_0080.fits                                   Triton                2048  2048
   0.137   0.003 1186.90 1174.67 1.363    575.93    115.86 99.999 99.999 99.999 13.347 13.088 99.999 99.999 99.999  0.199 99.999 99.999 99.999 99.999  99.999  99.999  99.999  99.999  0.020  0.020  0.009  0.017  0.036  0.063   25   20 99.999 99.999   99  22.089970097 -12.338431892  4  7  8.00 2011  9  4 2455808.67162037    30    I                   Tritao_0082.fits                                   Triton                2048  2048
   0.097   0.059 1187.84 1176.37 1.800    477.93     63.47 99.999 99.999 99.999 13.434 13.261 99.999 99.999 99.999  0.191 99.999 99.999 99.999 99.999  99.999  99.999  99.999  99.999  0.019  0.019  0.012  0.018  0.046  0.068   25   19 99.999 99.999   99  22.089968561 -12.338421107  4  7 41.00 2011  9  4 2455808.67200231    30    I                   Tritao_0083.fits                                   Triton                2048  2048
   0.099   0.075 1188.01 1165.77 1.468    680.16     82.87 99.999 99.999 99.999 13.411 13.143 99.999 99.999 99.999  0.169 99.999 99.999 99.999 99.999  99.999  99.999  99.999  99.999  0.015  0.015  0.008  0.017  0.032  0.065   18   17 99.999 99.999   99  22.089965516 -12.338435626  4  9 54.00 2011  9  4 2455808.67354167    30    I                   Tritao_0087.fits                                   Triton                2048  2048
   0.136   0.041 1188.44 1164.79 1.642    568.54     72.25 99.999 99.999 99.999 13.438 13.168 99.999 99.999 99.999  0.190 99.999 99.999 99.999 99.999  99.999  99.999  99.999  99.999  0.015  0.015  0.010  0.017  0.038  0.066   22   18 99.999 99.999   99  22.089965470 -12.338449710  4 10 27.00 2011  9  4 2455808.67392361    30    I                   Tritao_0088.fits                                   Triton                2048  2048
