  -0.008  -0.046 1031.36 1152.79 0.767   1102.03    173.25 99.999 99.999 99.999 13.384 13.332 99.999 99.999 99.999  0.119 99.999 99.999 99.999 99.999  99.999  99.999  99.999  99.999  0.010  0.010  0.015  0.022  0.050  0.074   17   16 99.999 99.999   99  22.212318766 -11.728517808  1 37 33.40 2012  9 18 2456188.56774764     5    Clear               Netuno_01.37.41_0001.fits                          Triton                2048  2048
  -0.007  -0.048 1034.46 1151.67 0.853   1005.31    118.29 99.999 99.999 99.999 13.249 13.101 99.999 99.999 99.999  0.168 99.999 99.999 99.999 99.999  99.999  99.999  99.999  99.999  0.025  0.026  0.013  0.018  0.043  0.061   18   14 99.999 99.999   99  22.212317120 -11.728530101  1 39 23.93 2012  9 18 2456188.56902696     5    Clear               Netuno_01.39.32_0003.fits                          Triton                2048  2048
  -0.015  -0.030 1033.87 1152.13 0.936    883.61    119.47 99.999 99.999 99.999 13.370 13.272 99.999 99.999 99.999  0.214 99.999 99.999 99.999 99.999  99.999  99.999  99.999  99.999  0.006  0.006  0.016  0.017  0.054  0.058   16   14 99.999 99.999   99  22.212316800 -11.728526283  1 39 34.87 2012  9 18 2456188.56915355     5    Clear               Netuno_01.39.43_0004.fits                          Triton                2048  2048
  -0.014  -0.024 1033.25 1150.95 0.765   1324.98    148.87 99.999 99.999 99.999 13.415 13.169 99.999 99.999 99.999  0.051 99.999 99.999 99.999 99.999  99.999  99.999  99.999  99.999  0.021  0.021  0.019  0.031  0.045  0.073   11   10 99.999 99.999   99  22.212316652 -11.728525780  1 39 45.73 2012  9 18 2456188.56927925     5    Clear               Netuno_01.39.54_0005.fits                          Triton                2048  2048
  -0.046  -0.070 1033.64 1150.45 1.206    691.58     54.30 99.999 99.999 99.999 13.347 13.260 99.999 99.999 99.999  0.116 99.999 99.999 99.999 99.999  99.999  99.999  99.999  99.999  0.021  0.021  0.016  0.020  0.050  0.064   17   14 99.999 99.999   99  22.212315888 -11.728539665  1 39 56.65 2012  9 18 2456188.56940566     5    Clear               Netuno_01.40.05_0006.fits                          Triton                2048  2048
   0.028  -0.042 1034.68 1150.70 1.124    750.64     66.27 99.999 99.999 99.999 13.320 13.273 99.999 99.999 99.999  0.213 99.999 99.999 99.999 99.999  99.999  99.999  99.999  99.999  0.032  0.032  0.013  0.015  0.045  0.050   19   14 99.999 99.999   99  22.212317116 -11.728533143  1 40  7.57 2012  9 18 2456188.56953207     5    Clear               Netuno_01.40.16_0007.fits                          Triton                2048  2048
  -0.029  -0.044 1034.62 1152.19 0.788   1384.27    123.14 99.999 99.999 99.999 13.328 13.131 99.999 99.999 99.999  0.211 99.999 99.999 99.999 99.999  99.999  99.999  99.999  99.999  0.007  0.007  0.013  0.018  0.046  0.062   16   14 99.999 99.999   99  22.212315872 -11.728534660  1 40 18.51 2012  9 18 2456188.56965867     5    Clear               Netuno_01.40.26_0008.fits                          Triton                2048  2048
   0.004  -0.028 1034.56 1152.80 0.870   1002.35    123.22 99.999 99.999 99.999 13.350 13.170 99.999 99.999 99.999  0.206 99.999 99.999 99.999 99.999  99.999  99.999  99.999  99.999  0.013  0.013  0.011  0.019  0.038  0.063   18   14 99.999 99.999   99  22.212316334 -11.728531297  1 40 29.40 2012  9 18 2456188.56978472     5    Clear               Netuno_01.40.37_0009.fits                          Triton                2048  2048
   0.034  -0.050 1035.29 1154.12 1.257    745.84     26.17 99.999 99.999 99.999 13.420 13.360 99.999 99.999 99.999  0.070 99.999 99.999 99.999 99.999  99.999  99.999  99.999  99.999  0.016  0.016  0.013  0.019  0.044  0.062   17   14 99.999 99.999   99  22.212316721 -11.728538777  1 40 40.31 2012  9 18 2456188.56991096     5    Clear               Netuno_01.40.48_0010.fits                          Triton                2048  2048
   0.027  -0.094 1034.65 1156.03 1.010    907.57     72.42 99.999 99.999 99.999 13.324 13.239 99.999 99.999 99.999  0.099 99.999 99.999 99.999 99.999  99.999  99.999  99.999  99.999  0.010  0.010  0.014  0.019  0.049  0.068   18   16 99.999 99.999   99  22.212316426 -11.728552247  1 40 51.21 2012  9 18 2456188.57003719     5    Clear               Netuno_01.40.59_0011.fits                          Triton                2048  2048
  -0.001  -0.080 1035.04 1156.77 0.852    925.58    148.90 99.999 99.999 99.999 13.312 13.136 99.999 99.999 99.999  0.158 99.999 99.999 99.999 99.999  99.999  99.999  99.999  99.999  0.014  0.014  0.012  0.018  0.041  0.062   19   15 99.999 99.999   99  22.212315725 -11.728549401  1 41  2.06 2012  9 18 2456188.57016271     5    Clear               Netuno_01.41.10_0012.fits                          Triton                2048  2048
   0.015  -0.067 1035.52 1157.37 1.150    885.51     14.96 99.999 99.999 99.999 13.355 13.225 99.999 99.999 99.999  0.153 99.999 99.999 99.999 99.999  99.999  99.999  99.999  99.999  0.032  0.032  0.022  0.019  0.069  0.061   17   14 99.999 99.999   99  22.212315860 -11.728546872  1 41 12.95 2012  9 18 2456188.57028875     5    Clear               Netuno_01.41.21_0013.fits                          Triton                2048  2048
   0.051  -0.091 1034.76 1156.63 1.112    870.05     33.85 99.999 99.999 99.999 13.386 13.367 99.999 99.999 99.999  0.164 99.999 99.999 99.999 99.999  99.999  99.999  99.999  99.999  0.023  0.023  0.013  0.021  0.045  0.072   18   15 99.999 99.999   99  22.212316380 -11.728554625  1 41 23.85 2012  9 18 2456188.57041499     5    Clear               Netuno_01.41.32_0014.fits                          Triton                2048  2048
  -0.031  -0.030 1036.26 1156.84 0.906   1018.17    111.61 99.999 99.999 99.999 13.433 13.279 99.999 99.999 99.999  0.146 99.999 99.999 99.999 99.999  99.999  99.999  99.999  99.999  0.003  0.003  0.012  0.016  0.042  0.053   18   14 99.999 99.999   99  22.212314672 -11.728538860  1 41 34.75 2012  9 18 2456188.57054104     5    Clear               Netuno_01.41.43_0015.fits                          Triton                2048  2048
   0.014  -0.088 1036.02 1155.69 0.589   1585.14    314.20 99.999 99.999 99.999 13.344 13.299 99.999 99.999 99.999  0.266 99.999 99.999 99.999 99.999  99.999  99.999  99.999  99.999  0.017  0.016  0.015  0.014  0.041  0.038   12   11 99.999 99.999   99  22.212315173 -11.728557403  1 41 56.61 2012  9 18 2456188.57079405     5    Clear               Netuno_01.42.05_0017.fits                          Triton                2048  2048
   0.013  -0.062 1035.91 1154.20 0.970    699.74    123.34 99.999 99.999 99.999 13.337 13.297 99.999 99.999 99.999  0.205 99.999 99.999 99.999 99.999  99.999  99.999  99.999  99.999  0.000  0.000  0.012  0.015  0.039  0.051   18   14 99.999 99.999   99  22.212314992 -11.728551345  1 42  7.53 2012  9 18 2456188.57092046     5    Clear               Netuno_01.42.15_0018.fits                          Triton                2048  2048
  -0.024  -0.056 1036.44 1153.80 1.342    673.26     19.76 99.999 99.999 99.999 13.394 13.217 99.999 99.999 99.999  0.131 99.999 99.999 99.999 99.999  99.999  99.999  99.999  99.999  0.023  0.024  0.014  0.017  0.050  0.060   16   13 99.999 99.999   99  22.212314126 -11.728550769  1 42 18.40 2012  9 18 2456188.57104633     5    Clear               Netuno_01.42.26_0019.fits                          Triton                2048  2048
   0.017  -0.034 1036.31 1154.25 0.889    901.28    129.60 99.999 99.999 99.999 13.350 13.306 99.999 99.999 99.999  0.185 99.999 99.999 99.999 99.999  99.999  99.999  99.999  99.999  0.032  0.032  0.020  0.017  0.068  0.060   16   13 99.999 99.999   99  22.212314769 -11.728545906  1 42 29.29 2012  9 18 2456188.57117238     5    Clear               Netuno_01.42.37_0020.fits                          Triton                2048  2048
   0.041  -0.066 1035.76 1153.19 0.966    928.57     83.22 99.999 99.999 99.999 13.415 13.180 99.999 99.999 99.999  0.085 99.999 99.999 99.999 99.999  99.999  99.999  99.999  99.999  0.018  0.018  0.012  0.018  0.042  0.061   16   14 99.999 99.999   99  22.212315059 -11.728555934  1 42 40.18 2012  9 18 2456188.57129844     5    Clear               Netuno_01.42.48_0021.fits                          Triton                2048  2048
  -0.001  -0.039 1036.73 1153.73 0.826   1004.21    146.93 99.999 99.999 99.999 13.350 13.188 99.999 99.999 99.999  0.100 99.999 99.999 99.999 99.999  99.999  99.999  99.999  99.999  0.015  0.015  0.013  0.024  0.044  0.084   16   14 99.999 99.999   99  22.212314090 -11.728549550  1 42 51.06 2012  9 18 2456188.57142431     5    Clear               Netuno_01.42.59_0022.fits                          Triton                2048  2048
   0.038  -0.064 1036.56 1153.82 0.881   1101.83    114.60 99.999 99.999 99.999 13.361 13.252 99.999 99.999 99.999  0.129 99.999 99.999 99.999 99.999  99.999  99.999  99.999  99.999  0.010  0.010  0.018  0.021  0.057  0.066   16   13 99.999 99.999   99  22.212314664 -11.728557803  1 43  1.94 2012  9 18 2456188.57155017     5    Clear               Netuno_01.43.10_0023.fits                          Triton                2048  2048
   0.023  -0.067 1036.66 1154.15 0.897   1186.07     74.98 99.999 99.999 99.999 13.350 13.245 99.999 99.999 99.999  0.128 99.999 99.999 99.999 99.999  99.999  99.999  99.999  99.999  0.026  0.027  0.015  0.020  0.050  0.068   15   14 99.999 99.999   99  22.212314220 -11.728559747  1 43 12.84 2012  9 18 2456188.57167640     5    Clear               Netuno_01.43.21_0024.fits                          Triton                2048  2048
  -0.017  -0.041 1037.32 1153.28 1.381    595.88     32.39 99.999 99.999 99.999 13.385 13.384 99.999 99.999 99.999  0.095 99.999 99.999 99.999 99.999  99.999  99.999  99.999  99.999  0.023  0.023  0.018  0.018  0.063  0.064   17   15 99.999 99.999   99  22.212313131 -11.728554643  1 43 34.68 2012  9 18 2456188.57192922     5    Clear               Netuno_01.43.43_0026.fits                          Triton                2048  2048
   0.034  -0.041 1037.29 1153.66 0.961    883.03     75.56 99.999 99.999 99.999 13.307 13.011 99.999 99.999 99.999  0.149 99.999 99.999 99.999 99.999  99.999  99.999  99.999  99.999  0.022  0.022  0.011  0.022  0.034  0.070   17   14 99.999 99.999   99  22.212313926 -11.728555734  1 43 45.62 2012  9 18 2456188.57205581     5    Clear               Netuno_01.43.54_0027.fits                          Triton                2048  2048
  -0.000  -0.062 1037.08 1154.04 1.056    839.51     62.95 99.999 99.999 99.999 13.497 13.350 99.999 99.999 99.999  0.181 99.999 99.999 99.999 99.999  99.999  99.999  99.999  99.999  0.031  0.031  0.016  0.019  0.055  0.063   17   14 99.999 99.999   99  22.212313105 -11.728562645  1 43 56.53 2012  9 18 2456188.57218205     5    Clear               Netuno_01.44.04_0028.fits                          Triton                2048  2048
  -0.016  -0.090 1037.10 1152.94 1.162    657.01     63.32 99.999 99.999 99.999 13.349 13.230 99.999 99.999 99.999  0.170 99.999 99.999 99.999 99.999  99.999  99.999  99.999  99.999  0.018  0.018  0.016  0.018  0.056  0.063   17   14 99.999 99.999   99  22.212312650 -11.728571802  1 44  7.40 2012  9 18 2456188.57230792     5    Clear               Netuno_01.44.15_0029.fits                          Triton                2048  2048
  -0.026  -0.084 1037.55 1154.78 0.808   1162.84    114.61 99.999 99.999 99.999 13.299 13.166 99.999 99.999 99.999  0.199 99.999 99.999 99.999 99.999  99.999  99.999  99.999  99.999  0.030  0.030  0.018  0.017  0.057  0.053   17   14 99.999 99.999   99  22.212312294 -11.728571317  1 44 18.31 2012  9 18 2456188.57243414     5    Clear               Netuno_01.44.26_0030.fits                          Triton                2048  2048
