  -0.031  -0.090  491.72  511.22 1.374     88.94     14.19 99.999 99.999 99.999 13.468 13.504 99.999 99.999 99.999  0.140 99.999 99.999 99.999 99.999  99.999  99.999  99.999  99.999  0.034  0.034  0.020  0.019  0.065  0.063   16   14 99.999 99.999   99  20.853591625 -17.654912233 22 57 20.87 2003 10 19 2452932.45649155     5  V                     n90005.fits                                        Triton                1004  1024
   0.017  -0.027  479.05  513.80 1.624    162.52     18.41 99.999 99.999 99.999 13.427 13.605 99.999 99.999 99.999  0.136 99.999 99.999 99.999 99.999  99.999  99.999  99.999  99.999  0.021  0.021  0.013  0.012  0.065  0.059   29   27 99.999 99.999   99  20.853592893 -17.654894039 22 59 39.84 2003 10 19 2452932.45810000     8  V                     n90006.fits                                        Triton                1004  1024
   0.039  -0.066  466.51  513.96 1.713   1098.92    146.08 99.999 99.999 99.999 13.357 13.521 99.999 99.999 99.999  0.299 99.999 99.999 99.999 99.999  99.999  99.999  99.999  99.999  0.011  0.011  0.012  0.009  0.062  0.045   38   31 99.999 99.999   99  20.853593652 -17.654904496 23  2 20.18 2003 10 19 2452932.45995579    60  V                     n90007.fits                                        Triton                1004  1024
   0.026  -0.049  455.77  511.96 1.348   1439.77    210.39 99.999 99.999 99.999 13.309 13.476 99.999 99.999 99.999  0.290 99.999 99.999 99.999 99.999  99.999  99.999  99.999  99.999  0.030  0.030  0.011  0.007  0.054  0.037   38   32 99.999 99.999   99  20.853593746 -17.654899438 23  4 57.50 2003 10 19 2452932.46177662    60  V                     n90008.fits                                        Triton                1004  1024
   0.023  -0.058  463.20  514.14 1.454   4525.58    313.22 99.999 99.999 99.999 13.329 13.287 99.999 99.999 99.999  0.297 99.999 99.999 99.999 99.999  99.999  99.999  99.999  99.999  0.047  0.047  0.010  0.008  0.056  0.045   38   33 99.999 99.999   99  20.853595121 -17.654899900 23 15 30.26 2003 10 19 2452932.46910023   120  V                     n90009.fits                                        Triton                1004  1024
   0.030  -0.076  462.74  523.37 1.747   2350.86    348.21 99.999 99.999 99.999 13.344 13.361 99.999 99.999 99.999  0.291 99.999 99.999 99.999 99.999  99.999  99.999  99.999  99.999  0.020  0.019  0.011  0.009  0.060  0.051   38   33 99.999 99.999   99  20.853595700 -17.654904142 23 18 52.97 2003 10 19 2452932.47144641   120  V                     n90010.fits                                        Triton                1004  1024
  -0.054  -0.092  946.91   48.49 2.830   1263.50    137.80 99.999 99.999 99.999 13.322 13.409 99.999 99.999 99.999  0.151 99.999 99.999 99.999 99.999  99.999  99.999  99.999  99.999  0.020  0.020  0.021  0.019  0.051  0.047   44   41 99.999 99.999   99  20.853596669 -17.654905634 23 38 21.78 2003 10 19 2452932.48497431   120  V                     n90011.fits                                        Triton                1004  1024
   0.033  -0.067  949.63  978.71 2.397   1659.81    167.41 99.999 99.999 99.999 13.353 13.403 99.999 99.999 99.999  0.215 99.999 99.999 99.999 99.999  99.999  99.999  99.999  99.999  0.010  0.010  0.025  0.024  0.052  0.049   32   28 99.999 99.999   99  20.853598890 -17.654898414 23 42 10.08 2003 10 19 2452932.48761667   120  V                     n90012.fits                                        Triton                1004  1024
  -0.070   0.008  940.88   46.01 1.800   3354.67    162.95 99.999 99.999 99.999 13.385 13.352 99.999 99.999 99.999  0.383 99.999 99.999 99.999 99.999  99.999  99.999  99.999  99.999  0.000  0.000  0.018  0.021  0.047  0.055   47   41 99.999 99.999   99  20.853600808 -17.654874249  0 10 52.59 2003 10 20 2452932.50755312   120  V                     n90015.fits                                        Triton                1004  1024
  -0.010  -0.030  942.98  973.91 1.911   2935.85    177.22 99.999 99.999 99.999 13.436 13.417 99.999 99.999 99.999  0.214 99.999 99.999 99.999 99.999  99.999  99.999  99.999  99.999  0.025  0.025  0.024  0.025  0.050  0.051   30   27 99.999 99.999   99  20.853602976 -17.654883995  0 18  6.29 2003 10 20 2452932.51257280   120  V                     n90016.fits                                        Triton                1004  1024
  -0.073   0.014  933.99   55.80 1.646   3920.06    209.18 99.999 99.999 99.999 13.399 13.370 99.999 99.999 99.999  0.391 99.999 99.999 99.999 99.999  99.999  99.999  99.999  99.999  0.007  0.007  0.019  0.021  0.045  0.050   44   39 99.999 99.999   99  20.853604674 -17.654870386  0 39  8.14 2003 10 20 2452932.52717755   120  V                     n90019.fits                                        Triton                1004  1024
  -0.017  -0.010  935.58  945.80 1.605   3964.86    230.62 99.999 99.999 99.999 13.483 13.456 99.999 99.999 99.999  0.232 99.999 99.999 99.999 99.999  99.999  99.999  99.999  99.999  0.026  0.026  0.024  0.027  0.052  0.059   28   27 99.999 99.999   99  20.853607311 -17.654876344  0 50 20.26 2003 10 20 2452932.53495671   120  V                     n90020.fits                                        Triton                1004  1024
