  -0.009  -0.165  990.61 1187.52 2.494     13.03     15.00 99.999 99.999 99.999 13.823 13.879 99.999 99.999 99.999  0.397 99.999 99.999 99.999 99.999  99.999  99.999  99.999  99.999  0.014  0.014  0.032  0.032  0.076  0.076    7    6 99.999 99.999   99  22.174930224 -11.940014363  0 33 44.24 2012 10 19 2456219.52342869     4    U                   Netuno_00.33.51_0030.fits                          Triton                2048  2048
   0.046  -0.099  991.65 1183.34 2.805     26.28     15.70 99.999 99.999 99.999 13.344 13.371 99.999 99.999 99.999  0.187 99.999 99.999 99.999 99.999  99.999  99.999  99.999  99.999  0.063  0.063  0.043  0.027  0.086  0.054    8    7 99.999 99.999   99  22.174930951 -11.939999011  0 34 11.08 2012 10 19 2456219.52373939     4    U                   Netuno_00.34.18_0033.fits                          Triton                2048  2048
  -0.040  -0.129  991.51 1184.98 2.589     35.41     15.99 99.999 99.999 99.999 13.438 13.484 99.999 99.999 99.999  0.154 99.999 99.999 99.999 99.999  99.999  99.999  99.999  99.999  0.006  0.006  0.026  0.018  0.042  0.029    7    5 99.999 99.999   99  22.174929218 -11.940008058  0 34 20.04 2012 10 19 2456219.52384301     4    U                   Netuno_00.34.27_0034.fits                          Triton                2048  2048
   0.061  -0.120  991.43 1183.80 3.527     49.96     14.39 99.999 99.999 99.999 13.556 13.557 99.999 99.999 99.999  0.258 99.999 99.999 99.999 99.999  99.999  99.999  99.999  99.999  0.038  0.038  0.034  0.025  0.068  0.049    8    6 99.999 99.999   99  22.174930935 -11.940007164  0 34 37.91 2012 10 19 2456219.52404990     4    U                   Netuno_00.34.45_0036.fits                          Triton                2048  2048
  -0.049  -0.172  991.41 1183.23 3.245     94.42     15.99 99.999 99.999 99.999 13.633 13.574 99.999 99.999 99.999  0.235 99.999 99.999 99.999 99.999  99.999  99.999  99.999  99.999  0.028  0.028  0.021  0.026  0.054  0.067   13    8 99.999 99.999   99  22.174928735 -11.940022506  0 34 46.85 2012 10 19 2456219.52415334     4    U                   Netuno_00.34.53_0037.fits                          Triton                2048  2048
   0.006  -0.150  991.89 1182.02 3.153     92.21     17.13 99.999 99.999 99.999 13.437 13.515 99.999 99.999 99.999  0.130 99.999 99.999 99.999 99.999  99.999  99.999  99.999  99.999  0.007  0.007  0.013  0.031  0.036  0.087   11    8 99.999 99.999   99  22.174929672 -11.940017118  0 34 55.79 2012 10 19 2456219.52425679     4    U                   Netuno_00.35.02_0038.fits                          Triton                2048  2048
  -0.033  -0.176  991.34 1184.37 3.358     96.28     17.15 99.999 99.999 99.999 13.512 13.525 99.999 99.999 99.999  0.170 99.999 99.999 99.999 99.999  99.999  99.999  99.999  99.999  0.008  0.008  0.020  0.021  0.052  0.056   14    8 99.999 99.999   99  22.174927631 -11.940035886  0 36 51.69 2012 10 19 2456219.52559831     4    U                   Netuno_00.36.58_0051.fits                          Triton                2048  2048
   0.012   0.098  992.64 1186.40 2.962    117.29     17.74 99.999 99.999 99.999 13.567 13.572 99.999 99.999 99.999  0.178 99.999 99.999 99.999 99.999  99.999  99.999  99.999  99.999  0.020  0.020  0.016  0.025  0.052  0.080   18   11 99.999 99.999   99  22.174928059 -11.939963095  0 37 27.23 2012 10 19 2456219.52600956     4    U                   Netuno_00.37.34_0055.fits                          Triton                2048  2048
   0.018   0.018  992.28 1186.25 2.757    149.18     15.23 99.999 99.999 99.999 13.513 13.531 99.999 99.999 99.999  0.138 99.999 99.999 99.999 99.999  99.999  99.999  99.999  99.999  0.020  0.020  0.013  0.021  0.042  0.065   18   10 99.999 99.999   99  22.174928072 -11.939986295  0 37 36.10 2012 10 19 2456219.52611228     4    U                   Netuno_00.37.43_0056.fits                          Triton                2048  2048
   0.010   0.042  993.28 1182.46 3.273    112.00     13.92 99.999 99.999 99.999 13.455 13.406 99.999 99.999 99.999  0.178 99.999 99.999 99.999 99.999  99.999  99.999  99.999  99.999  0.026  0.026  0.016  0.030  0.048  0.090   14   11 99.999 99.999   99  22.174927532 -11.939982979  0 38 11.65 2012 10 19 2456219.52652370     4    U                   Netuno_00.38.18_0060.fits                          Triton                2048  2048
   0.004   0.046  991.98 1181.67 3.285    119.99     11.63 99.999 99.999 99.999 13.500 13.536 99.999 99.999 99.999  0.121 99.999 99.999 99.999 99.999  99.999  99.999  99.999  99.999  0.022  0.022  0.017  0.027  0.050  0.077   14    9 99.999 99.999   99  22.174927297 -11.939982676  0 38 20.52 2012 10 19 2456219.52662642     4    U                   Netuno_00.38.27_0061.fits                          Triton                2048  2048
   0.038   0.036  993.53 1181.81 2.708    128.99     19.16 99.999 99.999 99.999 13.583 13.605 99.999 99.999 99.999  0.157 99.999 99.999 99.999 99.999  99.999  99.999  99.999  99.999  0.007  0.007  0.022  0.022  0.066  0.067   18   10 99.999 99.999   99  22.174927867 -11.939986298  0 38 29.41 2012 10 19 2456219.52672933     4    U                   Netuno_00.38.36_0062.fits                          Triton                2048  2048
  -0.005   0.037  993.31 1180.40 2.701    131.79     20.38 99.999 99.999 99.999 13.450 13.392 99.999 99.999 99.999  0.142 99.999 99.999 99.999 99.999  99.999  99.999  99.999  99.999  0.002  0.002  0.018  0.023  0.056  0.071   15   10 99.999 99.999   99  22.174926822 -11.939987693  0 38 47.16 2012 10 19 2456219.52693477     4    U                   Netuno_00.38.54_0064.fits                          Triton                2048  2048
  -0.004  -0.129  993.41 1179.19 3.443    104.07     13.17 99.999 99.999 99.999 13.487 13.529 99.999 99.999 99.999  0.089 99.999 99.999 99.999 99.999  99.999  99.999  99.999  99.999  0.038  0.038  0.017  0.027  0.051  0.080   12    9 99.999 99.999   99  22.174926643 -11.940035964  0 39  4.95 2012 10 19 2456219.52714058     4    U                   Netuno_00.39.12_0066.fits                          Triton                2048  2048
   0.023  -0.092  992.71 1181.14 3.121    122.16     13.38 99.999 99.999 99.999 13.518 13.489 99.999 99.999 99.999  0.108 99.999 99.999 99.999 99.999  99.999  99.999  99.999  99.999  0.023  0.023  0.014  0.023  0.045  0.072   16   10 99.999 99.999   99  22.174927050 -11.940026391  0 39 13.84 2012 10 19 2456219.52724348     4    U                   Netuno_00.39.20_0067.fits                          Triton                2048  2048
   0.023   0.002  993.02 1180.51 2.515    168.68     17.62 99.999 99.999 99.999 13.395 13.473 99.999 99.999 99.999  0.122 99.999 99.999 99.999 99.999  99.999  99.999  99.999  99.999  0.022  0.022  0.025  0.029  0.070  0.081   16   11 99.999 99.999   99  22.174926970 -11.940001145  0 39 22.71 2012 10 19 2456219.52734620     4    U                   Netuno_00.39.29_0068.fits                          Triton                2048  2048
   0.017  -0.146  991.85 1179.93 3.070    109.80     17.14 99.999 99.999 99.999 13.558 13.585 99.999 99.999 99.999  0.118 99.999 99.999 99.999 99.999  99.999  99.999  99.999  99.999  0.024  0.024  0.020  0.017  0.047  0.040   14    7 99.999 99.999   99  22.174926552 -11.940044718  0 39 49.35 2012 10 19 2456219.52765455     4    U                   Netuno_00.39.56_0071.fits                          Triton                2048  2048
   0.038  -0.016  993.01 1183.17 3.477    111.11     11.83 99.999 99.999 99.999 13.433 13.536 99.999 99.999 99.999  0.167 99.999 99.999 99.999 99.999  99.999  99.999  99.999  99.999  0.025  0.025  0.013  0.021  0.039  0.065   18   11 99.999 99.999   99  22.174926640 -11.940011435  0 40 15.98 2012 10 19 2456219.52796271     4    U                   Netuno_00.40.23_0074.fits                          Triton                2048  2048
   0.027  -0.085  992.75 1184.93 2.871    127.94     15.31 99.999 99.999 99.999 13.557 13.501 99.999 99.999 99.999  0.132 99.999 99.999 99.999 99.999  99.999  99.999  99.999  99.999  0.035  0.035  0.021  0.026  0.062  0.078   14    9 99.999 99.999   99  22.174926323 -11.940031348  0 40 24.85 2012 10 19 2456219.52806543     4    U                   Netuno_00.40.31_0075.fits                          Triton                2048  2048
   0.015  -0.051 1070.55 1252.95 2.183    105.30     17.87 99.999 99.999 99.999 13.375 13.479 99.999 99.999 99.999  0.130 99.999 99.999 99.999 99.999  99.999  99.999  99.999  99.999  0.026  0.026  0.017  0.032  0.049  0.091   10    9 99.999 99.999   99  22.174856581 -11.940607318  2 21 35.96 2012 10 19 2456219.59833287     4    U                   Netuno_02.21.43_0076.fits                          Triton                2048  2048
   0.036  -0.019 1070.61 1252.02 2.534    106.60     13.82 99.999 99.999 99.999 13.443 13.512 99.999 99.999 99.999  0.116 99.999 99.999 99.999 99.999  99.999  99.999  99.999  99.999  0.009  0.009  0.029  0.020  0.079  0.054   12    9 99.999 99.999   99  22.174856800 -11.940599917  2 21 53.84 2012 10 19 2456219.59853976     4    U                   Netuno_02.22.00_0078.fits                          Triton                2048  2048
   0.086  -0.155 1070.16 1250.57 2.496    101.65     17.15 99.999 99.999 99.999 13.414 13.531 99.999 99.999 99.999  0.107 99.999 99.999 99.999 99.999  99.999  99.999  99.999  99.999  0.030  0.030  0.027  0.025  0.079  0.073   11    9 99.999 99.999   99  22.174857634 -11.940638560  2 22  2.77 2012 10 19 2456219.59864321     4    U                   Netuno_02.22.09_0079.fits                          Triton                2048  2048
   0.063  -0.029 1070.86 1248.98 2.420    106.78     18.98 99.999 99.999 99.999 13.410 13.465 99.999 99.999 99.999  0.105 99.999 99.999 99.999 99.999  99.999  99.999  99.999  99.999  0.025  0.025  0.026  0.026  0.075  0.074   12    9 99.999 99.999   99  22.174856781 -11.940607151  2 22 38.54 2012 10 19 2456219.59905716     4    U                   Netuno_02.22.45_0083.fits                          Triton                2048  2048
   0.040   0.013 1071.07 1250.00 2.188    130.58     21.06 99.999 99.999 99.999 13.437 13.506 99.999 99.999 99.999  0.130 99.999 99.999 99.999 99.999  99.999  99.999  99.999  99.999  0.019  0.019  0.030  0.025  0.091  0.077   12   10 99.999 99.999   99  22.174856220 -11.940596332  2 22 47.48 2012 10 19 2456219.59916060     4    U                   Netuno_02.22.54_0084.fits                          Triton                2048  2048
   0.070   0.043 1072.50 1247.39 2.535    104.71     16.04 99.999 99.999 99.999 13.418 13.487 99.999 99.999 99.999  0.138 99.999 99.999 99.999 99.999  99.999  99.999  99.999  99.999  0.023  0.023  0.021  0.020  0.060  0.057   11    9 99.999 99.999   99  22.174856601 -11.940589837  2 23  5.35 2012 10 19 2456219.59936749     4    U                   Netuno_02.23.12_0086.fits                          Triton                2048  2048
   0.077  -0.051 1072.17 1247.68 2.265    131.02     19.96 99.999 99.999 99.999 13.419 13.478 99.999 99.999 99.999  0.165 99.999 99.999 99.999 99.999  99.999  99.999  99.999  99.999  0.022  0.022  0.033  0.020  0.092  0.056   12    9 99.999 99.999   99  22.174856540 -11.940617455  2 23 23.24 2012 10 19 2456219.59957456     4    U                   Netuno_02.23.30_0088.fits                          Triton                2048  2048
   0.018  -0.035 1071.68 1248.49 2.177    136.53     19.72 99.999 99.999 99.999 13.464 13.538 99.999 99.999 99.999  0.135 99.999 99.999 99.999 99.999  99.999  99.999  99.999  99.999  0.016  0.016  0.014  0.018  0.039  0.050   11    8 99.999 99.999   99  22.174855315 -11.940613826  2 23 32.18 2012 10 19 2456219.59967801     4    U                   Netuno_02.23.39_0089.fits                          Triton                2048  2048
   0.038  -0.010 1072.01 1251.15 2.392    135.53     15.54 99.999 99.999 99.999 13.383 13.492 99.999 99.999 99.999  0.135 99.999 99.999 99.999 99.999  99.999  99.999  99.999  99.999  0.017  0.017  0.026  0.013  0.071  0.036    9    8 99.999 99.999   99  22.174855385 -11.940609522  2 23 59.02 2012 10 19 2456219.59998870     4    U                   Netuno_02.24.06_0092.fits                          Triton                2048  2048
  -0.002  -0.036 1072.83 1252.55 2.352    132.51     18.71 99.999 99.999 99.999 13.344 13.376 99.999 99.999 99.999  0.156 99.999 99.999 99.999 99.999  99.999  99.999  99.999  99.999  0.018  0.018  0.027  0.015  0.081  0.044   14    9 99.999 99.999   99  22.174854511 -11.940617787  2 24  7.96 2012 10 19 2456219.60009215     4    U                   Netuno_02.24.15_0093.fits                          Triton                2048  2048
  -0.044  -0.138 1072.39 1255.24 3.019     81.43     13.49 99.999 99.999 99.999 13.483 13.576 99.999 99.999 99.999  0.165 99.999 99.999 99.999 99.999  99.999  99.999  99.999  99.999  0.009  0.009  0.032  0.019  0.087  0.053   10    8 99.999 99.999   99  22.174853408 -11.940648510  2 24 34.82 2012 10 19 2456219.60040302     4    U                   Netuno_02.24.41_0096.fits                          Triton                2048  2048
   0.034   0.009 1072.93 1256.02 2.174    116.21     21.10 99.999 99.999 99.999 13.552 13.633 99.999 99.999 99.999  0.144 99.999 99.999 99.999 99.999  99.999  99.999  99.999  99.999  0.019  0.019  0.010  0.025  0.028  0.068   10    8 99.999 99.999   99  22.174854774 -11.940608619  2 24 43.71 2012 10 19 2456219.60050593     4    U                   Netuno_02.24.50_0097.fits                          Triton                2048  2048
   0.006  -0.015 1073.02 1255.77 2.774     98.79     14.30 99.999 99.999 99.999 13.485 13.554 99.999 99.999 99.999  0.103 99.999 99.999 99.999 99.999  99.999  99.999  99.999  99.999  0.025  0.025  0.022  0.016  0.067  0.051   12   10 99.999 99.999   99  22.174854175 -11.940616116  2 24 52.60 2012 10 19 2456219.60060883     4    U                   Netuno_02.24.59_0098.fits                          Triton                2048  2048
  -0.029  -0.035 1072.56 1254.14 2.680     99.56     15.99 99.999 99.999 99.999 13.400 13.480 99.999 99.999 99.999  0.081 99.999 99.999 99.999 99.999  99.999  99.999  99.999  99.999  0.023  0.023  0.022  0.027  0.064  0.079   11    9 99.999 99.999   99  22.174853283 -11.940623468  2 25 10.38 2012 10 19 2456219.60081463     4    U                   Netuno_02.25.17_0100.fits                          Triton                2048  2048
   0.039   0.083 1073.54 1254.19 2.475    111.72     18.42 99.999 99.999 99.999 13.488 13.549 99.999 99.999 99.999  0.144 99.999 99.999 99.999 99.999  99.999  99.999  99.999  99.999  0.021  0.021  0.017  0.021  0.049  0.061   13   10 99.999 99.999   99  22.174854492 -11.940591486  2 25 19.27 2012 10 19 2456219.60091753     4    U                   Netuno_02.25.26_0101.fits                          Triton                2048  2048
   0.078  -0.061 1072.66 1254.24 3.134     96.76     10.01 99.999 99.999 99.999 13.543 13.630 99.999 99.999 99.999  0.105 99.999 99.999 99.999 99.999  99.999  99.999  99.999  99.999  0.024  0.024  0.024  0.022  0.069  0.064   11    9 99.999 99.999   99  22.174855124 -11.940632175  2 25 28.17 2012 10 19 2456219.60102044     4    U                   Netuno_02.25.35_0102.fits                          Triton                2048  2048
   0.050  -0.144 1072.93 1253.11 2.104    129.16     25.68 99.999 99.999 99.999 13.395 13.456 99.999 99.999 99.999  0.100 99.999 99.999 99.999 99.999  99.999  99.999  99.999  99.999  0.020  0.020  0.030  0.024  0.085  0.068   13    9 99.999 99.999   99  22.174854385 -11.940656970  2 25 45.93 2012 10 19 2456219.60122605     4    U                   Netuno_02.25.52_0104.fits                          Triton                2048  2048
  -0.033   0.060 1073.67 1249.82 2.924    105.38     12.61 99.999 99.999 99.999 13.343 13.435 99.999 99.999 99.999  0.183 99.999 99.999 99.999 99.999  99.999  99.999  99.999  99.999  0.008  0.008  0.011  0.016  0.034  0.048   10    9 99.999 99.999   99  22.174852710 -11.940600989  2 25 54.81 2012 10 19 2456219.60132878     4    U                   Netuno_02.26.01_0105.fits                          Triton                2048  2048
   0.018  -0.172 1072.01 1251.09 2.165    138.13     21.96 99.999 99.999 99.999 13.421 13.483 99.999 99.999 99.999  0.098 99.999 99.999 99.999 99.999  99.999  99.999  99.999  99.999  0.023  0.023  0.011  0.012  0.036  0.038   13   10 99.999 99.999   99  22.174853557 -11.940666447  2 26  3.70 2012 10 19 2456219.60143168     4    U                   Netuno_02.26.10_0106.fits                          Triton                2048  2048
   0.050  -0.033 1073.60 1249.99 2.786    107.09     14.76 99.999 99.999 99.999 13.449 13.506 99.999 99.999 99.999  0.146 99.999 99.999 99.999 99.999  99.999  99.999  99.999  99.999  0.025  0.025  0.034  0.021  0.091  0.056   12    8 99.999 99.999   99  22.174854090 -11.940628486  2 26 12.59 2012 10 19 2456219.60153458     4    U                   Netuno_02.26.19_0107.fits                          Triton                2048  2048
   0.077  -0.075 1073.33 1250.31 2.542    119.55     16.42 99.999 99.999 99.999 13.530 13.578 99.999 99.999 99.999  0.110 99.999 99.999 99.999 99.999  99.999  99.999  99.999  99.999  0.021  0.021  0.028  0.018  0.086  0.054   12   10 99.999 99.999   99  22.174854491 -11.940641299  2 26 21.49 2012 10 19 2456219.60163766     4    U                   Netuno_02.26.28_0108.fits                          Triton                2048  2048
   0.019  -0.030 1074.42 1250.16 2.787    108.58     14.39 99.999 99.999 99.999 13.469 13.538 99.999 99.999 99.999  0.132 99.999 99.999 99.999 99.999  99.999  99.999  99.999  99.999  0.021  0.021  0.025  0.029  0.074  0.088   11   10 99.999 99.999   99  22.174853084 -11.940631310  2 26 48.26 2012 10 19 2456219.60194745     4    U                   Netuno_02.26.55_0111.fits                          Triton                2048  2048
   0.079  -0.052 1073.17 1250.07 2.438    121.23     18.07 99.999 99.999 99.999 13.515 13.571 99.999 99.999 99.999  0.063 99.999 99.999 99.999 99.999  99.999  99.999  99.999  99.999  0.019  0.019  0.014  0.028  0.039  0.076   12    9 99.999 99.999   99  22.174853990 -11.940639150  2 27  6.14 2012 10 19 2456219.60215435     4    U                   Netuno_02.27.13_0113.fits                          Triton                2048  2048
   0.001   0.020 1074.49 1250.25 2.580    118.61     16.02 99.999 99.999 99.999 13.471 13.566 99.999 99.999 99.999  0.075 99.999 99.999 99.999 99.999  99.999  99.999  99.999  99.999  0.023  0.023  0.023  0.019  0.068  0.057   11   10 99.999 99.999   99  22.174852436 -11.940619936  2 27 15.07 2012 10 19 2456219.60225779     4    U                   Netuno_02.27.22_0114.fits                          Triton                2048  2048
  -0.010  -0.004 1074.01 1249.74 2.420    110.01     19.70 99.999 99.999 99.999 13.497 13.565 99.999 99.999 99.999  0.083 99.999 99.999 99.999 99.999  99.999  99.999  99.999  99.999  0.022  0.022  0.027  0.017  0.079  0.048   12    9 99.999 99.999   99  22.174852114 -11.940627482  2 27 24.01 2012 10 19 2456219.60236124     4    U                   Netuno_02.27.31_0115.fits                          Triton                2048  2048
  -0.017  -0.187 1073.83 1251.20 2.287    124.18     22.12 99.999 99.999 99.999 13.466 13.535 99.999 99.999 99.999  0.108 99.999 99.999 99.999 99.999  99.999  99.999  99.999  99.999  0.013  0.013  0.023  0.017  0.064  0.048   12    8 99.999 99.999   99  22.174851868 -11.940679180  2 27 32.96 2012 10 19 2456219.60246486     4    U                   Netuno_02.27.40_0116.fits                          Triton                2048  2048
  -0.019  -0.132 1073.95 1251.78 2.527    112.37     17.85 99.999 99.999 99.999 13.424 13.493 99.999 99.999 99.999  0.129 99.999 99.999 99.999 99.999  99.999  99.999  99.999  99.999  0.027  0.026  0.030  0.035  0.076  0.087   11    8 99.999 99.999   99  22.174851640 -11.940665482  2 27 50.86 2012 10 19 2456219.60267193     4    U                   Netuno_02.27.57_0118.fits                          Triton                2048  2048
   0.056  -0.031 1073.85 1252.09 2.633    103.73     17.01 99.999 99.999 99.999 13.455 13.507 99.999 99.999 99.999  0.125 99.999 99.999 99.999 99.999  99.999  99.999  99.999  99.999  0.023  0.023  0.032  0.016  0.082  0.042   11    8 99.999 99.999   99  22.174852942 -11.940638296  2 27 59.79 2012 10 19 2456219.60277537     4    U                   Netuno_02.28.06_0119.fits                          Triton                2048  2048
  -0.006   0.046 1074.48 1255.08 2.547    102.81     15.81 99.999 99.999 99.999 13.510 13.688 99.999 99.999 99.999  0.198 99.999 99.999 99.999 99.999  99.999  99.999  99.999  99.999  0.021  0.021  0.020  0.013  0.057  0.037   12    8 99.999 99.999   99  22.174851663 -11.940617800  2 28  8.75 2012 10 19 2456219.60287900     4    U                   Netuno_02.28.15_0120.fits                          Triton                2048  2048
   0.012  -0.091 1075.15 1255.14 2.743     76.64     17.98 99.999 99.999 99.999 13.541 13.622 99.999 99.999 99.999  0.106 99.999 99.999 99.999 99.999  99.999  99.999  99.999  99.999  0.027  0.027  0.020  0.034  0.055  0.095   10    8 99.999 99.999   99  22.174851916 -11.940656691  2 28 17.68 2012 10 19 2456219.60298244     4    U                   Netuno_02.28.24_0121.fits                          Triton                2048  2048
   0.046   0.008 1075.35 1257.29 2.455     93.51     17.05 99.999 99.999 99.999 13.499 13.569 99.999 99.999 99.999  0.290 99.999 99.999 99.999 99.999  99.999  99.999  99.999  99.999  0.025  0.025  0.028  0.021  0.075  0.056   10    7 99.999 99.999   99  22.174852460 -11.940630141  2 28 26.62 2012 10 19 2456219.60308589     4    U                   Netuno_02.28.33_0122.fits                          Triton                2048  2048
   0.016  -0.038 1074.57 1258.73 2.766     91.88     14.74 99.999 99.999 99.999 13.517 13.577 99.999 99.999 99.999  0.152 99.999 99.999 99.999 99.999  99.999  99.999  99.999  99.999  0.024  0.024  0.021  0.031  0.058  0.087   12    8 99.999 99.999   99  22.174851697 -11.940644601  2 28 44.54 2012 10 19 2456219.60329332     4    U                   Netuno_02.28.51_0124.fits                          Triton                2048  2048
  -0.048  -0.031 1074.88 1257.69 2.791     75.41     12.82 99.999 99.999 99.999 13.457 13.556 99.999 99.999 99.999  0.111 99.999 99.999 99.999 99.999  99.999  99.999  99.999  99.999  0.028  0.028  0.035  0.028  0.089  0.070    8    7 99.999 99.999   99  22.174850174 -11.940645331  2 29 11.37 2012 10 19 2456219.60360383     4    U                   Netuno_02.29.18_0127.fits                          Triton                2048  2048
   0.045  -0.124 1075.52 1256.94 2.466     86.95     15.03 99.999 99.999 99.999 13.355 13.406 99.999 99.999 99.999  0.241 99.999 99.999 99.999 99.999  99.999  99.999  99.999  99.999  0.026  0.026  0.029  0.051  0.064  0.114   10    6 99.999 99.999   99  22.174851714 -11.940672888  2 29 29.26 2012 10 19 2456219.60381090     4    U                   Netuno_02.29.36_0129.fits                          Triton                2048  2048
   0.004   0.017 1075.07 1255.51 2.468    117.12     13.82 99.999 99.999 99.999 13.319 13.404 99.999 99.999 99.999  0.131 99.999 99.999 99.999 99.999  99.999  99.999  99.999  99.999  0.024  0.024  0.015  0.021  0.042  0.058    9    8 99.999 99.999   99  22.174850740 -11.940635182  2 29 47.17 2012 10 19 2456219.60401816     4    U                   Netuno_02.29.54_0131.fits                          Triton                2048  2048
   0.061   0.088 1075.65 1256.09 2.259    113.94     16.09 99.999 99.999 99.999 13.416 13.485 99.999 99.999 99.999  0.093 99.999 99.999 99.999 99.999  99.999  99.999  99.999  99.999  0.021  0.021  0.026  0.019  0.073  0.053   12    9 99.999 99.999   99  22.174851703 -11.940616354  2 29 56.09 2012 10 19 2456219.60412142     4    U                   Netuno_02.30.03_0132.fits                          Triton                2048  2048
   0.018  -0.057 1075.41 1254.25 2.289    107.42     17.57 99.999 99.999 99.999 13.450 13.519 99.999 99.999 99.999  0.100 99.999 99.999 99.999 99.999  99.999  99.999  99.999  99.999  0.020  0.020  0.020  0.030  0.058  0.087   12   10 99.999 99.999   99  22.174850790 -11.940657452  2 30  5.03 2012 10 19 2456219.60422486     4    U                   Netuno_02.30.12_0133.fits                          Triton                2048  2048
  -0.049   0.092 1075.55 1255.10 2.654    102.37     11.55 99.999 99.999 99.999 13.480 13.536 99.999 99.999 99.999  0.194 99.999 99.999 99.999 99.999  99.999  99.999  99.999  99.999  0.025  0.025  0.029  0.025  0.082  0.070   12    9 99.999 99.999   99  22.174849325 -11.940618052  2 30 22.93 2012 10 19 2456219.60443212     4    U                   Netuno_02.30.30_0135.fits                          Triton                2048  2048
   0.028  -0.172 1074.52 1255.30 2.554     98.02     14.06 99.999 99.999 99.999 13.514 13.576 99.999 99.999 99.999  0.100 99.999 99.999 99.999 99.999  99.999  99.999  99.999  99.999  0.026  0.026  0.019  0.036  0.056  0.105   10    9 99.999 99.999   99  22.174850662 -11.940692137  2 30 31.89 2012 10 19 2456219.60453574     4    U                   Netuno_02.30.39_0136.fits                          Triton                2048  2048
   0.070   0.069 1076.21 1254.15 2.141    124.53     18.53 99.999 99.999 99.999 13.385 13.433 99.999 99.999 99.999  0.145 99.999 99.999 99.999 99.999  99.999  99.999  99.999  99.999  0.029  0.029  0.018  0.020  0.051  0.058   12    9 99.999 99.999   99  22.174851376 -11.940626035  2 30 40.86 2012 10 19 2456219.60463955     4    U                   Netuno_02.30.47_0137.fits                          Triton                2048  2048
  -0.049  -0.017 1075.76 1255.82 2.233    116.01     18.72 99.999 99.999 99.999 13.509 13.577 99.999 99.999 99.999  0.134 99.999 99.999 99.999 99.999  99.999  99.999  99.999  99.999  0.022  0.022  0.025  0.025  0.067  0.067   13   10 99.999 99.999   99  22.174848905 -11.940651545  2 30 58.73 2012 10 19 2456219.60484644     4    U                   Netuno_02.31.05_0139.fits                          Triton                2048  2048
   0.045   0.035 1077.20 1255.18 2.870     86.32     15.16 99.999 99.999 99.999 13.454 13.538 99.999 99.999 99.999  0.082 99.999 99.999 99.999 99.999  99.999  99.999  99.999  99.999  0.028  0.028  0.023  0.018  0.068  0.053   11   10 99.999 99.999   99  22.174850565 -11.940638010  2 31  7.67 2012 10 19 2456219.60494988     4    U                   Netuno_02.31.14_0140.fits                          Triton                2048  2048
  -0.014  -0.123 1075.66 1255.85 2.657     97.98     12.68 99.999 99.999 99.999 13.455 13.501 99.999 99.999 99.999  0.116 99.999 99.999 99.999 99.999  99.999  99.999  99.999  99.999  0.020  0.020  0.029  0.027  0.075  0.071   11    8 99.999 99.999   99  22.174849372 -11.940682801  2 31 16.62 2012 10 19 2456219.60505351     4    U                   Netuno_02.31.23_0141.fits                          Triton                2048  2048
   0.099  -0.115 1076.00 1257.39 2.663     91.04     14.33 99.999 99.999 99.999 13.468 13.548 99.999 99.999 99.999  0.103 99.999 99.999 99.999 99.999  99.999  99.999  99.999  99.999  0.026  0.026  0.033  0.020  0.080  0.048    9    6 99.999 99.999   99  22.174851299 -11.940682133  2 31 34.50 2012 10 19 2456219.60526039     4    U                   Netuno_02.31.41_0143.fits                          Triton                2048  2048
  -0.023  -0.084 1076.22 1258.24 2.392    119.73     12.31 99.999 99.999 99.999 13.360 13.438 99.999 99.999 99.999  0.158 99.999 99.999 99.999 99.999  99.999  99.999  99.999  99.999  0.024  0.024  0.036  0.033  0.091  0.085   11    7 99.999 99.999   99  22.174848904 -11.940674537  2 31 43.45 2012 10 19 2456219.60536402     4    U                   Netuno_02.31.50_0144.fits                          Triton                2048  2048
  -0.006   0.076 1076.21 1258.25 2.198    115.60     19.37 99.999 99.999 99.999 13.428 13.484 99.999 99.999 99.999  0.131 99.999 99.999 99.999 99.999  99.999  99.999  99.999  99.999  0.009  0.009  0.014  0.026  0.041  0.074   12    9 99.999 99.999   99  22.174849108 -11.940630953  2 31 52.41 2012 10 19 2456219.60546765     4    U                   Netuno_02.31.59_0145.fits                          Triton                2048  2048
   0.081  -0.116 1077.30 1258.50 2.213    116.23     17.21 99.999 99.999 99.999 13.371 13.434 99.999 99.999 99.999  0.078 99.999 99.999 99.999 99.999  99.999  99.999  99.999  99.999  0.007  0.007  0.025  0.021  0.067  0.054   10    8 99.999 99.999   99  22.174850648 -11.940685061  2 32  1.33 2012 10 19 2456219.60557091     4    U                   Netuno_02.32.08_0146.fits                          Triton                2048  2048
   0.094  -0.160 1077.21 1262.63 2.241    115.89     16.07 99.999 99.999 99.999 13.414 13.450 99.999 99.999 99.999  0.135 99.999 99.999 99.999 99.999  99.999  99.999  99.999  99.999  0.023  0.023  0.023  0.027  0.063  0.074   12    8 99.999 99.999   99  22.174850693 -11.940699215  2 32 19.23 2012 10 19 2456219.60577816     4    U                   Netuno_02.32.26_0148.fits                          Triton                2048  2048
   0.073  -0.115 1077.53 1261.72 2.382    111.02     14.59 99.999 99.999 99.999 13.419 13.437 99.999 99.999 99.999  0.144 99.999 99.999 99.999 99.999  99.999  99.999  99.999  99.999  0.023  0.023  0.015  0.018  0.043  0.051   13    9 99.999 99.999   99  22.174850193 -11.940687610  2 32 28.15 2012 10 19 2456219.60588142     4    U                   Netuno_02.32.35_0149.fits                          Triton                2048  2048
