   0.078  -0.041  378.87  996.50 1.916  73347.99   5222.16 99.999 99.999 99.999 13.250 12.842 99.999 99.999 99.999  0.553 99.999 99.999 99.999 99.999  99.999  99.999  99.999  99.999  0.022  0.023  0.020  0.022  0.051  0.054   31   21 99.999 99.999   99  22.038024033 -12.525334333  7  3 28.00 2010  7  5 2455382.79407407    60    Clear               Nereida_07.03.59_0002.fits                         Triton                1024  1024
   0.089  -0.018  379.23  995.60 2.090  70183.11   3183.34 99.999 99.999 99.999 13.234 12.880 99.999 99.999 99.999  0.537 99.999 99.999 99.999 99.999  99.999  99.999  99.999  99.999  0.034  0.034  0.019  0.018  0.049  0.046   32   21 99.999 99.999   99  22.038023661 -12.525330704  7  4 30.00 2010  7  5 2455382.79479167    60    Clear               Nereida_07.05.01_0003.fits                         Triton                1024  1024
   0.033  -0.023  379.31  993.77 1.418 105700.65  13081.38 99.999 99.999 99.999 12.945 12.576 99.999 99.999 99.999  0.590 99.999 99.999 99.999 99.999  99.999  99.999  99.999  99.999  0.059  0.055  0.023  0.022  0.059  0.057   32   20 99.999 99.999   99  22.038022008 -12.525334921  7  5 31.00 2010  7  5 2455382.79549769    60    Clear               Nereida_07.06.03_0004.fits                         Triton                1024  1024
   0.113  -0.021  379.71  992.42 1.844  75808.30   5830.24 99.999 99.999 99.999 13.219 12.860 99.999 99.999 99.999  0.622 99.999 99.999 99.999 99.999  99.999  99.999  99.999  99.999  0.024  0.024  0.021  0.028  0.046  0.062   26   19 99.999 99.999   99  22.038022924 -12.525337266  7  6 33.00 2010  7  5 2455382.79621528    60    Clear               Nereida_07.07.05_0005.fits                         Triton                1024  1024
   0.039  -0.018  379.89  994.06 1.749  85619.22   5748.01 99.999 99.999 99.999 13.153 12.822 99.999 99.999 99.999  0.683 99.999 99.999 99.999 99.999  99.999  99.999  99.999  99.999  0.017  0.019  0.032  0.036  0.051  0.057   23   15 99.999 99.999   99  22.038020941 -12.525339179  7  7 35.00 2010  7  5 2455382.79693287    60    Clear               Nereida_07.08.06_0006.fits                         Triton                1024  1024
   0.094  -0.037  380.14  991.82 1.756  85357.03   6218.60 99.999 99.999 99.999 13.194 12.801 99.999 99.999 99.999  0.615 99.999 99.999 99.999 99.999  99.999  99.999  99.999  99.999  0.029  0.031  0.023  0.022  0.058  0.057   29   20 99.999 99.999   99  22.038020785 -12.525350236  7  9 39.00 2010  7  5 2455382.79836806    60    Clear               Nereida_07.10.10_0008.fits                         Triton                1024  1024
   0.056  -0.030  381.16  991.62 2.249  61800.09   3452.84 99.999 99.999 99.999 13.212 12.768 99.999 99.999 99.999  0.519 99.999 99.999 99.999 99.999  99.999  99.999  99.999  99.999  0.064  0.065  0.022  0.023  0.055  0.060   34   22 99.999 99.999   99  22.038017089 -12.525362501  7 14 48.00 2010  7  5 2455382.80194444    60    Clear               Nereida_07.15.20_0013.fits                         Triton                1024  1024
   0.084  -0.036  381.41  992.23 1.792  73214.55   7701.45 99.999 99.999 99.999 13.224 12.903 99.999 99.999 99.999  0.514 99.999 99.999 99.999 99.999  99.999  99.999  99.999  99.999  0.007  0.007  0.020  0.022  0.054  0.059   34   24 99.999 99.999   99  22.038016436 -12.525369838  7 16 52.00 2010  7  5 2455382.80337963    60    Clear               Nereida_07.17.23_0015.fits                         Triton                1024  1024
   0.107  -0.039  381.90  993.30 2.119  65313.15   3635.79 99.999 99.999 99.999 13.309 12.916 99.999 99.999 99.999  0.517 99.999 99.999 99.999 99.999  99.999  99.999  99.999  99.999  0.040  0.043  0.019  0.018  0.049  0.046   33   21 99.999 99.999   99  22.038015675 -12.525376358  7 18 56.00 2010  7  5 2455382.80481481    60    Clear               Nereida_07.19.27_0017.fits                         Triton                1024  1024
   0.066  -0.024  382.30  993.88 1.230 124740.59  18257.52 99.999 99.999 99.999 12.745 12.407 99.999 99.999 99.999  0.622 99.999 99.999 99.999 99.999  99.999  99.999  99.999  99.999  0.019  0.016  0.020  0.026  0.048  0.063   28   21 99.999 99.999   99  22.038013692 -12.525377663  7 20 60.00 2010  7  5 2455382.80625000    60    Clear               Nereida_07.21.31_0019.fits                         Triton                1024  1024
   0.053  -0.023  382.39  993.62 1.472 128936.65   5648.29 99.999 99.999 99.999 12.841 12.514 99.999 99.999 99.999  0.741 99.999 99.999 99.999 99.999  99.999  99.999  99.999  99.999  0.048  0.051  0.034  0.028  0.062  0.052   23   17 99.999 99.999   99  22.038012838 -12.525380616  7 22  2.00 2010  7  5 2455382.80696759    60    Clear               Nereida_07.22.33_0020.fits                         Triton                1024  1024
   0.080  -0.029  382.72  995.84 2.074  57512.70   6923.98 99.999 99.999 99.999 13.234 12.784 99.999 99.999 99.999  0.485 99.999 99.999 99.999 99.999  99.999  99.999  99.999  99.999  0.078  0.079  0.023  0.019  0.059  0.048   33   21 99.999 99.999   99  22.038012759 -12.525385056  7 23  4.00 2010  7  5 2455382.80768519    60    Clear               Nereida_07.23.35_0021.fits                         Triton                1024  1024
   0.071  -0.022  383.05  996.73 1.767  84136.14   5814.99 99.999 99.999 99.999 13.206 12.858 99.999 99.999 99.999  0.606 99.999 99.999 99.999 99.999  99.999  99.999  99.999  99.999  0.021  0.024  0.021  0.027  0.052  0.065   29   20 99.999 99.999   99  22.038011983 -12.525385936  7 24  6.00 2010  7  5 2455382.80840278    60    Clear               Nereida_07.24.37_0022.fits                         Triton                1024  1024
   0.076  -0.042  383.26  995.27 1.831  70957.61   7074.00 99.999 99.999 99.999 13.231 12.879 99.999 99.999 99.999  0.554 99.999 99.999 99.999 99.999  99.999  99.999  99.999  99.999  0.022  0.022  0.018  0.019  0.045  0.046   30   20 99.999 99.999   99  22.038011489 -12.525394216  7 25  8.00 2010  7  5 2455382.80912037    60    Clear               Nereida_07.25.39_0023.fits                         Triton                1024  1024
   0.083  -0.030  383.31  993.42 1.968  63299.17   6634.46 99.999 99.999 99.999 13.246 12.856 99.999 99.999 99.999  0.495 99.999 99.999 99.999 99.999  99.999  99.999  99.999  99.999  0.018  0.018  0.020  0.018  0.053  0.048   33   22 99.999 99.999   99  22.038011040 -12.525393848  7 26  9.00 2010  7  5 2455382.80982639    60    Clear               Nereida_07.26.41_0024.fits                         Triton                1024  1024
   0.063  -0.024  384.03  993.92 1.812  84152.07   4396.86 99.999 99.999 99.999 13.248 12.902 99.999 99.999 99.999  0.627 99.999 99.999 99.999 99.999  99.999  99.999  99.999  99.999  0.029  0.034  0.021  0.022  0.053  0.057   31   21 99.999 99.999   99  22.038008893 -12.525400444  7 29 15.00 2010  7  5 2455382.81197917    60    Clear               Nereida_07.29.47_0027.fits                         Triton                1024  1024
   0.110  -0.026  384.12  992.61 1.720  90732.50   5385.36 99.999 99.999 99.999 13.171 12.832 99.999 99.999 99.999  0.631 99.999 99.999 99.999 99.999  99.999  99.999  99.999  99.999  0.022  0.024  0.020  0.027  0.050  0.066   29   20 99.999 99.999   99  22.038009165 -12.525404259  7 30 17.00 2010  7  5 2455382.81269676    60    Clear               Nereida_07.30.48_0028.fits                         Triton                1024  1024
