  -0.022  -0.077  502.69  556.14 1.697    340.90      4.90 99.999 99.999 99.999 13.528 13.558 99.999 99.999 99.999  0.168 99.999 99.999 99.999 99.999  99.999  99.999  99.999  99.999  0.002  0.002  0.013  0.012  0.054  0.053   24   19 99.999 99.999   99  21.351851552 -15.708116169  2 24 25.56 2006  9  1 2453979.60029583     1  Clear                 netuno0001.fits                                    Triton                1020  1020
  -0.023  -0.004  502.64  555.22 2.130    264.69     -5.48 99.999 99.999 99.999 13.632 13.599 99.999 99.999 99.999  0.164 99.999 99.999 99.999 99.999  99.999  99.999  99.999  99.999  0.040  0.040  0.012  0.010  0.053  0.046   23   20 99.999 99.999   99  21.351848174 -15.708119522  2 27 33.72 2006  9  1 2453979.60247361     1  Clear                 netuno0005.fits                                    Triton                1020  1020
  -0.007  -0.017  501.45  551.67 1.859    296.67      4.42 99.999 99.999 99.999 13.571 13.624 99.999 99.999 99.999  0.173 99.999 99.999 99.999 99.999  99.999  99.999  99.999  99.999  0.042  0.042  0.013  0.012  0.059  0.055   27   23 99.999 99.999   99  21.351844559 -15.708151108  2 31 13.72 2006  9  1 2453979.60501991     1  Clear                 netuno0010.fits                                    Triton                1020  1020
   0.008  -0.087  501.40  548.52 1.400    394.93     24.55 99.999 99.999 99.999 13.572 13.639 99.999 99.999 99.999  0.166 99.999 99.999 99.999 99.999  99.999  99.999  99.999  99.999  0.022  0.022  0.009  0.013  0.041  0.056   26   20 99.999 99.999   99  21.351840905 -15.708198693  2 34 53.72 2006  9  1 2453979.60756620     1  Clear                 netuno0015.fits                                    Triton                1020  1020
   0.021  -0.086  501.13  553.02 1.706    304.54     16.97 99.999 99.999 99.999 13.652 13.676 99.999 99.999 99.999  0.196 99.999 99.999 99.999 99.999  99.999  99.999  99.999  99.999  0.044  0.045  0.013  0.016  0.058  0.070   25   20 99.999 99.999   99  21.351839608 -15.708209354  2 36 21.38 2006  9  1 2453979.60858079     1  Clear                 netuno0017.fits                                    Triton                1020  1020
  -0.029  -0.031  500.71  551.61 1.658    304.10     17.41 99.999 99.999 99.999 13.565 13.603 99.999 99.999 99.999  0.153 99.999 99.999 99.999 99.999  99.999  99.999  99.999  99.999  0.067  0.067  0.016  0.015  0.061  0.056   20   15 99.999 99.999   99  21.351836243 -15.708210957  2 38 33.72 2006  9  1 2453979.61011250     1  Clear                 netuno0020.fits                                    Triton                1020  1020
  -0.024   0.075  500.49  554.19 1.211    108.30     23.85 99.999 99.999 99.999 13.564 13.684 99.999 99.999 99.999  0.075 99.999 99.999 99.999 99.999  99.999  99.999  99.999  99.999  0.043  0.044  0.029  0.046  0.054  0.087   10    8 99.999 99.999   99  21.351834785 -15.708192452  2 40  1.38 2006  9  1 2453979.61112708     1  Clear                 netuno0022.fits                                    Triton                1020  1020
   0.048   0.157  499.61  553.06 1.598    102.97     15.70 99.999 99.999 99.999 13.532 13.605 99.999 99.999 99.999  0.156 99.999 99.999 99.999 99.999  99.999  99.999  99.999  99.999  0.029  0.029  0.018  0.019  0.048  0.052   15    9 99.999 99.999   99  21.351833811 -15.708186796  2 42 13.72 2006  9  1 2453979.61265880     1  Clear                 netuno0025.fits                                    Triton                1020  1020
  -0.047  -0.042  837.68    2.76 1.603  22720.67    973.04 99.999 99.999 99.999 13.041 12.757 99.999 99.999 99.999  0.268 99.999 99.999 99.999 99.999  99.999  99.999  99.999  99.999  0.025  0.025  0.028  0.032  0.053  0.060   24   20 99.999 99.999   99  21.351812072 -15.708383342  3  0 45.30 2006  9  1 2453979.62552431    80  Clear                 nereida0001.fits                                   Triton                1020  1020
  -0.151  -0.039  837.06    0.52 1.687  25893.03    918.56 99.999 99.999 99.999 12.994 12.680 99.999 99.999 99.999  0.275 99.999 99.999 99.999 99.999  99.999  99.999  99.999  99.999  0.006  0.017  0.025  0.029  0.048  0.055   25   20 99.999 99.999   99  21.351807846 -15.708398271  3  2 48.98 2006  9  1 2453979.62695579    80  Clear                 nereida0002.fits                                   Triton                1020  1020
  -0.057  -0.057  836.65    2.61 1.619  23258.44    839.48 99.999 99.999 99.999 13.081 12.779 99.999 99.999 99.999  0.274 99.999 99.999 99.999 99.999  99.999  99.999  99.999  99.999  0.009  0.009  0.028  0.030  0.053  0.056   24   20 99.999 99.999   99  21.351807430 -15.708418822  3  4 51.81 2006  9  1 2453979.62837743    80  Clear                 nereida0003.fits                                   Triton                1020  1020
  -0.105  -0.073  836.13    0.87 1.557  30818.19    610.78 99.999 99.999 99.999 13.014 12.697 99.999 99.999 99.999  0.307 99.999 99.999 99.999 99.999  99.999  99.999  99.999  99.999  0.011  0.024  0.029  0.030  0.053  0.054   23   19 99.999 99.999   99  21.351802113 -15.708454782  3  8 57.47 2006  9  1 2453979.63122072    80  Clear                 nereida0005.fits                                   Triton                1020  1020
