   0.045   0.043  539.01  551.56 1.773    524.34     66.31 99.999 99.999 99.999 13.309 13.477 99.999 99.999 99.999  0.241 99.999 99.999 99.999 99.999  99.999  99.999  99.999  99.999  0.016  0.016  0.027  0.024  0.057  0.050    8    5 99.999 99.999   99  22.583648632  -9.724060960  2 33 14.75 2014  7 31 2456869.60642073    15    I                   Triton_001.fits                                    Triton                1024  1024
   0.042   0.057  537.32  550.42 1.440    549.92    118.04 99.999 99.999 99.999 13.338 13.524 99.999 99.999 99.999  0.225 99.999 99.999 99.999 99.999  99.999  99.999  99.999  99.999  0.007  0.007  0.027  0.019  0.055  0.039    8    5 99.999 99.999   99  22.583648308  -9.724058232  2 33 32.73 2014  7 31 2456869.60662878    15    I                   Triton_002.fits                                    Triton                1024  1024
   0.008  -0.034  533.18  550.85 1.636    518.35     88.23 99.999 99.999 99.999 13.347 13.511 99.999 99.999 99.999  0.244 99.999 99.999 99.999 99.999  99.999  99.999  99.999  99.999  0.018  0.018  0.017  0.034  0.035  0.072    8    5 99.999 99.999   99  22.583647178  -9.724086187  2 34  8.68 2014  7 31 2456869.60704490    15    I                   Triton_004.fits                                    Triton                1024  1024
   0.009  -0.012  532.46  532.43 1.985    359.31     69.50 99.999 99.999 99.999 13.398 13.542 99.999 99.999 99.999  0.257 99.999 99.999 99.999 99.999  99.999  99.999  99.999  99.999  0.013  0.013  0.055  0.052  0.103  0.099    8    5 99.999 99.999   99  22.583646702  -9.724082692  2 34 44.65 2014  7 31 2456869.60746117    15    I                   Triton_006.fits                                    Triton                1024  1024
  -0.032  -0.036  534.17  532.59 1.629    475.74     97.02 99.999 99.999 99.999 13.377 13.512 99.999 99.999 99.999  0.235 99.999 99.999 99.999 99.999  99.999  99.999  99.999  99.999  0.016  0.016  0.043  0.032  0.100  0.074    8    6 99.999 99.999   99  22.583645668  -9.724090769  2 35  2.62 2014  7 31 2456869.60766921    15    I                   Triton_007.fits                                    Triton                1024  1024
   0.000  -0.046  537.08  531.47 1.725    516.22     70.77 99.999 99.999 99.999 13.419 13.459 99.999 99.999 99.999  0.195 99.999 99.999 99.999 99.999  99.999  99.999  99.999  99.999  0.012  0.012  0.048  0.015  0.091  0.029    7    5 99.999 99.999   99  22.583645782  -9.724096430  2 35 38.57 2014  7 31 2456869.60808531    15    I                   Triton_009.fits                                    Triton                1024  1024
   0.016   0.001  538.95  532.77 1.679    488.43     79.32 99.999 99.999 99.999 13.292 13.430 99.999 99.999 99.999  0.224 99.999 99.999 99.999 99.999  99.999  99.999  99.999  99.999  0.013  0.013  0.036  0.041  0.080  0.089    8    6 99.999 99.999   99  22.583645828  -9.724084688  2 35 56.55 2014  7 31 2456869.60829336    15    I                   Triton_010.fits                                    Triton                1024  1024
   0.019  -0.035  539.98  530.04 1.562    462.38    101.11 99.999 99.999 99.999 13.348 13.578 99.999 99.999 99.999  0.182 99.999 99.999 99.999 99.999  99.999  99.999  99.999  99.999  0.019  0.019  0.033  0.044  0.063  0.085    9    6 99.999 99.999   99  22.583645629  -9.724095704  2 36 14.52 2014  7 31 2456869.60850138    15    I                   Triton_011.fits                                    Triton                1024  1024
   0.011   0.011  541.44  526.04 1.751    467.97     69.54 99.999 99.999 99.999 13.305 13.534 99.999 99.999 99.999  0.249 99.999 99.999 99.999 99.999  99.999  99.999  99.999  99.999  0.018  0.018  0.020  0.014  0.043  0.030    9    6 99.999 99.999   99  22.583645243  -9.724084411  2 36 32.49 2014  7 31 2456869.60870941    15    I                   Triton_012.fits                                    Triton                1024  1024
  -0.004   0.033  544.07  527.95 1.428    576.42     95.69 99.999 99.999 99.999 13.397 13.651 99.999 99.999 99.999  0.250 99.999 99.999 99.999 99.999  99.999  99.999  99.999  99.999  0.010  0.010  0.019  0.029  0.041  0.062    9    6 99.999 99.999   99  22.583644701  -9.724079599  2 36 50.47 2014  7 31 2456869.60891745    15    I                   Triton_013.fits                                    Triton                1024  1024
   0.054  -0.029  544.43  528.29 1.579    468.62     81.99 99.999 99.999 99.999 13.341 13.577 99.999 99.999 99.999  0.232 99.999 99.999 99.999 99.999  99.999  99.999  99.999  99.999  0.014  0.014  0.037  0.043  0.072  0.083    9    6 99.999 99.999   99  22.583645295  -9.724099728  2 37 26.42 2014  7 31 2456869.60933353    15    I                   Triton_015.fits                                    Triton                1024  1024
  -0.027   0.042  543.02  527.01 1.310    504.73     94.43 99.999 99.999 99.999 13.291 13.495 99.999 99.999 99.999  0.291 99.999 99.999 99.999 99.999  99.999  99.999  99.999  99.999  0.012  0.012  0.012  0.032  0.026  0.068    9    6 99.999 99.999   99  22.583643524  -9.724081505  2 37 44.40 2014  7 31 2456869.60954161    15    I                   Triton_016.fits                                    Triton                1024  1024
  -0.011  -0.033  540.82  526.28 1.500    600.27     84.42 99.999 99.999 99.999 13.400 13.569 99.999 99.999 99.999  0.178 99.999 99.999 99.999 99.999  99.999  99.999  99.999  99.999  0.015  0.015  0.038  0.019  0.083  0.042    8    6 99.999 99.999   99  22.583643315  -9.724104711  2 38 20.35 2014  7 31 2456869.60995771    15    I                   Triton_018.fits                                    Triton                1024  1024
  -0.036   0.046  540.86  527.48 1.450    595.56     95.50 99.999 99.999 99.999 13.356 13.543 99.999 99.999 99.999  0.202 99.999 99.999 99.999 99.999  99.999  99.999  99.999  99.999  0.012  0.012  0.033  0.030  0.081  0.072    9    7 99.999 99.999   99  22.583642595  -9.724084254  2 38 38.32 2014  7 31 2456869.61016578    15    I                   Triton_019.fits                                    Triton                1024  1024
   0.003   0.043  542.32  527.62 1.344    653.43    106.58 99.999 99.999 99.999 13.326 13.480 99.999 99.999 99.999  0.241 99.999 99.999 99.999 99.999  99.999  99.999  99.999  99.999  0.015  0.015  0.028  0.023  0.058  0.049    8    5 99.999 99.999   99  22.583643119  -9.724086425  2 38 56.30 2014  7 31 2456869.61037384    15    I                   Triton_020.fits                                    Triton                1024  1024
  -0.034   0.030  546.10  526.95 1.529    334.86     73.87 99.999 99.999 99.999 13.388 13.595 99.999 99.999 99.999  0.204 99.999 99.999 99.999 99.999  99.999  99.999  99.999  99.999  0.010  0.010  0.024  0.027  0.060  0.067    8    7 99.999 99.999   99  22.583641922  -9.724092724  2 39 32.25 2014  7 31 2456869.61078997    15    I                   Triton_022.fits                                    Triton                1024  1024
  -0.014  -0.068  548.86  527.43 1.428    287.40     74.26 99.999 99.999 99.999 13.390 13.551 99.999 99.999 99.999  0.171 99.999 99.999 99.999 99.999  99.999  99.999  99.999  99.999  0.013  0.013  0.032  0.017  0.069  0.037    8    6 99.999 99.999   99  22.583641786  -9.724122746  2 40  8.20 2014  7 31 2456869.61120605    15    I                   Triton_024.fits                                    Triton                1024  1024
  -0.004   0.044  552.91  527.30 1.625    332.75     69.69 99.999 99.999 99.999 13.333 13.586 99.999 99.999 99.999  0.215 99.999 99.999 99.999 99.999  99.999  99.999  99.999  99.999  0.014  0.014  0.021  0.029  0.044  0.062    9    6 99.999 99.999   99  22.583641232  -9.724095495  2 41  2.13 2014  7 31 2456869.61183024    15    I                   Triton_027.fits                                    Triton                1024  1024
   0.026   0.039  553.35  526.37 1.516    562.89     85.83 99.999 99.999 99.999 13.387 13.653 99.999 99.999 99.999  0.193 99.999 99.999 99.999 99.999  99.999  99.999  99.999  99.999  0.002  0.002  0.018  0.031  0.039  0.067    9    6 99.999 99.999   99  22.583641548  -9.724098241  2 41 20.11 2014  7 31 2456869.61203830    15    I                   Triton_028.fits                                    Triton                1024  1024
  -0.005   0.000  552.85  526.29 1.331    732.26     91.59 99.999 99.999 99.999 13.283 13.495 99.999 99.999 99.999  0.254 99.999 99.999 99.999 99.999  99.999  99.999  99.999  99.999  0.013  0.013  0.018  0.037  0.038  0.078    9    6 99.999 99.999   99  22.583640720  -9.724110550  2 41 38.08 2014  7 31 2456869.61224634    15    I                   Triton_029.fits                                    Triton                1024  1024
   0.012   0.030  552.02  525.82 1.276    536.55    136.51 99.999 99.999 99.999 13.340 13.551 99.999 99.999 99.999  0.228 99.999 99.999 99.999 99.999  99.999  99.999  99.999  99.999  0.026  0.026  0.036  0.030  0.081  0.066    9    6 99.999 99.999   99  22.583640774  -9.724103693  2 41 56.06 2014  7 31 2456869.61245440    15    I                   Triton_030.fits                                    Triton                1024  1024
  -0.015  -0.007  550.68  526.50 1.405    582.96     90.13 99.999 99.999 99.999 13.308 13.490 99.999 99.999 99.999  0.226 99.999 99.999 99.999 99.999  99.999  99.999  99.999  99.999  0.012  0.012  0.039  0.025  0.085  0.054    9    6 99.999 99.999   99  22.583640030  -9.724115264  2 42 14.04 2014  7 31 2456869.61266245    15    I                   Triton_031.fits                                    Triton                1024  1024
  -0.012  -0.057  550.71  525.97 1.465    390.19     73.23 99.999 99.999 99.999 13.408 13.602 99.999 99.999 99.999  0.184 99.999 99.999 99.999 99.999  99.999  99.999  99.999  99.999  0.015  0.015  0.017  0.051  0.031  0.091    8    5 99.999 99.999   99  22.583639575  -9.724131958  2 42 49.99 2014  7 31 2456869.61307854    15    I                   Triton_033.fits                                    Triton                1024  1024
  -0.019  -0.047  551.91  525.43 1.161    224.61     89.19 99.999 99.999 99.999 13.426 13.681 99.999 99.999 99.999  0.189 99.999 99.999 99.999 99.999  99.999  99.999  99.999  99.999  0.018  0.018  0.030  0.014  0.074  0.035    8    7 99.999 99.999   99  22.583639198  -9.724130557  2 43  7.96 2014  7 31 2456869.61328659    15    I                   Triton_034.fits                                    Triton                1024  1024
   0.049   0.014  554.47  525.90 1.800    240.46     57.36 99.999 99.999 99.999 13.381 13.646 99.999 99.999 99.999  0.215 99.999 99.999 99.999 99.999  99.999  99.999  99.999  99.999  0.013  0.013  0.024  0.037  0.043  0.066    8    5 99.999 99.999   99  22.583639978  -9.724116176  2 43 43.91 2014  7 31 2456869.61370269    15    I                   Triton_036.fits                                    Triton                1024  1024
  -0.003  -0.004  555.82  525.22 1.385    240.01     78.98 99.999 99.999 99.999 13.404 13.594 99.999 99.999 99.999  0.185 99.999 99.999 99.999 99.999  99.999  99.999  99.999  99.999  0.016  0.016  0.022  0.036  0.048  0.078    8    6 99.999 99.999   99  22.583638496  -9.724123968  2 44 19.87 2014  7 31 2456869.61411883    15    I                   Triton_038.fits                                    Triton                1024  1024
   0.023  -0.006  556.91  525.28 1.313    247.62     74.98 99.999 99.999 99.999 13.402 13.658 99.999 99.999 99.999  0.164 99.999 99.999 99.999 99.999  99.999  99.999  99.999  99.999  0.014  0.014  0.036  0.016  0.076  0.033    8    6 99.999 99.999   99  22.583638741  -9.724125756  2 44 37.85 2014  7 31 2456869.61432703    15    I                   Triton_039.fits                                    Triton                1024  1024
   0.054  -0.027  559.05  524.63 1.512    189.17     61.98 99.999 99.999 99.999 13.418 13.642 99.999 99.999 99.999  0.107 99.999 99.999 99.999 99.999  99.999  99.999  99.999  99.999  0.007  0.007  0.029  0.044  0.053  0.079    6    5 99.999 99.999   99  22.583639074  -9.724132926  2 44 55.83 2014  7 31 2456869.61453508    15    I                   Triton_040.fits                                    Triton                1024  1024
   0.016   0.003  558.68  523.44 1.431    296.00     78.51 99.999 99.999 99.999 13.419 13.617 99.999 99.999 99.999  0.187 99.999 99.999 99.999 99.999  99.999  99.999  99.999  99.999  0.013  0.013  0.025  0.019  0.055  0.042    8    7 99.999 99.999   99  22.583638113  -9.724125988  2 45 13.81 2014  7 31 2456869.61474316    15    I                   Triton_041.fits                                    Triton                1024  1024
   0.024  -0.000  558.41  524.72 1.743    251.27     63.71 99.999 99.999 99.999 13.473 13.760 99.999 99.999 99.999  0.216 99.999 99.999 99.999 99.999  99.999  99.999  99.999  99.999  0.014  0.014  0.011  0.035  0.023  0.074    9    6 99.999 99.999   99  22.583638009  -9.724128443  2 45 31.79 2014  7 31 2456869.61495123    15    I                   Triton_042.fits                                    Triton                1024  1024
   0.053  -0.046  553.44  524.01 1.385    483.68     99.78 99.999 99.999 99.999 13.307 13.494 99.999 99.999 99.999  0.223 99.999 99.999 99.999 99.999  99.999  99.999  99.999  99.999  0.018  0.018  0.035  0.043  0.068  0.083    9    6 99.999 99.999   99  22.583638059  -9.724143669  2 46  7.74 2014  7 31 2456869.61536733    15    I                   Triton_044.fits                                    Triton                1024  1024
  -0.003   0.021  552.42  524.07 1.385    639.79    100.20 99.999 99.999 99.999 13.396 13.519 99.999 99.999 99.999  0.184 99.999 99.999 99.999 99.999  99.999  99.999  99.999  99.999  0.012  0.012  0.021  0.033  0.045  0.070    8    6 99.999 99.999   99  22.583636746  -9.724126415  2 46 25.71 2014  7 31 2456869.61557536    15    I                   Triton_045.fits                                    Triton                1024  1024
  -0.006  -0.045  553.52  523.58 1.142    635.64    158.42 99.999 99.999 99.999 13.360 13.573 99.999 99.999 99.999  0.181 99.999 99.999 99.999 99.999  99.999  99.999  99.999  99.999  0.022  0.022  0.041  0.019  0.090  0.041    9    6 99.999 99.999   99  22.583636437  -9.724145998  2 46 43.69 2014  7 31 2456869.61578340    15    I                   Triton_046.fits                                    Triton                1024  1024
   0.047   0.028  553.41  524.52 1.058    700.87    151.84 99.999 99.999 99.999 13.257 13.483 99.999 99.999 99.999  0.266 99.999 99.999 99.999 99.999  99.999  99.999  99.999  99.999  0.013  0.013  0.018  0.043  0.039  0.093    9    6 99.999 99.999   99  22.583637184  -9.724127086  2 47  1.66 2014  7 31 2456869.61599144    15    I                   Triton_047.fits                                    Triton                1024  1024
   0.021   0.031  554.87  524.10 1.461    322.69     78.34 99.999 99.999 99.999 13.423 13.661 99.999 99.999 99.999  0.188 99.999 99.999 99.999 99.999  99.999  99.999  99.999  99.999  0.014  0.014  0.028  0.033  0.060  0.070    8    6 99.999 99.999   99  22.583636448  -9.724127668  2 47 19.65 2014  7 31 2456869.61619959    15    I                   Triton_048.fits                                    Triton                1024  1024
   0.053  -0.060  555.31  522.70 1.299    431.39    107.15 99.999 99.999 99.999 13.381 13.541 99.999 99.999 99.999  0.190 99.999 99.999 99.999 99.999  99.999  99.999  99.999  99.999  0.022  0.022  0.053  0.033  0.103  0.064    8    6 99.999 99.999   99  22.583636825  -9.724154484  2 47 37.62 2014  7 31 2456869.61640763    15    I                   Triton_049.fits                                    Triton                1024  1024
   0.026   0.002  555.06  524.15 1.302    586.92    115.08 99.999 99.999 99.999 13.303 13.556 99.999 99.999 99.999  0.213 99.999 99.999 99.999 99.999  99.999  99.999  99.999  99.999  0.011  0.011  0.019  0.030  0.040  0.064    9    6 99.999 99.999   99  22.583636076  -9.724138610  2 47 55.59 2014  7 31 2456869.61661568    15    I                   Triton_050.fits                                    Triton                1024  1024
