  -0.085  -0.020  158.28  345.18 2.695    113.72      7.22 99.999 99.999 99.999 13.362 13.360 99.999 99.999 99.999  0.162 99.999 99.999 99.999 99.999  99.999  99.999  99.999  99.999  0.027  0.027  0.021  0.019  0.067  0.061   19   13 99.999 99.999   99  19.643365055 -20.965874586 24  5 19.00 1995  9 16 2449977.50369213    60  filtro desconhecido   netuno01.ima.fits                                  Triton                 380   575     1   0.000   0.000
  -0.143  -0.080  158.03  345.12 3.000    109.32      3.83 99.999 99.999 99.999 13.417 13.380 99.999 99.999 99.999  0.075 99.999 99.999 99.999 99.999  99.999  99.999  99.999  99.999  0.020  0.020  0.021  0.013  0.065  0.041   14   12 99.999 99.999   99  19.643363423 -20.965896724 24  6 45.00 1995  9 16 2449977.50468750    60  filtro desconhecido   netuno02.ima.fits                                  Triton                 380   575     1   0.000   0.000
  -0.092  -0.076  157.73  342.39 2.865    137.78      3.22 99.999 99.999 99.999 13.384 13.349 99.999 99.999 99.999  0.181 99.999 99.999 99.999 99.999  99.999  99.999  99.999  99.999  0.032  0.032  0.014  0.012  0.049  0.042   16   13 99.999 99.999   99  19.643363089 -20.965908546 24 10 25.00 1995  9 16 2449977.50723380    60  filtro desconhecido   netuno03.ima.fits                                  Triton                 380   575     1   0.000   0.000
  -0.103  -0.084  157.49  343.84 2.701    142.32      4.34 99.999 99.999 99.999 13.284 13.226 99.999 99.999 99.999  0.138 99.999 99.999 99.999 99.999  99.999  99.999  99.999  99.999  0.024  0.024  0.015  0.014  0.046  0.045   15   12 99.999 99.999   99  19.643362435 -20.965915254 24 11 40.00 1995  9 16 2449977.50810185    60  filtro desconhecido   netuno04.ima.fits                                  Triton                 380   575     1   0.000   0.000
  -0.150  -0.047  157.28  342.44 3.136    121.61      3.06 99.999 99.999 99.999 13.386 13.399 99.999 99.999 99.999  0.216 99.999 99.999 99.999 99.999  99.999  99.999  99.999  99.999  0.022  0.022  0.016  0.013  0.059  0.046   17   15 99.999 99.999   99  19.643361021 -20.965909804 24 12 56.00 1995  9 16 2449977.50898148    60  filtro desconhecido   netuno05.ima.fits                                  Triton                 380   575     1   0.000   0.000
  -0.162  -0.078  157.30  343.02 3.322    115.03      3.59 99.999 99.999 99.999 13.476 13.597 99.999 99.999 99.999  0.141 99.999 99.999 99.999 99.999  99.999  99.999  99.999  99.999  0.021  0.021  0.023  0.017  0.074  0.055   13   13 99.999 99.999   99  19.643360349 -20.965922782 24 14 12.00 1995  9 16 2449977.50986111    60  filtro desconhecido   netuno06.ima.fits                                  Triton                 380   575     1   0.000   0.000
  -0.105  -0.044  157.30  345.38 2.939    137.44      4.83 99.999 99.999 99.999 13.376 13.370 99.999 99.999 99.999  0.171 99.999 99.999 99.999 99.999  99.999  99.999  99.999  99.999  0.022  0.022  0.012  0.014  0.041  0.050   17   14 99.999 99.999   99  19.643361010 -20.965917775 24 15 27.00 1995  9 16 2449977.51072917    60  filtro desconhecido   netuno07.ima.fits                                  Triton                 380   575     1   0.000   0.000
  -0.135  -0.073  157.20  343.89 3.066    126.65      5.15 99.999 99.999 99.999 13.365 13.332 99.999 99.999 99.999  0.133 99.999 99.999 99.999 99.999  99.999  99.999  99.999  99.999  0.019  0.019  0.020  0.009  0.068  0.030   15   13 99.999 99.999   99  19.643359971 -20.965930615 24 16 42.00 1995  9 16 2449977.51159722    60  filtro desconhecido   netuno08.ima.fits                                  Triton                 380   575     1   0.000   0.000
  -0.063  -0.065  157.09  343.01 3.004    144.72      2.51 99.999 99.999 99.999 13.399 13.353 99.999 99.999 99.999  0.166 99.999 99.999 99.999 99.999  99.999  99.999  99.999  99.999  0.018  0.018  0.011  0.012  0.037  0.042   17   13 99.999 99.999   99  19.643360951 -20.965932815 24 17 58.00 1995  9 16 2449977.51247685    60  filtro desconhecido   netuno09.ima.fits                                  Triton                 380   575     1   0.000   0.000
  -0.079  -0.086  157.69  344.63 3.286    118.71      3.81 99.999 99.999 99.999 13.595 13.638 99.999 99.999 99.999  0.314 99.999 99.999 99.999 99.999  99.999  99.999  99.999  99.999  0.023  0.023  0.022  0.018  0.065  0.052   13   11 99.999 99.999   99  19.643360146 -20.965943111 24 19 13.00 1995  9 16 2449977.51334491    60  filtro desconhecido   netuno10.ima.fits                                  Triton                 380   575     1   0.000   0.000
  -0.156  -0.067  157.74  345.00 3.264    107.24      5.75 99.999 99.999 99.999 13.415 13.474 99.999 99.999 99.999  0.115 99.999 99.999 99.999 99.999  99.999  99.999  99.999  99.999  0.022  0.022  0.013  0.014  0.037  0.041   13   11 99.999 99.999   99  19.643358182 -20.965942500 24 20 29.00 1995  9 16 2449977.51422454    60  filtro desconhecido   netuno11.ima.fits                                  Triton                 380   575     1   0.000   0.000
  -0.131  -0.087  156.99  342.66 3.049    132.39      2.73 99.999 99.999 99.999 13.367 13.416 99.999 99.999 99.999  0.137 99.999 99.999 99.999 99.999  99.999  99.999  99.999  99.999  0.018  0.018  0.015  0.014  0.045  0.042   14   12 99.999 99.999   99  19.643358206 -20.965952572 24 21 45.00 1995  9 16 2449977.51510417    60  filtro desconhecido   netuno12.ima.fits                                  Triton                 380   575     1   0.000   0.000
  -0.031  -0.029  156.61  338.35 3.641    156.88    -23.37 99.999 99.999 99.999 13.280 13.240 99.999 99.999 99.999  0.167 99.999 99.999 99.999 99.999  99.999  99.999  99.999  99.999  0.033  0.029  0.012  0.020  0.036  0.059   14   10 99.999 99.999   99  19.643357543 -20.965962733 24 29  2.00 1995  9 16 2449977.52016204    60  filtro desconhecido   netuno13.ima.fits                                  Triton                 380   575     1   0.000   0.000
  -0.060  -0.049  157.23  340.74 3.384    175.37      3.30 99.999 99.999 99.999 13.545 13.611 99.999 99.999 99.999  0.287 99.999 99.999 99.999 99.999  99.999  99.999  99.999  99.999  0.021  0.021  0.010  0.011  0.037  0.038   19   14 99.999 99.999   99  19.643355612 -20.965981873 24 32 49.00 1995  9 16 2449977.52278935    90  filtro desconhecido   netuno14.ima.fits                                  Triton                 380   575     1   0.000   0.000
  -0.074  -0.061  157.05  342.97 3.409    169.15      2.98 99.999 99.999 99.999 13.617 13.663 99.999 99.999 99.999  0.370 99.999 99.999 99.999 99.999  99.999  99.999  99.999  99.999  0.021  0.021  0.018  0.012  0.058  0.040   18   14 99.999 99.999   99  19.643354556 -20.965992781 24 34 57.00 1995  9 16 2449977.52427083    90  filtro desconhecido   netuno15.ima.fits                                  Triton                 380   575     1   0.000   0.000
  -0.046  -0.027  156.09  341.97 6.205    299.04   -155.26 99.999 99.999 99.999 12.918 13.001 99.999 99.999 99.999  0.465 99.999 99.999 99.999 99.999  99.999  99.999  99.999  99.999  0.022  0.024  0.021  0.017  0.058  0.047   18   12 99.999 99.999   99  19.643354388 -20.965990548 24 36 57.00 1995  9 16 2449977.52565972    90  filtro desconhecido   netuno16.ima.fits                                  Triton                 380   575     1   0.000   0.000
  -0.094  -0.080  156.65  342.84 3.355    182.87      2.03 99.999 99.999 99.999 13.646 13.652 99.999 99.999 99.999  0.311 99.999 99.999 99.999 99.999  99.999  99.999  99.999  99.999  0.025  0.026  0.015  0.012  0.061  0.048   20   18 99.999 99.999   99  19.643351832 -20.966021520 24 41 21.00 1995  9 16 2449977.52871528    90  filtro desconhecido   netuno17.ima.fits                                  Triton                 380   575     1   0.000   0.000
  -0.041  -0.027  156.38  344.29 3.238    185.08      4.57 99.999 99.999 99.999 13.517 13.505 99.999 99.999 99.999  0.199 99.999 99.999 99.999 99.999  99.999  99.999  99.999  99.999  0.020  0.020  0.015  0.018  0.055  0.066   19   16 99.999 99.999   99  19.643352083 -20.966014495 24 43 33.00 1995  9 16 2449977.53024306    90  filtro desconhecido   netuno18.ima.fits                                  Triton                 380   575     1   0.000   0.000
  -0.088  -0.056  155.92  341.65 8.339    561.17   -406.24 99.999 99.999 99.999 12.710 12.688 99.999 99.999 99.999  0.636 99.999 99.999 99.999 99.999  99.999  99.999  99.999  99.999  0.034  0.036  0.016  0.020  0.061  0.077   20   16 99.999 99.999   99  19.643349801 -20.966035852 24 47 14.00 1995  9 16 2449977.53280093    90  filtro desconhecido   netuno19.ima.fits                                  Triton                 380   575     1   0.000   0.000
  -0.069  -0.028  155.73  339.04 3.429    140.72      8.47 99.999 99.999 99.999 13.516 13.576 99.999 99.999 99.999  0.316 99.999 99.999 99.999 99.999  99.999  99.999  99.999  99.999  0.019  0.019  0.020  0.010  0.061  0.032   19   13 99.999 99.999   99  19.643349485 -20.966035038 24 49  9.00 1995  9 16 2449977.53413194    90  filtro desconhecido   netuno20.ima.fits                                  Triton                 380   575     1   0.000   0.000
  -0.052  -0.056  154.54  344.65 3.297    174.61      5.17 99.999 99.999 99.999 13.558 13.620 99.999 99.999 99.999  0.292 99.999 99.999 99.999 99.999  99.999  99.999  99.999  99.999  0.022  0.022  0.018  0.014  0.064  0.047   16   14 99.999 99.999   99  19.643346443 -20.966076122 24 58 22.00 1995  9 16 2449977.54053241    90  filtro desconhecido   netuno21.ima.fits                                  Triton                 380   575     1   0.000   0.000
  -0.045  -0.040  891.73  883.93 1.320    266.21     39.50 99.999 99.999 99.999 13.611 13.507 99.999 99.999 99.999  0.350 99.999 99.999 99.999 99.999  99.999  99.999  99.999  99.999  0.030  0.030  0.011  0.017  0.047  0.073   27   21 99.999 99.999   99  21.874835429 -13.327469243  3 34 33.93 2009  7 18 2455030.64900382    70  Dark                  netuno0001.fits                                    Triton                2045  2050     1   0.000   0.000
  -0.070  -0.018  889.19  883.84 0.961    398.59    132.00 99.999 99.999 99.999 13.489 13.421 99.999 99.999 99.999  0.359 99.999 99.999 99.999 99.999  99.999  99.999  99.999  99.999  0.010  0.010  0.010  0.015  0.037  0.057   25   18 99.999 99.999   99  21.874833531 -13.327472314  3 36 17.38 2009  7 18 2455030.65020116    70  Dark                  netuno0002.fits                                    Triton                2045  2050     1   0.000   0.000
  -0.042   0.036  894.43  883.98 0.884    366.72    133.25 99.999 99.999 99.999 13.607 13.509 99.999 99.999 99.999  0.390 99.999 99.999 99.999 99.999  99.999  99.999  99.999  99.999  0.015  0.015  0.012  0.018  0.043  0.064   21   14 99.999 99.999   99  21.874832637 -13.327466376  3 38  0.84 2009  7 18 2455030.65139861    70  Dark                  netuno0003.fits                                    Triton                2045  2050     1   0.000   0.000
  -0.034  -0.056  891.03  884.04 1.003    369.15     80.88 99.999 99.999 99.999 13.567 13.543 99.999 99.999 99.999  0.326 99.999 99.999 99.999 99.999  99.999  99.999  99.999  99.999  0.010  0.010  0.008  0.012  0.032  0.049   26   18 99.999 99.999   99  21.874831380 -13.327501003  3 39 44.31 2009  7 18 2455030.65259618    70  Dark                  netuno0004.fits                                    Triton                2045  2050     1   0.000   0.000
  -0.047  -0.052  896.34  883.94 1.084    284.20    134.69 99.999 99.999 99.999 13.518 13.534 99.999 99.999 99.999  0.341 99.999 99.999 99.999 99.999  99.999  99.999  99.999  99.999  0.022  0.022  0.009  0.017  0.037  0.071   30   21 99.999 99.999   99  21.874829716 -13.327509174  3 41 27.79 2009  7 18 2455030.65379387    70  Dark                  netuno0005.fits                                    Triton                2045  2050     1   0.000   0.000
  -0.051  -0.020  890.17  884.35 1.153    304.44     63.86 99.999 99.999 99.999 13.525 13.435 99.999 99.999 99.999  0.317 99.999 99.999 99.999 99.999  99.999  99.999  99.999  99.999  0.017  0.017  0.008  0.018  0.036  0.082   30   23 99.999 99.999   99  21.874828225 -13.327509249  3 43 10.42 2009  7 18 2455030.65498171    70  Dark                  netuno0006.fits                                    Triton                2045  2050     1   0.000   0.000
  -0.099   0.017  886.46  884.08 1.152    239.89    106.80 99.999 99.999 99.999 13.562 13.531 99.999 99.999 99.999  0.321 99.999 99.999 99.999 99.999  99.999  99.999  99.999  99.999  0.034  0.034  0.014  0.022  0.044  0.067   21   16 99.999 99.999   99  21.874825890 -13.327508103  3 44 53.88 2009  7 18 2455030.65617917    70  Dark                  netuno0007.fits                                    Triton                2045  2050     1   0.000   0.000
  -0.057   0.001  885.12  883.74 1.340    235.40     79.53 99.999 99.999 99.999 13.503 13.571 99.999 99.999 99.999  0.356 99.999 99.999 99.999 99.999  99.999  99.999  99.999  99.999  0.032  0.032  0.007  0.015  0.030  0.066   32   22 99.999 99.999   99  21.874825280 -13.327521622  3 46 37.35 2009  7 18 2455030.65737674    70  Dark                  netuno0008.fits                                    Triton                2045  2050     1   0.000   0.000
  -0.033  -0.027  880.01  884.11 1.167    316.63    202.58 99.999 99.999 99.999 13.557 13.550 99.999 99.999 99.999  0.358 99.999 99.999 99.999 99.999  99.999  99.999  99.999  99.999  0.011  0.011  0.011  0.016  0.041  0.062   28   20 99.999 99.999   99  21.874824307 -13.327538485  3 48 20.84 2009  7 18 2455030.65857454    70  Dark                  netuno0009.fits                                    Triton                2045  2050     1   0.000   0.000
  -0.023  -0.054  882.23  884.33 1.335    230.59    368.78 99.999 99.999 99.999 13.556 13.545 99.999 99.999 99.999  0.323 99.999 99.999 99.999 99.999  99.999  99.999  99.999  99.999  0.023  0.023  0.006  0.017  0.027  0.070   30   22 99.999 99.999   99  21.874823098 -13.327555376  3 50  3.36 2009  7 18 2455030.65976111    70  Dark                  netuno0010.fits                                    Triton                2045  2050     1   0.000   0.000
  -0.055   0.008  876.99  884.41 1.271    287.77     75.94 99.999 99.999 99.999 13.523 13.484 99.999 99.999 99.999  0.316 99.999 99.999 99.999 99.999  99.999  99.999  99.999  99.999  0.020  0.020  0.009  0.018  0.038  0.075   25   20 99.999 99.999   99  21.874821059 -13.327547248  3 51 46.80 2009  7 18 2455030.66095833    70  Dark                  netuno0011.fits                                    Triton                2045  2050     1   0.000   0.000
  -0.059  -0.016  881.76  884.65 0.880    339.15     63.40 99.999 99.999 99.999 13.491 13.438 99.999 99.999 99.999  0.319 99.999 99.999 99.999 99.999  99.999  99.999  99.999  99.999  0.016  0.016  0.006  0.016  0.027  0.068   27   20 99.999 99.999   99  21.874819573 -13.327563021  3 53 30.13 2009  7 18 2455030.66215428    70  Dark                  netuno0012.fits                                    Triton                2045  2050     1   0.000   0.000
  -0.032  -0.016  878.09  884.58 1.030    331.61    116.43 99.999 99.999 99.999 13.543 13.519 99.999 99.999 99.999  0.322 99.999 99.999 99.999 99.999  99.999  99.999  99.999  99.999  0.014  0.014  0.009  0.014  0.032  0.052   23   17 99.999 99.999   99  21.874818661 -13.327572269  3 55 13.48 2009  7 18 2455030.66335046    70  Dark                  netuno0013.fits                                    Triton                2045  2050     1   0.000   0.000
  -0.068  -0.019  880.34  884.59 1.487    211.68     22.06 99.999 99.999 99.999 13.475 13.495 99.999 99.999 99.999  0.275 99.999 99.999 99.999 99.999  99.999  99.999  99.999  99.999  0.034  0.034  0.012  0.017  0.051  0.072   24   20 99.999 99.999   99  21.874816568 -13.327582310  3 56 56.96 2009  7 18 2455030.66454815    70  Dark                  netuno0014.fits                                    Triton                2045  2050     1   0.000   0.000
  -0.061  -0.008  880.92  884.42 1.192    299.67     28.48 99.999 99.999 99.999 13.504 13.435 99.999 99.999 99.999  0.304 99.999 99.999 99.999 99.999  99.999  99.999  99.999  99.999  0.015  0.015  0.008  0.017  0.035  0.073   26   21 99.999 99.999   99  21.874815286 -13.327588667  3 58 40.45 2009  7 18 2455030.66574595    70  Dark                  netuno0015.fits                                    Triton                2045  2050     1   0.000   0.000
  -0.026  -0.026  880.91  884.14 1.094    304.49     47.74 99.999 99.999 99.999 13.523 13.520 99.999 99.999 99.999  0.325 99.999 99.999 99.999 99.999  99.999  99.999  99.999  99.999  0.020  0.020  0.008  0.015  0.034  0.064   29   22 99.999 99.999   99  21.874814531 -13.327602901  4  0 23.91 2009  7 18 2455030.66694340    70  Dark                  netuno0016.fits                                    Triton                2045  2050     1   0.000   0.000
  -0.025  -0.067  885.09  883.86 1.297    247.14     66.99 99.999 99.999 99.999 13.456 13.476 99.999 99.999 99.999  0.261 99.999 99.999 99.999 99.999  99.999  99.999  99.999  99.999  0.024  0.024  0.009  0.014  0.036  0.053   24   18 99.999 99.999   99  21.874813128 -13.327623227  4  2  7.40 2009  7 18 2455030.66814120    70  Dark                  netuno0017.fits                                    Triton                2045  2050     1   0.000   0.000
  -0.023  -0.053  877.32  884.14 1.463    230.99     22.96 99.999 99.999 99.999 13.479 13.489 99.999 99.999 99.999  0.270 99.999 99.999 99.999 99.999  99.999  99.999  99.999  99.999  0.026  0.026  0.008  0.013  0.031  0.052   22   18 99.999 99.999   99  21.874811731 -13.327628625  4  3 50.84 2009  7 18 2455030.66933843    70  Dark                  netuno0018.fits                                    Triton                2045  2050     1   0.000   0.000
  -0.042  -0.010  879.07  883.99 0.997    356.32     54.35 99.999 99.999 99.999 13.564 13.564 99.999 99.999 99.999  0.319 99.999 99.999 99.999 99.999  99.999  99.999  99.999  99.999  0.013  0.013  0.010  0.017  0.040  0.066   24   20 99.999 99.999   99  21.874809952 -13.327626033  4  5 35.24 2009  7 18 2455030.67054676    70  Dark                  netuno0019.fits                                    Triton                2045  2050     1   0.000   0.000
  -0.067   0.031  873.50  884.02 1.260    279.33    210.17 99.999 99.999 99.999 13.577 13.539 99.999 99.999 99.999  0.328 99.999 99.999 99.999 99.999  99.999  99.999  99.999  99.999  0.017  0.017  0.012  0.014  0.042  0.051   21   16 99.999 99.999   99  21.874808060 -13.327623756  4  7 18.71 2009  7 18 2455030.67174433    70  Dark                  netuno0020.fits                                    Triton                2045  2050     1   0.000   0.000
  -0.062   0.014  874.33  883.77 1.083    344.49    204.71 99.999 99.999 99.999 13.529 13.554 99.999 99.999 99.999  0.318 99.999 99.999 99.999 99.999  99.999  99.999  99.999  99.999  0.014  0.014  0.014  0.027  0.037  0.073   19   16 99.999 99.999   99  21.874806328 -13.327640577  4  9 32.21 2009  7 18 2455030.67328947    70  Dark                  netuno0021.fits                                    Triton                2045  2050     1   0.000   0.000
  -0.051  -0.008  870.64  883.20 1.029    371.97    300.89 99.999 99.999 99.999 13.534 13.536 99.999 99.999 99.999  0.327 99.999 99.999 99.999 99.999  99.999  99.999  99.999  99.999  0.012  0.012  0.010  0.018  0.028  0.051   20   15 99.999 99.999   99  21.874805114 -13.327655702  4 11 15.60 2009  7 18 2455030.67448611    70  Dark                  netuno0022.fits                                    Triton                2045  2050     1   0.000   0.000
  -0.019  -0.001  871.37  882.76 1.705    186.39     96.03 99.999 99.999 99.999 13.565 13.535 99.999 99.999 99.999  0.320 99.999 99.999 99.999 99.999  99.999  99.999  99.999  99.999  0.048  0.048  0.009  0.015  0.038  0.062   26   19 99.999 99.999   99  21.874804274 -13.327663134  4 12 59.02 2009  7 18 2455030.67568310    70  Dark                  netuno0023.fits                                    Triton                2045  2050     1   0.000   0.000
  -0.070   0.015  870.56  882.04 1.178    279.34     37.21 99.999 99.999 99.999 13.522 13.574 99.999 99.999 99.999  0.363 99.999 99.999 99.999 99.999  99.999  99.999  99.999  99.999  0.022  0.022  0.012  0.022  0.035  0.065   22   15 99.999 99.999   99  21.874801891 -13.327668160  4 14 42.48 2009  7 18 2455030.67688056    70  Dark                  netuno0024.fits                                    Triton                2045  2050     1   0.000   0.000
  -0.044  -0.016  870.70  882.03 1.099    296.38     42.51 99.999 99.999 99.999 13.604 13.572 99.999 99.999 99.999  0.324 99.999 99.999 99.999 99.999  99.999  99.999  99.999  99.999  0.026  0.026  0.010  0.016  0.041  0.065   27   19 99.999 99.999   99  21.874800972 -13.327685770  4 16 25.94 2009  7 18 2455030.67807801    70  Dark                  netuno0025.fits                                    Triton                2045  2050     1   0.000   0.000
  -0.043  -0.027  876.00  881.82 1.096    324.17     35.91 99.999 99.999 99.999 13.517 13.521 99.999 99.999 99.999  0.321 99.999 99.999 99.999 99.999  99.999  99.999  99.999  99.999  0.017  0.017  0.008  0.014  0.032  0.055   25   20 99.999 99.999   99  21.874799573 -13.327697980  4 18  9.38 2009  7 18 2455030.67927523    70  Dark                  netuno0026.fits                                    Triton                2045  2050     1   0.000   0.000
  -0.051  -0.045  875.40  881.55 0.976    397.24     42.93 99.999 99.999 99.999 13.525 13.589 99.999 99.999 99.999  0.287 99.999 99.999 99.999 99.999  99.999  99.999  99.999  99.999  0.007  0.007  0.012  0.016  0.041  0.056   23   16 99.999 99.999   99  21.874798008 -13.327712560  4 19 52.86 2009  7 18 2455030.68047292    70  Dark                  netuno0027.fits                                    Triton                2045  2050     1   0.000   0.000
  -0.035  -0.019  882.09  881.32 1.141    311.68     31.88 99.999 99.999 99.999 13.506 13.526 99.999 99.999 99.999  0.329 99.999 99.999 99.999 99.999  99.999  99.999  99.999  99.999  0.012  0.012  0.013  0.016  0.040  0.048   21   16 99.999 99.999   99  21.874796862 -13.327714491  4 21 37.13 2009  7 18 2455030.68167975    70  Dark                  netuno0028.fits                                    Triton                2045  2050     1   0.000   0.000
  -0.042  -0.045  877.22  881.20 1.283    262.18     27.00 99.999 99.999 99.999 13.544 13.503 99.999 99.999 99.999  0.321 99.999 99.999 99.999 99.999  99.999  99.999  99.999  99.999  0.027  0.027  0.009  0.016  0.034  0.065   26   20 99.999 99.999   99  21.874795318 -13.327731056  4 23 20.49 2009  7 18 2455030.68287604    70  Dark                  netuno0029.fits                                    Triton                2045  2050     1   0.000   0.000
  -0.085   0.054  877.94  880.80 1.335    253.55     17.21 99.999 99.999 99.999 13.463 13.480 99.999 99.999 99.999  0.371 99.999 99.999 99.999 99.999  99.999  99.999  99.999  99.999  0.036  0.036  0.025  0.025  0.060  0.060   23   14 99.999 99.999   99  21.874793086 -13.327712860  4 25  3.93 2009  7 18 2455030.68407326    70  Dark                  netuno0030.fits                                    Triton                2045  2050     1   0.000   0.000
  -0.036   0.042 1000.64 1037.13 1.307    278.81    599.45 99.999 99.999 99.999 13.406 13.439 99.999 99.999 99.999  0.347 99.999 99.999 99.999 99.999  99.999  99.999  99.999  99.999  0.009  0.009  0.011  0.016  0.047  0.070   28   20 99.999 99.999   99  21.871882572 -13.350285839  5 37 25.88 2009  7 20 2455032.73432731    80  Dark                  netuno0001.fits                                    Triton                2045  2050     1   0.000   0.000
  -0.059   0.095  996.35 1036.39 1.677    203.43    563.46 99.999 99.999 99.999 13.325 13.435 99.999 99.999 99.999  0.308 99.999 99.999 99.999 99.999  99.999  99.999  99.999  99.999  0.027  0.027  0.014  0.016  0.060  0.068   28   19 99.999 99.999   99  21.871879789 -13.350286336  5 39 19.37 2009  7 20 2455032.73564086    80  Dark                  netuno0002.fits                                    Triton                2045  2050     1   0.000   0.000
  -0.043   0.022  999.38 1036.62 1.307    246.96    618.18 99.999 99.999 99.999 13.401 13.422 99.999 99.999 99.999  0.312 99.999 99.999 99.999 99.999  99.999  99.999  99.999  99.999  0.014  0.014  0.010  0.015  0.043  0.063   26   19 99.999 99.999   99  21.871877795 -13.350321996  5 41 12.82 2009  7 20 2455032.73695394    80  Dark                  netuno0003.fits                                    Triton                2045  2050     1   0.000   0.000
  -0.040   0.103  996.53 1036.00 1.243    295.62    574.97 99.999 99.999 99.999 13.428 13.444 99.999 99.999 99.999  0.329 99.999 99.999 99.999 99.999  99.999  99.999  99.999  99.999  0.017  0.017  0.017  0.020  0.059  0.069   21   14 99.999 99.999   99  21.871875511 -13.350314887  5 43  7.18 2009  7 20 2455032.73827755    80  Dark                  netuno0004.fits                                    Triton                2045  2050     1   0.000   0.000
  -0.068   0.125  999.14 1035.31 1.615    196.65    580.56 99.999 99.999 99.999 13.455 13.480 99.999 99.999 99.999  0.325 99.999 99.999 99.999 99.999  99.999  99.999  99.999  99.999  0.037  0.037  0.017  0.023  0.053  0.072   17   13 99.999 99.999   99  21.871872650 -13.350324198  5 45  0.67 2009  7 20 2455032.73959109    80  Dark                  netuno0005.fits                                    Triton                2045  2050     1   0.000   0.000
  -0.043   0.041  998.22 1034.15 1.302    269.91    626.36 99.999 99.999 99.999 13.304 13.367 99.999 99.999 99.999  0.283 99.999 99.999 99.999 99.999  99.999  99.999  99.999  99.999  0.008  0.008  0.004  0.020  0.015  0.070   19   13 99.999 99.999   99  21.871870839 -13.350362554  5 46 53.30 2009  7 20 2455032.74089468    80  Dark                  netuno0006.fits                                    Triton                2045  2050     1   0.000   0.000
  -0.043  -0.030 1001.02 1033.97 2.517    104.35    490.58 99.999 99.999 99.999 13.441 13.487 99.999 99.999 99.999  0.285 99.999 99.999 99.999 99.999  99.999  99.999  99.999  99.999  0.058  0.058  0.018  0.016  0.057  0.051   26   15 99.999 99.999   99  21.871868516 -13.350397443  5 48 46.80 2009  7 20 2455032.74220833    80  Dark                  netuno0007.fits                                    Triton                2045  2050     1   0.000   0.000
  -0.019   0.024 1002.60 1033.56 1.331    273.73    570.83 99.999 99.999 99.999 13.369 13.478 99.999 99.999 99.999  0.257 99.999 99.999 99.999 99.999  99.999  99.999  99.999  99.999  0.011  0.011  0.010  0.015  0.042  0.063   24   19 99.999 99.999   99  21.871866672 -13.350397680  5 50 40.32 2009  7 20 2455032.74352222    80  Dark                  netuno0008.fits                                    Triton                2045  2050     1   0.000   0.000
   0.023   0.086 1003.62 1032.66 1.639    188.46   1293.31 99.999 99.999 99.999 13.438 13.491 99.999 99.999 99.999  0.427 99.999 99.999 99.999 99.999  99.999  99.999  99.999  99.999  0.043  0.044  0.018  0.019  0.056  0.056   15   10 99.999 99.999   99  21.871865164 -13.350395914  5 52 33.80 2009  7 20 2455032.74483565    80  Dark                  netuno0009.fits                                    Triton                2045  2050     1   0.000   0.000
  -0.014   0.100 1004.25 1031.92 1.556    227.29   1294.78 99.999 99.999 99.999 13.332 13.413 99.999 99.999 99.999  0.331 99.999 99.999 99.999 99.999  99.999  99.999  99.999  99.999  0.027  0.027  0.012  0.015  0.044  0.057   25   16 99.999 99.999   99  21.871862121 -13.350407349  5 54 27.30 2009  7 20 2455032.74614931    80  Dark                  netuno0010.fits                                    Triton                2045  2050     1   0.000   0.000
  -0.056   0.181  998.27 1031.77 1.416    251.84   1204.20 99.999 99.999 99.999 13.419 13.461 99.999 99.999 99.999  0.370 99.999 99.999 99.999 99.999  99.999  99.999  99.999  99.999  0.018  0.018  0.013  0.019  0.044  0.068   20   13 99.999 99.999   99  21.871859024 -13.350399962  5 56 20.79 2009  7 20 2455032.74746285    80  Dark                  netuno0011.fits                                    Triton                2045  2050     1   0.000   0.000
  -0.067   0.127  999.58 1031.06 1.350    289.08   1106.65 99.999 99.999 99.999 13.407 13.374 99.999 99.999 99.999  0.342 99.999 99.999 99.999 99.999  99.999  99.999  99.999  99.999  0.017  0.017  0.013  0.021  0.049  0.080   20   14 99.999 99.999   99  21.871856497 -13.350430181  5 58 13.39 2009  7 20 2455032.74876609    80  Dark                  netuno0012.fits                                    Triton                2045  2050     1   0.000   0.000
  -0.044   0.122  994.54 1030.63 1.257    287.34   1251.94 99.999 99.999 99.999 13.356 13.438 99.999 99.999 99.999  0.379 99.999 99.999 99.999 99.999  99.999  99.999  99.999  99.999  0.015  0.015  0.016  0.027  0.043  0.076   18   12 99.999 99.999   99  21.871854612 -13.350446881  6  0  6.85 2009  7 20 2455032.75007928    80  Dark                  netuno0013.fits                                    Triton                2045  2050     1   0.000   0.000
  -0.059   0.061  998.04 1030.47 1.364    272.45   1141.43 99.999 99.999 99.999 13.373 13.446 99.999 99.999 99.999  0.355 99.999 99.999 99.999 99.999  99.999  99.999  99.999  99.999  0.019  0.019  0.020  0.018  0.057  0.050   20   12 99.999 99.999   99  21.871852018 -13.350479203  6  2  0.38 2009  7 20 2455032.75139329    80  Dark                  netuno0014.fits                                    Triton                2045  2050     1   0.000   0.000
  -0.063   0.035  994.62 1029.41 1.272    309.28   1043.29 99.999 99.999 99.999 13.348 13.442 99.999 99.999 99.999  0.251 99.999 99.999 99.999 99.999  99.999  99.999  99.999  99.999  0.009  0.009  0.012  0.017  0.041  0.060   22   14 99.999 99.999   99  21.871849610 -13.350501706  6  3 53.88 2009  7 20 2455032.75270694    80  Dark                  netuno0015.fits                                    Triton                2045  2050     1   0.000   0.000
  -0.055   0.121 1000.33 1028.62 1.443    254.82   1302.22 99.999 99.999 99.999 13.395 13.421 99.999 99.999 99.999  0.323 99.999 99.999 99.999 99.999  99.999  99.999  99.999  99.999  0.001  0.001  0.005  0.020  0.019  0.074   22   14 99.999 99.999   99  21.871847462 -13.350492800  6  5 47.37 2009  7 20 2455032.75402049    80  Dark                  netuno0016.fits                                    Triton                2045  2050     1   0.000   0.000
   0.006   0.143  998.16 1028.69 1.425    226.95   1223.02 99.999 99.999 99.999 13.373 13.385 99.999 99.999 99.999  0.382 99.999 99.999 99.999 99.999  99.999  99.999  99.999  99.999  0.008  0.008  0.020  0.016  0.065  0.050   17   11 99.999 99.999   99  21.871846281 -13.350502040  6  7 40.86 2009  7 20 2455032.75533403    80  Dark                  netuno0017.fits                                    Triton                2045  2050     1   0.000   0.000
  -0.027   0.059 1005.70 1027.62 1.661    193.13   1237.74 99.999 99.999 99.999 13.386 13.447 99.999 99.999 99.999  0.346 99.999 99.999 99.999 99.999  99.999  99.999  99.999  99.999  0.012  0.012  0.011  0.020  0.043  0.075   23   15 99.999 99.999   99  21.871843348 -13.350540561  6  9 34.34 2009  7 20 2455032.75664745    80  Dark                  netuno0018.fits                                    Triton                2045  2050     1   0.000   0.000
  -0.049   0.055 1003.68 1027.19 1.305    231.54   1413.23 99.999 99.999 99.999 13.416 13.470 99.999 99.999 99.999  0.312 99.999 99.999 99.999 99.999  99.999  99.999  99.999  99.999  0.013  0.013  0.014  0.013  0.055  0.052   23   17 99.999 99.999   99  21.871840594 -13.350556835  6 11 27.78 2009  7 20 2455032.75796042    80  Dark                  netuno0019.fits                                    Triton                2045  2050     1   0.000   0.000
  -0.063   0.134 1010.58 1026.82 1.259    275.80   1356.23 99.999 99.999 99.999 13.377 13.445 99.999 99.999 99.999  0.355 99.999 99.999 99.999 99.999  99.999  99.999  99.999  99.999  0.016  0.016  0.020  0.024  0.067  0.079   20   14 99.999 99.999   99  21.871838022 -13.350550260  6 13 21.32 2009  7 20 2455032.75927454    80  Dark                  netuno0020.fits                                    Triton                2045  2050     1   0.000   0.000
  -0.029   0.100 1005.04 1026.03 1.483    230.26   1220.78 99.999 99.999 99.999 13.409 13.432 99.999 99.999 99.999  0.309 99.999 99.999 99.999 99.999  99.999  99.999  99.999  99.999  0.024  0.024  0.008  0.022  0.028  0.074   22   13 99.999 99.999   99  21.871836336 -13.350574674  6 15 14.77 2009  7 20 2455032.76058762    80  Dark                  netuno0021.fits                                    Triton                2045  2050     1   0.000   0.000
  -0.047   0.028 1007.17 1025.60 1.214    312.17   1261.64 99.999 99.999 99.999 13.411 13.442 99.999 99.999 99.999  0.317 99.999 99.999 99.999 99.999  99.999  99.999  99.999  99.999  0.013  0.013  0.010  0.012  0.045  0.053   31   20 99.999 99.999   99  21.871833667 -13.350610112  6 17  9.16 2009  7 20 2455032.76191157    80  Dark                  netuno0022.fits                                    Triton                2045  2050     1   0.000   0.000
  -0.018   0.124 1003.72 1025.49 1.361    267.08   1254.70 99.999 99.999 99.999 13.427 13.408 99.999 99.999 99.999  0.349 99.999 99.999 99.999 99.999  99.999  99.999  99.999  99.999  0.018  0.018  0.016  0.023  0.054  0.077   18   14 99.999 99.999   99  21.871831907 -13.350598492  6 19  2.61 2009  7 20 2455032.76322465    80  Dark                  netuno0023.fits                                    Triton                2045  2050     1   0.000   0.000
  -0.098   0.119 1005.83 1024.62 1.276    211.77   1159.97 99.999 99.999 99.999 13.421 13.535 99.999 99.999 99.999  0.375 99.999 99.999 99.999 99.999  99.999  99.999  99.999  99.999  0.036  0.036  0.015  0.019  0.059  0.073   20   15 99.999 99.999   99  21.871828050 -13.350615342  6 20 56.10 2009  7 20 2455032.76453819    80  Dark                  netuno0024.fits                                    Triton                2045  2050     1   0.000   0.000
  -0.027   0.090 1004.00 1024.44 1.230    330.93   1304.51 99.999 99.999 99.999 13.386 13.367 99.999 99.999 99.999  0.331 99.999 99.999 99.999 99.999  99.999  99.999  99.999  99.999  0.007  0.007  0.007  0.015  0.023  0.049   24   12 99.999 99.999   99  21.871827073 -13.350638536  6 22 49.61 2009  7 20 2455032.76585197    80  Dark                  netuno0025.fits                                    Triton                2045  2050     1   0.000   0.000
  -0.062   0.146 1006.39 1023.62 1.829    179.83   1193.72 99.999 99.999 99.999 13.433 13.472 99.999 99.999 99.999  0.366 99.999 99.999 99.999 99.999  99.999  99.999  99.999  99.999  0.043  0.043  0.017  0.026  0.054  0.082   18   14 99.999 99.999   99  21.871824095 -13.350638158  6 24 43.04 2009  7 20 2455032.76716481    80  Dark                  netuno0026.fits                                    Triton                2045  2050     1   0.000   0.000
  -0.060   0.082 1006.64 1023.12 1.334    282.43   1108.70 99.999 99.999 99.999 13.400 13.474 99.999 99.999 99.999  0.294 99.999 99.999 99.999 99.999  99.999  99.999  99.999  99.999  0.007  0.007  0.013  0.017  0.052  0.069   25   17 99.999 99.999   99  21.871821796 -13.350671143  6 26 36.46 2009  7 20 2455032.76847755    80  Dark                  netuno0027.fits                                    Triton                2045  2050     1   0.000   0.000
  -0.098   0.137 1007.63 1022.33 1.687    145.09   1220.86 99.999 99.999 99.999 13.403 13.558 99.999 99.999 99.999  0.239 99.999 99.999 99.999 99.999  99.999  99.999  99.999  99.999  0.054  0.054  0.020  0.022  0.057  0.064   15    9 99.999 99.999   99  21.871818770 -13.350670780  6 28 29.93 2009  7 20 2455032.76979086    80  Dark                  netuno0028.fits                                    Triton                2045  2050     1   0.000   0.000
  -0.046   0.108 1011.04 1022.27 1.242    311.43   1306.66 99.999 99.999 99.999 13.409 13.410 99.999 99.999 99.999  0.345 99.999 99.999 99.999 99.999  99.999  99.999  99.999  99.999  0.009  0.009  0.012  0.020  0.043  0.074   20   15 99.999 99.999   99  21.871817438 -13.350694044  6 30 23.39 2009  7 20 2455032.77110405    80  Dark                  netuno0029.fits                                    Triton                2045  2050     1   0.000   0.000
  -0.011   0.055 1011.37 1021.84 1.576    162.20   1229.63 99.999 99.999 99.999 13.378 13.502 99.999 99.999 99.999  0.213 99.999 99.999 99.999 99.999  99.999  99.999  99.999  99.999  0.040  0.040  0.009  0.021  0.030  0.073   19   14 99.999 99.999   99  21.871815799 -13.350724045  6 32 16.85 2009  7 20 2455032.77241725    80  Dark                  netuno0030.fits                                    Triton                2045  2050     1   0.000   0.000
