   0.054   0.018 1047.87  707.95 1.546    313.44     46.99 99.999 99.999 99.999 13.413 13.502 99.999 99.999 99.999  0.233 99.999 99.999 99.999 99.999  99.999  99.999  99.999  99.999  0.008  0.008  0.016  0.014  0.065  0.057   29   20 99.999 99.999   99  22.464946545 -10.305099075  7 51 50.86 2013  5  5 2456417.82767196    20    I                   Netuno_0002.fits                                   Triton                2048  2048
   0.053   0.040 1048.42  709.37 1.939    109.00     31.44 99.999 99.999 99.999 13.621 13.683 99.999 99.999 99.999  0.309 99.999 99.999 99.999 99.999  99.999  99.999  99.999  99.999  0.021  0.021  0.015  0.022  0.042  0.062   23   15 99.999 99.999   99  22.464947751 -10.305088514  7 53  9.41 2013  5  5 2456417.82858108    20    I                   Netuno_0003.fits                                   Triton                2048  2048
  -0.032  -0.037 1048.65  711.31 1.599    141.37     38.30 99.999 99.999 99.999 13.559 13.659 99.999 99.999 99.999  0.239 99.999 99.999 99.999 99.999  99.999  99.999  99.999  99.999  0.000  0.000  0.015  0.017  0.054  0.063   25   19 99.999 99.999   99  22.464946516 -10.305108425  7 53 34.34 2013  5  5 2456417.82886970    20    I                   Netuno_0004.fits                                   Triton                2048  2048
   0.092   0.032 1048.47  713.08 1.703    225.65     36.49 99.999 99.999 99.999 13.470 13.624 99.999 99.999 99.999  0.257 99.999 99.999 99.999 99.999  99.999  99.999  99.999  99.999  0.013  0.013  0.013  0.016  0.052  0.064   30   21 99.999 99.999   99  22.464949239 -10.305087734  7 53 59.26 2013  5  5 2456417.82915815    20    I                   Netuno_0005.fits                                   Triton                2048  2048
  -0.008  -0.016 1048.61  714.13 1.502    415.02     53.33 99.999 99.999 99.999 13.488 13.545 99.999 99.999 99.999  0.227 99.999 99.999 99.999 99.999  99.999  99.999  99.999  99.999  0.010  0.010  0.011  0.014  0.042  0.054   30   19 99.999 99.999   99  22.464947743 -10.305099718  7 54 24.22 2013  5  5 2456417.82944697    20    I                   Netuno_0006.fits                                   Triton                2048  2048
  -0.016  -0.007 1048.48  716.13 1.534    457.07     42.92 99.999 99.999 99.999 13.538 13.570 99.999 99.999 99.999  0.238 99.999 99.999 99.999 99.999  99.999  99.999  99.999  99.999  0.001  0.001  0.015  0.015  0.057  0.056   29   20 99.999 99.999   99  22.464947971 -10.305095513  7 54 49.19 2013  5  5 2456417.82973596    20    I                   Netuno_0007.fits                                   Triton                2048  2048
   0.013   0.043 1048.59  717.12 1.710    330.48     45.88 99.999 99.999 99.999 13.468 13.547 99.999 99.999 99.999  0.221 99.999 99.999 99.999 99.999  99.999  99.999  99.999  99.999  0.010  0.010  0.012  0.012  0.046  0.048   30   19 99.999 99.999   99  22.464949265 -10.305079018  7 55 39.08 2013  5  5 2456417.83031340    20    I                   Netuno_0009.fits                                   Triton                2048  2048
  -0.015   0.009 1048.47  714.37 1.885    325.81     32.73 99.999 99.999 99.999 13.485 13.548 99.999 99.999 99.999  0.271 99.999 99.999 99.999 99.999  99.999  99.999  99.999  99.999  0.010  0.010  0.017  0.015  0.071  0.063   30   22 99.999 99.999   99  22.464949140 -10.305086665  7 56  4.03 2013  5  5 2456417.83060221    20    I                   Netuno_0010.fits                                   Triton                2048  2048
   0.109   0.073 1049.39  713.18 1.745    279.24     45.76 99.999 99.999 99.999 13.479 13.548 99.999 99.999 99.999  0.243 99.999 99.999 99.999 99.999  99.999  99.999  99.999  99.999  0.016  0.016  0.015  0.013  0.058  0.052   30   18 99.999 99.999   99  22.464951861 -10.305067536  7 56 28.98 2013  5  5 2456417.83089103    20    I                   Netuno_0011.fits                                   Triton                2048  2048
  -0.002  -0.047 1049.48  714.07 1.907    248.42     37.76 99.999 99.999 99.999 13.413 13.483 99.999 99.999 99.999  0.253 99.999 99.999 99.999 99.999  99.999  99.999  99.999  99.999  0.010  0.010  0.018  0.015  0.069  0.058   30   19 99.999 99.999   99  22.464950127 -10.305099460  7 56 53.94 2013  5  5 2456417.83117984    20    I                   Netuno_0012.fits                                   Triton                2048  2048
   0.026   0.062 1048.57  717.97 1.846    152.45     39.77 99.999 99.999 99.999 13.469 13.538 99.999 99.999 99.999  0.214 99.999 99.999 99.999 99.999  99.999  99.999  99.999  99.999  0.021  0.021  0.019  0.014  0.065  0.048   24   15 99.999 99.999   99  22.464951037 -10.305067801  7 57 18.88 2013  5  5 2456417.83146847    20    I                   Netuno_0013.fits                                   Triton                2048  2048
   0.009  -0.004 1049.02  720.11 1.906     59.58     35.04 99.999 99.999 99.999 13.560 13.684 99.999 99.999 99.999  0.165 99.999 99.999 99.999 99.999  99.999  99.999  99.999  99.999  0.029  0.029  0.020  0.014  0.053  0.036   16   11 99.999 99.999   99  22.464951113 -10.305084367  7 57 43.83 2013  5  5 2456417.83175728    20    I                   Netuno_0014.fits                                   Triton                2048  2048
  -0.009   0.084 1048.82  720.91 1.483     21.31     35.70 99.999 99.999 99.999 13.533 13.642 99.999 99.999 99.999  0.318 99.999 99.999 99.999 99.999  99.999  99.999  99.999  99.999  0.026  0.026  0.030  0.010  0.073  0.025   10    7 99.999 99.999   99  22.464951156 -10.305058491  7 58  8.75 2013  5  5 2456417.83204574    20    I                   Netuno_0015.fits                                   Triton                2048  2048
   0.104   0.003 1050.21  723.00 1.972     21.16     31.67 99.999 99.999 99.999 13.796 13.924 99.999 99.999 99.999  0.220 99.999 99.999 99.999 99.999  99.999  99.999  99.999  99.999  0.026  0.026  0.026  0.020  0.073  0.055    9    9 99.999 99.999   99  22.464954785 -10.305075383  7 59 48.49 2013  5  5 2456417.83320008    20    I                   Netuno_0019.fits                                   Triton                2048  2048
   0.016   0.007 1050.41  718.67 1.434     57.27     37.20 99.999 99.999 99.999 13.398 13.552 99.999 99.999 99.999  0.144 99.999 99.999 99.999 99.999  99.999  99.999  99.999  99.999  0.015  0.015  0.016  0.021  0.048  0.061   11   11 99.999 99.999   99  22.464953517 -10.305072657  8  0 13.41 2013  5  5 2456417.83348853    20    I                   Netuno_0020.fits                                   Triton                2048  2048
   0.016  -0.012 1050.46  720.76 1.817     53.01     35.11 99.999 99.999 99.999 13.561 13.680 99.999 99.999 99.999  0.213 99.999 99.999 99.999 99.999  99.999  99.999  99.999  99.999  0.043  0.043  0.023  0.023  0.055  0.056   13    9 99.999 99.999   99  22.464954298 -10.305074958  8  1  3.27 2013  5  5 2456417.83406561    20    I                   Netuno_0022.fits                                   Triton                2048  2048
   0.075   0.020 1051.33  725.46 1.856    130.31     36.34 99.999 99.999 99.999 13.482 13.645 99.999 99.999 99.999  0.356 99.999 99.999 99.999 99.999  99.999  99.999  99.999  99.999  0.016  0.016  0.018  0.026  0.058  0.084   27   14 99.999 99.999   99  22.464955772 -10.305064821  8  1 28.19 2013  5  5 2456417.83435406    20    I                   Netuno_0023.fits                                   Triton                2048  2048
  -0.002  -0.009 1050.27  726.23 1.706    278.45     38.97 99.999 99.999 99.999 13.440 13.579 99.999 99.999 99.999  0.250 99.999 99.999 99.999 99.999  99.999  99.999  99.999  99.999  0.013  0.013  0.021  0.018  0.066  0.056   28   16 99.999 99.999   99  22.464954705 -10.305071179  8  1 53.13 2013  5  5 2456417.83464270    20    I                   Netuno_0024.fits                                   Triton                2048  2048
   0.022   0.081 1049.74  728.19 2.102    219.92     36.37 99.999 99.999 99.999 13.605 13.686 99.999 99.999 99.999  0.272 99.999 99.999 99.999 99.999  99.999  99.999  99.999  99.999  0.015  0.015  0.021  0.018  0.073  0.065   30   17 99.999 99.999   99  22.464956308 -10.305042067  8  3  7.99 2013  5  5 2456417.83550913    20    I                   Netuno_0027.fits                                   Triton                2048  2048
   0.007  -0.045 1050.41  726.25 1.679    401.83     39.31 99.999 99.999 99.999 13.557 13.610 99.999 99.999 99.999  0.221 99.999 99.999 99.999 99.999  99.999  99.999  99.999  99.999  0.010  0.010  0.017  0.017  0.067  0.066   29   19 99.999 99.999   99  22.464956414 -10.305075369  8  3 32.94 2013  5  5 2456417.83579795    20    I                   Netuno_0028.fits                                   Triton                2048  2048
  -0.007   0.032 1050.02  723.09 1.700    416.76     31.39 99.999 99.999 99.999 13.550 13.562 99.999 99.999 99.999  0.244 99.999 99.999 99.999 99.999  99.999  99.999  99.999  99.999  0.010  0.010  0.013  0.017  0.049  0.064   30   19 99.999 99.999   99  22.464956526 -10.305052378  8  3 57.88 2013  5  5 2456417.83608657    20    I                   Netuno_0029.fits                                   Triton                2048  2048
   0.016  -0.002 1049.99  720.93 1.562    406.79     52.15 99.999 99.999 99.999 13.527 13.643 99.999 99.999 99.999  0.227 99.999 99.999 99.999 99.999  99.999  99.999  99.999  99.999  0.014  0.014  0.019  0.019  0.067  0.066   29   18 99.999 99.999   99  22.464957326 -10.305060524  8  4 22.83 2013  5  5 2456417.83637539    20    I                   Netuno_0030.fits                                   Triton                2048  2048
  -0.069  -0.007 1050.33  722.71 1.468     80.45     40.73 99.999 99.999 99.999 13.602 13.690 99.999 99.999 99.999  0.287 99.999 99.999 99.999 99.999  99.999  99.999  99.999  99.999  0.008  0.008  0.023  0.022  0.065  0.061   19   12 99.999 99.999   99  22.464956500 -10.305059016  8  5 12.71 2013  5  5 2456417.83695265    20    I                   Netuno_0032.fits                                   Triton                2048  2048
  -0.068   0.019 1050.64  724.06 1.695     31.66     31.82 99.999 99.999 99.999 13.701 13.784 99.999 99.999 99.999  0.349 99.999 99.999 99.999 99.999  99.999  99.999  99.999  99.999  0.005  0.005  0.019  0.020  0.051  0.054   11    8 99.999 99.999   99  22.464956888 -10.305050246  8  5 37.68 2013  5  5 2456417.83724164    20    I                   Netuno_0033.fits                                   Triton                2048  2048
   0.050  -0.039 1050.36  724.64 1.326    484.33     70.54 99.999 99.999 99.999 13.456 13.521 99.999 99.999 99.999  0.234 99.999 99.999 99.999 99.999  99.999  99.999  99.999  99.999  0.008  0.008  0.017  0.016  0.071  0.065   30   22 99.999 99.999   99  22.464959888 -10.305063265  8  6 27.54 2013  5  5 2456417.83781873    20    I                   Netuno_0035.fits                                   Triton                2048  2048
  -0.012  -0.021 1050.36  724.68 1.498    463.07     39.98 99.999 99.999 99.999 13.514 13.557 99.999 99.999 99.999  0.245 99.999 99.999 99.999 99.999  99.999  99.999  99.999  99.999  0.009  0.009  0.015  0.014  0.059  0.054   30   18 99.999 99.999   99  22.464959105 -10.305057020  8  6 52.49 2013  5  5 2456417.83810755    20    I                   Netuno_0036.fits                                   Triton                2048  2048
  -0.006  -0.060 1050.57  724.26 1.755    354.73     35.52 99.999 99.999 99.999 13.544 13.561 99.999 99.999 99.999  0.248 99.999 99.999 99.999 99.999  99.999  99.999  99.999  99.999  0.013  0.013  0.015  0.013  0.055  0.047   29   20 99.999 99.999   99  22.464959580 -10.305066363  8  7 17.43 2013  5  5 2456417.83839618    20    I                   Netuno_0037.fits                                   Triton                2048  2048
   0.048   0.049 1050.37  717.32 1.365    565.12     52.55 99.999 99.999 99.999 13.463 13.534 99.999 99.999 99.999  0.238 99.999 99.999 99.999 99.999  99.999  99.999  99.999  99.999  0.008  0.008  0.016  0.014  0.064  0.055   29   22 99.999 99.999   99  22.464961741 -10.305031627  8  8 32.29 2013  5  5 2456417.83926262    20    I                   Netuno_0040.fits                                   Triton                2048  2048
  -0.060  -0.011 1050.62  718.65 1.543    299.19     44.82 99.999 99.999 99.999 13.520 13.645 99.999 99.999 99.999  0.244 99.999 99.999 99.999 99.999  99.999  99.999  99.999  99.999  0.008  0.008  0.016  0.014  0.065  0.058   29   22 99.999 99.999   99  22.464960100 -10.305047047  8  8 57.23 2013  5  5 2456417.83955125    20    I                   Netuno_0041.fits                                   Triton                2048  2048
   0.084  -0.032 1051.65  721.66 1.686     58.27     31.98 99.999 99.999 99.999 13.599 13.721 99.999 99.999 99.999  0.302 99.999 99.999 99.999 99.999  99.999  99.999  99.999  99.999  0.036  0.036  0.019  0.018  0.067  0.061   16   14 99.999 99.999   99  22.464963201 -10.305051486  8  9 22.17 2013  5  5 2456417.83983987    20    I                   Netuno_0042.fits                                   Triton                2048  2048
