  -0.085  -0.020  158.28  345.18 2.695    113.72      7.22 99.999 99.999 99.999 13.362 13.360 99.999 99.999 99.999  0.162 99.999 99.999 99.999 99.999  99.999  99.999  99.999  99.999  0.027  0.027  0.021  0.019  0.067  0.061   19   13 99.999 99.999   99  19.643365055 -20.965874586 24  5 19.00 1995  9 16 2449977.50369213    60  filtro desconhecido   netuno01.ima.fits                                  Triton                 380   575
  -0.143  -0.080  158.03  345.12 3.000    109.32      3.83 99.999 99.999 99.999 13.417 13.380 99.999 99.999 99.999  0.075 99.999 99.999 99.999 99.999  99.999  99.999  99.999  99.999  0.020  0.020  0.021  0.013  0.065  0.041   14   12 99.999 99.999   99  19.643363423 -20.965896724 24  6 45.00 1995  9 16 2449977.50468750    60  filtro desconhecido   netuno02.ima.fits                                  Triton                 380   575
  -0.092  -0.076  157.73  342.39 2.865    137.78      3.22 99.999 99.999 99.999 13.384 13.349 99.999 99.999 99.999  0.181 99.999 99.999 99.999 99.999  99.999  99.999  99.999  99.999  0.032  0.032  0.014  0.012  0.049  0.042   16   13 99.999 99.999   99  19.643363089 -20.965908546 24 10 25.00 1995  9 16 2449977.50723380    60  filtro desconhecido   netuno03.ima.fits                                  Triton                 380   575
  -0.103  -0.084  157.49  343.84 2.701    142.32      4.34 99.999 99.999 99.999 13.284 13.226 99.999 99.999 99.999  0.138 99.999 99.999 99.999 99.999  99.999  99.999  99.999  99.999  0.024  0.024  0.015  0.014  0.046  0.045   15   12 99.999 99.999   99  19.643362435 -20.965915254 24 11 40.00 1995  9 16 2449977.50810185    60  filtro desconhecido   netuno04.ima.fits                                  Triton                 380   575
  -0.150  -0.047  157.28  342.44 3.136    121.61      3.06 99.999 99.999 99.999 13.386 13.399 99.999 99.999 99.999  0.216 99.999 99.999 99.999 99.999  99.999  99.999  99.999  99.999  0.022  0.022  0.016  0.013  0.059  0.046   17   15 99.999 99.999   99  19.643361021 -20.965909804 24 12 56.00 1995  9 16 2449977.50898148    60  filtro desconhecido   netuno05.ima.fits                                  Triton                 380   575
  -0.162  -0.078  157.30  343.02 3.322    115.03      3.59 99.999 99.999 99.999 13.476 13.597 99.999 99.999 99.999  0.141 99.999 99.999 99.999 99.999  99.999  99.999  99.999  99.999  0.021  0.021  0.023  0.017  0.074  0.055   13   13 99.999 99.999   99  19.643360349 -20.965922782 24 14 12.00 1995  9 16 2449977.50986111    60  filtro desconhecido   netuno06.ima.fits                                  Triton                 380   575
  -0.105  -0.044  157.30  345.38 2.939    137.44      4.83 99.999 99.999 99.999 13.376 13.370 99.999 99.999 99.999  0.171 99.999 99.999 99.999 99.999  99.999  99.999  99.999  99.999  0.022  0.022  0.012  0.014  0.041  0.050   17   14 99.999 99.999   99  19.643361010 -20.965917775 24 15 27.00 1995  9 16 2449977.51072917    60  filtro desconhecido   netuno07.ima.fits                                  Triton                 380   575
  -0.135  -0.073  157.20  343.89 3.066    126.65      5.15 99.999 99.999 99.999 13.365 13.332 99.999 99.999 99.999  0.133 99.999 99.999 99.999 99.999  99.999  99.999  99.999  99.999  0.019  0.019  0.020  0.009  0.068  0.030   15   13 99.999 99.999   99  19.643359971 -20.965930615 24 16 42.00 1995  9 16 2449977.51159722    60  filtro desconhecido   netuno08.ima.fits                                  Triton                 380   575
  -0.063  -0.065  157.09  343.01 3.004    144.72      2.51 99.999 99.999 99.999 13.399 13.353 99.999 99.999 99.999  0.166 99.999 99.999 99.999 99.999  99.999  99.999  99.999  99.999  0.018  0.018  0.011  0.012  0.037  0.042   17   13 99.999 99.999   99  19.643360951 -20.965932815 24 17 58.00 1995  9 16 2449977.51247685    60  filtro desconhecido   netuno09.ima.fits                                  Triton                 380   575
  -0.079  -0.086  157.69  344.63 3.286    118.71      3.81 99.999 99.999 99.999 13.595 13.638 99.999 99.999 99.999  0.314 99.999 99.999 99.999 99.999  99.999  99.999  99.999  99.999  0.023  0.023  0.022  0.018  0.065  0.052   13   11 99.999 99.999   99  19.643360146 -20.965943111 24 19 13.00 1995  9 16 2449977.51334491    60  filtro desconhecido   netuno10.ima.fits                                  Triton                 380   575
  -0.156  -0.067  157.74  345.00 3.264    107.24      5.75 99.999 99.999 99.999 13.415 13.474 99.999 99.999 99.999  0.115 99.999 99.999 99.999 99.999  99.999  99.999  99.999  99.999  0.022  0.022  0.013  0.014  0.037  0.041   13   11 99.999 99.999   99  19.643358182 -20.965942500 24 20 29.00 1995  9 16 2449977.51422454    60  filtro desconhecido   netuno11.ima.fits                                  Triton                 380   575
  -0.131  -0.087  156.99  342.66 3.049    132.39      2.73 99.999 99.999 99.999 13.367 13.416 99.999 99.999 99.999  0.137 99.999 99.999 99.999 99.999  99.999  99.999  99.999  99.999  0.018  0.018  0.015  0.014  0.045  0.042   14   12 99.999 99.999   99  19.643358206 -20.965952572 24 21 45.00 1995  9 16 2449977.51510417    60  filtro desconhecido   netuno12.ima.fits                                  Triton                 380   575
  -0.031  -0.029  156.61  338.35 3.641    156.88    -23.37 99.999 99.999 99.999 13.280 13.240 99.999 99.999 99.999  0.167 99.999 99.999 99.999 99.999  99.999  99.999  99.999  99.999  0.033  0.029  0.012  0.020  0.036  0.059   14   10 99.999 99.999   99  19.643357543 -20.965962733 24 29  2.00 1995  9 16 2449977.52016204    60  filtro desconhecido   netuno13.ima.fits                                  Triton                 380   575
  -0.060  -0.049  157.23  340.74 3.384    175.37      3.30 99.999 99.999 99.999 13.545 13.611 99.999 99.999 99.999  0.287 99.999 99.999 99.999 99.999  99.999  99.999  99.999  99.999  0.021  0.021  0.010  0.011  0.037  0.038   19   14 99.999 99.999   99  19.643355612 -20.965981873 24 32 49.00 1995  9 16 2449977.52278935    90  filtro desconhecido   netuno14.ima.fits                                  Triton                 380   575
  -0.074  -0.061  157.05  342.97 3.409    169.15      2.98 99.999 99.999 99.999 13.617 13.663 99.999 99.999 99.999  0.370 99.999 99.999 99.999 99.999  99.999  99.999  99.999  99.999  0.021  0.021  0.018  0.012  0.058  0.040   18   14 99.999 99.999   99  19.643354556 -20.965992781 24 34 57.00 1995  9 16 2449977.52427083    90  filtro desconhecido   netuno15.ima.fits                                  Triton                 380   575
  -0.046  -0.027  156.09  341.97 6.205    299.04   -155.26 99.999 99.999 99.999 12.918 13.001 99.999 99.999 99.999  0.465 99.999 99.999 99.999 99.999  99.999  99.999  99.999  99.999  0.022  0.024  0.021  0.017  0.058  0.047   18   12 99.999 99.999   99  19.643354388 -20.965990548 24 36 57.00 1995  9 16 2449977.52565972    90  filtro desconhecido   netuno16.ima.fits                                  Triton                 380   575
  -0.094  -0.080  156.65  342.84 3.355    182.87      2.03 99.999 99.999 99.999 13.646 13.652 99.999 99.999 99.999  0.311 99.999 99.999 99.999 99.999  99.999  99.999  99.999  99.999  0.025  0.026  0.015  0.012  0.061  0.048   20   18 99.999 99.999   99  19.643351832 -20.966021520 24 41 21.00 1995  9 16 2449977.52871528    90  filtro desconhecido   netuno17.ima.fits                                  Triton                 380   575
  -0.041  -0.027  156.38  344.29 3.238    185.08      4.57 99.999 99.999 99.999 13.517 13.505 99.999 99.999 99.999  0.199 99.999 99.999 99.999 99.999  99.999  99.999  99.999  99.999  0.020  0.020  0.015  0.018  0.055  0.066   19   16 99.999 99.999   99  19.643352083 -20.966014495 24 43 33.00 1995  9 16 2449977.53024306    90  filtro desconhecido   netuno18.ima.fits                                  Triton                 380   575
  -0.088  -0.056  155.92  341.65 8.339    561.17   -406.24 99.999 99.999 99.999 12.710 12.688 99.999 99.999 99.999  0.636 99.999 99.999 99.999 99.999  99.999  99.999  99.999  99.999  0.034  0.036  0.016  0.020  0.061  0.077   20   16 99.999 99.999   99  19.643349801 -20.966035852 24 47 14.00 1995  9 16 2449977.53280093    90  filtro desconhecido   netuno19.ima.fits                                  Triton                 380   575
  -0.069  -0.028  155.73  339.04 3.429    140.72      8.47 99.999 99.999 99.999 13.516 13.576 99.999 99.999 99.999  0.316 99.999 99.999 99.999 99.999  99.999  99.999  99.999  99.999  0.019  0.019  0.020  0.010  0.061  0.032   19   13 99.999 99.999   99  19.643349485 -20.966035038 24 49  9.00 1995  9 16 2449977.53413194    90  filtro desconhecido   netuno20.ima.fits                                  Triton                 380   575
  -0.052  -0.056  154.54  344.65 3.297    174.61      5.17 99.999 99.999 99.999 13.558 13.620 99.999 99.999 99.999  0.292 99.999 99.999 99.999 99.999  99.999  99.999  99.999  99.999  0.022  0.022  0.018  0.014  0.064  0.047   16   14 99.999 99.999   99  19.643346443 -20.966076122 24 58 22.00 1995  9 16 2449977.54053241    90  filtro desconhecido   netuno21.ima.fits                                  Triton                 380   575
