   0.108  -0.073  466.71  473.56 2.426    993.46     43.78 99.999 99.999 99.999 13.162 13.211 99.999 99.999 99.999  0.152 99.999 99.999 99.999 99.999  99.999  99.999  99.999  99.999  0.001  0.001  0.019  0.018  0.067  0.063   28   19 99.999 99.999   99  21.094253308 -16.717057146  2  8 26.15 2004  8  6 2453223.58919155    30  V                     n20005.fits                                        Triton                1020  1020
   0.102  -0.089  473.93  482.05 2.170   1092.80     77.00 99.999 99.999 99.999 13.165 13.213 99.999 99.999 99.999  0.165 99.999 99.999 99.999 99.999  99.999  99.999  99.999  99.999  0.018  0.018  0.015  0.016  0.051  0.055   25   17 99.999 99.999   99  21.094250475 -16.717071945  2 10 14.17 2004  8  6 2453223.59044178    30  V                     n20006.fits                                        Triton                1020  1020
   0.097  -0.079  484.81  492.31 2.452   1894.51     93.13 99.999 99.999 99.999 13.186 13.186 99.999 99.999 99.999  0.164 99.999 99.999 99.999 99.999  99.999  99.999  99.999  99.999  0.028  0.028  0.014  0.020  0.051  0.072   26   17 99.999 99.999   99  21.094244299 -16.717091719  2 14 16.37 2004  8  6 2453223.59324502    60  V                     n20008.fits                                        Triton                1020  1020
   0.082  -0.096  434.81  461.07 1.912   1479.31     71.00 99.999 99.999 99.999 13.181 13.232 99.999 99.999 99.999  0.151 99.999 99.999 99.999 99.999  99.999  99.999  99.999  99.999  0.019  0.019  0.018  0.020  0.065  0.072   27   21 99.999 99.999   99  21.094109368 -16.717583904  3 43 34.47 2004  8  6 2453223.65526007    30  V                     n20013.fits                                        Triton                1020  1020
   0.111  -0.068  443.54  466.37 1.714   1736.90     96.33 99.999 99.999 99.999 13.165 13.156 99.999 99.999 99.999  0.143 99.999 99.999 99.999 99.999  99.999  99.999  99.999  99.999  0.017  0.017  0.013  0.019  0.048  0.069   26   19 99.999 99.999   99  21.094107377 -16.717585317  3 45 16.51 2004  8  6 2453223.65644109    30  V                     n20014.fits                                        Triton                1020  1020
   0.089  -0.065  446.91  469.42 2.046   2910.23     67.88 99.999 99.999 99.999 13.177 13.111 99.999 99.999 99.999  0.170 99.999 99.999 99.999 99.999  99.999  99.999  99.999  99.999  0.015  0.015  0.016  0.019  0.055  0.064   27   19 99.999 99.999   99  21.094103935 -16.717595079  3 47 16.15 2004  8  6 2453223.65782581    60  V                     n20015.fits                                        Triton                1020  1020
   0.105  -0.088  450.15  483.53 2.138   2603.91     82.23 99.999 99.999 99.999 13.178 13.132 99.999 99.999 99.999  0.183 99.999 99.999 99.999 99.999  99.999  99.999  99.999  99.999  0.023  0.023  0.016  0.020  0.056  0.072   26   20 99.999 99.999   99  21.094099979 -16.717616596  3 50  6.76 2004  8  6 2453223.65980046    60  V                     n20016.fits                                        Triton                1020  1020
   0.082  -0.116  429.32  461.29 1.845   1385.82    110.44 99.999 99.999 99.999 13.180 13.197 99.999 99.999 99.999  0.177 99.999 99.999 99.999 99.999  99.999  99.999  99.999  99.999  0.020  0.020  0.020  0.019  0.073  0.066   28   20 99.999 99.999   99  21.093975358 -16.718056753  5 12 47.04 2004  8  6 2453223.71721111    30  V                     n20021.fits                                        Triton                1020  1020
   0.098  -0.123  440.04  467.03 1.593   1933.58    117.65 99.999 99.999 99.999 13.174 13.208 99.999 99.999 99.999  0.143 99.999 99.999 99.999 99.999  99.999  99.999  99.999  99.999  0.009  0.009  0.021  0.021  0.065  0.063   24   18 99.999 99.999   99  21.093973167 -16.718067298  5 14 27.38 2004  8  6 2453223.71837245    30  V                     n20022.fits                                        Triton                1020  1020
   0.093  -0.105  449.70  475.63 1.663   3553.46    205.88 99.999 99.999 99.999 13.168 13.119 99.999 99.999 99.999  0.214 99.999 99.999 99.999 99.999  99.999  99.999  99.999  99.999  0.021  0.021  0.015  0.020  0.054  0.071   26   20 99.999 99.999   99  21.093970028 -16.718072901  5 16 30.37 2004  8  6 2453223.71979595    60  V                     n20023.fits                                        Triton                1020  1020
   0.095  -0.117  456.85  478.64 1.888   2861.42    156.66 99.999 99.999 99.999 13.194 13.108 99.999 99.999 99.999  0.189 99.999 99.999 99.999 99.999  99.999  99.999  99.999  99.999  0.018  0.018  0.017  0.020  0.062  0.073   27   21 99.999 99.999   99  21.093966927 -16.718086564  5 18 35.54 2004  8  6 2453223.72124468    60  V                     n20024.fits                                        Triton                1020  1020
