   0.097  -0.042 1340.81  970.17 1.447    391.29     29.76 99.999 99.999 99.999 13.408 13.415 99.999 99.999 99.999  0.142 99.999 99.999 99.999 99.999  99.999  99.999  99.999  99.999  0.011  0.011  0.021  0.017  0.064  0.053   26   17 99.999 99.999   99  21.335594698 -15.782656185  4 17 44.24 2006  9 11 2453989.67898426     2  Clear                 netuno0001.fits                                    Triton                2045  2050
  -0.062   0.048 1338.90  969.91 1.324    373.55     45.62 99.999 99.999 99.999 13.365 13.364 99.999 99.999 99.999  0.135 99.999 99.999 99.999 99.999  99.999  99.999  99.999  99.999  0.010  0.010  0.019  0.018  0.071  0.066   29   22 99.999 99.999   99  21.335590605 -15.782634286  4 18 55.94 2006  9 11 2453989.67981412     2  Clear                 netuno0003.fits                                    Triton                2045  2050
  -0.056   0.140 1339.55  970.07 1.457    348.01     38.30 99.999 99.999 99.999 13.403 13.446 99.999 99.999 99.999  0.137 99.999 99.999 99.999 99.999  99.999  99.999  99.999  99.999  0.012  0.012  0.022  0.020  0.073  0.067   30   16 99.999 99.999   99  21.335590223 -15.782610108  4 19 31.38 2006  9 11 2453989.68022431     2  Clear                 netuno0004.fits                                    Triton                2045  2050
  -0.079   0.080 1339.74  970.60 1.303    393.72     48.59 99.999 99.999 99.999 13.362 13.411 99.999 99.999 99.999  0.126 99.999 99.999 99.999 99.999  99.999  99.999  99.999  99.999  0.009  0.009  0.017  0.018  0.058  0.063   29   19 99.999 99.999   99  21.335589249 -15.782628355  4 20  6.86 2006  9 11 2453989.68063495     2  Clear                 netuno0005.fits                                    Triton                2045  2050
   0.023   0.021 1341.88  970.23 1.490    349.34     30.76 99.999 99.999 99.999 13.444 13.404 99.999 99.999 99.999  0.139 99.999 99.999 99.999 99.999  99.999  99.999  99.999  99.999  0.008  0.008  0.022  0.018  0.074  0.062   29   19 99.999 99.999   99  21.335590724 -15.782646236  4 20 42.28 2006  9 11 2453989.68104491     2  Clear                 netuno0006.fits                                    Triton                2045  2050
  -0.119   0.086 1347.41  969.04 1.540    312.69     34.63 99.999 99.999 99.999 13.381 13.449 99.999 99.999 99.999  0.138 99.999 99.999 99.999 99.999  99.999  99.999  99.999  99.999  0.011  0.011  0.026  0.020  0.077  0.058   26   17 99.999 99.999   99  21.335587482 -15.782629700  4 21 17.71 2006  9 11 2453989.68145498     2  Clear                 netuno0007.fits                                    Triton                2045  2050
   0.051  -0.041 1346.40  970.28 1.518    293.10     38.49 99.999 99.999 99.999 13.319 13.336 99.999 99.999 99.999  0.087 99.999 99.999 99.999 99.999  99.999  99.999  99.999  99.999  0.011  0.011  0.021  0.016  0.070  0.052   24   15 99.999 99.999   99  21.335590240 -15.782666491  4 21 52.95 2006  9 11 2453989.68186285     2  Clear                 netuno0008.fits                                    Triton                2045  2050
  -0.019   0.111 1345.49  969.61 1.613    281.14     30.69 99.999 99.999 99.999 13.454 13.475 99.999 99.999 99.999  0.131 99.999 99.999 99.999 99.999  99.999  99.999  99.999  99.999  0.009  0.009  0.032  0.014  0.081  0.034   29   15 99.999 99.999   99  21.335588387 -15.782625460  4 22 28.19 2006  9 11 2453989.68227072     2  Clear                 netuno0009.fits                                    Triton                2045  2050
  -0.092   0.101 1346.01  970.23 1.488    293.57     42.76 99.999 99.999 99.999 13.279 13.320 99.999 99.999 99.999  0.182 99.999 99.999 99.999 99.999  99.999  99.999  99.999  99.999  0.008  0.008  0.023  0.018  0.074  0.057   28   19 99.999 99.999   99  21.335586481 -15.782629999  4 23  2.58 2006  9 11 2453989.68266875     2  Clear                 netuno0010.fits                                    Triton                2045  2050
  -0.047   0.147 1347.03  968.90 1.521    326.64     29.25 99.999 99.999 99.999 13.353 13.414 99.999 99.999 99.999  0.173 99.999 99.999 99.999 99.999  99.999  99.999  99.999  99.999  0.009  0.009  0.025  0.020  0.079  0.063   30   18 99.999 99.999   99  21.335586855 -15.782618723  4 23 37.80 2006  9 11 2453989.68307639     2  Clear                 netuno0011.fits                                    Triton                2045  2050
  -0.028   0.003 1348.93  970.29 1.213    409.63     59.08 99.999 99.999 99.999 13.283 13.336 99.999 99.999 99.999  0.147 99.999 99.999 99.999 99.999  99.999  99.999  99.999  99.999  0.021  0.021  0.014  0.021  0.049  0.073   28   16 99.999 99.999   99  21.335586710 -15.782660043  4 24 13.02 2006  9 11 2453989.68348403     2  Clear                 netuno0012.fits                                    Triton                2045  2050
   0.089   0.071 1351.18  968.95 1.339    386.89     42.57 99.999 99.999 99.999 13.479 13.396 99.999 99.999 99.999  0.126 99.999 99.999 99.999 99.999  99.999  99.999  99.999  99.999  0.010  0.010  0.026  0.028  0.066  0.073   28   16 99.999 99.999   99  21.335588454 -15.782642791  4 24 48.25 2006  9 11 2453989.68389178     2  Clear                 netuno0013.fits                                    Triton                2045  2050
   0.040  -0.058 1355.98  969.07 1.614    307.08     26.45 99.999 99.999 99.999 13.415 13.492 99.999 99.999 99.999  0.147 99.999 99.999 99.999 99.999  99.999  99.999  99.999  99.999  0.007  0.007  0.017  0.019  0.053  0.058   30   16 99.999 99.999   99  21.335587014 -15.782679975  4 25 22.63 2006  9 11 2453989.68428970     2  Clear                 netuno0014.fits                                    Triton                2045  2050
   0.039  -0.088 1356.40  969.18 1.700    291.59     25.09 99.999 99.999 99.999 13.354 13.441 99.999 99.999 99.999  0.137 99.999 99.999 99.999 99.999  99.999  99.999  99.999  99.999  0.009  0.009  0.025  0.014  0.073  0.041   27   14 99.999 99.999   99  21.335586502 -15.782689684  4 25 57.85 2006  9 11 2453989.68469734     2  Clear                 netuno0015.fits                                    Triton                2045  2050
   0.042  -0.074 1357.15  968.56 1.274    409.03     50.94 99.999 99.999 99.999 13.352 13.262 99.999 99.999 99.999  0.126 99.999 99.999 99.999 99.999  99.999  99.999  99.999  99.999  0.011  0.011  0.019  0.020  0.065  0.067   28   18 99.999 99.999   99  21.335585550 -15.782688869  4 27  8.31 2006  9 11 2453989.68551285     2  Clear                 netuno0017.fits                                    Triton                2045  2050
  -0.047  -0.036 1358.65  968.62 1.384    356.97     40.79 99.999 99.999 99.999 13.389 13.331 99.999 99.999 99.999  0.132 99.999 99.999 99.999 99.999  99.999  99.999  99.999  99.999  0.001  0.001  0.023  0.019  0.075  0.061   28   18 99.999 99.999   99  21.335583340 -15.782680056  4 27 42.70 2006  9 11 2453989.68591088     2  Clear                 netuno0018.fits                                    Triton                2045  2050
  -0.057   0.040 1361.29  967.82 1.296    417.64     45.40 99.999 99.999 99.999 13.379 13.325 99.999 99.999 99.999  0.119 99.999 99.999 99.999 99.999  99.999  99.999  99.999  99.999  0.007  0.007  0.016  0.013  0.057  0.047   26   19 99.999 99.999   99  21.335582645 -15.782660240  4 28 17.94 2006  9 11 2453989.68631875     2  Clear                 netuno0019.fits                                    Triton                2045  2050
   0.084  -0.100 1365.27  967.59 1.893    209.01     26.63 99.999 99.999 99.999 13.347 13.414 99.999 99.999 99.999  0.093 99.999 99.999 99.999 99.999  99.999  99.999  99.999  99.999  0.005  0.005  0.029  0.015  0.082  0.043   28   20 99.999 99.999   99  21.335584864 -15.782700568  4 28 53.20 2006  9 11 2453989.68672685     2  Clear                 netuno0020.fits                                    Triton                2045  2050
   0.007   0.082 1369.34  967.50 1.315    399.65     46.48 99.999 99.999 99.999 13.373 13.390 99.999 99.999 99.999  0.092 99.999 99.999 99.999 99.999  99.999  99.999  99.999  99.999  0.013  0.014  0.013  0.019  0.050  0.069   29   20 99.999 99.999   99  21.335582384 -15.782653145  4 30  2.82 2006  9 11 2453989.68753264     2  Clear                 netuno0022.fits                                    Triton                2045  2050
   0.010   0.087 1370.79  967.37 1.519    330.36     31.36 99.999 99.999 99.999 13.381 13.482 99.999 99.999 99.999  0.115 99.999 99.999 99.999 99.999  99.999  99.999  99.999  99.999  0.010  0.010  0.019  0.023  0.046  0.055   29   17 99.999 99.999   99  21.335581416 -15.782654708  4 31 13.32 2006  9 11 2453989.68834861     2  Clear                 netuno0024.fits                                    Triton                2045  2050
  -0.073   0.107 1372.79  966.67 1.548    308.92     32.63 99.999 99.999 99.999 13.362 13.395 99.999 99.999 99.999  0.132 99.999 99.999 99.999 99.999  99.999  99.999  99.999  99.999  0.009  0.009  0.019  0.019  0.059  0.059   27   17 99.999 99.999   99  21.335579348 -15.782650502  4 31 47.74 2006  9 11 2453989.68874699     2  Clear                 netuno0025.fits                                    Triton                2045  2050
  -0.044   0.060 1385.12  966.52 1.540    309.86     32.39 99.999 99.999 99.999 13.395 13.407 99.999 99.999 99.999  0.133 99.999 99.999 99.999 99.999  99.999  99.999  99.999  99.999  0.013  0.013  0.023  0.021  0.068  0.061   27   16 99.999 99.999   99  21.335578384 -15.782667961  4 33 32.93 2006  9 11 2453989.68996447     2  Clear                 netuno0028.fits                                    Triton                2045  2050
   0.024  -0.052 1384.86  966.30 1.391    367.59     38.95 99.999 99.999 99.999 13.346 13.405 99.999 99.999 99.999  0.106 99.999 99.999 99.999 99.999  99.999  99.999  99.999  99.999  0.008  0.008  0.020  0.022  0.065  0.073   27   21 99.999 99.999   99  21.335578677 -15.782702173  4 34 42.73 2006  9 11 2453989.69077234     2  Clear                 netuno0030.fits                                    Triton                2045  2050
  -0.021   0.072 1384.91  965.40 1.382    352.65     39.80 99.999 99.999 99.999 13.338 13.344 99.999 99.999 99.999  0.155 99.999 99.999 99.999 99.999  99.999  99.999  99.999  99.999  0.015  0.015  0.027  0.026  0.070  0.066   28   15 99.999 99.999   99  21.335576821 -15.782670957  4 35 53.40 2006  9 11 2453989.69159028     2  Clear                 netuno0032.fits                                    Triton                2045  2050
  -0.024   0.174 1386.25  965.57 1.541    311.38     32.34 99.999 99.999 99.999 13.295 13.330 99.999 99.999 99.999  0.156 99.999 99.999 99.999 99.999  99.999  99.999  99.999  99.999  0.010  0.010  0.039  0.036  0.072  0.066   20   13 99.999 99.999   99  21.335576264 -15.782643860  4 36 28.80 2006  9 11 2453989.69200000     2  Clear                 netuno0033.fits                                    Triton                2045  2050
  -0.059  -0.010 1391.60  965.67 1.564    294.98     33.70 99.999 99.999 99.999 13.390 13.339 99.999 99.999 99.999  0.126 99.999 99.999 99.999 99.999  99.999  99.999  99.999  99.999  0.009  0.009  0.023  0.035  0.057  0.086   26   13 99.999 99.999   99  21.335575085 -15.782696748  4 37  4.11 2006  9 11 2453989.69240868     2  Clear                 netuno0034.fits                                    Triton                2045  2050
   0.074   0.186 1392.37  964.09 1.568    301.33     33.36 99.999 99.999 99.999 13.226 13.369 99.999 99.999 99.999  0.166 99.999 99.999 99.999 99.999  99.999  99.999  99.999  99.999  0.009  0.009  0.028  0.019  0.068  0.047   26   15 99.999 99.999   99  21.335577145 -15.782643642  4 37 39.42 2006  9 11 2453989.69281736     2  Clear                 netuno0035.fits                                    Triton                2045  2050
   0.019   0.107 1391.55  964.08 1.616    259.80     35.92 99.999 99.999 99.999 13.471 13.513 99.999 99.999 99.999  0.152 99.999 99.999 99.999 99.999  99.999  99.999  99.999  99.999  0.011  0.011  0.024  0.030  0.059  0.075   26   14 99.999 99.999   99  21.335575561 -15.782667223  4 38 14.71 2006  9 11 2453989.69322581     2  Clear                 netuno0036.fits                                    Triton                2045  2050
  -0.006   0.148 1391.65  964.44 1.577    290.69     33.09 99.999 99.999 99.999 13.429 13.431 99.999 99.999 99.999  0.104 99.999 99.999 99.999 99.999  99.999  99.999  99.999  99.999  0.010  0.010  0.026  0.020  0.075  0.056   27   16 99.999 99.999   99  21.335574581 -15.782657194  4 38 50.01 2006  9 11 2453989.69363437     2  Clear                 netuno0037.fits                                    Triton                2045  2050
   0.012   0.073 1391.64  964.48 1.423    361.60     33.30 99.999 99.999 99.999 13.351 13.324 99.999 99.999 99.999  0.144 99.999 99.999 99.999 99.999  99.999  99.999  99.999  99.999  0.007  0.007  0.023  0.021  0.062  0.055   29   16 99.999 99.999   99  21.335573928 -15.782681029  4 40  0.64 2006  9 11 2453989.69445185     2  Clear                 netuno0039.fits                                    Triton                2045  2050
  -0.053   0.032 1395.13  965.13 1.458    341.00     33.70 99.999 99.999 99.999 13.357 13.350 99.999 99.999 99.999  0.166 99.999 99.999 99.999 99.999  99.999  99.999  99.999  99.999  0.010  0.010  0.020  0.024  0.056  0.068   29   19 99.999 99.999   99  21.335572180 -15.782693809  4 40 35.92 2006  9 11 2453989.69486019     2  Clear                 netuno0040.fits                                    Triton                2045  2050
