  -0.002   0.029  522.11  514.41 2.098    198.09     15.06 99.999 99.999 99.999 13.454 13.744 99.999 99.999 99.999  0.273 99.999 99.999 99.999 99.999  99.999  99.999  99.999  99.999  0.025  0.025  0.010  0.012  0.051  0.062   40   29 99.999 99.999   99  20.854861952 -17.650548208 22  8  5.63 2003 10 14 2452927.42228738    10  V                     n40001.fits                                        Triton                1020  1020     1   0.000   0.000
   0.022  -0.005  522.30  511.15 2.275    102.12     14.81 99.999 99.999 99.999 13.487 13.645 99.999 99.999 99.999  0.141 99.999 99.999 99.999 99.999  99.999  99.999  99.999  99.999  0.018  0.018  0.013  0.008  0.071  0.044   34   29 99.999 99.999   99  20.854862103 -17.650569327 22 12 29.17 2003 10 14 2452927.42533762     8  V                     n40002.fits                                        Triton                1020  1020     1   0.000   0.000
   0.055   0.055  524.76  506.21 2.146    135.93     21.13 99.999 99.999 99.999 13.435 13.614 99.999 99.999 99.999  0.178 99.999 99.999 99.999 99.999  99.999  99.999  99.999  99.999  0.012  0.012  0.010  0.010  0.052  0.053   38   32 99.999 99.999   99  20.854862455 -17.650562166 22 16  2.90 2003 10 14 2452927.42781134     8  V                     n40003.fits                                        Triton                1020  1020     1   0.000   0.000
   0.024  -0.029  516.25  498.11 2.856     88.04     12.29 99.999 99.999 99.999 13.427 13.614 99.999 99.999 99.999  0.258 99.999 99.999 99.999 99.999  99.999  99.999  99.999  99.999  0.020  0.020  0.011  0.011  0.059  0.056   37   29 99.999 99.999   99  20.854861679 -17.650591628 22 18 20.44 2003 10 14 2452927.42940324     8  V                     n40004.fits                                        Triton                1020  1020     1   0.000   0.000
   0.084  -0.063  560.14  524.49 2.689     89.35     14.64 99.999 99.999 99.999 13.425 13.663 99.999 99.999 99.999  0.280 99.999 99.999 99.999 99.999  99.999  99.999  99.999  99.999  0.019  0.019  0.010  0.010  0.056  0.058   39   32 99.999 99.999   99  20.854852882 -17.650931976  0 20 28.54 2003 10 15 2452927.51421921     8  V                     n40020.fits                                        Triton                1020  1020     1   0.000   0.000
  -0.007   0.031  540.80  589.19 2.606     84.57     16.37 99.999 99.999 99.999 13.454 13.649 99.999 99.999 99.999  0.131 99.999 99.999 99.999 99.999  99.999  99.999  99.999  99.999  0.019  0.019  0.009  0.012  0.050  0.065   37   29 99.999 99.999   99  20.854850772 -17.650916463  0 24 17.97 2003 10 15 2452927.51687465     8  V                     n40021.fits                                        Triton                1020  1020     1   0.000   0.000
   0.033   0.059  512.35  546.08 2.440    106.65     22.40 99.999 99.999 99.999 13.496 13.617 99.999 99.999 99.999  0.119 99.999 99.999 99.999 99.999  99.999  99.999  99.999  99.999  0.018  0.018  0.012  0.009  0.060  0.047   33   26 99.999 99.999   99  20.854647688 -17.655274230 22  2 37.61 2003 10 15 2452928.41849086    10  V                     n50001.fits                                        Triton                1004  1024     1   0.000   0.000
  -0.035   0.099  517.65  538.72 2.681    112.80     16.94 99.999 99.999 99.999 13.419 13.593 99.999 99.999 99.999  0.272 99.999 99.999 99.999 99.999  99.999  99.999  99.999  99.999  0.015  0.015  0.009  0.010  0.050  0.057   37   32 99.999 99.999   99  20.854645540 -17.655272924 22  5 31.45 2003 10 15 2452928.42050289    10  V                     n50002.fits                                        Triton                1004  1024     1   0.000   0.000
  -0.024   0.076  519.98  535.15 2.379    110.21     25.15 99.999 99.999 99.999 13.475 13.623 99.999 99.999 99.999  0.122 99.999 99.999 99.999 99.999  99.999  99.999  99.999  99.999  0.020  0.020  0.012  0.010  0.064  0.052   32   27 99.999 99.999   99  20.854645198 -17.655286250 22  7 30.47 2003 10 15 2452928.42188044    10  V                     n50003.fits                                        Triton                1004  1024     1   0.000   0.000
  -0.044   0.073  513.99  534.77 2.076    187.87     25.74 99.999 99.999 99.999 13.456 13.673 99.999 99.999 99.999  0.270 99.999 99.999 99.999 99.999  99.999  99.999  99.999  99.999  0.014  0.014  0.010  0.011  0.056  0.060   36   31 99.999 99.999   99  20.854624958 -17.655529513 23 17  8.83 2003 10 15 2452928.47024109    10  V                     n50018.fits                                        Triton                1004  1024     1   0.000   0.000
   0.020   0.020  513.76  533.62 1.785    243.45     31.30 99.999 99.999 99.999 13.393 13.650 99.999 99.999 99.999  0.299 99.999 99.999 99.999 99.999  99.999  99.999  99.999  99.999  0.016  0.016  0.010  0.011  0.055  0.060   37   33 99.999 99.999   99  20.854625533 -17.655552498 23 19 31.04 2003 10 15 2452928.47188704    10  V                     n50019.fits                                        Triton                1004  1024     1   0.000   0.000
  -0.023   0.043  513.87  529.89 2.206    164.19     24.19 99.999 99.999 99.999 13.437 13.717 99.999 99.999 99.999  0.269 99.999 99.999 99.999 99.999  99.999  99.999  99.999  99.999  0.017  0.017  0.009  0.011  0.051  0.061   37   33 99.999 99.999   99  20.854624243 -17.655551419 23 21  1.89 2003 10 15 2452928.47293854    10  V                     n50020.fits                                        Triton                1004  1024     1   0.000   0.000
  -0.023  -0.037  522.26  511.94 1.142    265.63     28.45 99.999 99.999 99.999 13.450 13.584 99.999 99.999 99.999  0.129 99.999 99.999 99.999 99.999  99.999  99.999  99.999  99.999  0.014  0.014  0.014  0.014  0.064  0.065   26   21 99.999 99.999   99  20.854126636 -17.659411323 23 32 29.75 2003 10 16 2452929.48089988     4  V                     n60009.fits                                        Triton                1004  1024     1   0.000   0.000
  -0.035  -0.144  552.12  464.90 1.195    358.20     17.23 99.999 99.999 99.999 13.429 13.602 99.999 99.999 99.999  0.131 99.999 99.999 99.999 99.999  99.999  99.999  99.999  99.999  0.012  0.012  0.015  0.012  0.056  0.045   21   17 99.999 99.999   99  20.853651651 -17.659520231 22 45 25.48 2003 10 17 2452930.44821157     5  V                     n70004.fits                                        Triton                1004  1024     1   0.000   0.000
  -0.008   0.000  551.47  484.83 0.895    323.46     75.23 99.999 99.999 99.999 13.346 13.674 99.999 99.999 99.999  0.340 99.999 99.999 99.999 99.999  99.999  99.999  99.999  99.999  0.033  0.048  0.012  0.016  0.053  0.069   27   23 99.999 99.999   99  20.853651765 -17.659478534 22 46 51.41 2003 10 17 2452930.44920613     5  V                     n70005.fits                                        Triton                1004  1024     1   0.000   0.000
  -0.031  -0.090  491.72  511.22 1.374     88.94     14.19 99.999 99.999 99.999 13.468 13.504 99.999 99.999 99.999  0.140 99.999 99.999 99.999 99.999  99.999  99.999  99.999  99.999  0.034  0.034  0.020  0.019  0.065  0.063   16   14 99.999 99.999   99  20.853591625 -17.654912233 22 57 20.87 2003 10 19 2452932.45649155     5  V                     n90005.fits                                        Triton                1004  1024     1   0.000   0.000
   0.017  -0.027  479.05  513.80 1.624    162.52     18.41 99.999 99.999 99.999 13.427 13.605 99.999 99.999 99.999  0.136 99.999 99.999 99.999 99.999  99.999  99.999  99.999  99.999  0.021  0.021  0.013  0.012  0.065  0.059   29   27 99.999 99.999   99  20.853592893 -17.654894039 22 59 39.84 2003 10 19 2452932.45810000     8  V                     n90006.fits                                        Triton                1004  1024     1   0.000   0.000
  -0.069   0.000  491.30  409.84 2.779     28.20      4.10 99.999 99.999 99.999 13.327 13.412 99.999 99.999 99.999  0.259 99.999 99.999 99.999 99.999  99.999  99.999  99.999  99.999  0.066  0.064  0.076  0.021  0.110  0.031    7    7 99.999 99.999   99  21.096184702 -16.708061622  4 13 58.86 2004  8  5 2453222.67637569     1  V                     n10001.fits                                        Triton                1020  1020     1   0.000   0.000
   0.058  -0.126  492.29  411.59 2.590     28.58      5.17 99.999 99.999 99.999 13.312 13.305 99.999 99.999 99.999  0.122 99.999 99.999 99.999 99.999  99.999  99.999  99.999  99.999  0.065  0.065  0.070  0.073  0.097  0.101    6    5 99.999 99.999   99  21.096185458 -16.708105917  4 15  8.33 2004  8  5 2453222.67717975     1  V                     n10002.fits                                        Triton                1020  1020     1   0.000   0.000
   0.012  -0.117  491.23  425.24 1.922    428.87     26.52 99.999 99.999 99.999 13.221 13.271 99.999 99.999 99.999  0.156 99.999 99.999 99.999 99.999  99.999  99.999  99.999  99.999  0.022  0.022  0.023  0.022  0.056  0.053   22   17 99.999 99.999   99  21.096182559 -16.708114132  4 16 30.90 2004  8  5 2453222.67813542    10  V                     n10003.fits                                        Triton                1020  1020     1   0.000   0.000
   0.019  -0.128  491.49  434.02 2.085    407.10     18.84 99.999 99.999 99.999 13.185 13.263 99.999 99.999 99.999  0.160 99.999 99.999 99.999 99.999  99.999  99.999  99.999  99.999  0.021  0.021  0.021  0.022  0.052  0.056   22   16 99.999 99.999   99  21.096180451 -16.708129359  4 18  4.13 2004  8  5 2453222.67921447    10  V                     n10004.fits                                        Triton                1020  1020     1   0.000   0.000
  -0.014  -0.080  456.03  425.48 2.708     29.42      4.53 99.999 99.999 99.999 13.286 13.233 99.999 99.999 99.999  0.093 99.999 99.999 99.999 99.999  99.999  99.999  99.999  99.999  0.055  0.055  0.027  0.048  0.037  0.066    6    6 99.999 99.999   99  21.096083222 -16.708635134  5 24 32.44 2004  8  5 2453222.72537546     1  V                     n10009.fits                                        Triton                1020  1020     1   0.000   0.000
  -0.033  -0.331  455.90  441.23 2.857     26.87      4.45 99.999 99.999 99.999 13.298 13.315 99.999 99.999 99.999  0.069 99.999 99.999 99.999 99.999  99.999  99.999  99.999  99.999  0.081  0.080  0.030  0.039  0.035  0.045    6    4 99.999 99.999   99  21.096081248 -16.708713395  5 25 39.47 2004  8  5 2453222.72615127     1  V                     n10010.fits                                        Triton                1020  1020     1   0.000   0.000
  -0.038  -0.016  455.71  447.63 2.425    309.87     14.06 99.999 99.999 99.999 13.197 13.228 99.999 99.999 99.999  0.131 99.999 99.999 99.999 99.999  99.999  99.999  99.999  99.999  0.058  0.058  0.026  0.028  0.052  0.056   22   16 99.999 99.999   99  21.096079440 -16.708634875  5 26 50.34 2004  8  5 2453222.72697153    10  V                     n10011.fits                                        Triton                1020  1020     1   0.000   0.000
   0.010  -0.104  455.99  459.09 3.361    258.67    -17.10 99.999 99.999 99.999 13.198 13.252 99.999 99.999 99.999  0.100 99.999 99.999 99.999 99.999  99.999  99.999  99.999  99.999  0.051  0.051  0.022  0.030  0.054  0.074   18   14 99.999 99.999   99  21.096078520 -16.708669226  5 28  5.52 2004  8  5 2453222.72784167    10  V                     n10012.fits                                        Triton                1020  1020     1   0.000   0.000
  -0.049  -0.115  476.59  321.71 3.941     18.44      3.64 99.999 99.999 99.999 13.256 13.288 99.999 99.999 99.999  0.098 99.999 99.999 99.999 99.999  99.999  99.999  99.999  99.999  0.052  0.052  0.050  0.052  0.064  0.067    5    5 99.999 99.999   99  21.095994556 -16.709110225  6 24 57.63 2004  8  5 2453222.76733368     1  V                     n10017.fits                                        Triton                1020  1020     1   0.000   0.000
  -0.058  -0.099  476.21  387.51 4.071    161.47      1.53 99.999 99.999 99.999 13.230 13.361 99.999 99.999 99.999  0.126 99.999 99.999 99.999 99.999  99.999  99.999  99.999  99.999  0.061  0.061  0.030  0.029  0.062  0.060   21   15 99.999 99.999   99  21.095990289 -16.709127160  6 27 45.31 2004  8  5 2453222.76927442    10  V                     n10019.fits                                        Triton                1020  1020     1   0.000   0.000
  -0.020  -0.118  475.82  408.63 4.387    143.55      1.78 99.999 99.999 99.999 13.177 13.290 99.999 99.999 99.999  0.172 99.999 99.999 99.999 99.999  99.999  99.999  99.999  99.999  0.061  0.061  0.036  0.032  0.086  0.078   23   18 99.999 99.999   99  21.095989195 -16.709142214  6 29  1.40 2004  8  5 2453222.77015509    10  V                     n10020.fits                                        Triton                1020  1020     1   0.000   0.000
  -0.195  -0.045  458.12  395.79 1.603     55.84      9.80 99.999 99.999 99.999 13.166 13.166 99.999 99.999 99.999  0.094 99.999 99.999 99.999 99.999  99.999  99.999  99.999  99.999  0.025  0.025  0.098  0.092  0.084  0.079    6    6 99.999 99.999   99  21.094255834 -16.717018537  2  2 52.81 2004  8  6 2453223.58533345     1  V                     n20001.fits                                        Triton                1020  1020     1   0.000   0.000
  -0.190  -0.200  458.62  410.53 2.409     40.92      4.19 99.999 99.999 99.999 13.131 13.054 99.999 99.999 99.999  0.091 99.999 99.999 99.999 99.999  99.999  99.999  99.999  99.999  0.059  0.059  0.052  0.071  0.045  0.061    6    6 99.999 99.999   99  21.094254214 -16.717068003  2  4  1.63 2004  8  6 2453223.58612998     1  V                     n20002.fits                                        Triton                1020  1020     1   0.000   0.000
   0.111  -0.068  458.56  435.89 1.724    508.01     49.72 99.999 99.999 99.999 13.136 13.110 99.999 99.999 99.999  0.148 99.999 99.999 99.999 99.999  99.999  99.999  99.999  99.999  0.032  0.032  0.024  0.018  0.077  0.057   25   17 99.999 99.999   99  21.094257948 -16.717038979  2  5 24.30 2004  8  6 2453223.58708681    10  V                     n20003.fits                                        Triton                1020  1020     1   0.000   0.000
   0.092  -0.112  459.40  459.35 2.697    284.57     14.43 99.999 99.999 99.999 13.200 13.203 99.999 99.999 99.999  0.137 99.999 99.999 99.999 99.999  99.999  99.999  99.999  99.999  0.039  0.039  0.024  0.016  0.073  0.051   21   17 99.999 99.999   99  21.094255510 -16.717059022  2  6 47.22 2004  8  6 2453223.58804653    10  V                     n20004.fits                                        Triton                1020  1020     1   0.000   0.000
  -0.141  -0.216  399.79  421.90 1.507     68.51      9.82 99.999 99.999 99.999 13.085 13.083 99.999 99.999 99.999  0.127 99.999 99.999 99.999 99.999  99.999  99.999  99.999  99.999  0.015  0.015  0.075  0.111  0.063  0.092    6    6 99.999 99.999   99  21.094113642 -16.717586750  3 37 52.45 2004  8  6 2453223.65130150     1  V                     n20009.fits                                        Triton                1020  1020     1   0.000   0.000
  -0.025  -0.048  411.96  429.73 1.507     52.72     12.02 99.999 99.999 99.999 13.190 13.073 99.999 99.999 99.999  0.072 99.999 99.999 99.999 99.999  99.999  99.999  99.999  99.999  0.020  0.020  0.014  0.156  0.011  0.117    4    4 99.999 99.999   99  21.094113942 -16.717546810  3 39  9.78 2004  8  6 2453223.65219653     1  V                     n20010.fits                                        Triton                1020  1020     1   0.000   0.000
   0.137  -0.110  418.06  439.48 1.623    645.24     36.55 99.999 99.999 99.999 13.172 13.215 99.999 99.999 99.999  0.185 99.999 99.999 99.999 99.999  99.999  99.999  99.999  99.999  0.024  0.024  0.019  0.017  0.063  0.057   28   17 99.999 99.999   99  21.094114978 -16.717571577  3 40 32.57 2004  8  6 2453223.65315475    10  V                     n20011.fits                                        Triton                1020  1020     1   0.000   0.000
  -0.005  -0.134  426.78  451.76 1.716    570.28     38.02 99.999 99.999 99.999 13.175 13.228 99.999 99.999 99.999  0.154 99.999 99.999 99.999 99.999  99.999  99.999  99.999  99.999  0.028  0.028  0.027  0.033  0.054  0.067   22   18 99.999 99.999   99  21.094110184 -16.717585455  3 41 54.74 2004  8  6 2453223.65410579    10  V                     n20012.fits                                        Triton                1020  1020     1   0.000   0.000
   0.166  -0.272  398.21  429.67 1.125    111.96     12.29 99.999 99.999 99.999 13.141 13.336 99.999 99.999 99.999  0.140 99.999 99.999 99.999 99.999  99.999  99.999  99.999  99.999  0.015  0.015  0.000  0.000  0.000  0.000    4    3 99.999 99.999   99  21.093985907 -16.718069616  5  6 50.58 2004  8  6 2453223.71308542     1  V                     n20017.fits                                        Triton                1020  1020     1   0.000   0.000
  -0.048  -0.253  399.34  439.89 1.259     92.82     11.07 99.999 99.999 99.999 13.161 13.148 99.999 99.999 99.999  0.115 99.999 99.999 99.999 99.999  99.999  99.999  99.999  99.999  0.028  0.029  0.055  0.097  0.044  0.078    6    6 99.999 99.999   99  21.093979787 -16.718071228  5  8  8.77 2004  8  6 2453223.71399039     1  V                     n20018.fits                                        Triton                1020  1020     1   0.000   0.000
   0.107  -0.078  401.01  451.42 1.365    783.24     60.63 99.999 99.999 99.999 13.196 13.198 99.999 99.999 99.999  0.163 99.999 99.999 99.999 99.999  99.999  99.999  99.999  99.999  0.014  0.014  0.031  0.021  0.067  0.045   17   12 99.999 99.999   99  21.093980600 -16.718030052  5  9 36.57 2004  8  6 2453223.71500660    10  V                     n20019.fits                                        Triton                1020  1020     1   0.000   0.000
   0.106  -0.115  415.01  455.05 1.526    666.32     50.98 99.999 99.999 99.999 13.217 13.183 99.999 99.999 99.999  0.125 99.999 99.999 99.999 99.999  99.999  99.999  99.999  99.999  0.027  0.027  0.025  0.016  0.087  0.057   25   19 99.999 99.999   99  21.093978390 -16.718047812  5 11  4.72 2004  8  6 2453223.71602685    10  V                     n20020.fits                                        Triton                1020  1020     1   0.000   0.000
   0.114  -0.041  455.04  462.44 1.896     42.05      6.96 99.999 99.999 99.999 13.412 13.395 99.999 99.999 99.999  0.156 99.999 99.999 99.999 99.999  99.999  99.999  99.999  99.999  0.038  0.038  0.014  0.024  0.048  0.082   20   13 99.999 99.999   99  21.092278128 -16.722932437  1 15 30.61 2004  8  7 2453224.55243762     1  V                     n30001.fits                                        Triton                1020  1020     1   0.000   0.000
   0.052  -0.171  459.08  472.78 2.228     36.38      5.41 99.999 99.999 99.999 13.401 13.394 99.999 99.999 99.999  0.220 99.999 99.999 99.999 99.999  99.999  99.999  99.999  99.999  0.078  0.078  0.021  0.024  0.065  0.075   13   12 99.999 99.999   99  21.092275229 -16.722972502  1 16 45.17 2004  8  7 2453224.55330058     1  V                     n30002.fits                                        Triton                1020  1020     1   0.000   0.000
   0.070  -0.123  474.45  487.20 2.454    328.19      5.95 99.999 99.999 99.999 13.328 13.020 99.999 99.999 99.999  0.218 99.999 99.999 99.999 99.999  99.999  99.999  99.999  99.999  0.030  0.030  0.014  0.017  0.061  0.075   28   21 99.999 99.999   99  21.092273719 -16.722963603  1 18  7.73 2004  8  7 2453224.55425613    10  V                     n30003.fits                                        Triton                1020  1020     1   0.000   0.000
   0.038  -0.084  484.34  489.05 2.130    429.97      3.36 99.999 99.999 99.999 13.350 13.016 99.999 99.999 99.999  0.228 99.999 99.999 99.999 99.999  99.999  99.999  99.999  99.999  0.026  0.026  0.019  0.013  0.068  0.046   26   19 99.999 99.999   99  21.092271271 -16.722957320  1 19 29.53 2004  8  7 2453224.55520289    10  V                     n30004.fits                                        Triton                1020  1020     1   0.000   0.000
   0.062  -0.068  449.90  469.53 1.545     63.93      8.38 99.999 99.999 99.999 13.237 13.137 99.999 99.999 99.999  0.183 99.999 99.999 99.999 99.999  99.999  99.999  99.999  99.999  0.000  0.000  0.019  0.019  0.073  0.071   24   16 99.999 99.999   99  21.092122844 -16.723298452  3 10  2.18 2004  8  7 2453224.63196968     1  V                     n30009.fits                                        Triton                1020  1020     1   0.000   0.000
   0.074  -0.009  450.06  466.31 1.270     87.34     11.76 99.999 99.999 99.999 13.169 13.171 99.999 99.999 99.999  0.180 99.999 99.999 99.999 99.999  99.999  99.999  99.999  99.999  0.016  0.016  0.023  0.017  0.070  0.052   19   13 99.999 99.999   99  21.092121484 -16.723285555  3 11 13.28 2004  8  7 2453224.63279259     1  V                     n30010.fits                                        Triton                1020  1020     1   0.000   0.000
   0.075  -0.121  450.09  476.58 1.287    853.77     60.76 99.999 99.999 99.999 13.187 12.859 99.999 99.999 99.999  0.165 99.999 99.999 99.999 99.999  99.999  99.999  99.999  99.999  0.013  0.013  0.016  0.017  0.063  0.068   26   20 99.999 99.999   99  21.092119485 -16.723321323  3 12 45.25 2004  8  7 2453224.63385706    10  V                     n30011.fits                                        Triton                1020  1020     1   0.000   0.000
   0.054  -0.087  465.05  483.75 1.283    927.62     49.00 99.999 99.999 99.999 13.208 12.824 99.999 99.999 99.999  0.178 99.999 99.999 99.999 99.999  99.999  99.999  99.999  99.999  0.010  0.010  0.016  0.018  0.060  0.066   22   18 99.999 99.999   99  21.092117015 -16.723316465  3 14 16.53 2004  8  7 2453224.63491354    10  V                     n30012.fits                                        Triton                1020  1020     1   0.000   0.000
   0.917   0.424  421.03  391.60 1.980     25.59      9.31 99.999 99.999 99.999 13.676 13.829 99.999 99.999 99.999  0.246 99.999 99.999 99.999 99.999  99.999  99.999  99.999  99.999  0.040  0.040  0.036  0.049  0.081  0.110    8    6 99.999 99.999   99  21.091950946 -16.723582898  5 32 17.12 2004  8  7 2453224.73075370     1  V                     n30017.fits                                        Triton                1020  1020     1   0.000   0.000
  -0.132  -0.280  421.93  401.00 1.670     54.05      6.75 99.999 99.999 99.999 13.388 13.572 99.999 99.999 99.999  0.285 99.999 99.999 99.999 99.999  99.999  99.999  99.999  99.999  0.024  0.024  0.037  0.036  0.095  0.090   12    8 99.999 99.999   99  21.091928953 -16.723782241  5 33 36.84 2004  8  7 2453224.73167639     1  V                     n30018.fits                                        Triton                1020  1020     1   0.000   0.000
   0.212  -0.148  421.94  418.38 1.946    379.94     30.89 99.999 99.999 99.999 13.271 13.127 99.999 99.999 99.999  0.160 99.999 99.999 99.999 99.999  99.999  99.999  99.999  99.999  0.007  0.007  0.015  0.011  0.067  0.050   27   21 99.999 99.999   99  21.091933633 -16.723749786  5 35  6.49 2004  8  7 2453224.73271400    10  V                     n30019.fits                                        Triton                1020  1020     1   0.000   0.000
   0.054  -0.290  423.27  433.02 1.556    575.01     46.12 99.999 99.999 99.999 13.277 13.113 99.999 99.999 99.999  0.167 99.999 99.999 99.999 99.999  99.999  99.999  99.999  99.999  0.011  0.011  0.024  0.022  0.075  0.067   23   11 99.999 99.999   99  21.091928718 -16.723793208  5 36 32.70 2004  8  7 2453224.73371181    10  V                     n30020.fits                                        Triton                1020  1020     1   0.000   0.000
  -0.013  -0.070  520.58  487.98 1.123     72.19     11.24 99.999 99.999 99.999 13.195 13.128 99.999 99.999 99.999  0.254 99.999 99.999 99.999 99.999  99.999  99.999  99.999  99.999  0.017  0.018  0.014  0.018  0.045  0.057   15   11 99.999 99.999   99  21.090525864 -16.727130296  1 18  0.84 2004  8  8 2453225.55417639     1  V                     n40001.fits                                        Triton                1020  1020     1   0.000   0.000
  -0.033  -0.031  509.07  485.73 1.442     44.08      6.07 99.999 99.999 99.999 13.536 13.423 99.999 99.999 99.999  0.190 99.999 99.999 99.999 99.999  99.999  99.999  99.999  99.999  0.021  0.021  0.022  0.019  0.071  0.063   19   11 99.999 99.999   99  21.090524118 -16.727123395  1 19 14.00 2004  8  8 2453225.55502315     1  V                     n40002.fits                                        Triton                1020  1020     1   0.000   0.000
   0.020  -0.154  496.01  487.93 1.493    364.20     27.84 99.999 99.999 99.999 13.324 13.134 99.999 99.999 99.999  0.200 99.999 99.999 99.999 99.999  99.999  99.999  99.999  99.999  0.008  0.008  0.012  0.014  0.051  0.059   26   20 99.999 99.999   99  21.090523618 -16.727161910  1 20 35.04 2004  8  8 2453225.55596111    10  V                     n40003.fits                                        Triton                1020  1020     1   0.000   0.000
   0.045  -0.122  496.41  499.51 1.564    207.18     22.37 99.999 99.999 99.999 13.451 13.231 99.999 99.999 99.999  0.197 99.999 99.999 99.999 99.999  99.999  99.999  99.999  99.999  0.014  0.014  0.015  0.015  0.056  0.058   29   24 99.999 99.999   99  21.090522538 -16.727157493  1 21 58.81 2004  8  8 2453225.55693067    10  V                     n40004.fits                                        Triton                1020  1020     1   0.000   0.000
  -0.081  -0.081  489.90  535.49 1.443    159.76    116.32 99.999 99.999 99.999 13.181 13.155 99.999 99.999 99.999  0.226 99.999 99.999 99.999 99.999  99.999  99.999  99.999  99.999  0.020  0.021  0.010  0.009  0.022  0.019    7    7 99.999 99.999   99  21.168701570 -16.465474745  1  2  8.02 2005  9 24 2453637.54314838     4  V                     n30001.fits                                        Triton                1020  1020     1   0.000   0.000
  -0.043  -0.080  489.92  532.54 1.667    173.16    115.51 99.999 99.999 99.999 13.228 13.194 99.999 99.999 99.999  0.183 99.999 99.999 99.999 99.999  99.999  99.999  99.999  99.999  0.025  0.025  0.018  0.025  0.050  0.070   12   11 99.999 99.999   99  21.168701640 -16.465477265  1  3 17.14 2005  9 24 2453637.54394838     5  V                     n30002.fits                                        Triton                1020  1020     1   0.000   0.000
  -0.065  -0.067  489.44  532.82 1.344    231.03    127.70 99.999 99.999 99.999 13.262 13.249 99.999 99.999 99.999  0.177 99.999 99.999 99.999 99.999  99.999  99.999  99.999  99.999  0.003  0.003  0.021  0.020  0.050  0.046    8    8 99.999 99.999   99  21.168700779 -16.465475537  1  4  5.32 2005  9 24 2453637.54450602     5  V                     n30003.fits                                        Triton                1020  1020     1   0.000   0.000
  -0.065  -0.112  489.93  534.17 1.200    241.59    127.84 99.999 99.999 99.999 13.222 13.316 99.999 99.999 99.999  0.168 99.999 99.999 99.999 99.999  99.999  99.999  99.999  99.999  0.030  0.030  0.026  0.028  0.066  0.071    9    9 99.999 99.999   99  21.168699942 -16.465491682  1  5 33.11 2005  9 24 2453637.54552211     5  V                     n30005.fits                                        Triton                1020  1020     1   0.000   0.000
  -0.049  -0.074  489.68  533.94 1.480    132.75    114.17 99.999 99.999 99.999 13.194 13.274 99.999 99.999 99.999  0.166 99.999 99.999 99.999 99.999  99.999  99.999  99.999  99.999  0.015  0.015  0.018  0.019  0.040  0.044    8    8 99.999 99.999   99  21.168699827 -16.465482687  1  6 16.16 2005  9 24 2453637.54602037     5  V                     n30006.fits                                        Triton                1020  1020     1   0.000   0.000
  -0.030  -0.073  486.03  528.05 1.449    230.48    119.63 99.999 99.999 99.999 13.182 13.189 99.999 99.999 99.999  0.218 99.999 99.999 99.999 99.999  99.999  99.999  99.999  99.999  0.021  0.021  0.018  0.016  0.062  0.054   18   15 99.999 99.999   99  21.168688594 -16.465532685  1 26 45.77 2005  9 24 2453637.56025197    10  V                     n30023.fits                                        Triton                1020  1020     1   0.000   0.000
  -0.047  -0.064  485.61  526.72 1.089     99.74    143.92 99.999 99.999 99.999 13.369 13.444 99.999 99.999 99.999  0.149 99.999 99.999 99.999 99.999  99.999  99.999  99.999  99.999  0.038  0.039  0.017  0.039  0.037  0.082    6    6 99.999 99.999   99  21.168687488 -16.465533607  1 28  8.22 2005  9 24 2453637.56120625     6  V                     n30025.fits                                        Triton                1020  1020     1   0.000   0.000
  -0.029  -0.093  485.88  527.45 1.325    205.64    114.88 99.999 99.999 99.999 13.244 13.214 99.999 99.999 99.999  0.214 99.999 99.999 99.999 99.999  99.999  99.999  99.999  99.999  0.017  0.017  0.013  0.018  0.051  0.070   19   16 99.999 99.999   99  21.168687223 -16.465544509  1 29 13.89 2005  9 24 2453637.56196632     8  V                     n30026.fits                                        Triton                1020  1020     1   0.000   0.000
   0.003  -0.095  485.75  526.57 1.553    260.14    116.48 99.999 99.999 99.999 13.119 13.160 99.999 99.999 99.999  0.220 99.999 99.999 99.999 99.999  99.999  99.999  99.999  99.999  0.000  0.000  0.013  0.014  0.049  0.054   20   15 99.999 99.999   99  21.168687145 -16.465547647  1 30 26.47 2005  9 24 2453637.56280637     8  V                     n30027.fits                                        Triton                1020  1020     1   0.000   0.000
  -0.008  -0.118  485.24  524.00 1.595    201.74    121.86 99.999 99.999 99.999 13.198 13.280 99.999 99.999 99.999  0.220 99.999 99.999 99.999 99.999  99.999  99.999  99.999  99.999  0.028  0.028  0.014  0.017  0.050  0.061   17   14 99.999 99.999   99  21.168686068 -16.465558033  1 31 59.07 2005  9 24 2453637.56387813     6  V                     n30029.fits                                        Triton                1020  1020     1   0.000   0.000
  -0.063  -0.048  458.35  540.84 1.278    142.77    117.74 99.999 99.999 99.999 13.253 13.235 99.999 99.999 99.999  0.179 99.999 99.999 99.999 99.999  99.999  99.999  99.999  99.999  0.026  0.027  0.018  0.021  0.060  0.072   13   12 99.999 99.999   99  21.168652226 -16.465684634  2 30  6.69 2005  9 24 2453637.60424410    10  V                     n30033.fits                                        Triton                1020  1020     1   0.000   0.000
  -0.051  -0.040  451.79  531.40 1.818    209.12    132.39 99.999 99.999 99.999 13.131 13.194 99.999 99.999 99.999  0.253 99.999 99.999 99.999 99.999  99.999  99.999  99.999  99.999  0.024  0.024  0.016  0.014  0.058  0.050   21   15 99.999 99.999   99  21.168631655 -16.465778902  3  7 21.43 2005  9 24 2453637.63010914    10  V                     n30099.fits                                        Triton                1020  1020     1   0.000   0.000
   0.023  -0.152  451.68  532.93 1.828    150.34    131.49 99.999 99.999 99.999 13.175 13.185 99.999 99.999 99.999  0.149 99.999 99.999 99.999 99.999  99.999  99.999  99.999  99.999  0.038  0.038  0.019  0.022  0.067  0.079   19   14 99.999 99.999   99  21.168632665 -16.465811688  3  8  4.68 2005  9 24 2453637.63060972     9  V                     n30100.fits                                        Triton                1020  1020     1   0.000   0.000
  -0.036  -0.082  451.31  532.17 1.893    173.83    115.56 99.999 99.999 99.999 13.232 13.245 99.999 99.999 99.999  0.196 99.999 99.999 99.999 99.999  99.999  99.999  99.999  99.999  0.020  0.020  0.013  0.018  0.053  0.070   20   17 99.999 99.999   99  21.168630999 -16.465794997  3  9  3.72 2005  9 24 2453637.63129306     9  V                     n30101.fits                                        Triton                1020  1020     1   0.000   0.000
  -0.059  -0.116  451.29  529.48 1.745     89.76    122.67 99.999 99.999 99.999 13.180 13.267 99.999 99.999 99.999  0.243 99.999 99.999 99.999 99.999  99.999  99.999  99.999  99.999  0.028  0.028  0.021  0.021  0.055  0.055   12    9 99.999 99.999   99  21.168629591 -16.465808806  3 10 47.22 2005  9 24 2453637.63249097     9  V                     n30104.fits                                        Triton                1020  1020     1   0.000   0.000
  -0.004  -0.113  451.24  528.67 1.534    181.30    133.02 99.999 99.999 99.999 13.156 13.192 99.999 99.999 99.999  0.204 99.999 99.999 99.999 99.999  99.999  99.999  99.999  99.999  0.020  0.021  0.017  0.014  0.064  0.052   21   15 99.999 99.999   99  21.168630459 -16.465808943  3 11  7.71 2005  9 24 2453637.63272812     9  V                     n30105.fits                                        Triton                1020  1020     1   0.000   0.000
  -0.044  -0.079  450.80  528.68 1.521    170.03    116.21 99.999 99.999 99.999 13.156 13.132 99.999 99.999 99.999  0.149 99.999 99.999 99.999 99.999  99.999  99.999  99.999  99.999  0.036  0.036  0.016  0.016  0.062  0.063   18   16 99.999 99.999   99  21.168629484 -16.465800271  3 11 29.04 2005  9 24 2453637.63297500     9  V                     n30106.fits                                        Triton                1020  1020     1   0.000   0.000
  -0.058  -0.036  450.99  529.38 1.614    229.57    116.91 99.999 99.999 99.999 13.199 13.201 99.999 99.999 99.999  0.183 99.999 99.999 99.999 99.999  99.999  99.999  99.999  99.999  0.026  0.026  0.014  0.018  0.052  0.065   23   17 99.999 99.999   99  21.168629010 -16.465789324  3 11 50.50 2005  9 24 2453637.63322338     9  V                     n30107.fits                                        Triton                1020  1020     1   0.000   0.000
   0.031  -0.208  451.08  530.08 1.617    171.35    119.66 99.999 99.999 99.999 13.170 13.149 99.999 99.999 99.999  0.179 99.999 99.999 99.999 99.999  99.999  99.999  99.999  99.999  0.028  0.028  0.020  0.017  0.067  0.058   20   12 99.999 99.999   99  21.168630540 -16.465838071  3 12 11.84 2005  9 24 2453637.63347037     9  V                     n30108.fits                                        Triton                1020  1020     1   0.000   0.000
   0.006  -0.079  450.88  531.16 1.615    151.42    114.12 99.999 99.999 99.999 13.156 13.146 99.999 99.999 99.999  0.256 99.999 99.999 99.999 99.999  99.999  99.999  99.999  99.999  0.028  0.028  0.018  0.019  0.054  0.058   15   11 99.999 99.999   99  21.168629861 -16.465803307  3 12 33.18 2005  9 24 2453637.63371736     9  V                     n30109.fits                                        Triton                1020  1020     1   0.000   0.000
  -0.039  -0.095  451.10  531.19 1.596    201.66    127.19 99.999 99.999 99.999 13.222 13.224 99.999 99.999 99.999  0.192 99.999 99.999 99.999 99.999  99.999  99.999  99.999  99.999  0.020  0.020  0.012  0.015  0.050  0.065   21   19 99.999 99.999   99  21.168628793 -16.465808529  3 12 53.64 2005  9 24 2453637.63395417     9  V                     n30110.fits                                        Triton                1020  1020     1   0.000   0.000
  -0.008  -0.087  450.76  532.13 1.680    160.54    130.65 99.999 99.999 99.999 13.281 13.227 99.999 99.999 99.999  0.164 99.999 99.999 99.999 99.999  99.999  99.999  99.999  99.999  0.031  0.031  0.012  0.017  0.045  0.064   20   16 99.999 99.999   99  21.168629197 -16.465807162  3 13 15.04 2005  9 24 2453637.63420185     9  V                     n30111.fits                                        Triton                1020  1020     1   0.000   0.000
   0.003  -0.125  450.57  533.08 1.384    267.64    143.49 99.999 99.999 99.999 13.143 13.182 99.999 99.999 99.999  0.192 99.999 99.999 99.999 99.999  99.999  99.999  99.999  99.999  0.022  0.022  0.015  0.013  0.058  0.050   20   16 99.999 99.999   99  21.168628982 -16.465820084  3 14  2.88 2005  9 24 2453637.63475556     9  V                     n30113.fits                                        Triton                1020  1020     1   0.000   0.000
  -0.001  -0.195  450.67  532.63 1.754    112.29    119.04 99.999 99.999 99.999 13.309 13.244 99.999 99.999 99.999  0.172 99.999 99.999 99.999 99.999  99.999  99.999  99.999  99.999  0.032  0.032  0.025  0.025  0.078  0.079   14   11 99.999 99.999   99  21.168628671 -16.465840303  3 14 24.37 2005  9 24 2453637.63500428     9  V                     n30114.fits                                        Triton                1020  1020     1   0.000   0.000
  -0.093  -0.161  450.33  531.00 1.752     85.11    126.24 99.999 99.999 99.999 13.281 13.220 99.999 99.999 99.999  0.142 99.999 99.999 99.999 99.999  99.999  99.999  99.999  99.999  0.033  0.033  0.018  0.021  0.052  0.062   11   10 99.999 99.999   99  21.168626698 -16.465831825  3 14 45.85 2005  9 24 2453637.63525289     9  V                     n30115.fits                                        Triton                1020  1020     1   0.000   0.000
  -0.114  -0.021  450.30  530.32 1.602     61.56    122.99 99.999 99.999 99.999 13.298 13.130 99.999 99.999 99.999  0.238 99.999 99.999 99.999 99.999  99.999  99.999  99.999  99.999  0.034  0.034  0.031  0.034  0.055  0.060    6    6 99.999 99.999   99  21.168626097 -16.465794017  3 15  7.36 2005  9 24 2453637.63550185     9  V                     n30116.fits                                        Triton                1020  1020     1   0.000   0.000
  -0.132  -0.153  450.69  530.91 2.072     22.71    136.53 99.999 99.999 99.999 13.132 12.858 99.999 99.999 99.999  0.235 99.999 99.999 99.999 99.999  99.999  99.999  99.999  99.999  0.050  0.050  0.000  0.000  0.000  0.000    3    3 99.999 99.999   99  21.168625564 -16.465831474  3 15 27.90 2005  9 24 2453637.63573958     9  V                     n30117.fits                                        Triton                1020  1020     1   0.000   0.000
   0.030   0.023  450.31  531.66 1.703     38.08    113.21 99.999 99.999 99.999 13.414 13.192 99.999 99.999 99.999  0.168 99.999 99.999 99.999 99.999  99.999  99.999  99.999  99.999  0.036  0.036  0.025  0.010  0.035  0.014    4    4 99.999 99.999   99  21.168628494 -16.465783504  3 15 49.42 2005  9 24 2453637.63598866     9  V                     n30118.fits                                        Triton                1020  1020     1   0.000   0.000
   0.038  -0.169  450.39  532.29 1.784     90.92    101.27 99.999 99.999 99.999 13.264 13.243 99.999 99.999 99.999  0.272 99.999 99.999 99.999 99.999  99.999  99.999  99.999  99.999  0.024  0.024  0.021  0.009  0.066  0.027   14   10 99.999 99.999   99  21.168628449 -16.465837797  3 16  9.86 2005  9 24 2453637.63622523     9  V                     n30119.fits                                        Triton                1020  1020     1   0.000   0.000
  -0.002  -0.078  450.32  533.21 1.637    117.58    104.93 99.999 99.999 99.999 13.306 13.337 99.999 99.999 99.999  0.222 99.999 99.999 99.999 99.999  99.999  99.999  99.999  99.999  0.024  0.024  0.016  0.020  0.050  0.065   18   12 99.999 99.999   99  21.168627480 -16.465813307  3 16 31.30 2005  9 24 2453637.63647338     9  V                     n30120.fits                                        Triton                1020  1020     1   0.000   0.000
  -0.023  -0.143  450.07  533.07 1.452    104.30    129.28 99.999 99.999 99.999 13.335 13.297 99.999 99.999 99.999  0.205 99.999 99.999 99.999 99.999  99.999  99.999  99.999  99.999  0.021  0.021  0.017  0.017  0.060  0.060   15   14 99.999 99.999   99  21.168626894 -16.465832340  3 16 51.87 2005  9 24 2453637.63671146     9  V                     n30121.fits                                        Triton                1020  1020     1   0.000   0.000
  -0.099  -0.123  449.73  531.74 1.682     58.25    108.11 99.999 99.999 99.999 13.260 13.073 99.999 99.999 99.999  0.062 99.999 99.999 99.999 99.999  99.999  99.999  99.999  99.999  0.032  0.032  0.045  0.032  0.069  0.050    6    6 99.999 99.999   99  21.168624178 -16.465832680  3 19  8.31 2005  9 24 2453637.63829063     9  V                     n30122.fits                                        Triton                1020  1020     1   0.000   0.000
   0.081  -0.516  449.69  532.58 1.627     39.66    119.21 99.999 99.999 99.999 13.351 12.952 99.999 99.999 99.999  0.170 99.999 99.999 99.999 99.999  99.999  99.999  99.999  99.999  0.040  0.040  0.000  0.000  0.000  0.000    3    3 99.999 99.999   99  21.168627260 -16.465943758  3 19 50.35 2005  9 24 2453637.63877720     9  V                     n30124.fits                                        Triton                1020  1020     1   0.000   0.000
  -0.034  -0.126  449.72  533.79 1.939     46.90    109.37 99.999 99.999 99.999 13.357 13.283 99.999 99.999 99.999  0.152 99.999 99.999 99.999 99.999  99.999  99.999  99.999  99.999  0.023  0.023  0.011  0.037  0.020  0.067    8    7 99.999 99.999   99  21.168624612 -16.465837361  3 20 33.44 2005  9 24 2453637.63927593     9  V                     n30126.fits                                        Triton                1020  1020     1   0.000   0.000
   0.114  -0.242  449.34  534.26 1.600     72.97    105.07 99.999 99.999 99.999 13.336 13.509 99.999 99.999 99.999  0.353 99.999 99.999 99.999 99.999  99.999  99.999  99.999  99.999  0.032  0.032  0.028  0.023  0.078  0.065   12    9 99.999 99.999   99  21.168626894 -16.465872561  3 21 37.88 2005  9 24 2453637.64002176     9  V                     n30129.fits                                        Triton                1020  1020     1   0.000   0.000
  -0.055   0.066  449.56  533.81 1.517     34.03    114.89 99.999 99.999 99.999 13.098 12.962 99.999 99.999 99.999  0.287 99.999 99.999 99.999 99.999  99.999  99.999  99.999  99.999  0.060  0.060  0.040  0.066  0.058  0.095    5    4 99.999 99.999   99  21.168623446 -16.465787897  3 21 59.39 2005  9 24 2453637.64027072     9  V                     n30130.fits                                        Triton                1020  1020     1   0.000   0.000
  -0.049  -0.042  449.20  531.51 1.511     26.91    104.57 99.999 99.999 99.999 13.463 13.175 99.999 99.999 99.999  0.154 99.999 99.999 99.999 99.999  99.999  99.999  99.999  99.999  0.054  0.054  0.000  0.000  0.000  0.000    3    3 99.999 99.999   99  21.168623140 -16.465819615  3 22 43.15 2005  9 24 2453637.64077720     9  V                     n30132.fits                                        Triton                1020  1020     1   0.000   0.000
  -0.121   0.078  449.03  532.07 1.946     55.01     98.35 99.999 99.999 99.999 13.353 13.271 99.999 99.999 99.999  0.207 99.999 99.999 99.999 99.999  99.999  99.999  99.999  99.999  0.027  0.027  0.033  0.027  0.073  0.060   11    8 99.999 99.999   99  21.168620572 -16.465791854  3 24 50.17 2005  9 24 2453637.64224734     9  V                     n30138.fits                                        Triton                1020  1020     1   0.000   0.000
   0.033  -0.162  449.12  532.17 2.058     83.05    130.04 99.999 99.999 99.999 13.253 13.294 99.999 99.999 99.999  0.233 99.999 99.999 99.999 99.999  99.999  99.999  99.999  99.999  0.028  0.028  0.014  0.022  0.044  0.071   20   12 99.999 99.999   99  21.168623334 -16.465859806  3 25 11.91 2005  9 24 2453637.64249896     9  V                     n30139.fits                                        Triton                1020  1020     1   0.000   0.000
   0.047  -0.254  448.85  531.95 2.297     87.56    128.59 99.999 99.999 99.999 13.326 13.421 99.999 99.999 99.999  0.284 99.999 99.999 99.999 99.999  99.999  99.999  99.999  99.999  0.029  0.029  0.026  0.017  0.082  0.055   18   11 99.999 99.999   99  21.168623400 -16.465886127  3 25 33.64 2005  9 24 2453637.64275046     9  V                     n30140.fits                                        Triton                1020  1020     1   0.000   0.000
   0.068  -0.042  447.48  524.90 1.929    190.45    132.70 99.999 99.999 99.999 13.212 13.269 99.999 99.999 99.999  0.230 99.999 99.999 99.999 99.999  99.999  99.999  99.999  99.999  0.020  0.020  0.021  0.015  0.075  0.056   28   16 99.999 99.999   99  21.168620752 -16.465842036  3 31  4.40 2005  9 24 2453637.64657870    10  V                     n30144.fits                                        Triton                1020  1020     1   0.000   0.000
   0.000  -0.114  447.67  525.54 1.901    138.99    121.41 99.999 99.999 99.999 13.162 13.172 99.999 99.999 99.999  0.266 99.999 99.999 99.999 99.999  99.999  99.999  99.999  99.999  0.033  0.033  0.020  0.016  0.073  0.059   26   14 99.999 99.999   99  21.168619057 -16.465863505  3 31 47.14 2005  9 24 2453637.64707338     8  V                     n30145.fits                                        Triton                1020  1020     1   0.000   0.000
   0.017  -0.222  447.40  526.81 1.967    141.64    132.22 99.999 99.999 99.999 13.200 13.293 99.999 99.999 99.999  0.226 99.999 99.999 99.999 99.999  99.999  99.999  99.999  99.999  0.025  0.025  0.017  0.014  0.067  0.057   27   16 99.999 99.999   99  21.168618974 -16.465895882  3 32 31.49 2005  9 24 2453637.64758669     8  V                     n30146.fits                                        Triton                1020  1020     1   0.000   0.000
   0.113  -0.186  447.50  528.08 1.827    159.13    114.12 99.999 99.999 99.999 13.221 13.276 99.999 99.999 99.999  0.219 99.999 99.999 99.999 99.999  99.999  99.999  99.999  99.999  0.004  0.004  0.025  0.017  0.075  0.051   22   10 99.999 99.999   99  21.168620458 -16.465887572  3 33  9.81 2005  9 24 2453637.64803021     8  V                     n30147.fits                                        Triton                1020  1020     1   0.000   0.000
   0.108  -0.196  447.79  529.31 1.852    166.43    119.29 99.999 99.999 99.999 13.194 13.151 99.999 99.999 99.999  0.262 99.999 99.999 99.999 99.999  99.999  99.999  99.999  99.999  0.021  0.021  0.015  0.025  0.044  0.073   21    9 99.999 99.999   99  21.168620058 -16.465891795  3 33 43.85 2005  9 24 2453637.64842419     8  V                     n30148.fits                                        Triton                1020  1020     1   0.000   0.000
  -0.015  -0.067  447.16  527.85 1.614    207.53    135.47 99.999 99.999 99.999 13.062 13.188 99.999 99.999 99.999  0.269 99.999 99.999 99.999 99.999  99.999  99.999  99.999  99.999  0.035  0.035  0.012  0.019  0.048  0.076   22   18 99.999 99.999   99  21.168617233 -16.465857981  3 34 32.47 2005  9 24 2453637.64898692     8  V                     n30149.fits                                        Triton                1020  1020     1   0.000   0.000
  -0.076  -0.036  447.36  527.20 1.647    222.49    123.53 99.999 99.999 99.999 13.104 13.106 99.999 99.999 99.999  0.259 99.999 99.999 99.999 99.999  99.999  99.999  99.999  99.999  0.022  0.022  0.013  0.016  0.059  0.070   29   21 99.999 99.999   99  21.168615857 -16.465850336  3 34 52.81 2005  9 24 2453637.64922234     8  V                     n30150.fits                                        Triton                1020  1020     1   0.000   0.000
  -0.018  -0.109  447.32  526.54 1.640    199.39    140.21 99.999 99.999 99.999 13.166 13.261 99.999 99.999 99.999  0.300 99.999 99.999 99.999 99.999  99.999  99.999  99.999  99.999  0.029  0.029  0.013  0.013  0.055  0.055   26   20 99.999 99.999   99  21.168616799 -16.465871499  3 35 12.33 2005  9 24 2453637.64944826     8  V                     n30151.fits                                        Triton                1020  1020     1   0.000   0.000
   0.030  -0.063  447.28  527.35 1.464    242.01    146.39 99.999 99.999 99.999 13.091 13.109 99.999 99.999 99.999  0.275 99.999 99.999 99.999 99.999  99.999  99.999  99.999  99.999  0.019  0.019  0.018  0.017  0.075  0.070   28   20 99.999 99.999   99  21.168617552 -16.465859520  3 35 32.66 2005  9 24 2453637.64968356     8  V                     n30152.fits                                        Triton                1020  1020     1   0.000   0.000
  -0.014  -0.037  447.03  527.95 1.504    237.00    141.41 99.999 99.999 99.999 13.120 13.141 99.999 99.999 99.999  0.245 99.999 99.999 99.999 99.999  99.999  99.999  99.999  99.999  0.022  0.022  0.016  0.014  0.062  0.053   24   19 99.999 99.999   99  21.168616499 -16.465853286  3 35 52.13 2005  9 24 2453637.64990891     8  V                     n30153.fits                                        Triton                1020  1020     1   0.000   0.000
  -0.084  -0.044  446.87  528.53 1.513    249.26    118.32 99.999 99.999 99.999 13.135 13.198 99.999 99.999 99.999  0.204 99.999 99.999 99.999 99.999  99.999  99.999  99.999  99.999  0.000  0.000  0.013  0.019  0.051  0.073   24   16 99.999 99.999   99  21.168614961 -16.465856140  3 36 12.46 2005  9 24 2453637.65014421     8  V                     n30154.fits                                        Triton                1020  1020     1   0.000   0.000
  -0.049  -0.103  446.95  529.15 1.555    244.31    123.84 99.999 99.999 99.999 13.110 13.037 99.999 99.999 99.999  0.205 99.999 99.999 99.999 99.999  99.999  99.999  99.999  99.999  0.030  0.030  0.015  0.013  0.060  0.053   25   18 99.999 99.999   99  21.168615477 -16.465873444  3 36 32.85 2005  9 24 2453637.65038021     8  V                     n30155.fits                                        Triton                1020  1020     1   0.000   0.000
  -0.051  -0.082  446.83  529.68 1.527    238.40    134.97 99.999 99.999 99.999 13.123 13.091 99.999 99.999 99.999  0.243 99.999 99.999 99.999 99.999  99.999  99.999  99.999  99.999  0.035  0.035  0.016  0.019  0.071  0.081   24   20 99.999 99.999   99  21.168615242 -16.465868350  3 36 52.36 2005  9 24 2453637.65060602     8  V                     n30156.fits                                        Triton                1020  1020     1   0.000   0.000
  -0.014  -0.074  446.99  529.86 1.664    203.49    121.32 99.999 99.999 99.999 13.105 13.201 99.999 99.999 99.999  0.229 99.999 99.999 99.999 99.999  99.999  99.999  99.999  99.999  0.000  0.000  0.021  0.024  0.066  0.075   21   14 99.999 99.999   99  21.168615762 -16.465867013  3 37 12.69 2005  9 24 2453637.65084132     8  V                     n30157.fits                                        Triton                1020  1020     1   0.000   0.000
  -0.106  -0.003  447.06  530.26 1.646    189.62    118.11 99.999 99.999 99.999 13.114 13.107 99.999 99.999 99.999  0.289 99.999 99.999 99.999 99.999  99.999  99.999  99.999  99.999  0.026  0.026  0.019  0.019  0.066  0.068   27   15 99.999 99.999   99  21.168613815 -16.465848366  3 37 32.19 2005  9 24 2453637.65106701     8  V                     n30158.fits                                        Triton                1020  1020     1   0.000   0.000
   0.008  -0.030  446.90  530.87 1.770    162.69    121.28 99.999 99.999 99.999 13.188 13.166 99.999 99.999 99.999  0.213 99.999 99.999 99.999 99.999  99.999  99.999  99.999  99.999  0.020  0.020  0.014  0.015  0.054  0.060   23   17 99.999 99.999   99  21.168615823 -16.465856639  3 37 52.52 2005  9 24 2453637.65130231     8  V                     n30159.fits                                        Triton                1020  1020     1   0.000   0.000
  -0.012  -0.044  446.81  530.28 1.754    154.79    112.40 99.999 99.999 99.999 13.251 13.252 99.999 99.999 99.999  0.183 99.999 99.999 99.999 99.999  99.999  99.999  99.999  99.999  0.021  0.021  0.015  0.014  0.064  0.058   22   18 99.999 99.999   99  21.168615250 -16.465861335  3 38 12.86 2005  9 24 2453637.65153773     8  V                     n30160.fits                                        Triton                1020  1020     1   0.000   0.000
  -0.039  -0.124  447.09  529.25 1.615    145.22    116.03 99.999 99.999 99.999 13.142 13.165 99.999 99.999 99.999  0.201 99.999 99.999 99.999 99.999  99.999  99.999  99.999  99.999  0.026  0.026  0.019  0.015  0.067  0.052   23   16 99.999 99.999   99  21.168614553 -16.465884441  3 38 32.32 2005  9 24 2453637.65176296     8  V                     n30161.fits                                        Triton                1020  1020     1   0.000   0.000
  -0.044  -0.096  447.06  529.01 1.694    130.52    115.62 99.999 99.999 99.999 13.221 13.191 99.999 99.999 99.999  0.133 99.999 99.999 99.999 99.999  99.999  99.999  99.999  99.999  0.028  0.028  0.013  0.022  0.047  0.076   20   15 99.999 99.999   99  21.168614252 -16.465877456  3 38 52.72 2005  9 24 2453637.65199907     8  V                     n30162.fits                                        Triton                1020  1020     1   0.000   0.000
  -0.086  -0.015  446.72  528.66 1.850     88.09    120.29 99.999 99.999 99.999 13.339 13.349 99.999 99.999 99.999  0.195 99.999 99.999 99.999 99.999  99.999  99.999  99.999  99.999  0.019  0.019  0.020  0.020  0.062  0.062   19   11 99.999 99.999   99  21.168613293 -16.465856022  3 39 12.26 2005  9 24 2453637.65222523     8  V                     n30163.fits                                        Triton                1020  1020     1   0.000   0.000
  -0.041  -0.032  447.04  529.62 1.897    107.83    114.83 99.999 99.999 99.999 13.237 13.178 99.999 99.999 99.999  0.152 99.999 99.999 99.999 99.999  99.999  99.999  99.999  99.999  0.020  0.020  0.016  0.026  0.036  0.056   15    9 99.999 99.999   99  21.168613955 -16.465861719  3 39 32.63 2005  9 24 2453637.65246100     8  V                     n30164.fits                                        Triton                1020  1020     1   0.000   0.000
   0.068  -0.143  447.05  530.38 2.246     89.34    126.12 99.999 99.999 99.999 13.262 13.321 99.999 99.999 99.999  0.181 99.999 99.999 99.999 99.999  99.999  99.999  99.999  99.999  0.029  0.029  0.020  0.025  0.067  0.084   19   12 99.999 99.999   99  21.168615877 -16.465893378  3 39 52.18 2005  9 24 2453637.65268727     8  V                     n30165.fits                                        Triton                1020  1020     1   0.000   0.000
  -0.003  -0.143  446.62  531.13 1.773    117.66    138.32 99.999 99.999 99.999 13.217 13.141 99.999 99.999 99.999  0.243 99.999 99.999 99.999 99.999  99.999  99.999  99.999  99.999  0.023  0.023  0.013  0.018  0.051  0.071   26   18 99.999 99.999   99  21.168614266 -16.465894400  3 40 17.72 2005  9 24 2453637.65298287     8  V                     n30166.fits                                        Triton                1020  1020     1   0.000   0.000
  -0.034  -0.098  446.73  531.14 1.760    139.78    117.89 99.999 99.999 99.999 13.177 13.182 99.999 99.999 99.999  0.188 99.999 99.999 99.999 99.999  99.999  99.999  99.999  99.999  0.026  0.026  0.013  0.013  0.051  0.051   19   15 99.999 99.999   99  21.168613483 -16.465882877  3 40 37.25 2005  9 24 2453637.65320891     8  V                     n30167.fits                                        Triton                1020  1020     1   0.000   0.000
  -0.007  -0.122  447.18  531.62 1.857    120.48    106.77 99.999 99.999 99.999 13.166 13.099 99.999 99.999 99.999  0.214 99.999 99.999 99.999 99.999  99.999  99.999  99.999  99.999  0.023  0.023  0.021  0.018  0.071  0.064   26   17 99.999 99.999   99  21.168613846 -16.465890150  3 40 57.61 2005  9 24 2453637.65344456     8  V                     n30168.fits                                        Triton                1020  1020     1   0.000   0.000
  -0.098  -0.060  446.94  531.96 1.865    139.94    118.73 99.999 99.999 99.999 13.268 13.214 99.999 99.999 99.999  0.198 99.999 99.999 99.999 99.999  99.999  99.999  99.999  99.999  0.022  0.022  0.021  0.017  0.075  0.061   21   15 99.999 99.999   99  21.168611583 -16.465875648  3 41 51.42 2005  9 24 2453637.65406736     8  V                     n30169.fits                                        Triton                1020  1020     1   0.000   0.000
   0.020  -0.002  446.57  531.52 1.762    140.16    134.66 99.999 99.999 99.999 13.218 13.364 99.999 99.999 99.999  0.206 99.999 99.999 99.999 99.999  99.999  99.999  99.999  99.999  0.021  0.021  0.018  0.016  0.059  0.053   25   13 99.999 99.999   99  21.168613660 -16.465860281  3 42 11.77 2005  9 24 2453637.65430289     8  V                     n30170.fits                                        Triton                1020  1020     1   0.000   0.000
   0.065  -0.176  446.60  530.23 2.002    108.16    118.08 99.999 99.999 99.999 13.207 13.293 99.999 99.999 99.999  0.230 99.999 99.999 99.999 99.999  99.999  99.999  99.999  99.999  0.024  0.024  0.016  0.011  0.061  0.042   23   17 99.999 99.999   99  21.168614363 -16.465909577  3 42 31.24 2005  9 24 2453637.65452824     8  V                     n30171.fits                                        Triton                1020  1020     1   0.000   0.000
  -0.022  -0.065  446.78  529.30 1.855    120.40    132.56 99.999 99.999 99.999 13.158 13.136 99.999 99.999 99.999  0.205 99.999 99.999 99.999 99.999  99.999  99.999  99.999  99.999  0.023  0.023  0.015  0.018  0.054  0.065   23   13 99.999 99.999   99  21.168612499 -16.465879848  3 42 51.58 2005  9 24 2453637.65476366     8  V                     n30172.fits                                        Triton                1020  1020     1   0.000   0.000
  -0.041  -0.017  447.02  529.18 1.932    122.05    121.68 99.999 99.999 99.999 13.147 13.152 99.999 99.999 99.999  0.172 99.999 99.999 99.999 99.999  99.999  99.999  99.999  99.999  0.022  0.022  0.018  0.013  0.060  0.042   24   14 99.999 99.999   99  21.168611925 -16.465867358  3 43 11.91 2005  9 24 2453637.65499896     8  V                     n30173.fits                                        Triton                1020  1020     1   0.000   0.000
  -0.038  -0.059  447.22  530.27 2.058    108.04    113.53 99.999 99.999 99.999 13.273 13.361 99.999 99.999 99.999  0.242 99.999 99.999 99.999 99.999  99.999  99.999  99.999  99.999  0.030  0.030  0.022  0.019  0.073  0.063   20   13 99.999 99.999   99  21.168611627 -16.465880459  3 43 51.73 2005  9 24 2453637.65545984     8  V                     n30175.fits                                        Triton                1020  1020     1   0.000   0.000
   0.021  -0.054  446.45  531.01 2.279    100.11    122.19 99.999 99.999 99.999 13.182 13.246 99.999 99.999 99.999  0.197 99.999 99.999 99.999 99.999  99.999  99.999  99.999  99.999  0.017  0.017  0.016  0.019  0.059  0.067   24   16 99.999 99.999   99  21.168612575 -16.465880362  3 44 11.28 2005  9 24 2453637.65568611     8  V                     n30176.fits                                        Triton                1020  1020     1   0.000   0.000
  -0.011  -0.020  446.67  530.82 1.981    124.79    117.26 99.999 99.999 99.999 13.233 13.192 99.999 99.999 99.999  0.155 99.999 99.999 99.999 99.999  99.999  99.999  99.999  99.999  0.022  0.022  0.026  0.022  0.062  0.053   20   12 99.999 99.999   99  21.168611785 -16.465871678  3 44 31.67 2005  9 24 2453637.65592211     8  V                     n30177.fits                                        Triton                1020  1020     1   0.000   0.000
  -0.024  -0.121  446.79  530.94 1.721    166.71    125.21 99.999 99.999 99.999 13.124 13.171 99.999 99.999 99.999  0.232 99.999 99.999 99.999 99.999  99.999  99.999  99.999  99.999  0.000  0.000  0.016  0.020  0.055  0.071   24   16 99.999 99.999   99  21.168611348 -16.465900651  3 44 51.18 2005  9 24 2453637.65614792     8  V                     n30178.fits                                        Triton                1020  1020     1   0.000   0.000
  -0.003  -0.093  447.44  531.09 1.930    118.65    122.72 99.999 99.999 99.999 13.156 13.203 99.999 99.999 99.999  0.201 99.999 99.999 99.999 99.999  99.999  99.999  99.999  99.999  0.015  0.015  0.035  0.030  0.078  0.067   21   10 99.999 99.999   99  21.168611554 -16.465893531  3 45 11.54 2005  9 24 2453637.65638356     8  V                     n30179.fits                                        Triton                1020  1020     1   0.000   0.000
  -0.014  -0.048  447.22  531.60 2.249    105.23    114.13 99.999 99.999 99.999 13.178 13.183 99.999 99.999 99.999  0.189 99.999 99.999 99.999 99.999  99.999  99.999  99.999  99.999  0.019  0.019  0.014  0.017  0.053  0.065   21   15 99.999 99.999   99  21.168611177 -16.465882264  3 45 31.88 2005  9 24 2453637.65661898     8  V                     n30180.fits                                        Triton                1020  1020     1   0.000   0.000
   0.003  -0.072  446.75  530.98 1.955    105.72    119.35 99.999 99.999 99.999 13.333 13.332 99.999 99.999 99.999  0.185 99.999 99.999 99.999 99.999  99.999  99.999  99.999  99.999  0.027  0.027  0.018  0.019  0.058  0.062   21   14 99.999 99.999   99  21.168611316 -16.465889662  3 45 52.70 2005  9 24 2453637.65685995     8  V                     n30181.fits                                        Triton                1020  1020     1   0.000   0.000
   0.019  -0.119  447.09  530.16 2.014    115.19    125.58 99.999 99.999 99.999 13.255 13.326 99.999 99.999 99.999  0.231 99.999 99.999 99.999 99.999  99.999  99.999  99.999  99.999  0.024  0.024  0.026  0.025  0.090  0.086   21   16 99.999 99.999   99  21.168611424 -16.465903695  3 46 12.32 2005  9 24 2453637.65708704     8  V                     n30182.fits                                        Triton                1020  1020     1   0.000   0.000
   0.027  -0.031  446.85  529.15 2.069    110.49    136.51 99.999 99.999 99.999 13.311 13.237 99.999 99.999 99.999  0.258 99.999 99.999 99.999 99.999  99.999  99.999  99.999  99.999  0.021  0.021  0.010  0.013  0.041  0.051   25   18 99.999 99.999   99  21.168611373 -16.465880005  3 46 32.65 2005  9 24 2453637.65732234     8  V                     n30183.fits                                        Triton                1020  1020     1   0.000   0.000
  -0.048  -0.124  446.66  527.41 2.003    115.86    128.32 99.999 99.999 99.999 13.193 13.270 99.999 99.999 99.999  0.179 99.999 99.999 99.999 99.999  99.999  99.999  99.999  99.999  0.024  0.024  0.016  0.023  0.065  0.092   24   16 99.999 99.999   99  21.168609759 -16.465906641  3 46 52.27 2005  9 24 2453637.65754942     8  V                     n30184.fits                                        Triton                1020  1020     1   0.000   0.000
  -0.040  -0.275  447.03  528.90 2.463     92.65    132.89 99.999 99.999 99.999 13.258 13.329 99.999 99.999 99.999  0.275 99.999 99.999 99.999 99.999  99.999  99.999  99.999  99.999  0.020  0.020  0.019  0.016  0.073  0.059   23   15 99.999 99.999   99  21.168609366 -16.465951380  3 47 52.40 2005  9 24 2453637.65824537     8  V                     n30187.fits                                        Triton                1020  1020     1   0.000   0.000
  -0.088  -0.011  446.27  529.05 2.373     96.86    113.24 99.999 99.999 99.999 13.244 13.318 99.999 99.999 99.999  0.195 99.999 99.999 99.999 99.999  99.999  99.999  99.999  99.999  0.023  0.023  0.015  0.016  0.054  0.058   22   14 99.999 99.999   99  21.168608244 -16.465878991  3 48 12.73 2005  9 24 2453637.65848067     8  V                     n30188.fits                                        Triton                1020  1020     1   0.000   0.000
   0.024  -0.079  481.40  492.88 1.740    125.87      9.01 99.999 99.999 99.999 13.289 13.383 99.999 99.999 99.999  0.180 99.999 99.999 99.999 99.999  99.999  99.999  99.999  99.999  0.020  0.020  0.018  0.020  0.058  0.067   15   12 99.999 99.999   99  21.450274903 -15.232369047  4 56  2.31 2006  7  4 2453920.70558229     3  V                     n20001.fits                                        Triton                1020  1020     1   0.000   0.000
   0.040  -0.179  479.27  493.52 1.288    188.12     19.77 99.999 99.999 99.999 13.324 13.364 99.999 99.999 99.999  0.189 99.999 99.999 99.999 99.999  99.999  99.999  99.999  99.999  0.034  0.033  0.018  0.017  0.058  0.054   17   13 99.999 99.999   99  21.450274579 -15.232401947  4 56 49.03 2006  7  4 2453920.70612303     3  V                     n20002.fits                                        Triton                1020  1020     1   0.000   0.000
   0.052  -0.016  478.05  493.80 1.312    179.26     20.88 99.999 99.999 99.999 13.134 13.268 99.999 99.999 99.999  0.298 99.999 99.999 99.999 99.999  99.999  99.999  99.999  99.999  0.015  0.015  0.019  0.017  0.074  0.066   19   15 99.999 99.999   99  21.450274170 -15.232361616  4 57 35.71 2006  7  4 2453920.70666331     3  V                     n20003.fits                                        Triton                1020  1020     1   0.000   0.000
   0.076  -0.117  477.67  494.78 1.583    145.99     10.82 99.999 99.999 99.999 13.302 13.404 99.999 99.999 99.999  0.272 99.999 99.999 99.999 99.999  99.999  99.999  99.999  99.999  0.015  0.015  0.020  0.015  0.065  0.051   19   13 99.999 99.999   99  21.450273981 -15.232394746  4 58 21.54 2006  7  4 2453920.70719375     3  V                     n20004.fits                                        Triton                1020  1020     1   0.000   0.000
  -0.020  -0.055  476.97  494.44 1.660    150.01      7.12 99.999 99.999 99.999 13.211 13.209 99.999 99.999 99.999  0.227 99.999 99.999 99.999 99.999  99.999  99.999  99.999  99.999  0.020  0.020  0.019  0.016  0.067  0.057   20   14 99.999 99.999   99  21.450271505 -15.232382445  4 59  7.40 2006  7  4 2453920.70772454     3  V                     n20005.fits                                        Triton                1020  1020     1   0.000   0.000
   0.031  -0.085  479.17  493.46 1.515    142.93     15.26 99.999 99.999 99.999 13.277 13.404 99.999 99.999 99.999  0.219 99.999 99.999 99.999 99.999  99.999  99.999  99.999  99.999  0.008  0.008  0.018  0.021  0.065  0.073   18   13 99.999 99.999   99  21.450271837 -15.232395808  4 59 54.08 2006  7  4 2453920.70826481     3  V                     n20006.fits                                        Triton                1020  1020     1   0.000   0.000
  -0.038  -0.046  477.82  493.94 1.345    184.37     16.43 99.999 99.999 99.999 13.222 13.256 99.999 99.999 99.999  0.276 99.999 99.999 99.999 99.999  99.999  99.999  99.999  99.999  0.020  0.020  0.022  0.018  0.076  0.061   16   14 99.999 99.999   99  21.450269273 -15.232395361  5  1 26.59 2006  7  4 2453920.70933553     3  V                     n20008.fits                                        Triton                1020  1020     1   0.000   0.000
   0.029  -0.067  477.31  494.08 1.522    160.93     11.84 99.999 99.999 99.999 13.273 13.385 99.999 99.999 99.999  0.208 99.999 99.999 99.999 99.999  99.999  99.999  99.999  99.999  0.015  0.015  0.019  0.020  0.071  0.076   17   15 99.999 99.999   99  21.450269909 -15.232405974  5  2 12.41 2006  7  4 2453920.70986586     3  V                     n20009.fits                                        Triton                1020  1020     1   0.000   0.000
  -0.042  -0.055  476.94  494.61 1.306    201.33     16.18 99.999 99.999 99.999 13.347 13.293 99.999 99.999 99.999  0.125 99.999 99.999 99.999 99.999  99.999  99.999  99.999  99.999  0.015  0.015  0.011  0.019  0.035  0.058   15   12 99.999 99.999   99  21.450267924 -15.232407818  5  2 58.25 2006  7  4 2453920.71039641     3  V                     n20010.fits                                        Triton                1020  1020     1   0.000   0.000
  -0.027   0.016  479.65  492.59 1.419    176.32     13.77 99.999 99.999 99.999 13.236 13.297 99.999 99.999 99.999  0.252 99.999 99.999 99.999 99.999  99.999  99.999  99.999  99.999  0.016  0.016  0.017  0.017  0.058  0.058   20   14 99.999 99.999   99  21.450267572 -15.232392918  5  3 44.94 2006  7  4 2453920.71093681     3  V                     n20011.fits                                        Triton                1020  1020     1   0.000   0.000
   0.022  -0.071  479.78  492.69 1.377    179.29     15.08 99.999 99.999 99.999 13.332 13.375 99.999 99.999 99.999  0.205 99.999 99.999 99.999 99.999  99.999  99.999  99.999  99.999  0.019  0.019  0.020  0.018  0.065  0.057   17   12 99.999 99.999   99  21.450267888 -15.232422293  5  4 30.77 2006  7  4 2453920.71146725     3  V                     n20012.fits                                        Triton                1020  1020     1   0.000   0.000
   0.009  -0.082  478.75  493.21 1.320    198.22     16.11 99.999 99.999 99.999 13.220 13.174 99.999 99.999 99.999  0.224 99.999 99.999 99.999 99.999  99.999  99.999  99.999  99.999  0.008  0.008  0.023  0.019  0.074  0.059   16   12 99.999 99.999   99  21.450267007 -15.232430297  5  5 16.61 2006  7  4 2453920.71199780     3  V                     n20013.fits                                        Triton                1020  1020     1   0.000   0.000
  -0.056  -0.140  479.85  493.20 1.210    215.93     20.44 99.999 99.999 99.999 13.180 13.174 99.999 99.999 99.999  0.228 99.999 99.999 99.999 99.999  99.999  99.999  99.999  99.999  0.016  0.016  0.023  0.028  0.068  0.085   12   11 99.999 99.999   99  21.450265111 -15.232451320  5  6  2.45 2006  7  4 2453920.71252836     3  V                     n20014.fits                                        Triton                1020  1020     1   0.000   0.000
   0.034  -0.058  478.58  493.56 1.333    178.81     17.14 99.999 99.999 99.999 13.288 13.336 99.999 99.999 99.999  0.262 99.999 99.999 99.999 99.999  99.999  99.999  99.999  99.999  0.016  0.016  0.021  0.019  0.072  0.065   17   12 99.999 99.999   99  21.450266244 -15.232433486  5  6 48.27 2006  7  4 2453920.71305868     3  V                     n20015.fits                                        Triton                1020  1020     1   0.000   0.000
   0.069  -0.104  481.36  491.45 0.912    209.38     39.86 99.999 99.999 99.999 13.236 13.227 99.999 99.999 99.999  0.208 99.999 99.999 99.999 99.999  99.999  99.999  99.999  99.999  0.034  0.014  0.018  0.016  0.054  0.048   15   11 99.999 99.999   99  21.450266268 -15.232451254  5  7 34.95 2006  7  4 2453920.71359896     3  V                     n20016.fits                                        Triton                1020  1020     1   0.000   0.000
   0.038  -0.053  482.78  490.79 1.254    200.62     19.27 99.999 99.999 99.999 13.392 13.519 99.999 99.999 99.999  0.156 99.999 99.999 99.999 99.999  99.999  99.999  99.999  99.999  0.017  0.017  0.022  0.018  0.068  0.054   11   11 99.999 99.999   99  21.450265026 -15.232442298  5  8 20.31 2006  7  4 2453920.71412396     3  V                     n20017.fits                                        Triton                1020  1020     1   0.000   0.000
   0.002  -0.038  482.19  491.16 1.336    204.07     11.97 99.999 99.999 99.999 13.253 13.300 99.999 99.999 99.999  0.170 99.999 99.999 99.999 99.999  99.999  99.999  99.999  99.999  0.021  0.021  0.018  0.022  0.060  0.071   16   12 99.999 99.999   99  21.450263707 -15.232443224  5  9  7.88 2006  7  4 2453920.71467454     3  V                     n20018.fits                                        Triton                1020  1020     1   0.000   0.000
   0.062  -0.061  481.76  491.07 1.457    167.51     12.14 99.999 99.999 99.999 13.324 13.322 99.999 99.999 99.999  0.223 99.999 99.999 99.999 99.999  99.999  99.999  99.999  99.999  0.015  0.015  0.019  0.017  0.076  0.065   16   16 99.999 99.999   99  21.450264215 -15.232454592  5  9 53.77 2006  7  4 2453920.71520567     3  V                     n20019.fits                                        Triton                1020  1020     1   0.000   0.000
   0.047  -0.125  481.79  491.26 1.408    167.29     14.82 99.999 99.999 99.999 13.213 13.354 99.999 99.999 99.999  0.270 99.999 99.999 99.999 99.999  99.999  99.999  99.999  99.999  0.011  0.011  0.017  0.020  0.059  0.069   18   13 99.999 99.999   99  21.450263288 -15.232477368  5 10 39.65 2006  7  4 2453920.71573669     3  V                     n20020.fits                                        Triton                1020  1020     1   0.000   0.000
   0.034  -0.103  483.69  489.83 1.319    161.46     21.55 99.999 99.999 99.999 13.333 13.320 99.999 99.999 99.999  0.125 99.999 99.999 99.999 99.999  99.999  99.999  99.999  99.999  0.000  0.000  0.018  0.017  0.069  0.067   15   15 99.999 99.999   99  21.450262412 -15.232476441  5 11 25.49 2006  7  4 2453920.71626725     3  V                     n20021.fits                                        Triton                1020  1020     1   0.000   0.000
   0.028  -0.066  484.91  488.94 1.363    167.60     17.13 99.999 99.999 99.999 13.393 13.378 99.999 99.999 99.999  0.233 99.999 99.999 99.999 99.999  99.999  99.999  99.999  99.999  0.014  0.014  0.020  0.018  0.069  0.062   15   12 99.999 99.999   99  21.450261678 -15.232471007  5 12 11.32 2006  7  4 2453920.71679769     3  V                     n20022.fits                                        Triton                1020  1020     1   0.000   0.000
   0.012  -0.130  483.88  489.91 1.344    184.63     16.56 99.999 99.999 99.999 13.233 13.259 99.999 99.999 99.999  0.253 99.999 99.999 99.999 99.999  99.999  99.999  99.999  99.999  0.017  0.017  0.018  0.017  0.060  0.055   16   13 99.999 99.999   99  21.450260739 -15.232493799  5 12 58.02 2006  7  4 2453920.71733819     3  V                     n20023.fits                                        Triton                1020  1020     1   0.000   0.000
  -0.026  -0.012  483.08  490.46 1.297    195.97     15.97 99.999 99.999 99.999 13.299 13.241 99.999 99.999 99.999  0.170 99.999 99.999 99.999 99.999  99.999  99.999  99.999  99.999  0.011  0.011  0.015  0.017  0.055  0.061   17   14 99.999 99.999   99  21.450259333 -15.232465993  5 13 44.70 2006  7  4 2453920.71787847     3  V                     n20024.fits                                        Triton                1020  1020     1   0.000   0.000
  -0.062  -0.068  481.68  490.73 1.355    176.23     16.26 99.999 99.999 99.999 13.265 13.212 99.999 99.999 99.999  0.191 99.999 99.999 99.999 99.999  99.999  99.999  99.999  99.999  0.000  0.000  0.018  0.021  0.061  0.075   16   13 99.999 99.999   99  21.450258040 -15.232486748  5 14 30.53 2006  7  4 2453920.71840891     3  V                     n20025.fits                                        Triton                1020  1020     1   0.000   0.000
   0.021   0.014  481.55  491.04 1.434    184.25      9.51 99.999 99.999 99.999 13.270 13.249 99.999 99.999 99.999  0.259 99.999 99.999 99.999 99.999  99.999  99.999  99.999  99.999  0.021  0.021  0.020  0.018  0.065  0.058   17   12 99.999 99.999   99  21.450258984 -15.232468784  5 15 16.36 2006  7  4 2453920.71893935     3  V                     n20026.fits                                        Triton                1020  1020     1   0.000   0.000
  -0.026  -0.167  482.56  490.39 1.493    151.76     12.84 99.999 99.999 99.999 13.302 13.387 99.999 99.999 99.999  0.195 99.999 99.999 99.999 99.999  99.999  99.999  99.999  99.999  0.015  0.015  0.013  0.010  0.042  0.033   18   12 99.999 99.999   99  21.450257449 -15.232524044  5 16  2.19 2006  7  4 2453920.71946979     3  V                     n20027.fits                                        Triton                1020  1020     1   0.000   0.000
  -0.052  -0.182  481.98  491.08 1.337    167.38     18.22 99.999 99.999 99.999 13.211 13.337 99.999 99.999 99.999  0.316 99.999 99.999 99.999 99.999  99.999  99.999  99.999  99.999  0.009  0.009  0.021  0.024  0.068  0.078   18   12 99.999 99.999   99  21.450256300 -15.232533547  5 16 48.89 2006  7  4 2453920.72001030     3  V                     n20028.fits                                        Triton                1020  1020     1   0.000   0.000
   0.076  -0.111  480.50  491.45 1.568    138.98     13.11 99.999 99.999 99.999 13.264 13.190 99.999 99.999 99.999  0.235 99.999 99.999 99.999 99.999  99.999  99.999  99.999  99.999  0.028  0.028  0.015  0.014  0.052  0.049   16   12 99.999 99.999   99  21.450258121 -15.232518860  5 17 34.73 2006  7  4 2453920.72054086     3  V                     n20029.fits                                        Triton                1020  1020     1   0.000   0.000
   0.089  -0.007  479.85  492.38 1.320    171.41     18.55 99.999 99.999 99.999 13.238 13.350 99.999 99.999 99.999  0.212 99.999 99.999 99.999 99.999  99.999  99.999  99.999  99.999  0.011  0.011  0.018  0.013  0.066  0.047   17   13 99.999 99.999   99  21.450257757 -15.232495135  5 18 20.57 2006  7  4 2453920.72107141     3  V                     n20030.fits                                        Triton                1020  1020     1   0.000   0.000
  -0.017  -0.134  480.29  492.27 1.645    121.38     13.00 99.999 99.999 99.999 13.359 13.446 99.999 99.999 99.999  0.236 99.999 99.999 99.999 99.999  99.999  99.999  99.999  99.999  0.015  0.015  0.018  0.012  0.065  0.041   17   13 99.999 99.999   99  21.450255089 -15.232535185  5 19  6.41 2006  7  4 2453920.72160197     3  V                     n20031.fits                                        Triton                1020  1020     1   0.000   0.000
   0.082  -0.020  481.40  491.34 1.526    150.57     12.09 99.999 99.999 99.999 13.290 13.428 99.999 99.999 99.999  0.274 99.999 99.999 99.999 99.999  99.999  99.999  99.999  99.999  0.027  0.027  0.019  0.022  0.070  0.079   19   14 99.999 99.999   99  21.450256360 -15.232508626  5 19 52.24 2006  7  4 2453920.72213241     3  V                     n20032.fits                                        Triton                1020  1020     1   0.000   0.000
   0.079  -0.012  480.78  491.68 1.336    170.47     17.55 99.999 99.999 99.999 13.250 13.297 99.999 99.999 99.999  0.179 99.999 99.999 99.999 99.999  99.999  99.999  99.999  99.999  0.020  0.020  0.025  0.023  0.080  0.075   14   11 99.999 99.999   99  21.450255655 -15.232511426  5 20 38.92 2006  7  4 2453920.72267269     3  V                     n20033.fits                                        Triton                1020  1020     1   0.000   0.000
   0.056  -0.138  480.38  491.79 1.588    143.93     11.18 99.999 99.999 99.999 13.274 13.367 99.999 99.999 99.999  0.285 99.999 99.999 99.999 99.999  99.999  99.999  99.999  99.999  0.015  0.015  0.023  0.021  0.068  0.062   15   12 99.999 99.999   99  21.450254567 -15.232551482  5 21 24.75 2006  7  4 2453920.72320312     3  V                     n20034.fits                                        Triton                1020  1020     1   0.000   0.000
   0.036  -0.154  479.54  492.16 1.322    172.81     18.83 99.999 99.999 99.999 13.328 13.371 99.999 99.999 99.999  0.218 99.999 99.999 99.999 99.999  99.999  99.999  99.999  99.999  0.009  0.009  0.020  0.014  0.077  0.053   17   15 99.999 99.999   99  21.450253574 -15.232560813  5 22 10.58 2006  7  4 2453920.72373356     3  V                     n20035.fits                                        Triton                1020  1020     1   0.000   0.000
   0.042  -0.123  479.26  492.70 1.515    151.86     12.07 99.999 99.999 99.999 13.405 13.350 99.999 99.999 99.999  0.110 99.999 99.999 99.999 99.999  99.999  99.999  99.999  99.999  0.012  0.012  0.020  0.018  0.073  0.064   15   13 99.999 99.999   99  21.450253059 -15.232557106  5 22 56.40 2006  7  4 2453920.72426389     3  V                     n20036.fits                                        Triton                1020  1020     1   0.000   0.000
   0.049  -0.060  482.06  490.66 1.331    182.29     15.93 99.999 99.999 99.999 13.289 13.268 99.999 99.999 99.999  0.230 99.999 99.999 99.999 99.999  99.999  99.999  99.999  99.999  0.017  0.017  0.018  0.016  0.064  0.059   17   14 99.999 99.999   99  21.450252552 -15.232544627  5 23 42.22 2006  7  4 2453920.72479421     3  V                     n20037.fits                                        Triton                1020  1020     1   0.000   0.000
  -0.004  -0.032  482.26  490.58 1.265    185.92     20.60 99.999 99.999 99.999 13.333 13.455 99.999 99.999 99.999  0.230 99.999 99.999 99.999 99.999  99.999  99.999  99.999  99.999  0.011  0.010  0.020  0.021  0.065  0.066   13   11 99.999 99.999   99  21.450250889 -15.232542246  5 24 28.90 2006  7  4 2453920.72533449     3  V                     n20038.fits                                        Triton                1020  1020     1   0.000   0.000
   0.022  -0.032  481.66  491.21 1.318    183.33     18.01 99.999 99.999 99.999 13.393 13.402 99.999 99.999 99.999  0.234 99.999 99.999 99.999 99.999  99.999  99.999  99.999  99.999  0.000  0.000  0.018  0.017  0.064  0.060   15   13 99.999 99.999   99  21.450250749 -15.232547094  5 25 14.72 2006  7  4 2453920.72586481     3  V                     n20039.fits                                        Triton                1020  1020     1   0.000   0.000
   0.030  -0.040  480.85  491.32 1.167    214.02     21.75 99.999 99.999 99.999 13.297 13.339 99.999 99.999 99.999  0.237 99.999 99.999 99.999 99.999  99.999  99.999  99.999  99.999  0.009  0.009  0.024  0.019  0.078  0.061   16   13 99.999 99.999   99  21.450250276 -15.232554342  5 26  0.55 2006  7  4 2453920.72639525     3  V                     n20040.fits                                        Triton                1020  1020     1   0.000   0.000
