  -0.005  -0.110  486.94  539.79 1.013    402.53     43.01 99.999 99.999 99.999 13.335 13.245 99.999 99.999 99.999  0.149 99.999 99.999 99.999 99.999  99.999  99.999  99.999  99.999  0.003  0.004  0.011  0.015  0.043  0.060   24   18 99.999 99.999   99  21.066210707 -16.837720688 23 56 34.11 2004  8 21 2453239.49761701     3  Dark                  net2108040002.fits                                 Triton                1020  1020
   0.004  -0.073  487.64  542.41 1.180    320.82     30.89 99.999 99.999 99.999 13.381 13.255 99.999 99.999 99.999  0.115 99.999 99.999 99.999 99.999  99.999  99.999  99.999  99.999  0.019  0.019  0.009  0.013  0.038  0.057   24   19 99.999 99.999   99  21.066209888 -16.837716882 23 57 24.97 2004  8 21 2453239.49820567     3  Dark                  net2108040003.fits                                 Triton                1020  1020
   0.002  -0.066  487.80  541.84 1.518    268.14      7.98 99.999 99.999 99.999 13.380 13.241 99.999 99.999 99.999  0.129 99.999 99.999 99.999 99.999  99.999  99.999  99.999  99.999  0.027  0.027  0.012  0.010  0.061  0.051   32   26 99.999 99.999   99  21.066207713 -16.837729065 23 59 10.36 2004  8 21 2453239.49942546     3  Dark                  net2108040005.fits                                 Triton                1020  1020
  -0.003  -0.021  487.71  543.67 1.191    321.40     29.25 99.999 99.999 99.999 13.350 13.231 99.999 99.999 99.999  0.112 99.999 99.999 99.999 99.999  99.999  99.999  99.999  99.999  0.024  0.024  0.011  0.013  0.055  0.066   29   25 99.999 99.999   99  21.066206589 -16.837723499  0  0  1.94 2004  8 22 2453239.50002245     3  Dark                  net2108040006.fits                                 Triton                1020  1020
  -0.025  -0.079  487.71  544.00 1.232    337.49     20.15 99.999 99.999 99.999 13.335 13.325 99.999 99.999 99.999  0.145 99.999 99.999 99.999 99.999  99.999  99.999  99.999  99.999  0.018  0.018  0.013  0.016  0.053  0.064   22   18 99.999 99.999   99  21.066205090 -16.837746849  0  0 54.72 2004  8 22 2453239.50063333     3  Dark                  net2108040007.fits                                 Triton                1020  1020
   0.001  -0.056  488.08  543.81 0.967    392.94     54.65 99.999 99.999 99.999 13.378 13.209 99.999 99.999 99.999  0.120 99.999 99.999 99.999 99.999  99.999  99.999  99.999  99.999  0.008  0.008  0.015  0.013  0.064  0.058   21   19 99.999 99.999   99  21.066202482 -16.837761115  0  3 28.76 2004  8 22 2453239.50241620     3  Dark                  net2108040010.fits                                 Triton                1020  1020
   0.023  -0.056  514.65  500.32 1.137    351.40     32.67 99.999 99.999 99.999 13.373 13.349 99.999 99.999 99.999  0.171 99.999 99.999 99.999 99.999  99.999  99.999  99.999  99.999  0.023  0.023  0.013  0.016  0.059  0.069   26   22 99.999 99.999   99  21.066119353 -16.838312869  1 12  9.17 2004  8 22 2453239.55010613     3  Dark                  net2108040031.fits                                 Triton                1020  1020
   0.009  -0.097  514.72  500.37 1.081    380.33     33.32 99.999 99.999 99.999 13.425 13.301 99.999 99.999 99.999  0.094 99.999 99.999 99.999 99.999  99.999  99.999  99.999  99.999  0.010  0.010  0.014  0.014  0.062  0.062   22   21 99.999 99.999   99  21.066118068 -16.838330826  1 13  0.15 2004  8 22 2453239.55069618     3  Dark                  net2108040032.fits                                 Triton                1020  1020
  -0.019  -0.077  514.94  498.18 1.194    363.84     21.88 99.999 99.999 99.999 13.403 13.266 99.999 99.999 99.999  0.136 99.999 99.999 99.999 99.999  99.999  99.999  99.999  99.999  0.018  0.017  0.014  0.013  0.060  0.058   24   20 99.999 99.999   99  21.066113331 -16.838352819  1 16 25.60 2004  8 22 2453239.55307407     3  Dark                  net2108040036.fits                                 Triton                1020  1020
   0.023  -0.054  514.95  500.53 1.250    294.90     25.92 99.999 99.999 99.999 13.356 13.302 99.999 99.999 99.999  0.161 99.999 99.999 99.999 99.999  99.999  99.999  99.999  99.999  0.024  0.023  0.012  0.011  0.054  0.051   30   22 99.999 99.999   99  21.066113059 -16.838353717  1 17 18.22 2004  8 22 2453239.55368310     3  Dark                  net2108040037.fits                                 Triton                1020  1020
  -0.007  -0.053  514.70  498.98 1.242    303.58     26.88 99.999 99.999 99.999 13.359 13.286 99.999 99.999 99.999  0.112 99.999 99.999 99.999 99.999  99.999  99.999  99.999  99.999  0.011  0.011  0.013  0.015  0.055  0.066   24   21 99.999 99.999   99  21.066111397 -16.838360260  1 18 11.08 2004  8 22 2453239.55429491     3  Dark                  net2108040038.fits                                 Triton                1020  1020
   0.003  -0.092  515.02  500.59 1.063    383.43     31.46 99.999 99.999 99.999 13.381 13.298 99.999 99.999 99.999  0.143 99.999 99.999 99.999 99.999  99.999  99.999  99.999  99.999  0.016  0.015  0.012  0.013  0.055  0.061   27   21 99.999 99.999   99  21.066109469 -16.838384870  1 19 54.36 2004  8 22 2453239.55549028     3  Dark                  net2108040040.fits                                 Triton                1020  1020
   0.005  -0.035  482.70  489.43 1.465    222.71     20.18 99.999 99.999 99.999 13.449 13.344 99.999 99.999 99.999  0.131 99.999 99.999 99.999 99.999  99.999  99.999  99.999  99.999  0.028  0.028  0.012  0.012  0.060  0.061   30   26 99.999 99.999   99  21.066033094 -16.838867802  2 22  1.04 2004  8 22 2453239.59862315     3  Dark                  net2108040041.fits                                 Triton                1020  1020
   0.006  -0.033  482.24  488.38 1.405    232.62     21.47 99.999 99.999 99.999 13.442 13.402 99.999 99.999 99.999  0.171 99.999 99.999 99.999 99.999  99.999  99.999  99.999  99.999  0.029  0.029  0.011  0.013  0.050  0.057   32   20 99.999 99.999   99  21.066032112 -16.838873959  2 22 50.16 2004  8 22 2453239.59919167     3  Dark                  net2108040042.fits                                 Triton                1020  1020
   0.015  -0.102  482.14  488.99 1.220    198.93     42.44 99.999 99.999 99.999 13.507 13.403 99.999 99.999 99.999  0.164 99.999 99.999 99.999 99.999  99.999  99.999  99.999  99.999  0.015  0.015  0.012  0.012  0.063  0.062   32   27 99.999 99.999   99  21.066031271 -16.838899715  2 23 40.24 2004  8 22 2453239.59977130     3  Dark                  net2108040043.fits                                 Triton                1020  1020
   0.013  -0.026  481.74  489.53 1.142    288.29     40.09 99.999 99.999 99.999 13.508 13.411 99.999 99.999 99.999  0.160 99.999 99.999 99.999 99.999  99.999  99.999  99.999  99.999  0.031  0.030  0.011  0.015  0.048  0.065   22   18 99.999 99.999   99  21.066030172 -16.838885433  2 24 31.22 2004  8 22 2453239.60036134     3  Dark                  net2108040044.fits                                 Triton                1020  1020
  -0.036  -0.084  481.17  489.59 1.191    301.44     33.05 99.999 99.999 99.999 13.400 13.300 99.999 99.999 99.999  0.146 99.999 99.999 99.999 99.999  99.999  99.999  99.999  99.999  0.014  0.013  0.010  0.014  0.050  0.065   30   24 99.999 99.999   99  21.066028171 -16.838908299  2 25 22.30 2004  8 22 2453239.60095255     3  Dark                  net2108040045.fits                                 Triton                1020  1020
  -0.011  -0.067  481.33  486.28 1.194    358.19     21.94 99.999 99.999 99.999 13.446 13.402 99.999 99.999 99.999  0.155 99.999 99.999 99.999 99.999  99.999  99.999  99.999  99.999  0.016  0.016  0.013  0.014  0.059  0.060   22   20 99.999 99.999   99  21.066027570 -16.838910466  2 26 14.10 2004  8 22 2453239.60155208     3  Dark                  net2108040046.fits                                 Triton                1020  1020
  -0.032  -0.018  480.97  487.64 1.391    278.13     15.88 99.999 99.999 99.999 13.529 13.479 99.999 99.999 99.999  0.127 99.999 99.999 99.999 99.999  99.999  99.999  99.999  99.999  0.000  0.000  0.010  0.014  0.044  0.066   28   21 99.999 99.999   99  21.066025067 -16.838910603  2 27 56.05 2004  8 22 2453239.60273206     3  Dark                  net2108040048.fits                                 Triton                1020  1020
  -0.033  -0.086  481.03  487.96 1.062    291.38     54.41 99.999 99.999 99.999 13.508 13.356 99.999 99.999 99.999  0.148 99.999 99.999 99.999 99.999  99.999  99.999  99.999  99.999  0.036  0.036  0.013  0.012  0.056  0.054   24   20 99.999 99.999   99  21.066023939 -16.838936737  2 28 49.18 2004  8 22 2453239.60334699     3  Dark                  net2108040049.fits                                 Triton                1020  1020
