   0.007  -0.051  352.60  547.59 0.998   1655.58     41.70 99.999 99.999 99.999 13.230 13.216 99.999 99.999 99.999  0.298 99.999 99.999 99.999 99.999  99.999  99.999  99.999  99.999  0.015  0.015  0.018  0.017  0.061  0.058   18   16 99.999 99.999   99  20.827988273 -17.673024114  3 23  0.21 2002  7 16 2452471.64097465     2  Clear                 net0001.fits                                       Triton                 768  1050
   0.018  -0.026  352.93  548.76 0.920   1549.33    140.41 99.999 99.999 99.999 13.217 13.070 99.999 99.999 99.999  0.294 99.999 99.999 99.999 99.999  99.999  99.999  99.999  99.999  0.017  0.017  0.013  0.011  0.052  0.046   20   18 99.999 99.999   99  20.827985404 -17.673025927  3 25  9.16 2002  7 16 2452471.64246713     2  Clear                 net0004.fits                                       Triton                 768  1050
  -0.035  -0.002  352.64  547.53 1.278   1827.96   -247.73 99.999 99.999 99.999 13.070 12.955 99.999 99.999 99.999  0.341 99.999 99.999 99.999 99.999  99.999  99.999  99.999  99.999  0.017  0.016  0.022  0.017  0.064  0.051   16   11 99.999 99.999   99  20.827983314 -17.673022358  3 25 52.51 2002  7 16 2452471.64296887     2  Clear                 net0005.fits                                       Triton                 768  1050
  -0.017  -0.053  352.73  543.73 0.961   1692.64     66.05 99.999 99.999 99.999 13.288 13.207 99.999 99.999 99.999  0.218 99.999 99.999 99.999 99.999  99.999  99.999  99.999  99.999  0.000  0.000  0.013  0.016  0.052  0.066   17   17 99.999 99.999   99  20.827981616 -17.673042232  3 27 18.95 2002  7 16 2452471.64396933     2  Clear                 net0007.fits                                       Triton                 768  1050
   0.001  -0.013  353.26  544.81 0.899   1829.79     73.21 99.999 99.999 99.999 13.053 13.042 99.999 99.999 99.999  0.285 99.999 99.999 99.999 99.999  99.999  99.999  99.999  99.999  0.037  0.038  0.017  0.015  0.061  0.052   19   17 99.999 99.999   99  20.827980931 -17.673033811  3 28  2.12 2002  7 16 2452471.64446898     2  Clear                 net0008.fits                                       Triton                 768  1050
  -0.013  -0.044  353.00  546.95 0.871   1557.44    181.83 99.999 99.999 99.999 13.288 13.030 99.999 99.999 99.999  0.304 99.999 99.999 99.999 99.999  99.999  99.999  99.999  99.999  0.043  0.043  0.019  0.013  0.070  0.048   15   14 99.999 99.999   99  20.827979636 -17.673045641  3 28 45.36 2002  7 16 2452471.64496944     2  Clear                 net0009.fits                                       Triton                 768  1050
   0.011  -0.014  353.09  547.90 0.928   1526.44    140.43 99.999 99.999 99.999 13.158 12.969 99.999 99.999 99.999  0.349 99.999 99.999 99.999 99.999  99.999  99.999  99.999  99.999  0.021  0.021  0.018  0.019  0.055  0.057   16   13 99.999 99.999   99  20.827979054 -17.673040072  3 29 28.71 2002  7 16 2452471.64547118     2  Clear                 net0010.fits                                       Triton                 768  1050
   0.008   0.008  353.39  548.12 0.926   1525.89    148.31 99.999 99.999 99.999 13.133 13.062 99.999 99.999 99.999  0.300 99.999 99.999 99.999 99.999  99.999  99.999  99.999  99.999  0.032  0.037  0.014  0.016  0.056  0.064   24   19 99.999 99.999   99  20.827974820 -17.673045928  3 32 23.40 2002  7 16 2452471.64749306     2  Clear                 net0012.fits                                       Triton                 768  1050
  -0.036   0.003  353.13  548.83 0.675   2317.96    289.93 99.999 99.999 99.999 12.996 12.967 99.999 99.999 99.999  0.352 99.999 99.999 99.999 99.999  99.999  99.999  99.999  99.999  0.008  0.009  0.026  0.026  0.069  0.068   10    9 99.999 99.999   99  20.827970830 -17.673056089  3 34 34.79 2002  7 16 2452471.64901377     2  Clear                 net0015.fits                                       Triton                 768  1050
  -0.007  -0.068  353.37  546.76 1.203   1089.81     50.50 99.999 99.999 99.999 13.175 13.108 99.999 99.999 99.999  0.307 99.999 99.999 99.999 99.999  99.999  99.999  99.999  99.999  0.038  0.038  0.011  0.012  0.051  0.054   27   23 99.999 99.999   99  20.827970338 -17.673078496  3 35 18.01 2002  7 16 2452471.64951400     2  Clear                 net0016.fits                                       Triton                 768  1050
   0.016  -0.026  353.00  547.93 0.853   1968.22    124.11 99.999 99.999 99.999 13.145 13.012 99.999 99.999 99.999  0.224 99.999 99.999 99.999 99.999  99.999  99.999  99.999  99.999  0.031  0.031  0.024  0.022  0.059  0.054   10    9 99.999 99.999   99  20.827969755 -17.673069891  3 36  1.18 2002  7 16 2452471.65001366     2  Clear                 net0017.fits                                       Triton                 768  1050
   0.018  -0.014  353.63  550.62 0.943   1252.38    171.49 99.999 99.999 99.999 13.168 13.076 99.999 99.999 99.999  0.272 99.999 99.999 99.999 99.999  99.999  99.999  99.999  99.999  0.004  0.004  0.014  0.014  0.062  0.065   25   23 99.999 99.999   99  20.827966680 -17.673075369  3 38 10.82 2002  7 16 2452471.65151412     2  Clear                 net0020.fits                                       Triton                 768  1050
