   0.016  -0.022 1163.72  824.78 1.308    338.01    620.75 99.999 99.999 99.999 13.393 13.411 99.999 99.999 99.999  0.288 99.999 99.999 99.999 99.999  99.999  99.999  99.999  99.999  0.018  0.018  0.020  0.022  0.056  0.063   21   17 99.999 99.999   99  21.870013190 -13.360606644  6 40  7.22 2009  7 21 2455033.77786134   120  Metano                netuno0001.fits                                    Triton                2045  2050     1   0.000   0.000
  -0.027  -0.041 1166.30  822.49 1.206    448.72    585.03 99.999 99.999 99.999 13.380 13.318 99.999 99.999 99.999  0.398 99.999 99.999 99.999 99.999  99.999  99.999  99.999  99.999  0.009  0.009  0.013  0.026  0.029  0.057   14   10 99.999 99.999   99  21.870007897 -13.360630963  6 43 40.61 2009  7 21 2455033.78033113   120  Metano                netuno0002.fits                                    Triton                2045  2050     1   0.000   0.000
   0.005   0.008 1171.07  821.49 1.313    443.46    517.17 99.999 99.999 99.999 13.363 13.289 99.999 99.999 99.999  0.298 99.999 99.999 99.999 99.999  99.999  99.999  99.999  99.999  0.013  0.013  0.020  0.026  0.053  0.069   20   17 99.999 99.999   99  21.870005260 -13.360630878  6 46 14.25 2009  7 21 2455033.78210938   120  Metano                netuno0003.fits                                    Triton                2045  2050     1   0.000   0.000
  -0.078  -0.047 1174.26  820.23 1.644    251.95    506.11 99.999 99.999 99.999 13.423 13.486 99.999 99.999 99.999  0.311 99.999 99.999 99.999 99.999  99.999  99.999  99.999  99.999  0.032  0.032  0.016  0.026  0.050  0.082   27   19 99.999 99.999   99  21.870000433 -13.360659677  6 48 47.82 2009  7 21 2455033.78388681   120  Metano                netuno0004.fits                                    Triton                2045  2050     1   0.000   0.000
   0.001   0.018 1167.58  819.44 1.896    243.16    472.14 99.999 99.999 99.999 13.413 13.339 99.999 99.999 99.999  0.298 99.999 99.999 99.999 99.999  99.999  99.999  99.999  99.999  0.013  0.013  0.013  0.023  0.039  0.073   21   17 99.999 99.999   99  21.869998682 -13.360655196  6 51 22.20 2009  7 21 2455033.78567361   120  Metano                netuno0005.fits                                    Triton                2045  2050     1   0.000   0.000
  -0.055  -0.062 1164.65  817.18 1.662    268.69    464.20 99.999 99.999 99.999 13.381 13.328 99.999 99.999 99.999  0.326 99.999 99.999 99.999 99.999  99.999  99.999  99.999  99.999  0.026  0.026  0.017  0.023  0.053  0.072   26   19 99.999 99.999   99  21.869993366 -13.360695229  6 54 43.99 2009  7 21 2455033.78800914   120  Metano                netuno0006.fits                                    Triton                2045  2050     1   0.000   0.000
  -0.052  -0.071 1164.57  815.75 1.430    342.14    441.62 99.999 99.999 99.999 13.375 13.387 99.999 99.999 99.999  0.376 99.999 99.999 99.999 99.999  99.999  99.999  99.999  99.999  0.009  0.009  0.016  0.017  0.038  0.040   17   11 99.999 99.999   99  21.869990206 -13.360711455  6 57 17.57 2009  7 21 2455033.78978669   120  Metano                netuno0007.fits                                    Triton                2045  2050     1   0.000   0.000
   0.075   0.004 1162.59  814.83 1.612    285.49    387.39 99.999 99.999 99.999 13.473 13.450 99.999 99.999 99.999  0.347 99.999 99.999 99.999 99.999  99.999  99.999  99.999  99.999  0.024  0.024  0.012  0.019  0.037  0.056   24   17 99.999 99.999   99  21.869989393 -13.360703958  6 59 51.10 2009  7 21 2455033.79156366   120  Metano                netuno0008.fits                                    Triton                2045  2050     1   0.000   0.000
  -0.005  -0.010 1166.28  881.65 1.518    309.86    387.23 99.999 99.999 99.999 13.459 13.375 99.999 99.999 99.999  0.402 99.999 99.999 99.999 99.999  99.999  99.999  99.999  99.999  0.013  0.013  0.010  0.025  0.031  0.072   15   11 99.999 99.999   99  21.869984619 -13.360721515  7  2 24.61 2009  7 21 2455033.79334039   120  Metano                netuno0009.fits                                    Triton                2045  2050     1   0.000   0.000
  -0.097  -0.084 1171.84  880.16 1.617    215.96    361.92 99.999 99.999 99.999 13.531 13.528 99.999 99.999 99.999  0.289 99.999 99.999 99.999 99.999  99.999  99.999  99.999  99.999  0.032  0.032  0.059  0.049  0.052  0.044   11   11 99.999 99.999   99  21.869979676 -13.360755263  7  4 57.34 2009  7 21 2455033.79510810   120  Metano                netuno0010.fits                                    Triton                2045  2050     1   0.000   0.000
  -0.024  -0.000 1172.59  946.21 1.589    291.06    327.83 99.999 99.999 99.999 13.470 13.468 99.999 99.999 99.999  0.382 99.999 99.999 99.999 99.999  99.999  99.999  99.999  99.999  0.011  0.011  0.019  0.016  0.032  0.026   11    8 99.999 99.999   99  21.869977813 -13.360745590  7  7 30.90 2009  7 21 2455033.79688542   120  Metano                netuno0011.fits                                    Triton                2045  2050     1   0.000   0.000
  -0.015   0.005 1176.49  945.20 2.208    206.57    327.50 99.999 99.999 99.999 13.397 13.437 99.999 99.999 99.999  0.289 99.999 99.999 99.999 99.999  99.999  99.999  99.999  99.999  0.024  0.024  0.018  0.025  0.047  0.064   15   10 99.999 99.999   99  21.869974769 -13.360757613  7 10  4.44 2009  7 21 2455033.79866250   120  Metano                netuno0012.fits                                    Triton                2045  2050     1   0.000   0.000
  -0.041  -0.126 1172.91  943.59 1.765    234.37    244.71 99.999 99.999 99.999 13.405 13.495 99.999 99.999 99.999  0.280 99.999 99.999 99.999 99.999  99.999  99.999  99.999  99.999  0.024  0.024  0.021  0.029  0.046  0.061   16   13 99.999 99.999   99  21.869971047 -13.360807291  7 12 37.96 2009  7 21 2455033.80043935   120  Metano                netuno0013.fits                                    Triton                2045  2050     1   0.000   0.000
   0.043   0.094 1170.14  942.73 1.935    227.90    194.82 99.999 99.999 99.999 13.404 13.436 99.999 99.999 99.999  0.325 99.999 99.999 99.999 99.999  99.999  99.999  99.999  99.999  0.012  0.012  0.018  0.021  0.052  0.060   23   17 99.999 99.999   99  21.869969431 -13.360759622  7 15 11.52 2009  7 21 2455033.80221667   120  Metano                netuno0014.fits                                    Triton                2045  2050     1   0.000   0.000
  -0.032   0.015 1172.06  941.39 1.659    282.91    190.75 99.999 99.999 99.999 13.359 13.466 99.999 99.999 99.999  0.308 99.999 99.999 99.999 99.999  99.999  99.999  99.999  99.999  0.011  0.011  0.023  0.029  0.061  0.074   15   11 99.999 99.999   99  21.869964780 -13.360794948  7 17 45.00 2009  7 21 2455033.80399306   120  Metano                netuno0015.fits                                    Triton                2045  2050     1   0.000   0.000
   0.024  -0.031 1170.42  940.34 2.294    168.76     88.44 99.999 99.999 99.999 13.458 13.562 99.999 99.999 99.999  0.269 99.999 99.999 99.999 99.999  99.999  99.999  99.999  99.999  0.021  0.021  0.012  0.021  0.029  0.053   24   17 99.999 99.999   99  21.869962590 -13.360821136  7 20 18.45 2009  7 21 2455033.80576910   120  Metano                netuno0016.fits                                    Triton                2045  2050     1   0.000   0.000
  -0.010   0.028 1170.85  939.26 1.542    291.19    119.30 99.999 99.999 99.999 13.422 13.403 99.999 99.999 99.999  0.309 99.999 99.999 99.999 99.999  99.999  99.999  99.999  99.999  0.008  0.008  0.020  0.024  0.055  0.066   22   19 99.999 99.999   99  21.869958729 -13.360818048  7 22 52.06 2009  7 21 2455033.80754699   120  Metano                netuno0017.fits                                    Triton                2045  2050     1   0.000   0.000
  -0.066  -0.060 1175.90  938.05 1.744    266.79     74.11 99.999 99.999 99.999 13.426 13.414 99.999 99.999 99.999  0.352 99.999 99.999 99.999 99.999  99.999  99.999  99.999  99.999  0.009  0.009  0.024  0.024  0.060  0.060   19   13 99.999 99.999   99  21.869954445 -13.360855786  7 25 25.52 2009  7 21 2455033.80932315   120  Metano                netuno0018.fits                                    Triton                2045  2050     1   0.000   0.000
   0.027  -0.039 1175.57  937.00 2.021    204.04     53.68 99.999 99.999 99.999 13.449 13.432 99.999 99.999 99.999  0.304 99.999 99.999 99.999 99.999  99.999  99.999  99.999  99.999  0.024  0.024  0.018  0.025  0.044  0.061   21   16 99.999 99.999   99  21.869952987 -13.360863374  7 27 59.04 2009  7 21 2455033.81110000   120  Metano                netuno0019.fits                                    Triton                2045  2050     1   0.000   0.000
   0.028   0.172 1176.40  935.56 1.980    231.78    386.32 99.999 99.999 99.999 13.372 13.377 99.999 99.999 99.999  0.230 99.999 99.999 99.999 99.999  99.999  99.999  99.999  99.999  0.017  0.017  0.019  0.027  0.057  0.080   15   10 99.999 99.999   99  21.869949777 -13.360818099  7 30 32.62 2009  7 21 2455033.81287755   120  Metano                netuno0020.fits                                    Triton                2045  2050     1   0.000   0.000
  -0.009   0.176 1188.92  995.23 1.271    574.24     32.29 99.999 99.999 99.999 13.441 13.346 99.999 99.999 99.999  0.368 99.999 99.999 99.999 99.999  99.999  99.999  99.999  99.999  0.019  0.019  0.022  0.041  0.038  0.069   11    6 99.999 99.999   99  21.868410942 -13.366119857  5 22  2.03 2009  7 22 2455034.72363461   120  Metano                netuno0001.fits                                    Triton                2045  2050     1   0.000   0.000
   0.048   0.264 1191.29  993.89 2.733    209.61     -3.85 99.999 99.999 99.999 13.716 13.466 99.999 99.999 99.999  0.412 99.999 99.999 99.999 99.999  99.999  99.999  99.999  99.999  0.071  0.071  0.063  0.055  0.075  0.065    7    7 99.999 99.999   99  21.868409172 -13.366102976  5 24 35.56 2009  7 22 2455034.72541157   120  Metano                netuno0002.fits                                    Triton                2045  2050     1   0.000   0.000
   0.050   0.068 1250.54  993.16 1.279    461.48     51.42 99.999 99.999 99.999 13.360 13.373 99.999 99.999 99.999  0.333 99.999 99.999 99.999 99.999  99.999  99.999  99.999  99.999  0.027  0.027  0.013  0.025  0.040  0.073   22   15 99.999 99.999   99  21.868406372 -13.366165519  5 27  9.02 2009  7 22 2455034.72718773   120  Metano                netuno0003.fits                                    Triton                2045  2050     1   0.000   0.000
   0.004   0.149 1251.32  991.91 1.437    341.67     40.88 99.999 99.999 99.999 13.274 13.312 99.999 99.999 99.999  0.195 99.999 99.999 99.999 99.999  99.999  99.999  99.999  99.999  0.004  0.004  0.016  0.026  0.044  0.072   13   11 99.999 99.999   99  21.868402661 -13.366150916  5 29 42.47 2009  7 22 2455034.72896377   120  Metano                netuno0004.fits                                    Triton                2045  2050     1   0.000   0.000
   0.114   0.200 1246.31  990.83 1.247    525.44     43.02 99.999 99.999 99.999 13.373 13.339 99.999 99.999 99.999  0.283 99.999 99.999 99.999 99.999  99.999  99.999  99.999  99.999  0.034  0.034  0.012  0.032  0.031  0.079   22   15 99.999 99.999   99  21.868401889 -13.366144667  5 32 15.95 2009  7 22 2455034.73074016   120  Metano                netuno0005.fits                                    Triton                2045  2050     1   0.000   0.000
   0.013   0.001 1245.98  989.61 1.123    473.99     61.20 99.999 99.999 99.999 13.241 13.320 99.999 99.999 99.999  0.220 99.999 99.999 99.999 99.999  99.999  99.999  99.999  99.999  0.012  0.012  0.017  0.024  0.052  0.071   18   15 99.999 99.999   99  21.868397139 -13.366207818  5 34 49.38 2009  7 22 2455034.73251597   120  Metano                netuno0006.fits                                    Triton                2045  2050     1   0.000   0.000
   0.022   0.029 1248.64  988.46 1.429    314.73     21.36 99.999 99.999 99.999 13.337 13.343 99.999 99.999 99.999  0.230 99.999 99.999 99.999 99.999  99.999  99.999  99.999  99.999  0.018  0.018  0.020  0.026  0.057  0.074   18   12 99.999 99.999   99  21.868394476 -13.366207719  5 37 22.86 2009  7 22 2455034.73429236   120  Metano                netuno0007.fits                                    Triton                2045  2050     1   0.000   0.000
  -0.014  -0.037 1247.50  987.57 1.239    400.41     39.79 99.999 99.999 99.999 13.350 13.493 99.999 99.999 99.999  0.277 99.999 99.999 99.999 99.999  99.999  99.999  99.999  99.999  0.019  0.019  0.025  0.029  0.055  0.064   14   11 99.999 99.999   99  21.868390953 -13.366234039  5 39 55.50 2009  7 22 2455034.73605903   120  Metano                netuno0008.fits                                    Triton                2045  2050     1   0.000   0.000
   0.021   0.160 1250.81  987.30 1.173    563.96     51.74 99.999 99.999 99.999 13.308 13.345 99.999 99.999 99.999  0.264 99.999 99.999 99.999 99.999  99.999  99.999  99.999  99.999  0.015  0.015  0.020  0.030  0.044  0.066   20   14 99.999 99.999   99  21.868388795 -13.366187337  5 42 28.95 2009  7 22 2455034.73783507   120  Metano                netuno0009.fits                                    Triton                2045  2050     1   0.000   0.000
  -0.079   0.072 1256.21  986.20 1.396    335.27     43.84 99.999 99.999 99.999 13.293 13.370 99.999 99.999 99.999  0.265 99.999 99.999 99.999 99.999  99.999  99.999  99.999  99.999  0.010  0.010  0.013  0.021  0.035  0.057   25   16 99.999 99.999   99  21.868384050 -13.366219407  5 45  2.38 2009  7 22 2455034.73961088   120  Metano                netuno0010.fits                                    Triton                2045  2050     1   0.000   0.000
   0.022   0.043 1250.61  986.05 1.306    449.66     67.46 99.999 99.999 99.999 13.293 13.276 99.999 99.999 99.999  0.248 99.999 99.999 99.999 99.999  99.999  99.999  99.999  99.999  0.018  0.018  0.017  0.023  0.045  0.063   22   14 99.999 99.999   99  21.868383141 -13.366235212  5 47 35.86 2009  7 22 2455034.74138727   120  Metano                netuno0011.fits                                    Triton                2045  2050     1   0.000   0.000
  -0.030   0.067 1248.85  984.12 1.791    272.35     18.69 99.999 99.999 99.999 13.353 13.439 99.999 99.999 99.999  0.263 99.999 99.999 99.999 99.999  99.999  99.999  99.999  99.999  0.040  0.040  0.022  0.035  0.046  0.073   17   16 99.999 99.999   99  21.868379284 -13.366236590  5 50 10.19 2009  7 22 2455034.74317350   120  Metano                netuno0012.fits                                    Triton                2045  2050     1   0.000   0.000
   0.044   0.173 1248.59  983.39 1.715    365.54      9.39 99.999 99.999 99.999 13.387 13.413 99.999 99.999 99.999  0.280 99.999 99.999 99.999 99.999  99.999  99.999  99.999  99.999  0.035  0.035  0.017  0.023  0.046  0.063   23   15 99.999 99.999   99  21.868377870 -13.366215098  5 52 43.70 2009  7 22 2455034.74495023   120  Metano                netuno0013.fits                                    Triton                2045  2050     1   0.000   0.000
   0.041   0.048 1245.87  982.86 1.027    687.02     60.91 99.999 99.999 99.999 13.307 13.311 99.999 99.999 99.999  0.332 99.999 99.999 99.999 99.999  99.999  99.999  99.999  99.999  0.000  0.000  0.024  0.023  0.075  0.072   21   16 99.999 99.999   99  21.868374967 -13.366257495  5 55 17.14 2009  7 22 2455034.74672616   120  Metano                netuno0014.fits                                    Triton                2045  2050     1   0.000   0.000
  -0.019  -0.016 1249.49  981.50 1.532    440.71     13.30 99.999 99.999 99.999 13.340 13.284 99.999 99.999 99.999  0.334 99.999 99.999 99.999 99.999  99.999  99.999  99.999  99.999  0.020  0.020  0.028  0.030  0.074  0.080   20   13 99.999 99.999   99  21.868371007 -13.366282989  5 57 50.68 2009  7 22 2455034.74850324   120  Metano                netuno0015.fits                                    Triton                2045  2050     1   0.000   0.000
   0.130  -0.242  598.67  510.38 2.399    366.57     43.91 99.999 99.999 99.999 13.580 13.388 99.999 99.999 99.999  0.480 99.999 99.999 99.999 99.999  99.999  99.999  99.999  99.999  0.006  0.006  0.013  0.013  0.051  0.050   25   16 99.999 99.999   99  22.038867402 -12.522867953  7 51  1.00 2010  7  4 2455381.82709491    80    Metano              tritaoM22_07.51.42_0001.fits                       Triton                1024  1024     1   0.000   0.000
   0.100  -0.160  599.41  507.27 2.404    364.80     47.75 99.999 99.999 99.999 13.512 13.302 99.999 99.999 99.999  0.503 99.999 99.999 99.999 99.999  99.999  99.999  99.999  99.999  0.031  0.031  0.015  0.020  0.061  0.079   26   18 99.999 99.999   99  22.038864924 -12.522848912  7 53 44.00 2010  7  4 2455381.82898148    80    Metano              tritaoM22_07.54.26_0003.fits                       Triton                1024  1024     1   0.000   0.000
   0.088  -0.184  600.18  507.97 2.582    325.43     43.34 99.999 99.999 99.999 13.510 13.343 99.999 99.999 99.999  0.482 99.999 99.999 99.999 99.999  99.999  99.999  99.999  99.999  0.031  0.031  0.014  0.016  0.058  0.066   29   17 99.999 99.999   99  22.038862786 -12.522858984  7 56 28.00 2010  7  4 2455381.83087963    80    Metano              tritaoM22_07.57.09_0005.fits                       Triton                1024  1024     1   0.000   0.000
   0.091  -0.209  600.50  506.99 2.527    335.07     42.39 99.999 99.999 99.999 13.489 13.344 99.999 99.999 99.999  0.404 99.999 99.999 99.999 99.999  99.999  99.999  99.999  99.999  0.028  0.028  0.014  0.025  0.044  0.081   27   12 99.999 99.999   99  22.038861901 -12.522867754  7 57 50.00 2010  7  4 2455381.83182870    80    Metano              tritaoM22_07.58.31_0006.fits                       Triton                1024  1024     1   0.000   0.000
   0.115  -0.252  600.97  509.11 2.057    453.22     61.43 99.999 99.999 99.999 13.539 13.408 99.999 99.999 99.999  0.451 99.999 99.999 99.999 99.999  99.999  99.999  99.999  99.999  0.040  0.040  0.012  0.012  0.053  0.052   28   20 99.999 99.999   99  22.038861384 -12.522881519  7 59 12.00 2010  7  4 2455381.83277778    80    Metano              tritaoM22_07.59.53_0007.fits                       Triton                1024  1024     1   0.000   0.000
   0.148  -0.168  601.19  507.92 2.114    433.64     64.15 99.999 99.999 99.999 13.515 13.362 99.999 99.999 99.999  0.426 99.999 99.999 99.999 99.999  99.999  99.999  99.999  99.999  0.028  0.028  0.015  0.019  0.057  0.072   24   14 99.999 99.999   99  22.038861052 -12.522859898  8  0 34.00 2010  7  4 2455381.83372685    80    Metano              tritaoM22_08.01.15_0008.fits                       Triton                1024  1024     1   0.000   0.000
   0.149  -0.190  601.22  507.47 2.297    359.29     53.09 99.999 99.999 99.999 13.497 13.394 99.999 99.999 99.999  0.431 99.999 99.999 99.999 99.999  99.999  99.999  99.999  99.999  0.033  0.033  0.016  0.015  0.066  0.062   27   17 99.999 99.999   99  22.038860132 -12.522867697  8  1 55.00 2010  7  4 2455381.83466435    80    Metano              tritaoM22_08.02.37_0009.fits                       Triton                1024  1024     1   0.000   0.000
   0.159  -0.185  601.53  510.28 2.322    363.95     50.11 99.999 99.999 99.999 13.532 13.347 99.999 99.999 99.999  0.507 99.999 99.999 99.999 99.999  99.999  99.999  99.999  99.999  0.010  0.010  0.016  0.021  0.060  0.079   27   15 99.999 99.999   99  22.038859353 -12.522867939  8  3 17.00 2010  7  4 2455381.83561343    80    Metano              tritaoM22_08.03.58_0010.fits                       Triton                1024  1024     1   0.000   0.000
   0.136  -0.244  602.31  509.84 2.669    329.69     47.37 99.999 99.999 99.999 13.567 13.465 99.999 99.999 99.999  0.359 99.999 99.999 99.999 99.999  99.999  99.999  99.999  99.999  0.041  0.041  0.017  0.016  0.073  0.065   29   18 99.999 99.999   99  22.038856998 -12.522888004  8  6  1.00 2010  7  4 2455381.83751157    80    Metano              tritaoM22_08.06.42_0012.fits                       Triton                1024  1024     1   0.000   0.000
   0.197  -0.191  602.31  511.68 2.201    361.62     61.78 99.999 99.999 99.999 13.514 13.362 99.999 99.999 99.999  0.393 99.999 99.999 99.999 99.999  99.999  99.999  99.999  99.999  0.030  0.030  0.021  0.020  0.078  0.077   26   16 99.999 99.999   99  22.038857213 -12.522874945  8  7 23.00 2010  7  4 2455381.83846065    80    Metano              tritaoM22_08.08.04_0013.fits                       Triton                1024  1024     1   0.000   0.000
   0.143  -0.174  602.94  508.79 2.782    294.17     37.23 99.999 99.999 99.999 13.553 13.454 99.999 99.999 99.999  0.416 99.999 99.999 99.999 99.999  99.999  99.999  99.999  99.999  0.000  0.000  0.019  0.019  0.069  0.067   27   14 99.999 99.999   99  22.038855235 -12.522872130  8  8 44.00 2010  7  4 2455381.83939815    80    Metano              tritaoM22_08.09.26_0014.fits                       Triton                1024  1024     1   0.000   0.000
   0.114  -0.140  603.24  506.89 2.316    315.19     62.22 99.999 99.999 99.999 13.600 13.389 99.999 99.999 99.999  0.411 99.999 99.999 99.999 99.999  99.999  99.999  99.999  99.999  0.038  0.039  0.013  0.015  0.045  0.051   23   12 99.999 99.999   99  22.038853716 -12.522864479  8 10  6.00 2010  7  4 2455381.84034722    80    Metano              tritaoM22_08.10.47_0015.fits                       Triton                1024  1024     1   0.000   0.000
   0.108  -0.252  603.19  508.06 2.190    412.66     64.30 99.999 99.999 99.999 13.577 13.393 99.999 99.999 99.999  0.465 99.999 99.999 99.999 99.999  99.999  99.999  99.999  99.999  0.042  0.042  0.012  0.020  0.043  0.076   28   17 99.999 99.999   99  22.038852654 -12.522897323  8 11 28.00 2010  7  4 2455381.84129630    80    Metano              tritaoM22_08.12.09_0016.fits                       Triton                1024  1024     1   0.000   0.000
   0.107  -0.192  603.82  506.31 2.534    353.88     45.70 99.999 99.999 99.999 13.485 13.375 99.999 99.999 99.999  0.425 99.999 99.999 99.999 99.999  99.999  99.999  99.999  99.999  0.035  0.035  0.017  0.022  0.063  0.085   27   15 99.999 99.999   99  22.038851702 -12.522882382  8 12 50.00 2010  7  4 2455381.84224537    80    Metano              tritaoM22_08.13.31_0017.fits                       Triton                1024  1024     1   0.000   0.000
   0.106  -0.218  604.03  505.10 2.576    336.74     38.60 99.999 99.999 99.999 13.615 13.440 99.999 99.999 99.999  0.382 99.999 99.999 99.999 99.999  99.999  99.999  99.999  99.999  0.029  0.030  0.019  0.017  0.074  0.069   24   16 99.999 99.999   99  22.038850698 -12.522891369  8 14 12.00 2010  7  4 2455381.84319444    80    Metano              tritaoM22_08.14.53_0018.fits                       Triton                1024  1024     1   0.000   0.000
   0.065  -0.304  626.62  457.67 2.599    274.74     65.03 99.999 99.999 99.999 13.571 13.515 99.999 99.999 99.999  0.530 99.999 99.999 99.999 99.999  99.999  99.999  99.999  99.999  0.028  0.028  0.019  0.013  0.067  0.047   29   15 99.999 99.999   99  22.038836602 -12.522939865  8 33 22.00 2010  7  4 2455381.85650463    80    Metano              tritaoM22_08.34.03_0002.fits                       Triton                1024  1024     1   0.000   0.000
   0.181  -0.252  626.60  459.07 2.393    310.78     61.37 99.999 99.999 99.999 13.500 13.437 99.999 99.999 99.999  0.430 99.999 99.999 99.999 99.999  99.999  99.999  99.999  99.999  0.055  0.055  0.016  0.026  0.042  0.070   28   11 99.999 99.999   99  22.038837821 -12.522927120  8 34 44.00 2010  7  4 2455381.85745370    80    Metano              tritaoM22_08.35.25_0003.fits                       Triton                1024  1024     1   0.000   0.000
   0.121  -0.218  626.75  457.53 2.705    291.22     45.45 99.999 99.999 99.999 13.486 13.389 99.999 99.999 99.999  0.408 99.999 99.999 99.999 99.999  99.999  99.999  99.999  99.999  0.036  0.036  0.020  0.022  0.065  0.074   28   13 99.999 99.999   99  22.038835738 -12.522919621  8 36  6.00 2010  7  4 2455381.85840278    80    Metano              tritaoM22_08.36.47_0004.fits                       Triton                1024  1024     1   0.000   0.000
   0.153  -0.325  626.73  455.79 2.401    334.28     62.75 99.999 99.999 99.999 13.583 13.491 99.999 99.999 99.999  0.413 99.999 99.999 99.999 99.999  99.999  99.999  99.999  99.999  0.046  0.046  0.014  0.016  0.048  0.056   33   12 99.999 99.999   99  22.038835424 -12.522951245  8 37 27.00 2010  7  4 2455381.85934028    80    Metano              tritaoM22_08.38.09_0005.fits                       Triton                1024  1024     1   0.000   0.000
   0.116  -0.260  627.24  458.31 2.757    305.80     51.73 99.999 99.999 99.999 13.497 13.380 99.999 99.999 99.999  0.427 99.999 99.999 99.999 99.999  99.999  99.999  99.999  99.999  0.036  0.036  0.018  0.018  0.071  0.073   28   16 99.999 99.999   99  22.038833758 -12.522934791  8 38 49.00 2010  7  4 2455381.86028935    80    Metano              tritaoM22_08.39.30_0006.fits                       Triton                1024  1024     1   0.000   0.000
   0.088  -0.214  627.41  456.63 2.711    305.98     49.52 99.999 99.999 99.999 13.552 13.469 99.999 99.999 99.999  0.422 99.999 99.999 99.999 99.999  99.999  99.999  99.999  99.999  0.048  0.048  0.018  0.019  0.070  0.072   28   16 99.999 99.999   99  22.038832286 -12.522923774  8 40 11.00 2010  7  4 2455381.86123843    80    Metano              tritaoM22_08.40.52_0007.fits                       Triton                1024  1024     1   0.000   0.000
   0.042  -0.141  627.86  456.56 2.628    308.15     50.70 99.999 99.999 99.999 13.505 13.406 99.999 99.999 99.999  0.666 99.999 99.999 99.999 99.999  99.999  99.999  99.999  99.999  0.042  0.042  0.016  0.014  0.067  0.058   31   17 99.999 99.999   99  22.038830467 -12.522905220  8 41 33.00 2010  7  4 2455381.86218750    80    Metano              tritaoM22_08.42.14_0008.fits                       Triton                1024  1024     1   0.000   0.000
   0.115  -0.245  628.17  458.94 2.383    316.27     76.80 99.999 99.999 99.999 13.566 13.490 99.999 99.999 99.999  0.442 99.999 99.999 99.999 99.999  99.999  99.999  99.999  99.999  0.047  0.047  0.013  0.017  0.057  0.074   28   20 99.999 99.999   99  22.038830910 -12.522935901  8 42 55.00 2010  7  4 2455381.86313657    80    Metano              tritaoM22_08.43.36_0009.fits                       Triton                1024  1024     1   0.000   0.000
   0.085  -0.231  628.10  457.67 2.486    341.05     64.91 99.999 99.999 99.999 13.526 13.376 99.999 99.999 99.999  0.506 99.999 99.999 99.999 99.999  99.999  99.999  99.999  99.999  0.035  0.035  0.019  0.019  0.077  0.075   31   17 99.999 99.999   99  22.038829388 -12.522933888  8 44 17.00 2010  7  4 2455381.86408565    80    Metano              tritaoM22_08.44.58_0010.fits                       Triton                1024  1024     1   0.000   0.000
   0.047  -0.264  628.74  459.92 2.946    248.84     61.71 99.999 99.999 99.999 13.638 13.471 99.999 99.999 99.999  0.512 99.999 99.999 99.999 99.999  99.999  99.999  99.999  99.999  0.028  0.028  0.018  0.012  0.071  0.045   26   15 99.999 99.999   99  22.038827228 -12.522945549  8 46 22.00 2010  7  4 2455381.86553241    80    Metano              tritaoM22_08.47.03_0011.fits                       Triton                1024  1024     1   0.000   0.000
   0.171  -0.191  629.20  459.50 3.153    270.38     65.08 99.999 99.999 99.999 13.563 13.421 99.999 99.999 99.999  0.465 99.999 99.999 99.999 99.999  99.999  99.999  99.999  99.999  0.036  0.036  0.018  0.016  0.058  0.053   24   12 99.999 99.999   99  22.038828627 -12.522927067  8 47 44.00 2010  7  4 2455381.86648148    80    Metano              tritaoM22_08.48.25_0012.fits                       Triton                1024  1024     1   0.000   0.000
   0.064  -0.238  629.43  457.15 2.532    314.83     96.12 99.999 99.999 99.999 13.579 13.503 99.999 99.999 99.999  0.465 99.999 99.999 99.999 99.999  99.999  99.999  99.999  99.999  0.034  0.034  0.019  0.015  0.067  0.052   29   14 99.999 99.999   99  22.038825657 -12.522942001  8 49  5.00 2010  7  4 2455381.86741898    80    Metano              tritaoM22_08.49.47_0013.fits                       Triton                1024  1024     1   0.000   0.000
   0.066  -0.147  629.73  457.90 2.507    302.07    102.38 99.999 99.999 99.999 13.609 13.535 99.999 99.999 99.999  0.427 99.999 99.999 99.999 99.999  99.999  99.999  99.999  99.999  0.036  0.036  0.018  0.021  0.071  0.081   30   16 99.999 99.999   99  22.038824752 -12.522918237  8 50 27.00 2010  7  4 2455381.86836806    80    Metano              tritaoM22_08.51.09_0014.fits                       Triton                1024  1024     1   0.000   0.000
   0.116  -0.271  630.12  457.36 2.463    346.97    103.31 99.999 99.999 99.999 13.548 13.461 99.999 99.999 99.999  0.438 99.999 99.999 99.999 99.999  99.999  99.999  99.999  99.999  0.037  0.037  0.018  0.019  0.074  0.078   28   18 99.999 99.999   99  22.038824762 -12.522954350  8 51 49.00 2010  7  4 2455381.86931713    80    Metano              tritaoM22_08.52.30_0015.fits                       Triton                1024  1024     1   0.000   0.000
   0.103  -0.275  630.31  456.09 2.430    348.83    130.56 99.999 99.999 99.999 13.578 13.478 99.999 99.999 99.999  0.462 99.999 99.999 99.999 99.999  99.999  99.999  99.999  99.999  0.039  0.039  0.018  0.016  0.066  0.056   26   13 99.999 99.999   99  22.038823566 -12.522957598  8 53 11.00 2010  7  4 2455381.87026620    80    Metano              tritaoM22_08.53.52_0016.fits                       Triton                1024  1024     1   0.000   0.000
   0.111  -0.276  630.93  457.70 2.927    303.96    142.57 99.999 99.999 99.999 13.565 13.408 99.999 99.999 99.999  0.522 99.999 99.999 99.999 99.999  99.999  99.999  99.999  99.999  0.030  0.030  0.018  0.015  0.060  0.051   21   12 99.999 99.999   99  22.038822769 -12.522959396  8 54 33.00 2010  7  4 2455381.87121528    80    Metano              tritaoM22_08.55.14_0017.fits                       Triton                1024  1024     1   0.000   0.000
   0.088  -0.191  631.55  455.93 2.539    304.52    225.31 99.999 99.999 99.999 13.594 13.536 99.999 99.999 99.999  0.542 99.999 99.999 99.999 99.999  99.999  99.999  99.999  99.999  0.043  0.043  0.018  0.023  0.065  0.081   24   13 99.999 99.999   99  22.038820483 -12.522939077  8 57 16.00 2010  7  4 2455381.87310185    80    Metano              tritaoM22_08.57.58_0019.fits                       Triton                1024  1024     1   0.000   0.000
   0.027  -0.257  631.62  458.28 2.449    314.51    282.59 99.999 99.999 99.999 13.602 13.467 99.999 99.999 99.999  0.535 99.999 99.999 99.999 99.999  99.999  99.999  99.999  99.999  0.051  0.051  0.013  0.018  0.046  0.066   25   15 99.999 99.999   99  22.038818378 -12.522959376  8 58 38.00 2010  7  4 2455381.87405093    80    Metano              tritaoM22_08.59.19_0020.fits                       Triton                1024  1024     1   0.000   0.000
