  -0.030  -0.049 2026.57 1491.90 1.497  35294.36   1974.73 99.999 99.999 99.999 13.031 12.767 99.999 99.999 99.999  0.235 99.999 99.999 99.999 99.999  99.999  99.999  99.999  99.999  0.018  0.018  0.017  0.015  0.042  0.036   26   24 99.999 99.999   99  21.868511732 -13.365897144  3 51 36.38 2009  7 22 2455034.66083773   120  Clear                 nereida0002.fits                                   Triton                2045  2050
  -0.009   0.176 1188.92  995.23 1.271    574.24     32.29 99.999 99.999 99.999 13.441 13.346 99.999 99.999 99.999  0.368 99.999 99.999 99.999 99.999  99.999  99.999  99.999  99.999  0.019  0.019  0.022  0.041  0.038  0.069   11    6 99.999 99.999   99  21.868410942 -13.366119857  5 22  2.03 2009  7 22 2455034.72363461   120  Metano                netuno0001.fits                                    Triton                2045  2050
   0.050   0.068 1250.54  993.16 1.279    461.48     51.42 99.999 99.999 99.999 13.360 13.373 99.999 99.999 99.999  0.333 99.999 99.999 99.999 99.999  99.999  99.999  99.999  99.999  0.027  0.027  0.013  0.025  0.040  0.073   22   15 99.999 99.999   99  21.868406372 -13.366165519  5 27  9.02 2009  7 22 2455034.72718773   120  Metano                netuno0003.fits                                    Triton                2045  2050
   0.004   0.149 1251.32  991.91 1.437    341.67     40.88 99.999 99.999 99.999 13.274 13.312 99.999 99.999 99.999  0.195 99.999 99.999 99.999 99.999  99.999  99.999  99.999  99.999  0.004  0.004  0.016  0.026  0.044  0.072   13   11 99.999 99.999   99  21.868402661 -13.366150916  5 29 42.47 2009  7 22 2455034.72896377   120  Metano                netuno0004.fits                                    Triton                2045  2050
   0.013   0.001 1245.98  989.61 1.123    473.99     61.20 99.999 99.999 99.999 13.241 13.320 99.999 99.999 99.999  0.220 99.999 99.999 99.999 99.999  99.999  99.999  99.999  99.999  0.012  0.012  0.017  0.024  0.052  0.071   18   15 99.999 99.999   99  21.868397139 -13.366207818  5 34 49.38 2009  7 22 2455034.73251597   120  Metano                netuno0006.fits                                    Triton                2045  2050
   0.022   0.029 1248.64  988.46 1.429    314.73     21.36 99.999 99.999 99.999 13.337 13.343 99.999 99.999 99.999  0.230 99.999 99.999 99.999 99.999  99.999  99.999  99.999  99.999  0.018  0.018  0.020  0.026  0.057  0.074   18   12 99.999 99.999   99  21.868394476 -13.366207719  5 37 22.86 2009  7 22 2455034.73429236   120  Metano                netuno0007.fits                                    Triton                2045  2050
  -0.014  -0.037 1247.50  987.57 1.239    400.41     39.79 99.999 99.999 99.999 13.350 13.493 99.999 99.999 99.999  0.277 99.999 99.999 99.999 99.999  99.999  99.999  99.999  99.999  0.019  0.019  0.025  0.029  0.055  0.064   14   11 99.999 99.999   99  21.868390953 -13.366234039  5 39 55.50 2009  7 22 2455034.73605903   120  Metano                netuno0008.fits                                    Triton                2045  2050
   0.021   0.160 1250.81  987.30 1.173    563.96     51.74 99.999 99.999 99.999 13.308 13.345 99.999 99.999 99.999  0.264 99.999 99.999 99.999 99.999  99.999  99.999  99.999  99.999  0.015  0.015  0.020  0.030  0.044  0.066   20   14 99.999 99.999   99  21.868388795 -13.366187337  5 42 28.95 2009  7 22 2455034.73783507   120  Metano                netuno0009.fits                                    Triton                2045  2050
   0.022   0.043 1250.61  986.05 1.306    449.66     67.46 99.999 99.999 99.999 13.293 13.276 99.999 99.999 99.999  0.248 99.999 99.999 99.999 99.999  99.999  99.999  99.999  99.999  0.018  0.018  0.017  0.023  0.045  0.063   22   14 99.999 99.999   99  21.868383141 -13.366235212  5 47 35.86 2009  7 22 2455034.74138727   120  Metano                netuno0011.fits                                    Triton                2045  2050
  -0.030   0.067 1248.85  984.12 1.791    272.35     18.69 99.999 99.999 99.999 13.353 13.439 99.999 99.999 99.999  0.263 99.999 99.999 99.999 99.999  99.999  99.999  99.999  99.999  0.040  0.040  0.022  0.035  0.046  0.073   17   16 99.999 99.999   99  21.868379284 -13.366236590  5 50 10.19 2009  7 22 2455034.74317350   120  Metano                netuno0012.fits                                    Triton                2045  2050
   0.044   0.173 1248.59  983.39 1.715    365.54      9.39 99.999 99.999 99.999 13.387 13.413 99.999 99.999 99.999  0.280 99.999 99.999 99.999 99.999  99.999  99.999  99.999  99.999  0.035  0.035  0.017  0.023  0.046  0.063   23   15 99.999 99.999   99  21.868377870 -13.366215098  5 52 43.70 2009  7 22 2455034.74495023   120  Metano                netuno0013.fits                                    Triton                2045  2050
   0.041   0.048 1245.87  982.86 1.027    687.02     60.91 99.999 99.999 99.999 13.307 13.311 99.999 99.999 99.999  0.332 99.999 99.999 99.999 99.999  99.999  99.999  99.999  99.999  0.000  0.000  0.024  0.023  0.075  0.072   21   16 99.999 99.999   99  21.868374967 -13.366257495  5 55 17.14 2009  7 22 2455034.74672616   120  Metano                netuno0014.fits                                    Triton                2045  2050
  -0.019  -0.016 1249.49  981.50 1.532    440.71     13.30 99.999 99.999 99.999 13.340 13.284 99.999 99.999 99.999  0.334 99.999 99.999 99.999 99.999  99.999  99.999  99.999  99.999  0.020  0.020  0.028  0.030  0.074  0.080   20   13 99.999 99.999   99  21.868371007 -13.366282989  5 57 50.68 2009  7 22 2455034.74850324   120  Metano                netuno0015.fits                                    Triton                2045  2050
