   0.057  -0.007 1075.61 1134.69 2.718   1657.63      4.84 99.999 99.999 99.999 13.424 13.127 99.999 99.999 99.999  0.219 99.999 99.999 99.999 99.999  99.999  99.999  99.999  99.999  0.026  0.026  0.015  0.016  0.060  0.064   21   17 99.999 99.999   99  22.088140073 -12.348171701  2 16 29.00 2011  9  5 2455809.59478009    90    I                   Tritao_0004.fits                                   Triton                2048  2048
   0.037  -0.015 1076.60 1138.38 2.935   1522.50    -15.34 99.999 99.999 99.999 13.460 13.207 99.999 99.999 99.999  0.224 99.999 99.999 99.999 99.999  99.999  99.999  99.999  99.999  0.026  0.026  0.014  0.015  0.056  0.060   20   17 99.999 99.999   99  22.088131070 -12.348210774  2 22 45.00 2011  9  5 2455809.59913194    90    I                   Tritao_0008.fits                                   Triton                2048  2048
   0.040  -0.029 1077.57 1139.21 2.784   1441.31     45.42 99.999 99.999 99.999 13.443 13.167 99.999 99.999 99.999  0.213 99.999 99.999 99.999 99.999  99.999  99.999  99.999  99.999  0.031  0.031  0.014  0.014  0.063  0.062   21   20 99.999 99.999   99  22.088124674 -12.348242340  2 27 26.00 2011  9  5 2455809.60238426    90    I                   Tritao_0011.fits                                   Triton                2048  2048
   0.054  -0.041 1078.43 1136.57 2.755   1794.84    -41.32 99.999 99.999 99.999 13.458 13.160 99.999 99.999 99.999  0.223 99.999 99.999 99.999 99.999  99.999  99.999  99.999  99.999  0.027  0.027  0.014  0.015  0.059  0.066   22   19 99.999 99.999   99  22.088116293 -12.348282185  2 33 42.00 2011  9  5 2455809.60673611    90    I                   Tritao_0015.fits                                   Triton                2048  2048
   0.104  -0.036 1078.22 1140.67 2.825   1369.97     61.89 99.999 99.999 99.999 13.455 13.136 99.999 99.999 99.999  0.202 99.999 99.999 99.999 99.999  99.999  99.999  99.999  99.999  0.043  0.043  0.011  0.015  0.047  0.062   22   18 99.999 99.999   99  22.088115118 -12.348289823  2 35 16.00 2011  9  5 2455809.60782407    90    I                   Tritao_0016.fits                                   Triton                2048  2048
   0.044  -0.034 1079.78 1146.60 2.691   1861.29    -38.77 99.999 99.999 99.999 13.448 13.132 99.999 99.999 99.999  0.230 99.999 99.999 99.999 99.999  99.999  99.999  99.999  99.999  0.028  0.028  0.013  0.013  0.058  0.058   22   20 99.999 99.999   99  22.088107526 -12.348316721  2 39 57.00 2011  9  5 2455809.61107639    90    I                   Tritao_0019.fits                                   Triton                2048  2048
   0.040  -0.042 1080.09 1144.71 2.495   2123.22    -42.77 99.999 99.999 99.999 13.452 13.104 99.999 99.999 99.999  0.242 99.999 99.999 99.999 99.999  99.999  99.999  99.999  99.999  0.033  0.033  0.014  0.014  0.064  0.063   22   20 99.999 99.999   99  22.088105294 -12.348328101  2 41 31.00 2011  9  5 2455809.61216435    90    I                   Tritao_0020.fits                                   Triton                2048  2048
   0.040  -0.024 1081.85 1143.09 2.791   1549.16     16.39 99.999 99.999 99.999 13.459 13.166 99.999 99.999 99.999  0.217 99.999 99.999 99.999 99.999  99.999  99.999  99.999  99.999  0.029  0.029  0.013  0.013  0.054  0.058   22   19 99.999 99.999   99  22.088092376 -12.348377476  2 50 55.00 2011  9  5 2455809.61869213    90    I                   Tritao_0026.fits                                   Triton                2048  2048
   0.043  -0.040 1083.43 1147.37 2.404   1878.59     55.79 99.999 99.999 99.999 13.447 13.156 99.999 99.999 99.999  0.229 99.999 99.999 99.999 99.999  99.999  99.999  99.999  99.999  0.027  0.027  0.015  0.015  0.066  0.067   23   21 99.999 99.999   99  22.088085988 -12.348409064  2 55 36.00 2011  9  5 2455809.62194444    90    I                   Tritao_0029.fits                                   Triton                2048  2048
   0.043  -0.025 1086.36 1155.16 2.514   1645.55     73.97 99.999 99.999 99.999 13.435 13.157 99.999 99.999 99.999  0.213 99.999 99.999 99.999 99.999  99.999  99.999  99.999  99.999  0.020  0.020  0.013  0.015  0.055  0.066   24   21 99.999 99.999   99  22.088075227 -12.348450327  3  3 26.00 2011  9  5 2455809.62738426    90    I                   Tritao_0034.fits                                   Triton                2048  2048
   0.109  -0.015 1088.16 1150.03 2.470   1614.55     26.54 99.999 99.999 99.999 13.388 13.105 99.999 99.999 99.999  0.174 99.999 99.999 99.999 99.999  99.999  99.999  99.999  99.999  0.022  0.022  0.012  0.015  0.047  0.057   23   18 99.999 99.999   99  22.088070008 -12.348474440  3  8  8.00 2011  9  5 2455809.63064815    90    I                   Tritao_0037.fits                                   Triton                2048  2048
   0.087  -0.017 1087.91 1146.08 2.332   1694.36     60.75 99.999 99.999 99.999 13.413 13.132 99.999 99.999 99.999  0.181 99.999 99.999 99.999 99.999  99.999  99.999  99.999  99.999  0.033  0.033  0.012  0.015  0.045  0.057   23   18 99.999 99.999   99  22.088067460 -12.348483983  3  9 42.00 2011  9  5 2455809.63173611    90    I                   Tritao_0038.fits                                   Triton                2048  2048
   0.077  -0.024 1088.57 1147.86 2.376   1426.67    115.67 99.999 99.999 99.999 13.459 13.229 99.999 99.999 99.999  0.171 99.999 99.999 99.999 99.999  99.999  99.999  99.999  99.999  0.010  0.010  0.012  0.014  0.048  0.056   22   18 99.999 99.999   99  22.088065128 -12.348494741  3 11 15.00 2011  9  5 2455809.63281250    90    I                   Tritao_0039.fits                                   Triton                2048  2048
   0.081  -0.040 1090.64 1153.12 2.306   1177.79    202.39 99.999 99.999 99.999 13.431 13.156 99.999 99.999 99.999  0.181 99.999 99.999 99.999 99.999  99.999  99.999  99.999  99.999  0.039  0.039  0.012  0.015  0.050  0.060   23   19 99.999 99.999   99  22.088054473 -12.348544097  3 19  5.00 2011  9  5 2455809.63825231    90    I                   Tritao_0044.fits                                   Triton                2048  2048
   0.079  -0.015 1091.29 1154.80 2.502   1813.55     -7.14 99.999 99.999 99.999 13.387 13.162 99.999 99.999 99.999  0.194 99.999 99.999 99.999 99.999  99.999  99.999  99.999  99.999  0.028  0.028  0.012  0.014  0.052  0.059   22   20 99.999 99.999   99  22.088052266 -12.348546112  3 20 39.00 2011  9  5 2455809.63934028    90    I                   Tritao_0045.fits                                   Triton                2048  2048
   0.074  -0.026 1093.36 1155.19 2.837   1433.19      9.48 99.999 99.999 99.999 13.419 13.183 99.999 99.999 99.999  0.182 99.999 99.999 99.999 99.999  99.999  99.999  99.999  99.999  0.030  0.030  0.011  0.013  0.045  0.054   23   19 99.999 99.999   99  22.088043632 -12.348585008  3 26 54.00 2011  9  5 2455809.64368056    90    I                   Tritao_0049.fits                                   Triton                2048  2048
   0.081  -0.019 1094.05 1156.63 2.759   1642.13    -22.95 99.999 99.999 99.999 13.399 13.168 99.999 99.999 99.999  0.187 99.999 99.999 99.999 99.999  99.999  99.999  99.999  99.999  0.020  0.020  0.014  0.014  0.057  0.057   23   19 99.999 99.999   99  22.088041582 -12.348591824  3 28 28.00 2011  9  5 2455809.64476852    90    I                   Tritao_0050.fits                                   Triton                2048  2048
   0.045  -0.011 1096.02 1154.47 2.539    649.40      8.29 99.999 99.999 99.999 13.428 13.260 99.999 99.999 99.999  0.204 99.999 99.999 99.999 99.999  99.999  99.999  99.999  99.999  0.012  0.012  0.012  0.014  0.049  0.053   21   19 99.999 99.999   99  22.088034668 -12.348615931  3 33  2.00 2011  9  5 2455809.64793981    30    I                   Tritao_0051.fits                                   Triton                2048  2048
   0.009  -0.039 1096.19 1153.18 2.233    704.91     33.63 99.999 99.999 99.999 13.437 13.273 99.999 99.999 99.999  0.189 99.999 99.999 99.999 99.999  99.999  99.999  99.999  99.999  0.046  0.046  0.019  0.015  0.076  0.057   22   19 99.999 99.999   99  22.088033192 -12.348626805  3 33 36.00 2011  9  5 2455809.64833333    30    I                   Tritao_0052.fits                                   Triton                2048  2048
   0.157   0.004 1097.76 1151.21 1.160    756.74    119.05 99.999 99.999 99.999 13.412 13.295 99.999 99.999 99.999  0.318 99.999 99.999 99.999 99.999  99.999  99.999  99.999  99.999  0.026  0.026  0.017  0.017  0.063  0.063   20   17 99.999 99.999   99  22.088035220 -12.348618114  3 34 10.00 2011  9  5 2455809.64872685    30    I                   Tritao_0053.fits                                   Triton                2048  2048
   0.123   0.026 1097.46 1154.39 1.685    490.50     87.65 99.999 99.999 99.999 13.434 13.279 99.999 99.999 99.999  0.160 99.999 99.999 99.999 99.999  99.999  99.999  99.999  99.999  0.042  0.042  0.015  0.018  0.055  0.067   22   17 99.999 99.999   99  22.088033826 -12.348615109  3 34 43.00 2011  9  5 2455809.64910880    30    I                   Tritao_0054.fits                                   Triton                2048  2048
   0.128   0.068 1097.94 1158.14 1.800    497.01     62.95 99.999 99.999 99.999 13.408 13.302 99.999 99.999 99.999  0.161 99.999 99.999 99.999 99.999  99.999  99.999  99.999  99.999  0.013  0.013  0.017  0.018  0.067  0.073   20   17 99.999 99.999   99  22.088033150 -12.348606704  3 35 17.00 2011  9  5 2455809.64950231    30    I                   Tritao_0055.fits                                   Triton                2048  2048
   0.118   0.044 1098.14 1158.14 1.134    704.16    115.75 99.999 99.999 99.999 13.359 13.175 99.999 99.999 99.999  0.169 99.999 99.999 99.999 99.999  99.999  99.999  99.999  99.999  0.019  0.019  0.020  0.016  0.072  0.059   20   17 99.999 99.999   99  22.088032186 -12.348616800  3 35 51.00 2011  9  5 2455809.64989583    30    I                   Tritao_0056.fits                                   Triton                2048  2048
   0.087   0.025 1098.29 1157.66 1.540    586.75     80.16 99.999 99.999 99.999 13.431 13.325 99.999 99.999 99.999  0.204 99.999 99.999 99.999 99.999  99.999  99.999  99.999  99.999  0.003  0.003  0.017  0.016  0.066  0.063   21   19 99.999 99.999   99  22.088030822 -12.348625065  3 36 25.00 2011  9  5 2455809.65028935    30    I                   Tritao_0057.fits                                   Triton                2048  2048
   0.129   0.035 1098.63 1155.02 1.053    695.29    156.82 99.999 99.999 99.999 13.392 13.256 99.999 99.999 99.999  0.160 99.999 99.999 99.999 99.999  99.999  99.999  99.999  99.999  0.023  0.023  0.015  0.019  0.058  0.071   20   18 99.999 99.999   99  22.088030843 -12.348625510  3 36 59.00 2011  9  5 2455809.65068287    30    I                   Tritao_0058.fits                                   Triton                2048  2048
   0.135   0.017 1098.51 1155.25 1.270    530.64    140.94 99.999 99.999 99.999 13.381 13.265 99.999 99.999 99.999  0.199 99.999 99.999 99.999 99.999  99.999  99.999  99.999  99.999  0.010  0.010  0.019  0.020  0.070  0.073   16   14 99.999 99.999   99  22.088030194 -12.348633538  3 37 33.00 2011  9  5 2455809.65107639    30    I                   Tritao_0059.fits                                   Triton                2048  2048
   0.124   0.015 1098.16 1154.22 1.260    711.86    109.21 99.999 99.999 99.999 13.377 13.239 99.999 99.999 99.999  0.188 99.999 99.999 99.999 99.999  99.999  99.999  99.999  99.999  0.010  0.010  0.016  0.014  0.064  0.056   22   18 99.999 99.999   99  22.088029209 -12.348637371  3 38  7.00 2011  9  5 2455809.65146991    30    I                   Tritao_0060.fits                                   Triton                2048  2048
   0.116  -0.005 1098.55 1156.46 1.686    531.60     65.11 99.999 99.999 99.999 13.391 13.195 99.999 99.999 99.999  0.163 99.999 99.999 99.999 99.999  99.999  99.999  99.999  99.999  0.034  0.034  0.018  0.016  0.072  0.064   21   17 99.999 99.999   99  22.088028288 -12.348645982  3 38 41.00 2011  9  5 2455809.65186343    30    I                   Tritao_0061.fits                                   Triton                2048  2048
   0.081   0.011 1098.40 1161.74 1.995    451.78     48.74 99.999 99.999 99.999 13.430 13.295 99.999 99.999 99.999  0.149 99.999 99.999 99.999 99.999  99.999  99.999  99.999  99.999  0.049  0.049  0.017  0.017  0.063  0.062   21   16 99.999 99.999   99  22.088026843 -12.348644888  3 39 15.00 2011  9  5 2455809.65225694    30    I                   Tritao_0062.fits                                   Triton                2048  2048
   0.122   0.045 1098.92 1162.79 1.188    726.18    136.24 99.999 99.999 99.999 13.442 13.263 99.999 99.999 99.999  0.185 99.999 99.999 99.999 99.999  99.999  99.999  99.999  99.999  0.024  0.024  0.015  0.018  0.058  0.073   22   19 99.999 99.999   99  22.088026845 -12.348638994  3 39 49.00 2011  9  5 2455809.65265046    30    I                   Tritao_0063.fits                                   Triton                2048  2048
   0.169   0.036 1098.89 1161.68 1.183    668.17    128.76 99.999 99.999 99.999 13.333 13.234 99.999 99.999 99.999  0.166 99.999 99.999 99.999 99.999  99.999  99.999  99.999  99.999  0.020  0.020  0.017  0.015  0.066  0.059   21   18 99.999 99.999   99  22.088026982 -12.348644443  3 40 22.00 2011  9  5 2455809.65303241    30    I                   Tritao_0064.fits                                   Triton                2048  2048
   0.100   0.013 1098.82 1160.55 1.157    743.36    139.50 99.999 99.999 99.999 13.421 13.316 99.999 99.999 99.999  0.174 99.999 99.999 99.999 99.999  99.999  99.999  99.999  99.999  0.028  0.028  0.013  0.015  0.055  0.061   21   18 99.999 99.999   99  22.088024893 -12.348653928  3 40 56.00 2011  9  5 2455809.65342593    30    I                   Tritao_0065.fits                                   Triton                2048  2048
   0.085   0.039 1099.23 1160.94 1.610    531.37     86.23 99.999 99.999 99.999 13.441 13.242 99.999 99.999 99.999  0.170 99.999 99.999 99.999 99.999  99.999  99.999  99.999  99.999  0.004  0.004  0.016  0.015  0.065  0.061   22   18 99.999 99.999   99  22.088023829 -12.348649890  3 41 30.00 2011  9  5 2455809.65381944    30    I                   Tritao_0066.fits                                   Triton                2048  2048
   0.257   0.005 1099.02 1159.96 1.285    563.56    116.26 99.999 99.999 99.999 13.294 13.174 99.999 99.999 99.999  0.179 99.999 99.999 99.999 99.999  99.999  99.999  99.999  99.999  0.027  0.027  0.017  0.019  0.062  0.071   21   14 99.999 99.999   99  22.088026319 -12.348662800  3 42  4.00 2011  9  5 2455809.65421296    30    I                   Tritao_0067.fits                                   Triton                2048  2048
   0.175   0.040 1099.70 1162.03 1.375    619.91     94.79 99.999 99.999 99.999 13.293 13.156 99.999 99.999 99.999  0.184 99.999 99.999 99.999 99.999  99.999  99.999  99.999  99.999  0.006  0.007  0.012  0.016  0.048  0.066   22   18 99.999 99.999   99  22.088023977 -12.348656101  3 42 38.00 2011  9  5 2455809.65460648    30    I                   Tritao_0068.fits                                   Triton                2048  2048
   0.083   0.014 1099.47 1167.06 2.008    472.14     46.62 99.999 99.999 99.999 13.392 13.285 99.999 99.999 99.999  0.185 99.999 99.999 99.999 99.999  99.999  99.999  99.999  99.999  0.026  0.026  0.018  0.015  0.064  0.054   23   16 99.999 99.999   99  22.088021469 -12.348666707  3 43 12.00 2011  9  5 2455809.65500000    30    I                   Tritao_0069.fits                                   Triton                2048  2048
   0.298   0.094 1100.19 1167.91 1.058    594.59    196.07 99.999 99.999 99.999 13.308 13.150 99.999 99.999 99.999  0.216 99.999 99.999 99.999 99.999  99.999  99.999  99.999  99.999  0.023  0.023  0.023  0.015  0.084  0.056   21   15 99.999 99.999   99  22.088024759 -12.348647579  3 43 46.00 2011  9  5 2455809.65539352    30    I                   Tritao_0070.fits                                   Triton                2048  2048
   0.111   0.014 1100.05 1166.93 1.808    519.11     62.96 99.999 99.999 99.999 13.400 13.269 99.999 99.999 99.999  0.180 99.999 99.999 99.999 99.999  99.999  99.999  99.999  99.999  0.031  0.031  0.012  0.017  0.045  0.065   23   17 99.999 99.999   99  22.088020444 -12.348673141  3 44 20.00 2011  9  5 2455809.65578704    30    I                   Tritao_0071.fits                                   Triton                2048  2048
   0.141   0.007 1100.32 1163.79 1.285    583.10    118.75 99.999 99.999 99.999 13.337 13.225 99.999 99.999 99.999  0.187 99.999 99.999 99.999 99.999  99.999  99.999  99.999  99.999  0.028  0.028  0.013  0.014  0.052  0.058   21   19 99.999 99.999   99  22.088020223 -12.348678184  3 44 54.00 2011  9  5 2455809.65618056    30    I                   Tritao_0072.fits                                   Triton                2048  2048
   0.111   0.021 1100.73 1162.55 1.502    595.30     93.01 99.999 99.999 99.999 13.418 13.271 99.999 99.999 99.999  0.186 99.999 99.999 99.999 99.999  99.999  99.999  99.999  99.999  0.010  0.010  0.014  0.017  0.056  0.065   23   18 99.999 99.999   99  22.088018878 -12.348677405  3 45 28.00 2011  9  5 2455809.65657407    30    I                   Tritao_0073.fits                                   Triton                2048  2048
   0.114   0.033 1100.84 1159.60 1.191    649.95    134.34 99.999 99.999 99.999 13.389 13.195 99.999 99.999 99.999  0.206 99.999 99.999 99.999 99.999  99.999  99.999  99.999  99.999  0.000  0.000  0.016  0.014  0.069  0.057   22   18 99.999 99.999   99  22.088018186 -12.348677342  3 46  1.00 2011  9  5 2455809.65695602    30    I                   Tritao_0074.fits                                   Triton                2048  2048
   0.108   0.027 1100.84 1159.67 1.379    587.56    111.65 99.999 99.999 99.999 13.405 13.275 99.999 99.999 99.999  0.165 99.999 99.999 99.999 99.999  99.999  99.999  99.999  99.999  0.028  0.028  0.016  0.016  0.060  0.062   20   17 99.999 99.999   99  22.088017304 -12.348682183  3 46 35.00 2011  9  5 2455809.65734954    30    I                   Tritao_0075.fits                                   Triton                2048  2048
   0.084   0.004 1100.89 1164.23 1.777    550.75     58.31 99.999 99.999 99.999 13.411 13.300 99.999 99.999 99.999  0.187 99.999 99.999 99.999 99.999  99.999  99.999  99.999  99.999  0.027  0.027  0.016  0.016  0.064  0.067   21   20 99.999 99.999   99  22.088016083 -12.348691627  3 47  9.00 2011  9  5 2455809.65774306    30    I                   Tritao_0076.fits                                   Triton                2048  2048
   0.089   0.018 1101.08 1165.08 1.799    579.63     52.53 99.999 99.999 99.999 13.404 13.262 99.999 99.999 99.999  0.184 99.999 99.999 99.999 99.999  99.999  99.999  99.999  99.999  0.029  0.029  0.018  0.015  0.067  0.055   21   16 99.999 99.999   99  22.088015417 -12.348691215  3 47 43.00 2011  9  5 2455809.65813657    30    I                   Tritao_0077.fits                                   Triton                2048  2048
   0.137   0.029 1101.06 1162.41 1.504    665.08     77.95 99.999 99.999 99.999 13.371 13.285 99.999 99.999 99.999  0.155 99.999 99.999 99.999 99.999  99.999  99.999  99.999  99.999  0.020  0.020  0.014  0.016  0.053  0.062   22   17 99.999 99.999   99  22.088015548 -12.348691218  3 48 17.00 2011  9  5 2455809.65853009    30    I                   Tritao_0078.fits                                   Triton                2048  2048
   0.162   0.034 1101.28 1159.99 1.224    695.23    138.76 99.999 99.999 99.999 13.401 13.258 99.999 99.999 99.999  0.162 99.999 99.999 99.999 99.999  99.999  99.999  99.999  99.999  0.017  0.017  0.017  0.017  0.072  0.071   21   20 99.999 99.999   99  22.088015241 -12.348693043  3 48 51.00 2011  9  5 2455809.65892361    30    I                   Tritao_0079.fits                                   Triton                2048  2048
   0.149   0.053 1101.95 1159.24 1.228    604.58    134.91 99.999 99.999 99.999 13.386 13.224 99.999 99.999 99.999  0.198 99.999 99.999 99.999 99.999  99.999  99.999  99.999  99.999  0.000  0.000  0.015  0.021  0.056  0.080   22   18 99.999 99.999   99  22.088014208 -12.348690773  3 49 25.00 2011  9  5 2455809.65931713    30    I                   Tritao_0080.fits                                   Triton                2048  2048
   0.217   0.145 1102.26 1157.10 1.334    552.86    129.27 99.999 99.999 99.999 13.340 13.241 99.999 99.999 99.999  0.225 99.999 99.999 99.999 99.999  99.999  99.999  99.999  99.999  0.012  0.012  0.022  0.014  0.066  0.042   21   12 99.999 99.999   99  22.088014716 -12.348668637  3 49 59.00 2011  9  5 2455809.65971065    30    I                   Tritao_0081.fits                                   Triton                2048  2048
   0.068   0.018 1102.01 1157.60 1.673    536.40     81.27 99.999 99.999 99.999 13.393 13.304 99.999 99.999 99.999  0.173 99.999 99.999 99.999 99.999  99.999  99.999  99.999  99.999  0.038  0.038  0.015  0.016  0.058  0.061   22   17 99.999 99.999   99  22.088011121 -12.348706889  3 50 33.00 2011  9  5 2455809.66010417    30    I                   Tritao_0082.fits                                   Triton                2048  2048
   0.131   0.030 1102.44 1160.61 1.422    556.80    111.36 99.999 99.999 99.999 13.437 13.340 99.999 99.999 99.999  0.191 99.999 99.999 99.999 99.999  99.999  99.999  99.999  99.999  0.028  0.028  0.015  0.013  0.058  0.051   21   17 99.999 99.999   99  22.088011535 -12.348706901  3 51  7.00 2011  9  5 2455809.66049768    30    I                   Tritao_0083.fits                                   Triton                2048  2048
   0.144  -0.016 1102.98 1162.71 1.716    477.45     90.79 99.999 99.999 99.999 13.447 13.395 99.999 99.999 99.999  0.184 99.999 99.999 99.999 99.999  99.999  99.999  99.999  99.999  0.044  0.044  0.019  0.017  0.069  0.062   21   16 99.999 99.999   99  22.088011039 -12.348722722  3 51 40.00 2011  9  5 2455809.66087963    30    I                   Tritao_0084.fits                                   Triton                2048  2048
   0.122   0.030 1103.41 1160.68 1.203    657.96    136.99 99.999 99.999 99.999 13.383 13.231 99.999 99.999 99.999  0.165 99.999 99.999 99.999 99.999  99.999  99.999  99.999  99.999  0.017  0.017  0.016  0.015  0.064  0.059   23   18 99.999 99.999   99  22.088009835 -12.348713350  3 52 14.00 2011  9  5 2455809.66127315    30    I                   Tritao_0085.fits                                   Triton                2048  2048
   0.099   0.031 1103.05 1159.38 1.350    607.35    113.69 99.999 99.999 99.999 13.426 13.299 99.999 99.999 99.999  0.142 99.999 99.999 99.999 99.999  99.999  99.999  99.999  99.999  0.024  0.024  0.016  0.014  0.061  0.056   21   17 99.999 99.999   99  22.088008624 -12.348716211  3 52 48.00 2011  9  5 2455809.66166667    30    I                   Tritao_0086.fits                                   Triton                2048  2048
   0.169   0.064 1103.61 1158.67 1.373    609.52    123.38 99.999 99.999 99.999 13.384 13.256 99.999 99.999 99.999  0.151 99.999 99.999 99.999 99.999  99.999  99.999  99.999  99.999  0.031  0.031  0.013  0.018  0.050  0.069   21   16 99.999 99.999   99  22.088009173 -12.348710157  3 53 22.00 2011  9  5 2455809.66206019    30    I                   Tritao_0087.fits                                   Triton                2048  2048
   0.115   0.038 1103.53 1158.00 2.301    420.65     37.65 99.999 99.999 99.999 13.397 13.285 99.999 99.999 99.999  0.175 99.999 99.999 99.999 99.999  99.999  99.999  99.999  99.999  0.051  0.051  0.020  0.019  0.068  0.064   19   14 99.999 99.999   99  22.088007397 -12.348720664  3 53 56.00 2011  9  5 2455809.66245370    30    I                   Tritao_0088.fits                                   Triton                2048  2048
   0.089   0.026 1104.45 1157.06 1.300    597.54    123.79 99.999 99.999 99.999 13.380 13.273 99.999 99.999 99.999  0.192 99.999 99.999 99.999 99.999  99.999  99.999  99.999  99.999  0.010  0.010  0.015  0.018  0.055  0.065   21   15 99.999 99.999   99  22.088006136 -12.348727292  3 54 30.00 2011  9  5 2455809.66284722    30    I                   Tritao_0089.fits                                   Triton                2048  2048
   0.039   0.011 1104.13 1162.66 2.130    456.57     47.16 99.999 99.999 99.999 13.425 13.271 99.999 99.999 99.999  0.188 99.999 99.999 99.999 99.999  99.999  99.999  99.999  99.999  0.043  0.043  0.013  0.016  0.054  0.065   23   18 99.999 99.999   99  22.088004400 -12.348734383  3 55  4.00 2011  9  5 2455809.66324074    30    I                   Tritao_0090.fits                                   Triton                2048  2048
   0.095   0.017 1104.79 1163.79 1.330    656.89    121.58 99.999 99.999 99.999 13.420 13.285 99.999 99.999 99.999  0.166 99.999 99.999 99.999 99.999  99.999  99.999  99.999  99.999  0.034  0.034  0.018  0.017  0.070  0.067   21   17 99.999 99.999   99  22.088004693 -12.348735980  3 55 38.00 2011  9  5 2455809.66363426    30    I                   Tritao_0091.fits                                   Triton                2048  2048
   0.149   0.026 1104.67 1162.77 1.443    612.78    116.18 99.999 99.999 99.999 13.394 13.261 99.999 99.999 99.999  0.217 99.999 99.999 99.999 99.999  99.999  99.999  99.999  99.999  0.010  0.010  0.019  0.019  0.073  0.069   23   17 99.999 99.999   99  22.088004927 -12.348736568  3 56 12.00 2011  9  5 2455809.66402778    30    I                   Tritao_0092.fits                                   Triton                2048  2048
   0.065  -0.014 1105.06 1161.59 1.675    523.33     93.82 99.999 99.999 99.999 13.432 13.337 99.999 99.999 99.999  0.216 99.999 99.999 99.999 99.999  99.999  99.999  99.999  99.999  0.004  0.004  0.016  0.017  0.065  0.068   21   18 99.999 99.999   99  22.088002560 -12.348751229  3 56 46.00 2011  9  5 2455809.66442130    30    I                   Tritao_0093.fits                                   Triton                2048  2048
   0.133   0.034 1105.25 1160.51 1.347    584.31    123.49 99.999 99.999 99.999 13.326 13.217 99.999 99.999 99.999  0.188 99.999 99.999 99.999 99.999  99.999  99.999  99.999  99.999  0.026  0.026  0.017  0.017  0.066  0.066   21   16 99.999 99.999   99  22.088003099 -12.348740950  3 57 19.00 2011  9  5 2455809.66480324    30    I                   Tritao_0094.fits                                   Triton                2048  2048
   0.095   0.006 1105.58 1160.60 1.386    581.56    130.73 99.999 99.999 99.999 13.419 13.290 99.999 99.999 99.999  0.153 99.999 99.999 99.999 99.999  99.999  99.999  99.999  99.999  0.025  0.025  0.019  0.016  0.069  0.057   21   15 99.999 99.999   99  22.088001611 -12.348751784  3 57 53.00 2011  9  5 2455809.66519676    30    I                   Tritao_0095.fits                                   Triton                2048  2048
   0.105   0.014 1105.67 1160.35 1.191    737.77    125.26 99.999 99.999 99.999 13.359 13.223 99.999 99.999 99.999  0.139 99.999 99.999 99.999 99.999  99.999  99.999  99.999  99.999  0.023  0.023  0.016  0.019  0.060  0.072   21   18 99.999 99.999   99  22.088001015 -12.348752753  3 58 27.00 2011  9  5 2455809.66559028    30    I                   Tritao_0096.fits                                   Triton                2048  2048
   0.103   0.053 1105.99 1165.98 2.133    400.26     62.73 99.999 99.999 99.999 13.400 13.295 99.999 99.999 99.999  0.167 99.999 99.999 99.999 99.999  99.999  99.999  99.999  99.999  0.037  0.037  0.016  0.020  0.064  0.078   22   17 99.999 99.999   99  22.088000194 -12.348745132  3 59  1.00 2011  9  5 2455809.66598380    30    I                   Tritao_0097.fits                                   Triton                2048  2048
   0.156   0.057 1106.26 1168.13 1.542    537.86    109.79 99.999 99.999 99.999 13.406 13.323 99.999 99.999 99.999  0.190 99.999 99.999 99.999 99.999  99.999  99.999  99.999  99.999  0.012  0.012  0.019  0.024  0.058  0.074   23   15 99.999 99.999   99  22.088000464 -12.348747170  3 59 35.00 2011  9  5 2455809.66637731    30    I                   Tritao_0098.fits                                   Triton                2048  2048
   0.133   0.010 1106.78 1167.57 1.648    509.97     95.02 99.999 99.999 99.999 13.428 13.273 99.999 99.999 99.999  0.181 99.999 99.999 99.999 99.999  99.999  99.999  99.999  99.999  0.034  0.034  0.014  0.020  0.051  0.073   22   15 99.999 99.999   99  22.087999241 -12.348763273  4  0  9.00 2011  9  5 2455809.66677083    30    I                   Tritao_0099.fits                                   Triton                2048  2048
   0.071  -0.002 1106.31 1166.86 2.318    452.43     33.36 99.999 99.999 99.999 13.411 13.293 99.999 99.999 99.999  0.166 99.999 99.999 99.999 99.999  99.999  99.999  99.999  99.999  0.045  0.045  0.016  0.017  0.063  0.066   22   17 99.999 99.999   99  22.087997282 -12.348770104  4  0 43.00 2011  9  5 2455809.66716435    30    I                   Tritao_0100.fits                                   Triton                2048  2048
