  -0.027  -0.063 1185.91 1041.37 0.961    325.58    502.17 99.999 99.999 99.999 13.448 13.487 99.999 99.999 99.999  0.112 99.999 99.999 99.999 99.999  99.999  99.999  99.999  99.999  0.010  0.010  0.018  0.013  0.066  0.048   19   17 99.999 99.999   99  21.477174818 -15.189399397  3  3 37.88 2007  9 17 2454360.62752176     1  clear                 netuno0001.fits                                    Triton                2045  2050
   0.106  -0.017 1180.46 1039.99 1.393    207.03    465.80 99.999 99.999 99.999 13.482 13.526 99.999 99.999 99.999  0.111 99.999 99.999 99.999 99.999  99.999  99.999  99.999  99.999  0.019  0.019  0.014  0.015  0.058  0.062   24   17 99.999 99.999   99  21.477175849 -15.189395340  3  5 38.01 2007  9 17 2454360.62891215     1  clear                 netuno0002.fits                                    Triton                2045  2050
   0.071  -0.008 1178.64 1038.90 1.596    171.76    408.66 99.999 99.999 99.999 13.519 13.553 99.999 99.999 99.999  0.094 99.999 99.999 99.999 99.999  99.999  99.999  99.999  99.999  0.013  0.013  0.013  0.013  0.058  0.057   21   20 99.999 99.999   99  21.477174640 -15.189395569  3  6 18.50 2007  9 17 2454360.62938079     1  clear                 netuno0003.fits                                    Triton                2045  2050
   0.062  -0.056 1180.53 1039.74 1.579    179.72    411.78 99.999 99.999 99.999 13.465 13.456 99.999 99.999 99.999  0.136 99.999 99.999 99.999 99.999  99.999  99.999  99.999  99.999  0.015  0.015  0.020  0.011  0.081  0.046   26   18 99.999 99.999   99  21.477174016 -15.189411300  3  6 52.96 2007  9 17 2454360.62977963     1  clear                 netuno0004.fits                                    Triton                2045  2050
   0.021  -0.026 1183.34 1038.44 1.634    161.96    434.88 99.999 99.999 99.999 13.483 13.521 99.999 99.999 99.999  0.107 99.999 99.999 99.999 99.999  99.999  99.999  99.999  99.999  0.014  0.014  0.013  0.012  0.052  0.048   22   18 99.999 99.999   99  21.477172352 -15.189407642  3  8  1.86 2007  9 17 2454360.63057708     1  clear                 netuno0006.fits                                    Triton                2045  2050
  -0.052  -0.007 1182.02 1037.60 1.151    305.31    431.02 99.999 99.999 99.999 13.488 13.543 99.999 99.999 99.999  0.116 99.999 99.999 99.999 99.999  99.999  99.999  99.999  99.999  0.010  0.010  0.012  0.012  0.049  0.049   22   19 99.999 99.999   99  21.477170506 -15.189405013  3  8 36.29 2007  9 17 2454360.63097558     1  clear                 netuno0007.fits                                    Triton                2045  2050
  -0.032   0.025 1181.35 1037.57 1.196    244.99    411.92 99.999 99.999 99.999 13.409 13.438 99.999 99.999 99.999  0.114 99.999 99.999 99.999 99.999  99.999  99.999  99.999  99.999  0.015  0.015  0.014  0.016  0.047  0.054   21   12 99.999 99.999   99  21.477170470 -15.189398492  3  9 10.77 2007  9 17 2454360.63137465     1  clear                 netuno0008.fits                                    Triton                2045  2050
   0.108  -0.078 1178.25 1037.45 1.317    213.27    386.76 99.999 99.999 99.999 13.418 13.396 99.999 99.999 99.999  0.134 99.999 99.999 99.999 99.999  99.999  99.999  99.999  99.999  0.013  0.013  0.015  0.015  0.057  0.057   22   16 99.999 99.999   99  21.477172269 -15.189432302  3 10 19.61 2007  9 17 2454360.63217141     1  clear                 netuno0010.fits                                    Triton                2045  2050
  -0.034   0.014 1181.70 1037.03 1.927    119.47    418.52 99.999 99.999 99.999 13.426 13.464 99.999 99.999 99.999  0.125 99.999 99.999 99.999 99.999  99.999  99.999  99.999  99.999  0.018  0.018  0.015  0.018  0.061  0.071   20   17 99.999 99.999   99  21.477168235 -15.189413986  3 12  2.39 2007  9 17 2454360.63336100     1  clear                 netuno0013.fits                                    Triton                2045  2050
   0.042  -0.045 1180.24 1035.69 1.472    163.50    413.03 99.999 99.999 99.999 13.429 13.428 99.999 99.999 99.999  0.110 99.999 99.999 99.999 99.999  99.999  99.999  99.999  99.999  0.013  0.013  0.015  0.017  0.063  0.069   24   18 99.999 99.999   99  21.477168360 -15.189437579  3 13 45.74 2007  9 17 2454360.63455718     1  clear                 netuno0016.fits                                    Triton                2045  2050
   0.073  -0.045 1180.55 1036.07 1.597    185.51    409.92 99.999 99.999 99.999 13.606 13.616 99.999 99.999 99.999  0.112 99.999 99.999 99.999 99.999  99.999  99.999  99.999  99.999  0.010  0.010  0.015  0.013  0.063  0.054   24   19 99.999 99.999   99  21.477168547 -15.189439910  3 14 19.32 2007  9 17 2454360.63494583     1  clear                 netuno0017.fits                                    Triton                2045  2050
  -0.016  -0.017 1184.42 1034.44 1.537    168.84    412.55 99.999 99.999 99.999 13.416 13.450 99.999 99.999 99.999  0.112 99.999 99.999 99.999 99.999  99.999  99.999  99.999  99.999  0.009  0.009  0.014  0.021  0.040  0.059   19   14 99.999 99.999   99  21.477163758 -15.189449482  3 18 20.69 2007  9 17 2454360.63773947     1  clear                 netuno0024.fits                                    Triton                2045  2050
   0.060  -0.079 1187.86 1033.58 1.467    176.87    449.21 99.999 99.999 99.999 13.515 13.553 99.999 99.999 99.999  0.089 99.999 99.999 99.999 99.999  99.999  99.999  99.999  99.999  0.016  0.016  0.017  0.014  0.064  0.055   22   18 99.999 99.999   99  21.477164322 -15.189471313  3 19 28.73 2007  9 17 2454360.63852697     1  clear                 netuno0026.fits                                    Triton                2045  2050
   0.059   0.032 1188.13 1033.37 1.269    233.78    456.15 99.999 99.999 99.999 13.381 13.388 99.999 99.999 99.999  0.123 99.999 99.999 99.999 99.999  99.999  99.999  99.999  99.999  0.011  0.011  0.015  0.016  0.049  0.055   21   16 99.999 99.999   99  21.477163888 -15.189443178  3 20  2.31 2007  9 17 2454360.63891562     1  clear                 netuno0027.fits                                    Triton                2045  2050
  -0.012  -0.032 1186.24 1033.48 1.179    255.55    408.90 99.999 99.999 99.999 13.458 13.493 99.999 99.999 99.999  0.106 99.999 99.999 99.999 99.999  99.999  99.999  99.999  99.999  0.014  0.014  0.013  0.014  0.056  0.060   22   19 99.999 99.999   99  21.477162070 -15.189463396  3 20 36.77 2007  9 17 2454360.63931447     1  clear                 netuno0028.fits                                    Triton                2045  2050
   0.024  -0.061 1186.47 1032.93 1.450    168.02    389.35 99.999 99.999 99.999 13.398 13.437 99.999 99.999 99.999  0.141 99.999 99.999 99.999 99.999  99.999  99.999  99.999  99.999  0.016  0.016  0.014  0.016  0.058  0.069   23   19 99.999 99.999   99  21.477162323 -15.189473774  3 21 11.24 2007  9 17 2454360.63971343     1  clear                 netuno0029.fits                                    Triton                2045  2050
   0.033  -0.050 1181.43 1032.17 1.401    184.53    416.70 99.999 99.999 99.999 13.459 13.482 99.999 99.999 99.999  0.110 99.999 99.999 99.999 99.999  99.999  99.999  99.999  99.999  0.011  0.011  0.014  0.014  0.057  0.058   23   18 99.999 99.999   99  21.477161613 -15.189475624  3 22 20.22 2007  9 17 2454360.64051181     1  clear                 netuno0031.fits                                    Triton                2045  2050
   0.001  -0.081 1183.18 1032.60 1.755    159.20    410.05 99.999 99.999 99.999 13.580 13.565 99.999 99.999 99.999  0.110 99.999 99.999 99.999 99.999  99.999  99.999  99.999  99.999  0.000  0.000  0.013  0.008  0.052  0.033   26   19 99.999 99.999   99  21.477160581 -15.189486657  3 22 54.70 2007  9 17 2454360.64091088     1  clear                 netuno0032.fits                                    Triton                2045  2050
  -0.066  -0.088 1184.88 1032.22 1.729    154.64    456.56 99.999 99.999 99.999 13.484 13.496 99.999 99.999 99.999  0.118 99.999 99.999 99.999 99.999  99.999  99.999  99.999  99.999  0.030  0.030  0.020  0.015  0.070  0.053   23   14 99.999 99.999   99  21.477158852 -15.189491060  3 23 28.34 2007  9 17 2454360.64130023     1  clear                 netuno0033.fits                                    Triton                2045  2050
   0.085  -0.024 1183.75 1030.24 1.216    248.10    469.32 99.999 99.999 99.999 13.384 13.420 99.999 99.999 99.999  0.134 99.999 99.999 99.999 99.999  99.999  99.999  99.999  99.999  0.011  0.011  0.017  0.015  0.072  0.064   23   22 99.999 99.999   99  21.477160875 -15.189478084  3 24 36.63 2007  9 17 2454360.64209063     1  clear                 netuno0035.fits                                    Triton                2045  2050
  -0.035  -0.036 1183.21 1031.63 1.220    252.33    426.63 99.999 99.999 99.999 13.378 13.362 99.999 99.999 99.999  0.124 99.999 99.999 99.999 99.999  99.999  99.999  99.999  99.999  0.010  0.010  0.014  0.014  0.058  0.055   23   17 99.999 99.999   99  21.477158141 -15.189483889  3 25 11.44 2007  9 17 2454360.64249352     1  clear                 netuno0036.fits                                    Triton                2045  2050
  -0.032  -0.009 1181.47 1030.62 1.664    145.63    399.08 99.999 99.999 99.999 13.482 13.470 99.999 99.999 99.999  0.108 99.999 99.999 99.999 99.999  99.999  99.999  99.999  99.999  0.025  0.025  0.017  0.012  0.071  0.049   24   19 99.999 99.999   99  21.477157750 -15.189479022  3 25 45.87 2007  9 17 2454360.64289201     1  clear                 netuno0037.fits                                    Triton                2045  2050
  -0.019  -0.010 1179.93 1031.08 1.260    238.46    398.01 99.999 99.999 99.999 13.416 13.400 99.999 99.999 99.999  0.101 99.999 99.999 99.999 99.999  99.999  99.999  99.999  99.999  0.014  0.014  0.017  0.013  0.069  0.051   24   17 99.999 99.999   99  21.477157559 -15.189481704  3 26 20.31 2007  9 17 2454360.64329062     1  clear                 netuno0038.fits                                    Triton                2045  2050
  -0.035  -0.018 1181.43 1030.48 1.316    188.62    377.68 99.999 99.999 99.999 13.435 13.437 99.999 99.999 99.999  0.093 99.999 99.999 99.999 99.999  99.999  99.999  99.999  99.999  0.019  0.019  0.015  0.016  0.060  0.065   24   17 99.999 99.999   99  21.477156807 -15.189486426  3 26 54.80 2007  9 17 2454360.64368981     1  clear                 netuno0039.fits                                    Triton                2045  2050
   0.027  -0.031 1182.75 1029.38 1.320    231.57    400.46 99.999 99.999 99.999 13.459 13.459 99.999 99.999 99.999  0.106 99.999 99.999 99.999 99.999  99.999  99.999  99.999  99.999  0.012  0.012  0.015  0.012  0.065  0.054   25   21 99.999 99.999   99  21.477156690 -15.189497488  3 28 38.27 2007  9 17 2454360.64488738     1  clear                 netuno0042.fits                                    Triton                2045  2050
   0.013  -0.076 1178.67 1028.93 1.524    181.76    399.05 99.999 99.999 99.999 13.472 13.463 99.999 99.999 99.999  0.090 99.999 99.999 99.999 99.999  99.999  99.999  99.999  99.999  0.020  0.020  0.020  0.020  0.073  0.075   24   15 99.999 99.999   99  21.477155525 -15.189514909  3 29 47.36 2007  9 17 2454360.64568704     1  clear                 netuno0044.fits                                    Triton                2045  2050
   0.101   0.010 1177.50 1028.84 1.041    262.96    432.53 99.999 99.999 99.999 13.417 13.412 99.999 99.999 99.999  0.124 99.999 99.999 99.999 99.999  99.999  99.999  99.999  99.999  0.009  0.009  0.019  0.016  0.074  0.064   23   17 99.999 99.999   99  21.477156774 -15.189493349  3 30 21.85 2007  9 17 2454360.64608623     1  clear                 netuno0045.fits                                    Triton                2045  2050
  -0.054  -0.000 1181.92 1027.88 1.230    209.91    424.32 99.999 99.999 99.999 13.525 13.529 99.999 99.999 99.999  0.115 99.999 99.999 99.999 99.999  99.999  99.999  99.999  99.999  0.021  0.021  0.011  0.012  0.049  0.051   23   20 99.999 99.999   99  21.477153349 -15.189498617  3 30 56.34 2007  9 17 2454360.64648542     1  clear                 netuno0046.fits                                    Triton                2045  2050
   0.020  -0.043 1184.04 1026.89 1.777    132.73    948.99 99.999 99.999 99.999 13.419 13.325 99.999 99.999 99.999  0.193 99.999 99.999 99.999 99.999  99.999  99.999  99.999  99.999  0.011  0.011  0.014  0.011  0.062  0.049   33   21 99.999 99.999   99  21.477152570 -15.189523020  3 33 48.65 2007  9 17 2454360.64847975     1  clear                 netuno0051.fits                                    Triton                2045  2050
   0.047  -0.031 1184.72 1025.98 1.608    180.11    996.15 99.999 99.999 99.999 13.495 13.450 99.999 99.999 99.999  0.156 99.999 99.999 99.999 99.999  99.999  99.999  99.999  99.999  0.015  0.015  0.015  0.012  0.070  0.053   33   25 99.999 99.999   99  21.477152647 -15.189522163  3 34 23.32 2007  9 17 2454360.64888102     1  clear                 netuno0052.fits                                    Triton                2045  2050
  -0.051  -0.032 1187.27 1026.87 1.653    153.75    997.65 99.999 99.999 99.999 13.486 13.467 99.999 99.999 99.999  0.135 99.999 99.999 99.999 99.999  99.999  99.999  99.999  99.999  0.012  0.012  0.013  0.014  0.059  0.060   33   23 99.999 99.999   99  21.477150330 -15.189524995  3 34 57.97 2007  9 17 2454360.64928206     1  clear                 netuno0053.fits                                    Triton                2045  2050
   0.008   0.021 1190.56 1025.28 1.416    215.16    941.71 99.999 99.999 99.999 13.442 13.365 99.999 99.999 99.999  0.157 99.999 99.999 99.999 99.999  99.999  99.999  99.999  99.999  0.010  0.010  0.014  0.014  0.062  0.061   33   19 99.999 99.999   99  21.477149241 -15.189522836  3 37 51.36 2007  9 17 2454360.65128889     1  clear                 netuno0058.fits                                    Triton                2045  2050
  -0.011  -0.006 1188.90 1025.33 1.578    185.90    705.01 99.999 99.999 99.999 13.494 13.430 99.999 99.999 99.999  0.171 99.999 99.999 99.999 99.999  99.999  99.999  99.999  99.999  0.012  0.012  0.013  0.012  0.058  0.057   36   26 99.999 99.999   99  21.477148436 -15.189532554  3 38 25.88 2007  9 17 2454360.65168843     1  clear                 netuno0059.fits                                    Triton                2045  2050
   0.043  -0.020 1191.11 1022.47 1.502    172.80    937.05 99.999 99.999 99.999 13.462 13.412 99.999 99.999 99.999  0.139 99.999 99.999 99.999 99.999  99.999  99.999  99.999  99.999  0.011  0.011  0.013  0.013  0.057  0.058   34   23 99.999 99.999   99  21.477144625 -15.189563784  3 44 45.36 2007  9 17 2454360.65608056     1  clear                 netuno0070.fits                                    Triton                2045  2050
