   0.053   0.006  509.99  486.73 0.867    648.19    113.86 99.999 99.999 99.999 13.172 13.218 99.999 99.999 99.999  0.200 99.999 99.999 99.999 99.999  99.999  99.999  99.999  99.999  0.033  0.033  0.016  0.025  0.047  0.071   19   16 99.999 99.999   99  21.019144196 -17.044044885  0 28 26.08 2004  9 23 2453271.51974630     1  R                     net2209040001.fits                                 Triton                1020  1020     1   0.000   0.000
   0.196   0.054  508.98  485.28 0.935    598.52     86.28 99.999 99.999 99.999 13.267 13.324 99.999 99.999 99.999  0.163 99.999 99.999 99.999 99.999  99.999  99.999  99.999  99.999  0.000  0.000  0.018  0.022  0.054  0.067   19   14 99.999 99.999   99  21.019141907 -17.044037343  0 34 20.95 2004  9 23 2453271.52385359     1  R                     net2209040004.fits                                 Triton                1020  1020     1   0.000   0.000
  -0.042   0.242  509.02  486.66 0.893    675.36     96.24 99.999 99.999 99.999 13.286 13.206 99.999 99.999 99.999  0.179 99.999 99.999 99.999 99.999  99.999  99.999  99.999  99.999  0.014  0.012  0.018  0.023  0.066  0.087   18   14 99.999 99.999   99  21.019136458 -17.043986175  0 35 20.27 2004  9 23 2453271.52454016     1  R                     net2209040005.fits                                 Triton                1020  1020     1   0.000   0.000
   0.005   0.142  509.01  488.07 0.929    523.86     61.84 99.999 99.999 99.999 13.526 13.499 99.999 99.999 99.999  0.271 99.999 99.999 99.999 99.999  99.999  99.999  99.999  99.999  0.011  0.011  0.025  0.025  0.076  0.074   15    9 99.999 99.999   99  21.019136542 -17.044014832  0 36 17.77 2004  9 23 2453271.52520567     1  R                     net2209040006.fits                                 Triton                1020  1020     1   0.000   0.000
   0.116  -0.001  508.86  484.98 1.103    581.03     51.23 99.999 99.999 99.999 13.388 13.181 99.999 99.999 99.999  0.189 99.999 99.999 99.999 99.999  99.999  99.999  99.999  99.999  0.009  0.009  0.016  0.019  0.058  0.067   20   15 99.999 99.999   99  21.019137059 -17.044056084  0 38 13.70 2004  9 23 2453271.52654745     1  R                     net2209040008.fits                                 Triton                1020  1020     1   0.000   0.000
   0.117  -0.097  509.29  485.46 1.438    104.30     28.33 99.999 99.999 99.999 13.420 13.419 99.999 99.999 99.999  0.211 99.999 99.999 99.999 99.999  99.999  99.999  99.999  99.999  0.035  0.036  0.022  0.011  0.056  0.027   10    7 99.999 99.999   99  21.019136295 -17.044083667  0 39  8.59 2004  9 23 2453271.52718275     1  R                     net2209040009.fits                                 Triton                1020  1020     1   0.000   0.000
  -0.170   0.114  507.44  483.24 1.186    380.65     59.92 99.999 99.999 99.999 13.390 13.333 99.999 99.999 99.999  0.159 99.999 99.999 99.999 99.999  99.999  99.999  99.999  99.999  0.022  0.022  0.016  0.016  0.061  0.062   20   15 99.999 99.999   99  21.019126234 -17.044030099  0 44 25.94 2004  9 23 2453271.53085579     1  R                     net2209040011.fits                                 Triton                1020  1020     1   0.000   0.000
   0.055  -0.102  507.40  482.61 1.241    301.45     46.10 99.999 99.999 99.999 13.218 13.103 99.999 99.999 99.999  0.286 99.999 99.999 99.999 99.999  99.999  99.999  99.999  99.999  0.007  0.007  0.018  0.021  0.058  0.068   16   11 99.999 99.999   99  21.019125954 -17.044094964  0 49 52.04 2004  9 23 2453271.53463009     1  R                     net2209040013.fits                                 Triton                1020  1020     1   0.000   0.000
   0.271  -0.219  506.42  486.88 0.971    535.76     93.08 99.999 99.999 99.999 13.390 13.352 99.999 99.999 99.999  0.167 99.999 99.999 99.999 99.999  99.999  99.999  99.999  99.999  0.018  0.022  0.022  0.012  0.059  0.033   19    9 99.999 99.999   99  21.019125184 -17.044132779  0 55 40.48 2004  9 23 2453271.53866296     1  R                     net2209040015.fits                                 Triton                1020  1020     1   0.000   0.000
   0.164   0.023  505.20  485.07 1.401    169.30     46.28 99.999 99.999 99.999 13.451 13.398 99.999 99.999 99.999  0.224 99.999 99.999 99.999 99.999  99.999  99.999  99.999  99.999  0.022  0.022  0.026  0.023  0.082  0.071   15   11 99.999 99.999   99  21.019119796 -17.044068809  0 59 36.18 2004  9 23 2453271.54139097     1  R                     net2209040016.fits                                 Triton                1020  1020     1   0.000   0.000
   0.035  -0.136  505.61  481.48 1.250    440.92     44.69 99.999 99.999 99.999 13.378 13.399 99.999 99.999 99.999  0.271 99.999 99.999 99.999 99.999  99.999  99.999  99.999  99.999  0.015  0.015  0.012  0.019  0.039  0.064   19   12 99.999 99.999   99  21.019115908 -17.044114845  1  1 14.14 2004  9 23 2453271.54252477     1  R                     net2209040017.fits                                 Triton                1020  1020     1   0.000   0.000
  -0.030   0.090  503.81  477.99 1.140    574.30     35.74 99.999 99.999 99.999 13.328 13.223 99.999 99.999 99.999  0.233 99.999 99.999 99.999 99.999  99.999  99.999  99.999  99.999  0.020  0.020  0.014  0.019  0.059  0.079   21   17 99.999 99.999   99  21.019110084 -17.044056799  1  6 37.30 2004  9 23 2453271.54626505     1  R                     net2209040020.fits                                 Triton                1020  1020     1   0.000   0.000
  -0.155   0.250  481.30  503.87 0.998    322.96    117.67 99.999 99.999 99.999 13.605 13.544 99.999 99.999 99.999  0.152 99.999 99.999 99.999 99.999  99.999  99.999  99.999  99.999  0.041  0.043  0.022  0.022  0.063  0.065   20   13 99.999 99.999   99  21.018132662 -17.044827183  0 23 12.58 2004  9 24 2453272.51611782     1  R                     net2309040001.fits                                 Triton                1020  1020     1   0.000   0.000
  -0.090  -0.074  481.23  504.58 1.987    167.89     42.15 99.999 99.999 99.999 13.373 13.536 99.999 99.999 99.999  0.173 99.999 99.999 99.999 99.999  99.999  99.999  99.999  99.999  0.025  0.025  0.024  0.025  0.065  0.068   13    8 99.999 99.999   99  21.018132671 -17.044918616  0 25 17.99 2004  9 24 2453272.51756933     1  R                     net2309040003.fits                                 Triton                1020  1020     1   0.000   0.000
  -0.015  -0.097  481.80  504.82 2.428    190.78     22.90 99.999 99.999 99.999 13.562 13.618 99.999 99.999 99.999  0.146 99.999 99.999 99.999 99.999  99.999  99.999  99.999  99.999  0.048  0.048  0.020  0.022  0.068  0.073   20   12 99.999 99.999   99  21.018133543 -17.044925779  0 26 14.82 2004  9 24 2453272.51822708     1  R                     net2309040004.fits                                 Triton                1020  1020     1   0.000   0.000
  -0.031   0.111  481.08  506.03 1.500    305.31     52.62 99.999 99.999 99.999 13.522 13.539 99.999 99.999 99.999  0.187 99.999 99.999 99.999 99.999  99.999  99.999  99.999  99.999  0.047  0.047  0.017  0.018  0.048  0.052   18    9 99.999 99.999   99  21.018132677 -17.044868569  0 27 12.51 2004  9 24 2453272.51889479     1  R                     net2309040005.fits                                 Triton                1020  1020     1   0.000   0.000
  -0.178   0.176  481.19  507.18 1.288    312.73     72.14 99.999 99.999 99.999 13.342 13.337 99.999 99.999 99.999  0.227 99.999 99.999 99.999 99.999  99.999  99.999  99.999  99.999  0.033  0.033  0.024  0.017  0.080  0.056   23   11 99.999 99.999   99  21.018129284 -17.044851448  0 28  5.90 2004  9 24 2453272.51951273     1  R                     net2309040006.fits                                 Triton                1020  1020     1   0.000   0.000
   0.120   0.215  480.97  507.09 1.803    261.19     36.83 99.999 99.999 99.999 13.583 13.562 99.999 99.999 99.999  0.177 99.999 99.999 99.999 99.999  99.999  99.999  99.999  99.999  0.000  0.000  0.018  0.027  0.054  0.081   25   10 99.999 99.999   99  21.018134492 -17.044841244  0 29  0.99 2004  9 24 2453272.52015035     1  R                     net2309040007.fits                                 Triton                1020  1020     1   0.000   0.000
   0.064   0.252  480.03  506.09 1.186    339.32     78.61 99.999 99.999 99.999 13.398 13.407 99.999 99.999 99.999  0.209 99.999 99.999 99.999 99.999  99.999  99.999  99.999  99.999  0.041  0.041  0.024  0.026  0.071  0.075   19    9 99.999 99.999   99  21.018132875 -17.044831344  0 29 55.36 2004  9 24 2453272.52077963     1  R                     net2309040008.fits                                 Triton                1020  1020     1   0.000   0.000
   0.121   0.098  480.86  508.00 1.375    320.85    303.94 99.999 99.999 99.999 13.484 13.538 99.999 99.999 99.999  0.146 99.999 99.999 99.999 99.999  99.999  99.999  99.999  99.999  0.038  0.038  0.015  0.011  0.059  0.042   22   16 99.999 99.999   99  21.018132981 -17.044875515  0 31 33.25 2004  9 24 2453272.52191262     1  R                     net2309040009.fits                                 Triton                1020  1020     1   0.000   0.000
  -0.024   0.043  480.75  507.82 1.310    442.17    283.09 99.999 99.999 99.999 13.407 13.403 99.999 99.999 99.999  0.202 99.999 99.999 99.999 99.999  99.999  99.999  99.999  99.999  0.000  0.000  0.031  0.036  0.080  0.091   12    8 99.999 99.999   99  21.018129470 -17.044891771  0 32 44.77 2004  9 24 2453272.52274039     1  R                     net2309040010.fits                                 Triton                1020  1020     1   0.000   0.000
   0.018   0.226  480.17  504.48 1.763    564.15    532.03 99.999 99.999 99.999 13.580 13.623 99.999 99.999 99.999  0.177 99.999 99.999 99.999 99.999  99.999  99.999  99.999  99.999  0.024  0.024  0.018  0.017  0.072  0.068   24   17 99.999 99.999   99  21.018129550 -17.044841599  0 33 59.22 2004  9 24 2453272.52360208     2  R                     net2309040011.fits                                 Triton                1020  1020     1   0.000   0.000
   0.095   0.111  480.42  506.11 1.298    799.22    568.15 99.999 99.999 99.999 13.547 13.604 99.999 99.999 99.999  0.177 99.999 99.999 99.999 99.999  99.999  99.999  99.999  99.999  0.035  0.035  0.016  0.019  0.053  0.061   16   13 99.999 99.999   99  21.018130165 -17.044874787  0 35 24.49 2004  9 24 2453272.52458900     2  R                     net2309040012.fits                                 Triton                1020  1020     1   0.000   0.000
   0.179   0.059  480.79  506.05 1.380    801.27    532.76 99.999 99.999 99.999 13.527 13.569 99.999 99.999 99.999  0.187 99.999 99.999 99.999 99.999  99.999  99.999  99.999  99.999  0.012  0.011  0.017  0.017  0.069  0.068   22   18 99.999 99.999   99  21.018131224 -17.044889705  0 36 23.95 2004  9 24 2453272.52527720     2  R                     net2309040013.fits                                 Triton                1020  1020     1   0.000   0.000
   0.096   0.182  480.24  503.27 1.363    752.09    577.52 99.999 99.999 99.999 13.525 13.593 99.999 99.999 99.999  0.173 99.999 99.999 99.999 99.999  99.999  99.999  99.999  99.999  0.015  0.015  0.016  0.016  0.066  0.065   25   16 99.999 99.999   99  21.018127658 -17.044858038  0 39 38.69 2004  9 24 2453272.52753113     2  R                     net2309040014.fits                                 Triton                1020  1020     1   0.000   0.000
   0.015  -0.086  480.04  503.21 1.230    871.48    594.21 99.999 99.999 99.999 13.633 13.647 99.999 99.999 99.999  0.141 99.999 99.999 99.999 99.999  99.999  99.999  99.999  99.999  0.044  0.044  0.015  0.027  0.044  0.080   13   10 99.999 99.999   99  21.018125480 -17.044933128  0 40 39.09 2004  9 24 2453272.52823021     2  R                     net2309040015.fits                                 Triton                1020  1020     1   0.000   0.000
  -0.082   0.309  479.57  502.22 1.427    382.80    288.47 99.999 99.999 99.999 13.727 13.823 99.999 99.999 99.999  0.212 99.999 99.999 99.999 99.999  99.999  99.999  99.999  99.999  0.027  0.027  0.012  0.019  0.041  0.066   15   12 99.999 99.999   99  21.018122134 -17.044825230  0 43  5.97 2004  9 24 2453272.52993021     1  R                     net2309040017.fits                                 Triton                1020  1020     1   0.000   0.000
  -0.021  -0.055  479.65  504.33 1.267    461.19    296.00 99.999 99.999 99.999 13.496 13.608 99.999 99.999 99.999  0.206 99.999 99.999 99.999 99.999  99.999  99.999  99.999  99.999  0.030  0.030  0.015  0.018  0.051  0.059   20   12 99.999 99.999   99  21.018122168 -17.044927752  0 45  0.65 2004  9 24 2453272.53125752     1  R                     net2309040019.fits                                 Triton                1020  1020     1   0.000   0.000
   0.014  -0.077  479.22  503.40 1.365    412.39    286.44 99.999 99.999 99.999 13.471 13.520 99.999 99.999 99.999  0.159 99.999 99.999 99.999 99.999  99.999  99.999  99.999  99.999  0.034  0.034  0.018  0.027  0.051  0.077   16   12 99.999 99.999   99  21.018122240 -17.044934537  0 46  0.99 2004  9 24 2453272.53195590     1  R                     net2309040020.fits                                 Triton                1020  1020     1   0.000   0.000
   0.018   0.091  478.97  505.15 1.391   3696.13   2848.60 99.999 99.999 99.999 13.484 13.458 99.999 99.999 99.999  0.165 99.999 99.999 99.999 99.999  99.999  99.999  99.999  99.999  0.026  0.026  0.013  0.009  0.054  0.040   22   19 99.999 99.999   99  21.018121536 -17.044888908  0 47 19.55 2004  9 24 2453272.53286516    10  R                     net2309040021.fits                                 Triton                1020  1020     1   0.000   0.000
   0.091   0.088  478.97  504.94 1.315   3933.26   2901.34 99.999 99.999 99.999 13.463 13.404 99.999 99.999 99.999  0.171 99.999 99.999 99.999 99.999  99.999  99.999  99.999  99.999  0.011  0.011  0.015  0.008  0.062  0.034   27   22 99.999 99.999   99  21.018121786 -17.044891008  0 49 17.55 2004  9 24 2453272.53423090    10  R                     net2309040022.fits                                 Triton                1020  1020     1   0.000   0.000
  -0.013   0.096  478.31  504.81 1.237   3968.25   3048.22 99.999 99.999 99.999 13.485 13.474 99.999 99.999 99.999  0.165 99.999 99.999 99.999 99.999  99.999  99.999  99.999  99.999  0.010  0.010  0.012  0.008  0.051  0.033   19   17 99.999 99.999   99  21.018119192 -17.044889812  0 50 16.60 2004  9 24 2453272.53491435    10  R                     net2309040023.fits                                 Triton                1020  1020     1   0.000   0.000
   0.024   0.117  478.15  506.12 1.332   3523.28   2952.88 99.999 99.999 99.999 13.369 13.348 99.999 99.999 99.999  0.154 99.999 99.999 99.999 99.999  99.999  99.999  99.999  99.999  0.022  0.022  0.014  0.012  0.063  0.055   25   22 99.999 99.999   99  21.018119328 -17.044884470  0 51 14.76 2004  9 24 2453272.53558750    10  R                     net2309040024.fits                                 Triton                1020  1020     1   0.000   0.000
   0.036   0.110  478.15  507.05 1.203   4621.81   2921.23 99.999 99.999 99.999 13.371 13.353 99.999 99.999 99.999  0.222 99.999 99.999 99.999 99.999  99.999  99.999  99.999  99.999  0.024  0.024  0.015  0.014  0.055  0.051   17   17 99.999 99.999   99  21.018118979 -17.044887138  0 52 12.82 2004  9 24 2453272.53625949    10  R                     net2309040025.fits                                 Triton                1020  1020     1   0.000   0.000
   0.033  -0.116  413.85  401.35 2.127    325.17    334.16 99.999 99.999 99.999 13.527 13.544 99.999 99.999 99.999  0.188 99.999 99.999 99.999 99.999  99.999  99.999  99.999  99.999  0.039  0.039  0.020  0.020  0.072  0.072   24   14 99.999 99.999   99  21.018037394 -17.045058083  3 11 45.15 2004  9 24 2453272.63316146     2  R                     net2309040046.fits                                 Triton                1020  1020     1   0.000   0.000
   0.175  -0.030  412.67  398.74 2.540    311.04    194.98 99.999 99.999 99.999 13.442 13.474 99.999 99.999 99.999  0.163 99.999 99.999 99.999 99.999  99.999  99.999  99.999  99.999  0.023  0.023  0.011  0.023  0.030  0.063   23   11 99.999 99.999   99  21.018038694 -17.045036447  3 14 17.05 2004  9 24 2453272.63491956     2  R                     net2309040047.fits                                 Triton                1020  1020     1   0.000   0.000
  -0.111   0.139  412.44  398.53 2.078    370.22    174.63 99.999 99.999 99.999 13.445 13.463 99.999 99.999 99.999  0.213 99.999 99.999 99.999 99.999  99.999  99.999  99.999  99.999  0.036  0.036  0.021  0.014  0.083  0.057   25   17 99.999 99.999   99  21.018032570 -17.044990334  3 15 17.35 2004  9 24 2453272.63561748     2  R                     net2309040048.fits                                 Triton                1020  1020     1   0.000   0.000
  -0.036   0.230  412.57  399.63 2.583    252.56    134.94 99.999 99.999 99.999 13.388 13.504 99.999 99.999 99.999  0.117 99.999 99.999 99.999 99.999  99.999  99.999  99.999  99.999  0.034  0.034  0.046  0.035  0.062  0.047   16   10 99.999 99.999   99  21.018033500 -17.044965819  3 16 13.39 2004  9 24 2453272.63626609     2  R                     net2309040049.fits                                 Triton                1020  1020     1   0.000   0.000
  -0.253  -0.244  412.43  394.87 2.209    322.14    111.80 99.999 99.999 99.999 13.581 13.501 99.999 99.999 99.999  0.160 99.999 99.999 99.999 99.999  99.999  99.999  99.999  99.999  0.024  0.024  0.022  0.024  0.065  0.072   18   10 99.999 99.999   99  21.018028741 -17.045098279  3 17 12.10 2004  9 24 2453272.63694560     2  R                     net2309040050.fits                                 Triton                1020  1020     1   0.000   0.000
  -0.145   0.071  412.15  395.72 2.241    390.57     73.01 99.999 99.999 99.999 13.515 13.487 99.999 99.999 99.999  0.206 99.999 99.999 99.999 99.999  99.999  99.999  99.999  99.999  0.029  0.029  0.015  0.024  0.057  0.091   23   15 99.999 99.999   99  21.018030282 -17.045011574  3 18 10.81 2004  9 24 2453272.63762512     2  R                     net2309040051.fits                                 Triton                1020  1020     1   0.000   0.000
   0.045   0.188  411.51  396.14 2.073    441.49     56.09 99.999 99.999 99.999 13.249 13.340 99.999 99.999 99.999  0.198 99.999 99.999 99.999 99.999  99.999  99.999  99.999  99.999  0.034  0.033  0.016  0.014  0.063  0.055   24   17 99.999 99.999   99  21.018033375 -17.044979956  3 19 12.92 2004  9 24 2453272.63834398     2  R                     net2309040052.fits                                 Triton                1020  1020     1   0.000   0.000
   0.300  -0.020  412.01  396.77 2.208    332.83     58.30 99.999 99.999 99.999 13.369 13.375 99.999 99.999 99.999  0.178 99.999 99.999 99.999 99.999  99.999  99.999  99.999  99.999  0.009  0.009  0.018  0.016  0.076  0.068   24   18 99.999 99.999   99  21.018037758 -17.045038602  3 20 10.85 2004  9 24 2453272.63901447     2  R                     net2309040053.fits                                 Triton                1020  1020     1   0.000   0.000
   0.040   0.146  410.52  392.57 1.549    663.22     42.85 99.999 99.999 99.999 13.278 13.226 99.999 99.999 99.999  0.152 99.999 99.999 99.999 99.999  99.999  99.999  99.999  99.999  0.027  0.028  0.016  0.014  0.063  0.057   26   19 99.999 99.999   99  21.018032143 -17.044993265  3 21 12.97 2004  9 24 2453272.63973345     2  R                     net2309040054.fits                                 Triton                1020  1020     1   0.000   0.000
  -0.004   0.361  410.27  394.13 1.578    566.32     63.37 99.999 99.999 99.999 13.438 13.404 99.999 99.999 99.999  0.148 99.999 99.999 99.999 99.999  99.999  99.999  99.999  99.999  0.023  0.023  0.027  0.018  0.084  0.056   22   12 99.999 99.999   99  21.018030639 -17.044934424  3 22 19.41 2004  9 24 2453272.64050243     2  R                     net2309040055.fits                                 Triton                1020  1020     1   0.000   0.000
   0.152   0.101  410.17  397.23 1.672    472.31     61.91 99.999 99.999 99.999 13.407 13.382 99.999 99.999 99.999  0.129 99.999 99.999 99.999 99.999  99.999  99.999  99.999  99.999  0.028  0.028  0.013  0.020  0.043  0.065   23   13 99.999 99.999   99  21.018033049 -17.045007609  3 23 25.77 2004  9 24 2453272.64127049     2  R                     net2309040056.fits                                 Triton                1020  1020     1   0.000   0.000
   0.075   0.076  410.86  396.90 1.908    464.19     37.67 99.999 99.999 99.999 13.487 13.394 99.999 99.999 99.999  0.207 99.999 99.999 99.999 99.999  99.999  99.999  99.999  99.999  0.023  0.023  0.019  0.019  0.058  0.058   21   12 99.999 99.999   99  21.018031013 -17.045015262  3 24 22.90 2004  9 24 2453272.64193171     2  R                     net2309040057.fits                                 Triton                1020  1020     1   0.000   0.000
   0.092  -0.031  410.15  395.76 1.679    445.84     61.66 99.999 99.999 99.999 13.397 13.368 99.999 99.999 99.999  0.142 99.999 99.999 99.999 99.999  99.999  99.999  99.999  99.999  0.024  0.024  0.022  0.022  0.069  0.069   26   14 99.999 99.999   99  21.018030803 -17.045045897  3 25 19.79 2004  9 24 2453272.64259016     2  R                     net2309040058.fits                                 Triton                1020  1020     1   0.000   0.000
   0.192  -0.084  410.11  398.45 1.989    363.79     45.34 99.999 99.999 99.999 13.428 13.374 99.999 99.999 99.999  0.160 99.999 99.999 99.999 99.999  99.999  99.999  99.999  99.999  0.028  0.028  0.013  0.016  0.053  0.062   26   19 99.999 99.999   99  21.018032192 -17.045061476  3 26 18.47 2004  9 24 2453272.64326933     2  R                     net2309040059.fits                                 Triton                1020  1020     1   0.000   0.000
   0.125   0.152  409.69  399.65 2.098    359.06     35.86 99.999 99.999 99.999 13.389 13.359 99.999 99.999 99.999  0.120 99.999 99.999 99.999 99.999  99.999  99.999  99.999  99.999  0.027  0.027  0.021  0.017  0.073  0.057   26   16 99.999 99.999   99  21.018030357 -17.044996756  3 27 14.55 2004  9 24 2453272.64391840     2  R                     net2309040060.fits                                 Triton                1020  1020     1   0.000   0.000
  -0.099  -0.077  547.41  483.82 1.448    116.82     37.35 99.999 99.999 99.999 13.188 13.468 99.999 99.999 99.999  0.226 99.999 99.999 99.999 99.999  99.999  99.999  99.999  99.999  0.024  0.024  0.038  0.045  0.069  0.082    7    5 99.999 99.999   99  22.584800526  -9.719302944  4  2 54.98 2014  7 30 2456868.66869186    10    R                   Triton_001.fits                                    Triton                1024  1024     1   0.000   0.000
  -0.045   0.005  548.06  483.52 2.243     97.14     18.34 99.999 99.999 99.999 13.110 13.371 99.999 99.999 99.999  0.206 99.999 99.999 99.999 99.999  99.999  99.999  99.999  99.999  0.014  0.014  0.044  0.043  0.091  0.089    6    6 99.999 99.999   99  22.584801353  -9.719280926  4  3  7.86 2014  7 30 2456868.66884097    10    R                   Triton_002.fits                                    Triton                1024  1024     1   0.000   0.000
  -0.070  -0.044  546.33  483.44 1.691    110.29     29.57 99.999 99.999 99.999 13.110 13.426 99.999 99.999 99.999  0.273 99.999 99.999 99.999 99.999  99.999  99.999  99.999  99.999  0.007  0.007  0.057  0.034  0.104  0.062    7    5 99.999 99.999   99  22.584800656  -9.719294895  4  3 20.67 2014  7 30 2456868.66898922    10    R                   Triton_003.fits                                    Triton                1024  1024     1   0.000   0.000
  -0.224  -0.062  546.34  482.98 2.880     68.64     15.51 99.999 99.999 99.999 13.196 13.314 99.999 99.999 99.999  0.185 99.999 99.999 99.999 99.999  99.999  99.999  99.999  99.999  0.023  0.023  0.039  0.023  0.072  0.043    5    5 99.999 99.999   99  22.584797572  -9.719300774  4  3 33.48 2014  7 30 2456868.66913752    10    R                   Triton_004.fits                                    Triton                1024  1024     1   0.000   0.000
   0.028   0.040  545.27  483.79 1.687    127.03     27.63 99.999 99.999 99.999 13.213 13.349 99.999 99.999 99.999  0.166 99.999 99.999 99.999 99.999  99.999  99.999  99.999  99.999  0.015  0.015  0.042  0.043  0.086  0.087    6    6 99.999 99.999   99  22.584802115  -9.719273067  4  3 46.29 2014  7 30 2456868.66928579    10    R                   Triton_005.fits                                    Triton                1024  1024     1   0.000   0.000
  -0.020  -0.008  546.22  483.17 2.300    109.46     15.22 99.999 99.999 99.999 13.073 13.327 99.999 99.999 99.999  0.223 99.999 99.999 99.999 99.999  99.999  99.999  99.999  99.999  0.015  0.015  0.028  0.020  0.057  0.041    7    6 99.999 99.999   99  22.584801005  -9.719286910  4  3 59.10 2014  7 30 2456868.66943406    10    R                   Triton_006.fits                                    Triton                1024  1024     1   0.000   0.000
  -0.080  -0.008  543.45  483.60 1.478    126.66     35.77 99.999 99.999 99.999 13.089 13.268 99.999 99.999 99.999  0.239 99.999 99.999 99.999 99.999  99.999  99.999  99.999  99.999  0.016  0.016  0.005  0.023  0.009  0.042    7    5 99.999 99.999   99  22.584799664  -9.719287837  4  4 11.91 2014  7 30 2456868.66958234    10    R                   Triton_007.fits                                    Triton                1024  1024     1   0.000   0.000
  -0.083  -0.062  544.59  483.70 2.118    112.17     18.60 99.999 99.999 99.999 13.114 13.457 99.999 99.999 99.999  0.285 99.999 99.999 99.999 99.999  99.999  99.999  99.999  99.999  0.014  0.014  0.017  0.015  0.030  0.028    7    5 99.999 99.999   99  22.584799404  -9.719303223  4  4 24.72 2014  7 30 2456868.66973061    10    R                   Triton_008.fits                                    Triton                1024  1024     1   0.000   0.000
  -0.083  -0.101  542.43  483.74 2.134     91.31     22.44 99.999 99.999 99.999 13.271 13.428 99.999 99.999 99.999  0.196 99.999 99.999 99.999 99.999  99.999  99.999  99.999  99.999  0.022  0.022  0.019  0.017  0.035  0.031    6    5 99.999 99.999   99  22.584799214  -9.719315125  4  4 37.54 2014  7 30 2456868.66987889    10    R                   Triton_009.fits                                    Triton                1024  1024     1   0.000   0.000
   0.061  -0.179  540.78  482.97 1.961     79.03     27.87 99.999 99.999 99.999 13.205 13.327 99.999 99.999 99.999  0.271 99.999 99.999 99.999 99.999  99.999  99.999  99.999  99.999  0.027  0.027  0.000  0.000  0.000  0.000    5    3 99.999 99.999   99  22.584801702  -9.719337316  4  4 50.35 2014  7 30 2456868.67002718    10    R                   Triton_010.fits                                    Triton                1024  1024     1   0.000   0.000
   0.004   0.072  542.00  483.83 2.271     97.33     18.46 99.999 99.999 99.999 13.103 13.418 99.999 99.999 99.999  0.341 99.999 99.999 99.999 99.999  99.999  99.999  99.999  99.999  0.012  0.012  0.052  0.047  0.086  0.079    6    5 99.999 99.999   99  22.584800436  -9.719267925  4  5  3.16 2014  7 30 2456868.67017546    10    R                   Triton_011.fits                                    Triton                1024  1024     1   0.000   0.000
  -0.014  -0.078  540.35  482.94 1.096    129.51     52.10 99.999 99.999 99.999 13.185 13.523 99.999 99.999 99.999  0.217 99.999 99.999 99.999 99.999  99.999  99.999  99.999  99.999  0.011  0.011  0.007  0.042  0.013  0.077    6    5 99.999 99.999   99  22.584799911  -9.719310621  4  5 15.97 2014  7 30 2456868.67032376    10    R                   Triton_012.fits                                    Triton                1024  1024     1   0.000   0.000
  -0.122  -0.115  543.60  483.47 2.710     84.75     15.09 99.999 99.999 99.999 13.226 13.391 99.999 99.999 99.999  0.258 99.999 99.999 99.999 99.999  99.999  99.999  99.999  99.999  0.020  0.020  0.027  0.023  0.049  0.042    6    5 99.999 99.999   99  22.584797688  -9.719321520  4  5 28.78 2014  7 30 2456868.67047204    10    R                   Triton_013.fits                                    Triton                1024  1024     1   0.000   0.000
  -0.104  -0.099  543.53  482.82 1.402    110.61     41.69 99.999 99.999 99.999 13.151 13.509 99.999 99.999 99.999  0.182 99.999 99.999 99.999 99.999  99.999  99.999  99.999  99.999  0.007  0.007  0.029  0.002  0.045  0.003    5    4 99.999 99.999   99  22.584797792  -9.719317583  4  5 41.59 2014  7 30 2456868.67062030    10    R                   Triton_014.fits                                    Triton                1024  1024     1   0.000   0.000
  -0.192  -0.056  546.55  484.24 2.729     80.88     15.46 99.999 99.999 99.999 13.192 13.292 99.999 99.999 99.999  0.181 99.999 99.999 99.999 99.999  99.999  99.999  99.999  99.999  0.018  0.018  0.027  0.062  0.046  0.103    5    4 99.999 99.999   99  22.584795955  -9.719306362  4  5 54.40 2014  7 30 2456868.67076854    10    R                   Triton_015.fits                                    Triton                1024  1024     1   0.000   0.000
  -0.135  -0.034  547.06  483.08 2.077    101.43     23.06 99.999 99.999 99.999 13.221 13.448 99.999 99.999 99.999  0.204 99.999 99.999 99.999 99.999  99.999  99.999  99.999  99.999  0.016  0.016  0.019  0.019  0.035  0.035    6    5 99.999 99.999   99  22.584796821  -9.719300783  4  6  7.21 2014  7 30 2456868.67091683    10    R                   Triton_016.fits                                    Triton                1024  1024     1   0.000   0.000
   0.256   0.089  547.04  484.58 2.472     89.35     17.86 99.999 99.999 99.999 13.173 13.502 99.999 99.999 99.999  0.151 99.999 99.999 99.999 99.999  99.999  99.999  99.999  99.999  0.022  0.022  0.089  0.036  0.136  0.055    6    4 99.999 99.999   99  22.584803970  -9.719267570  4  6 20.02 2014  7 30 2456868.67106510    10    R                   Triton_017.fits                                    Triton                1024  1024     1   0.000   0.000
  -0.070  -0.003  546.72  482.86 2.304     94.34     20.25 99.999 99.999 99.999 13.150 13.557 99.999 99.999 99.999  0.203 99.999 99.999 99.999 99.999  99.999  99.999  99.999  99.999  0.012  0.012  0.003  0.067  0.004  0.102    6    4 99.999 99.999   99  22.584797633  -9.719293529  4  6 32.83 2014  7 30 2456868.67121336    10    R                   Triton_018.fits                                    Triton                1024  1024     1   0.000   0.000
   0.073   0.042  545.99  483.80 2.228    101.66     20.04 99.999 99.999 99.999 13.133 13.416 99.999 99.999 99.999  0.265 99.999 99.999 99.999 99.999  99.999  99.999  99.999  99.999  0.019  0.019  0.069  0.043  0.134  0.082    7    4 99.999 99.999   99  22.584800130  -9.719281662  4  6 45.65 2014  7 30 2456868.67136165    10    R                   Triton_019.fits                                    Triton                1024  1024     1   0.000   0.000
  -0.110  -0.007  543.73  483.51 1.671    118.38     29.81 99.999 99.999 99.999 13.128 13.368 99.999 99.999 99.999  0.213 99.999 99.999 99.999 99.999  99.999  99.999  99.999  99.999  0.011  0.011  0.039  0.037  0.080  0.075    6    6 99.999 99.999   99  22.584796292  -9.719296550  4  7 11.27 2014  7 30 2456868.67165823    10    R                   Triton_021.fits                                    Triton                1024  1024     1   0.000   0.000
  -0.091   0.002  544.77  483.70 2.157    103.76     20.05 99.999 99.999 99.999 13.211 13.369 99.999 99.999 99.999  0.186 99.999 99.999 99.999 99.999  99.999  99.999  99.999  99.999  0.015  0.015  0.032  0.018  0.058  0.033    6    5 99.999 99.999   99  22.584796434  -9.719294703  4  7 24.08 2014  7 30 2456868.67180649    10    R                   Triton_022.fits                                    Triton                1024  1024     1   0.000   0.000
  -0.137  -0.140  542.36  483.41 1.724    120.58     27.10 99.999 99.999 99.999 13.198 13.452 99.999 99.999 99.999  0.277 99.999 99.999 99.999 99.999  99.999  99.999  99.999  99.999  0.019  0.019  0.065  0.020  0.120  0.036    6    5 99.999 99.999   99  22.584795372  -9.719335119  4  7 36.89 2014  7 30 2456868.67195479    10    R                   Triton_023.fits                                    Triton                1024  1024     1   0.000   0.000
   1.377   0.358  542.55  482.38 1.821    108.47     24.74 99.999 99.999 99.999 13.141 13.308 99.999 99.999 99.999  0.181 99.999 99.999 99.999 99.999  99.999  99.999  99.999  99.999  0.006  0.006  0.000  0.000  0.000  0.000    3    3 99.999 99.999   99  22.584823619  -9.719197340  4  7 49.70 2014  7 30 2456868.67210306    10    R                   Triton_024.fits                                    Triton                1024  1024     1   0.000   0.000
  -0.085  -0.040  542.64  483.35 1.649    119.51     28.25 99.999 99.999 99.999 13.224 13.441 99.999 99.999 99.999  0.249 99.999 99.999 99.999 99.999  99.999  99.999  99.999  99.999  0.012  0.012  0.028  0.018  0.052  0.032    6    5 99.999 99.999   99  22.584795936  -9.719308251  4  8  2.52 2014  7 30 2456868.67225134    10    R                   Triton_025.fits                                    Triton                1024  1024     1   0.000   0.000
  -0.080  -0.075  542.11  482.47 2.391     87.77     16.21 99.999 99.999 99.999 13.183 13.376 99.999 99.999 99.999  0.199 99.999 99.999 99.999 99.999  99.999  99.999  99.999  99.999  0.018  0.018  0.023  0.051  0.043  0.093    6    5 99.999 99.999   99  22.584795837  -9.719318817  4  8 15.33 2014  7 30 2456868.67239961    10    R                   Triton_026.fits                                    Triton                1024  1024     1   0.000   0.000
  -0.097  -0.172  541.57  482.67 1.549     84.26     35.76 99.999 99.999 99.999 13.225 13.600 99.999 99.999 99.999  0.246 99.999 99.999 99.999 99.999  99.999  99.999  99.999  99.999  0.033  0.033  0.044  0.026  0.080  0.047    6    5 99.999 99.999   99  22.584795308  -9.719346347  4  8 28.14 2014  7 30 2456868.67254787    10    R                   Triton_027.fits                                    Triton                1024  1024     1   0.000   0.000
   0.155  -0.130  540.02  482.10 1.573     95.70     32.98 99.999 99.999 99.999 13.140 13.390 99.999 99.999 99.999  0.188 99.999 99.999 99.999 99.999  99.999  99.999  99.999  99.999  0.003  0.003  0.048  0.066  0.081  0.111    5    5 99.999 99.999   99  22.584799851  -9.719335662  4  8 40.95 2014  7 30 2456868.67269616    10    R                   Triton_028.fits                                    Triton                1024  1024     1   0.000   0.000
   0.090  -0.017  539.88  483.28 1.767     89.12     26.93 99.999 99.999 99.999 13.207 13.295 99.999 99.999 99.999  0.277 99.999 99.999 99.999 99.999  99.999  99.999  99.999  99.999  0.019  0.019  0.039  0.059  0.066  0.099    6    5 99.999 99.999   99  22.584798417  -9.719304602  4  8 53.76 2014  7 30 2456868.67284446    10    R                   Triton_029.fits                                    Triton                1024  1024     1   0.000   0.000
   0.186   0.084  541.03  483.33 2.676     81.12     11.31 99.999 99.999 99.999 13.236 13.377 99.999 99.999 99.999  0.204 99.999 99.999 99.999 99.999  99.999  99.999  99.999  99.999  0.015  0.015  0.014  0.036  0.019  0.049    5    4 99.999 99.999   99  22.584800014  -9.719277179  4  9  6.66 2014  7 30 2456868.67299377    10    R                   Triton_030.fits                                    Triton                1024  1024     1   0.000   0.000
  -0.457   0.134  966.09  854.72 1.028    371.32     68.41 99.999 99.999 99.999 13.322 13.179 99.999 99.999 99.999  0.128 99.999 99.999 99.999 99.999  99.999  99.999  99.999  99.999  0.013  0.013  0.000  0.000  0.000  0.000    3    3 99.999 99.999   99  22.308521317 -11.174570395  5 54  6.00 2012  7 21 2456129.74590278     2   'R       '           Netuno_0001.fits                                   Triton                2048  2048     1   0.000   0.000
  -0.239   0.324  964.36  852.06 1.373    258.54     47.49 99.999 99.999 99.999 13.431 13.250 99.999 99.999 99.999  0.245 99.999 99.999 99.999 99.999  99.999  99.999  99.999  99.999  0.005  0.005  0.000  0.000  0.000  0.000    3    3 99.999 99.999   99  22.308522344 -11.174540161  5 58  1.00 2012  7 21 2456129.74862269     2   'R       '           Netuno_0002.fits                                   Triton                2048  2048     1   0.000   0.000
  -0.150   0.125  965.41  852.11 1.545    216.57     46.28 99.999 99.999 99.999 13.297 13.170 99.999 99.999 99.999  0.144 99.999 99.999 99.999 99.999  99.999  99.999  99.999  99.999  0.022  0.022  0.018  0.143  0.016  0.129    4    4 99.999 99.999   99  22.308523945 -11.174595973  5 58  9.00 2012  7 21 2456129.74871528     2   'R       '           Netuno_0003.fits                                   Triton                2048  2048     1   0.000   0.000
  -0.161  -0.121  965.53  851.03 1.156    272.77     73.80 99.999 99.999 99.999 13.297 13.267 99.999 99.999 99.999  0.082 99.999 99.999 99.999 99.999  99.999  99.999  99.999  99.999  0.015  0.015  0.000  0.000  0.000  0.000    3    3 99.999 99.999   99  22.308523636 -11.174665237  5 58 16.00 2012  7 21 2456129.74879630     2   'R       '           Netuno_0004.fits                                   Triton                2048  2048     1   0.000   0.000
  -0.204  -0.024  965.91  849.20 1.055    379.66     67.70 99.999 99.999 99.999 13.292 13.217 99.999 99.999 99.999  0.106 99.999 99.999 99.999 99.999  99.999  99.999  99.999  99.999  0.013  0.013  0.027  0.032  0.024  0.029    4    4 99.999 99.999   99  22.308522737 -11.174639294  5 58 24.00 2012  7 21 2456129.74888889     2   'R       '           Netuno_0005.fits                                   Triton                2048  2048     1   0.000   0.000
  -0.050  -0.054  965.48  849.00 0.925    391.50     83.32 99.999 99.999 99.999 13.336 13.294 99.999 99.999 99.999  0.247 99.999 99.999 99.999 99.999  99.999  99.999  99.999  99.999  0.011  0.011  0.194  0.045  0.155  0.036    4    4 99.999 99.999   99  22.308525531 -11.174648010  5 58 32.00 2012  7 21 2456129.74898148     2   'R       '           Netuno_0006.fits                                   Triton                2048  2048     1   0.000   0.000
  -0.143  -0.006  965.17  848.14 0.971    439.44     61.54 99.999 99.999 99.999 13.387 13.264 99.999 99.999 99.999  0.109 99.999 99.999 99.999 99.999  99.999  99.999  99.999  99.999  0.012  0.012  0.015  0.076  0.013  0.068    4    4 99.999 99.999   99  22.308523659 -11.174635516  5 58 40.00 2012  7 21 2456129.74907407     2   'R       '           Netuno_0007.fits                                   Triton                2048  2048     1   0.000   0.000
  -0.156  -0.149  965.69  846.68 0.961    360.33     84.05 99.999 99.999 99.999 13.403 13.429 99.999 99.999 99.999  0.150 99.999 99.999 99.999 99.999  99.999  99.999  99.999  99.999  0.014  0.014  0.000  0.000  0.000  0.000    3    3 99.999 99.999   99  22.308523341 -11.174676243  5 58 47.00 2012  7 21 2456129.74915509     2   'R       '           Netuno_0008.fits                                   Triton                2048  2048     1   0.000   0.000
  -0.398   0.033  965.22  847.23 1.009    354.49     75.01 99.999 99.999 99.999 13.394 13.138 99.999 99.999 99.999  0.178 99.999 99.999 99.999 99.999  99.999  99.999  99.999  99.999  0.011  0.011  0.000  0.000  0.000  0.000    3    3 99.999 99.999   99  22.308518650 -11.174626509  5 58 55.00 2012  7 21 2456129.74924769     2   'R       '           Netuno_0009.fits                                   Triton                2048  2048     1   0.000   0.000
  -0.134  -0.006  965.46  847.45 1.028    290.10     80.41 99.999 99.999 99.999 13.535 13.346 99.999 99.999 99.999  0.191 99.999 99.999 99.999 99.999  99.999  99.999  99.999  99.999  0.022  0.022  0.008  0.039  0.007  0.035    4    4 99.999 99.999   99  22.308523521 -11.174637645  5 59  3.00 2012  7 21 2456129.74934028     2   'R       '           Netuno_0010.fits                                   Triton                2048  2048     1   0.000   0.000
  -0.125  -0.003  965.02  847.04 1.199    247.12     65.80 99.999 99.999 99.999 13.329 13.181 99.999 99.999 99.999  0.089 99.999 99.999 99.999 99.999  99.999  99.999  99.999  99.999  0.024  0.024  0.045  0.025  0.040  0.023    4    4 99.999 99.999   99  22.308523607 -11.174637794  5 59 11.00 2012  7 21 2456129.74943287     2   'R       '           Netuno_0011.fits                                   Triton                2048  2048     1   0.000   0.000
  -0.096   0.011  964.74  846.49 1.198    299.75     54.70 99.999 99.999 99.999 13.262 13.239 99.999 99.999 99.999  0.058 99.999 99.999 99.999 99.999  99.999  99.999  99.999  99.999  0.013  0.013  0.050  0.026  0.079  0.041    5    5 99.999 99.999   99  22.308524052 -11.174634709  5 59 19.00 2012  7 21 2456129.74952546     2   'R       '           Netuno_0012.fits                                   Triton                2048  2048     1   0.000   0.000
  -0.179  -0.050  965.25  848.11 1.117    315.77     61.95 99.999 99.999 99.999 13.386 13.221 99.999 99.999 99.999  0.154 99.999 99.999 99.999 99.999  99.999  99.999  99.999  99.999  0.017  0.017  0.018  0.096  0.016  0.087    5    4 99.999 99.999   99  22.308522405 -11.174652211  5 59 26.00 2012  7 21 2456129.74960648     2   'R       '           Netuno_0013.fits                                   Triton                2048  2048     1   0.000   0.000
  -0.146  -0.050  964.57  847.94 1.080    302.47     66.09 99.999 99.999 99.999 13.472 13.321 99.999 99.999 99.999  0.164 99.999 99.999 99.999 99.999  99.999  99.999  99.999  99.999  0.020  0.020  0.004  0.028  0.004  0.025    5    4 99.999 99.999   99  22.308522909 -11.174653018  5 59 34.00 2012  7 21 2456129.74969907     2   'R       '           Netuno_0014.fits                                   Triton                2048  2048     1   0.000   0.000
  -0.149  -0.135  964.39  849.08 1.145    327.34     49.83 99.999 99.999 99.999 13.248 13.131 99.999 99.999 99.999  0.134 99.999 99.999 99.999 99.999  99.999  99.999  99.999  99.999  0.016  0.016  0.100  0.012  0.090  0.011    4    4 99.999 99.999   99  22.308522734 -11.174677362  5 59 42.00 2012  7 21 2456129.74979167     2   'R       '           Netuno_0015.fits                                   Triton                2048  2048     1   0.000   0.000
  -0.220  -0.042  964.71  849.64 1.207    336.34     49.32 99.999 99.999 99.999 13.385 13.264 99.999 99.999 99.999  0.105 99.999 99.999 99.999 99.999  99.999  99.999  99.999  99.999  0.000  0.000  0.030  0.026  0.027  0.023    4    4 99.999 99.999   99  22.308521296 -11.174652627  5 59 50.00 2012  7 21 2456129.74988426     2   'R       '           Netuno_0016.fits                                   Triton                2048  2048     1   0.000   0.000
  -0.126  -0.053  965.02  850.94 0.859    457.68     89.03 99.999 99.999 99.999 13.343 13.436 99.999 99.999 99.999  0.057 99.999 99.999 99.999 99.999  99.999  99.999  99.999  99.999  0.017  0.017  0.000  0.000  0.000  0.000    3    3 99.999 99.999   99  22.308522980 -11.174656231  5 59 57.00 2012  7 21 2456129.74996528     2   'R       '           Netuno_0017.fits                                   Triton                2048  2048     1   0.000   0.000
  -0.093  -0.079  965.02  849.62 0.944    386.73     87.15 99.999 99.999 99.999 13.304 13.314 99.999 99.999 99.999  0.090 99.999 99.999 99.999 99.999  99.999  99.999  99.999  99.999  0.018  0.018  0.000  0.000  0.000  0.000    3    3 99.999 99.999   99  22.308523501 -11.174664169  6  0  5.00 2012  7 21 2456129.75005787     2   'R       '           Netuno_0018.fits                                   Triton                2048  2048     1   0.000   0.000
  -0.176  -0.145  965.44  851.20 1.429    215.46     57.05 99.999 99.999 99.999 13.371 13.347 99.999 99.999 99.999  0.211 99.999 99.999 99.999 99.999  99.999  99.999  99.999  99.999  0.026  0.026  0.000  0.000  0.000  0.000    3    3 99.999 99.999   99  22.308521815 -11.174683384  6  0 13.00 2012  7 21 2456129.75015046     2   'R       '           Netuno_0019.fits                                   Triton                2048  2048     1   0.000   0.000
  -0.100  -0.045  964.60  851.16 0.801    459.12    119.24 99.999 99.999 99.999 13.343 13.216 99.999 99.999 99.999  0.176 99.999 99.999 99.999 99.999  99.999  99.999  99.999  99.999  0.018  0.018  0.013  0.049  0.012  0.044    4    4 99.999 99.999   99  22.308523173 -11.174656014  6  0 21.00 2012  7 21 2456129.75024306     2   'R       '           Netuno_0020.fits                                   Triton                2048  2048     1   0.000   0.000
  -0.115  -0.074  964.83  851.85 0.825    471.93     90.56 99.999 99.999 99.999 13.296 13.334 99.999 99.999 99.999  0.179 99.999 99.999 99.999 99.999  99.999  99.999  99.999  99.999  0.017  0.017  0.000  0.000  0.000  0.000    3    3 99.999 99.999   99  22.308522779 -11.174664927  6  0 29.00 2012  7 21 2456129.75033565     2   'R       '           Netuno_0021.fits                                   Triton                2048  2048     1   0.000   0.000
  -0.192  -0.057  964.47  850.93 0.982    367.18     76.12 99.999 99.999 99.999 13.341 13.209 99.999 99.999 99.999  0.158 99.999 99.999 99.999 99.999  99.999  99.999  99.999  99.999  0.018  0.018  0.018  0.003  0.016  0.002    4    4 99.999 99.999   99  22.308521243 -11.174661181  6  0 36.00 2012  7 21 2456129.75041667     2   'R       '           Netuno_0022.fits                                   Triton                2048  2048     1   0.000   0.000
  -0.154  -0.077  964.37  852.09 1.491    185.31     49.69 99.999 99.999 99.999 13.428 13.273 99.999 99.999 99.999  0.209 99.999 99.999 99.999 99.999  99.999  99.999  99.999  99.999  0.025  0.025  0.055  0.075  0.049  0.068    4    4 99.999 99.999   99  22.308521843 -11.174667565  6  0 44.00 2012  7 21 2456129.75050926     2   'R       '           Netuno_0023.fits                                   Triton                2048  2048     1   0.000   0.000
  -0.086  -0.050  965.07  852.25 1.504    146.83     54.91 99.999 99.999 99.999 13.366 13.338 99.999 99.999 99.999  0.089 99.999 99.999 99.999 99.999  99.999  99.999  99.999  99.999  0.029  0.029  0.000  0.000  0.000  0.000    3    3 99.999 99.999   99  22.308523013 -11.174660665  6  0 52.00 2012  7 21 2456129.75060185     2   'R       '           Netuno_0024.fits                                   Triton                2048  2048     1   0.000   0.000
  -0.133  -0.006  963.48  851.84 1.163    310.83     59.73 99.999 99.999 99.999 13.316 13.378 99.999 99.999 99.999  0.144 99.999 99.999 99.999 99.999  99.999  99.999  99.999  99.999  0.017  0.017  0.000  0.000  0.000  0.000    3    3 99.999 99.999   99  22.308522012 -11.174649194  6  1  0.00 2012  7 21 2456129.75069444     2   'R       '           Netuno_0025.fits                                   Triton                2048  2048     1   0.000   0.000
  -0.103   0.045  964.37  854.16 1.096    322.25     67.34 99.999 99.999 99.999 13.209 13.171 99.999 99.999 99.999  0.228 99.999 99.999 99.999 99.999  99.999  99.999  99.999  99.999  0.016  0.016  0.027  0.026  0.034  0.032    5    5 99.999 99.999   99  22.308522310 -11.174637163  6  1 23.00 2012  7 21 2456129.75096065     2   'R       '           Netuno_0028.fits                                   Triton                2048  2048     1   0.000   0.000
  -0.101  -0.048  964.50  854.16 0.960    408.20     80.86 99.999 99.999 99.999 13.411 13.329 99.999 99.999 99.999  0.138 99.999 99.999 99.999 99.999  99.999  99.999  99.999  99.999  0.018  0.018  0.039  0.079  0.035  0.071    4    4 99.999 99.999   99  22.308522239 -11.174664000  6  1 31.00 2012  7 21 2456129.75105324     2   'R       '           Netuno_0029.fits                                   Triton                2048  2048     1   0.000   0.000
  -0.119  -0.056  963.96  854.43 1.396    249.87     53.86 99.999 99.999 99.999 13.385 13.375 99.999 99.999 99.999  0.088 99.999 99.999 99.999 99.999  99.999  99.999  99.999  99.999  0.019  0.019  0.000  0.000  0.000  0.000    3    3 99.999 99.999   99  22.308521810 -11.174666726  6  1 38.00 2012  7 21 2456129.75113426     2   'R       '           Netuno_0030.fits                                   Triton                2048  2048     1   0.000   0.000
  -0.077  -0.037  964.38  853.05 0.859    388.43    109.54 99.999 99.999 99.999 13.263 13.128 99.999 99.999 99.999  0.122 99.999 99.999 99.999 99.999  99.999  99.999  99.999  99.999  0.016  0.016  0.006  0.062  0.006  0.056    4    4 99.999 99.999   99  22.308522274 -11.174663875  6  2  2.00 2012  7 21 2456129.75141204     2   'R       '           Netuno_0033.fits                                   Triton                2048  2048     1   0.000   0.000
  -0.068  -0.015  963.79  852.65 0.905    413.04     91.92 99.999 99.999 99.999 13.260 13.327 99.999 99.999 99.999  0.196 99.999 99.999 99.999 99.999  99.999  99.999  99.999  99.999  0.004  0.004  0.026  0.021  0.052  0.040    5    5 99.999 99.999   99  22.308522351 -11.174658432  6  2  9.00 2012  7 21 2456129.75149306     2   'R       '           Netuno_0034.fits                                   Triton                2048  2048     1   0.000   0.000
  -0.040  -0.017  964.49  850.25 1.114    292.60     78.78 99.999 99.999 99.999 13.300 13.208 99.999 99.999 99.999  0.092 99.999 99.999 99.999 99.999  99.999  99.999  99.999  99.999  0.016  0.016  0.071  0.091  0.063  0.081    4    4 99.999 99.999   99  22.308522767 -11.174659848  6  2 17.00 2012  7 21 2456129.75158565     2   'R       '           Netuno_0035.fits                                   Triton                2048  2048     1   0.000   0.000
  -0.194  -0.016  964.60  849.20 1.415    255.53     47.19 99.999 99.999 99.999 13.367 13.217 99.999 99.999 99.999  0.089 99.999 99.999 99.999 99.999  99.999  99.999  99.999  99.999  0.020  0.020  0.021  0.093  0.019  0.084    4    4 99.999 99.999   99  22.308519669 -11.174661235  6  2 33.00 2012  7 21 2456129.75177083     2   'R       '           Netuno_0037.fits                                   Triton                2048  2048     1   0.000   0.000
  -0.155  -0.221  965.60  847.68 0.996    286.73     93.24 99.999 99.999 99.999 13.626 13.433 99.999 99.999 99.999  0.250 99.999 99.999 99.999 99.999  99.999  99.999  99.999  99.999  0.022  0.022  0.055  0.052  0.050  0.047    4    4 99.999 99.999   99  22.308520299 -11.174718539  6  2 41.00 2012  7 21 2456129.75186343     2   'R       '           Netuno_0038.fits                                   Triton                2048  2048     1   0.000   0.000
  -0.138  -0.086  964.13  847.41 1.192    288.65     61.91 99.999 99.999 99.999 13.334 13.204 99.999 99.999 99.999  0.144 99.999 99.999 99.999 99.999  99.999  99.999  99.999  99.999  0.020  0.020  0.007  0.104  0.006  0.093    4    4 99.999 99.999   99  22.308520529 -11.174681897  6  2 48.00 2012  7 21 2456129.75194444     2   'R       '           Netuno_0039.fits                                   Triton                2048  2048     1   0.000   0.000
  -0.154  -0.054  964.19  847.88 0.860    336.35    100.46 99.999 99.999 99.999 13.474 13.339 99.999 99.999 99.999  0.188 99.999 99.999 99.999 99.999  99.999  99.999  99.999  99.999  0.023  0.023  0.022  0.127  0.020  0.114    5    4 99.999 99.999   99  22.308520118 -11.174673799  6  2 56.00 2012  7 21 2456129.75203704     2   'R       '           Netuno_0040.fits                                   Triton                2048  2048     1   0.000   0.000
  -0.142  -0.041 1007.52  902.76 1.268    354.02     77.38 99.999 99.999 99.999 13.366 13.385 99.999 99.999 99.999  0.210 99.999 99.999 99.999 99.999  99.999  99.999  99.999  99.999  0.013  0.013  0.021  0.029  0.059  0.084   15   12 99.999 99.999   99  22.307425042 -11.184167802  4  3  7.50 2012  7 22 2456130.66883681     3   'R       '           Netuno_0001.fits                                   Triton                2048  2048     1   0.000   0.000
  -0.146  -0.003 1006.99  906.03 1.105    440.00     86.94 99.999 99.999 99.999 13.384 13.333 99.999 99.999 99.999  0.256 99.999 99.999 99.999 99.999  99.999  99.999  99.999  99.999  0.012  0.012  0.040  0.037  0.081  0.074    6    6 99.999 99.999   99  22.307423432 -11.184170499  4  4 43.50 2012  7 22 2456130.66994792     3   'R       '           Netuno_0002.fits                                   Triton                2048  2048     1   0.000   0.000
  -0.137  -0.049 1006.79  905.84 1.235    377.75     73.58 99.999 99.999 99.999 13.344 13.348 99.999 99.999 99.999  0.197 99.999 99.999 99.999 99.999  99.999  99.999  99.999  99.999  0.011  0.011  0.028  0.043  0.064  0.100   11    6 99.999 99.999   99  22.307423505 -11.184184403  4  4 51.50 2012  7 22 2456130.67004051     3   'R       '           Netuno_0003.fits                                   Triton                2048  2048     1   0.000   0.000
  -0.100   0.001 1007.20  906.21 1.180    356.96     84.09 99.999 99.999 99.999 13.365 13.312 99.999 99.999 99.999  0.153 99.999 99.999 99.999 99.999  99.999  99.999  99.999  99.999  0.021  0.021  0.031  0.022  0.081  0.057    8    8 99.999 99.999   99  22.307424066 -11.184172006  4  5  0.50 2012  7 22 2456130.67014468     3   'R       '           Netuno_0004.fits                                   Triton                2048  2048     1   0.000   0.000
  -0.111  -0.082 1007.21  906.14 1.333    361.37     63.44 99.999 99.999 99.999 13.380 13.403 99.999 99.999 99.999  0.160 99.999 99.999 99.999 99.999  99.999  99.999  99.999  99.999  0.012  0.012  0.025  0.034  0.064  0.087   11   10 99.999 99.999   99  22.307423704 -11.184196243  4  5  9.50 2012  7 22 2456130.67024884     3   'R       '           Netuno_0005.fits                                   Triton                2048  2048     1   0.000   0.000
  -0.116  -0.093 1007.28  906.70 1.059    464.82     85.78 99.999 99.999 99.999 13.376 13.374 99.999 99.999 99.999  0.152 99.999 99.999 99.999 99.999  99.999  99.999  99.999  99.999  0.015  0.015  0.021  0.029  0.055  0.074   12   11 99.999 99.999   99  22.307423481 -11.184200420  4  5 18.50 2012  7 22 2456130.67035301     3   'R       '           Netuno_0006.fits                                   Triton                2048  2048     1   0.000   0.000
  -0.132  -0.032 1007.17  907.00 1.081    469.01     95.46 99.999 99.999 99.999 13.313 13.247 99.999 99.999 99.999  0.176 99.999 99.999 99.999 99.999  99.999  99.999  99.999  99.999  0.010  0.010  0.030  0.035  0.062  0.071    7    7 99.999 99.999   99  22.307423042 -11.184184777  4  5 26.50 2012  7 22 2456130.67044560     3   'R       '           Netuno_0007.fits                                   Triton                2048  2048     1   0.000   0.000
  -0.134   0.039 1007.06  907.29 1.229    410.84     66.76 99.999 99.999 99.999 13.288 13.322 99.999 99.999 99.999  0.250 99.999 99.999 99.999 99.999  99.999  99.999  99.999  99.999  0.010  0.010  0.026  0.034  0.058  0.077   10    8 99.999 99.999   99  22.307422861 -11.184166144  4  5 35.50 2012  7 22 2456130.67054977     3   'R       '           Netuno_0008.fits                                   Triton                2048  2048     1   0.000   0.000
  -0.129   0.152 1006.34  906.43 1.120    442.56     81.59 99.999 99.999 99.999 13.323 13.269 99.999 99.999 99.999  0.160 99.999 99.999 99.999 99.999  99.999  99.999  99.999  99.999  0.011  0.011  0.052  0.024  0.069  0.031    7    6 99.999 99.999   99  22.307422821 -11.184136152  4  5 44.50 2012  7 22 2456130.67065394     3   'R       '           Netuno_0009.fits                                   Triton                2048  2048     1   0.000   0.000
  -0.203   0.054 1006.22  906.91 1.655    244.50     58.11 99.999 99.999 99.999 13.360 13.374 99.999 99.999 99.999  0.105 99.999 99.999 99.999 99.999  99.999  99.999  99.999  99.999  0.017  0.017  0.013  0.030  0.026  0.062    6    6 99.999 99.999   99  22.307421284 -11.184164349  4  5 53.50 2012  7 22 2456130.67075810     3   'R       '           Netuno_0010.fits                                   Triton                2048  2048     1   0.000   0.000
  -0.170  -0.058 1006.76  905.92 1.463    267.18     69.10 99.999 99.999 99.999 13.373 13.412 99.999 99.999 99.999  0.107 99.999 99.999 99.999 99.999  99.999  99.999  99.999  99.999  0.011  0.011  0.043  0.029  0.083  0.056    6    5 99.999 99.999   99  22.307421763 -11.184196886  4  6  2.50 2012  7 22 2456130.67086227     3   'R       '           Netuno_0011.fits                                   Triton                2048  2048     1   0.000   0.000
  -0.183   0.077 1007.12  906.76 1.301    336.02     73.81 99.999 99.999 99.999 13.312 13.209 99.999 99.999 99.999  0.199 99.999 99.999 99.999 99.999  99.999  99.999  99.999  99.999  0.017  0.017  0.084  0.131  0.057  0.089    5    5 99.999 99.999   99  22.307421382 -11.184160551  4  6 10.50 2012  7 22 2456130.67095486     3   'R       '           Netuno_0012.fits                                   Triton                2048  2048     1   0.000   0.000
  -0.097   0.009 1006.70  905.66 1.379    324.31     65.42 99.999 99.999 99.999 13.378 13.273 99.999 99.999 99.999  0.193 99.999 99.999 99.999 99.999  99.999  99.999  99.999  99.999  0.016  0.016  0.023  0.026  0.062  0.070   10    9 99.999 99.999   99  22.307422859 -11.184180472  4  6 19.50 2012  7 22 2456130.67105903     3   'R       '           Netuno_0013.fits                                   Triton                2048  2048     1   0.000   0.000
  -0.166  -0.131 1007.39  904.73 1.375    277.58     74.59 99.999 99.999 99.999 13.413 13.225 99.999 99.999 99.999  0.139 99.999 99.999 99.999 99.999  99.999  99.999  99.999  99.999  0.017  0.017  0.021  0.030  0.055  0.081    9    9 99.999 99.999   99  22.307421420 -11.184220791  4  6 28.50 2012  7 22 2456130.67116319     3   'R       '           Netuno_0014.fits                                   Triton                2048  2048     1   0.000   0.000
  -0.152   0.116 1007.23  901.75 1.420    271.42     63.83 99.999 99.999 99.999 13.376 13.433 99.999 99.999 99.999  0.223 99.999 99.999 99.999 99.999  99.999  99.999  99.999  99.999  0.018  0.018  0.083  0.060  0.109  0.080    6    6 99.999 99.999   99  22.307421540 -11.184153427  4  6 37.50 2012  7 22 2456130.67126736     3   'R       '           Netuno_0015.fits                                   Triton                2048  2048     1   0.000   0.000
  -0.136   0.026 1006.95  901.13 1.230    352.19     79.41 99.999 99.999 99.999 13.283 13.256 99.999 99.999 99.999  0.201 99.999 99.999 99.999 99.999  99.999  99.999  99.999  99.999  0.013  0.013  0.021  0.027  0.057  0.074   10    8 99.999 99.999   99  22.307421715 -11.184179493  4  6 45.50 2012  7 22 2456130.67135995     3   'R       '           Netuno_0016.fits                                   Triton                2048  2048     1   0.000   0.000
  -0.068  -0.028 1007.77  900.12 1.561    250.83     65.48 99.999 99.999 99.999 13.447 13.429 99.999 99.999 99.999  0.174 99.999 99.999 99.999 99.999  99.999  99.999  99.999  99.999  0.014  0.014  0.082  0.032  0.108  0.043    6    6 99.999 99.999   99  22.307422854 -11.184195737  4  6 54.50 2012  7 22 2456130.67146412     3   'R       '           Netuno_0017.fits                                   Triton                2048  2048     1   0.000   0.000
  -0.066  -0.005 1006.92  898.98 1.407    258.01     72.37 99.999 99.999 99.999 13.392 13.396 99.999 99.999 99.999  0.152 99.999 99.999 99.999 99.999  99.999  99.999  99.999  99.999  0.011  0.011  0.029  0.028  0.079  0.076   10   10 99.999 99.999   99  22.307422755 -11.184190599  4  7  3.50 2012  7 22 2456130.67156829     3   'R       '           Netuno_0018.fits                                   Triton                2048  2048     1   0.000   0.000
  -0.352   0.062 1006.80  897.61 1.374    275.64     73.24 99.999 99.999 99.999 13.380 13.183 99.999 99.999 99.999  0.202 99.999 99.999 99.999 99.999  99.999  99.999  99.999  99.999  0.014  0.014  0.134  0.114  0.094  0.079    7    6 99.999 99.999   99  22.307417217 -11.184173325  4  7 12.50 2012  7 22 2456130.67167245     3   'R       '           Netuno_0019.fits                                   Triton                2048  2048     1   0.000   0.000
  -0.212  -0.106 1007.58  897.98 1.452    227.38     73.14 99.999 99.999 99.999 13.538 13.426 99.999 99.999 99.999  0.193 99.999 99.999 99.999 99.999  99.999  99.999  99.999  99.999  0.016  0.016  0.029  0.028  0.072  0.069   12    8 99.999 99.999   99  22.307419715 -11.184221071  4  7 21.50 2012  7 22 2456130.67177662     3   'R       '           Netuno_0020.fits                                   Triton                2048  2048     1   0.000   0.000
  -0.145  -0.020 1007.53  897.88 1.519    243.00     60.22 99.999 99.999 99.999 13.355 13.339 99.999 99.999 99.999  0.244 99.999 99.999 99.999 99.999  99.999  99.999  99.999  99.999  0.001  0.001  0.041  0.036  0.082  0.072    6    6 99.999 99.999   99  22.307420839 -11.184198342  4  7 29.50 2012  7 22 2456130.67186921     3   'R       '           Netuno_0021.fits                                   Triton                2048  2048     1   0.000   0.000
  -0.104  -0.090 1007.02  899.32 1.275    366.49     64.31 99.999 99.999 99.999 13.502 13.641 99.999 99.999 99.999  0.176 99.999 99.999 99.999 99.999  99.999  99.999  99.999  99.999  0.011  0.011  0.023  0.031  0.055  0.073   10    8 99.999 99.999   99  22.307421478 -11.184219261  4  7 38.50 2012  7 22 2456130.67197338     3   'R       '           Netuno_0022.fits                                   Triton                2048  2048     1   0.000   0.000
  -0.100   0.019 1006.47  899.75 1.473    281.24     59.53 99.999 99.999 99.999 13.318 13.274 99.999 99.999 99.999  0.156 99.999 99.999 99.999 99.999  99.999  99.999  99.999  99.999  0.015  0.015  0.011  0.036  0.028  0.089    8    7 99.999 99.999   99  22.307421410 -11.184189993  4  7 47.50 2012  7 22 2456130.67207755     3   'R       '           Netuno_0023.fits                                   Triton                2048  2048     1   0.000   0.000
  -0.139   0.034 1006.44  900.14 1.307    358.13     60.32 99.999 99.999 99.999 13.405 13.439 99.999 99.999 99.999  0.207 99.999 99.999 99.999 99.999  99.999  99.999  99.999  99.999  0.010  0.010  0.047  0.038  0.093  0.077    6    6 99.999 99.999   99  22.307420548 -11.184187163  4  7 56.50 2012  7 22 2456130.67218171     3   'R       '           Netuno_0024.fits                                   Triton                2048  2048     1   0.000   0.000
  -0.120   0.019 1006.13  900.80 1.380    280.60     70.10 99.999 99.999 99.999 13.420 13.408 99.999 99.999 99.999  0.132 99.999 99.999 99.999 99.999  99.999  99.999  99.999  99.999  0.015  0.015  0.036  0.028  0.072  0.055    6    6 99.999 99.999   99  22.307420756 -11.184192481  4  8  4.50 2012  7 22 2456130.67227431     3   'R       '           Netuno_0025.fits                                   Triton                2048  2048     1   0.000   0.000
  -0.061  -0.023 1007.43  900.58 1.406    293.44     62.62 99.999 99.999 99.999 13.368 13.397 99.999 99.999 99.999  0.235 99.999 99.999 99.999 99.999  99.999  99.999  99.999  99.999  0.015  0.015  0.022  0.020  0.057  0.053   13    9 99.999 99.999   99  22.307421734 -11.184205342  4  8 13.50 2012  7 22 2456130.67237847     3   'R       '           Netuno_0026.fits                                   Triton                2048  2048     1   0.000   0.000
  -0.132   0.066 1006.48  902.00 1.194    349.37     78.84 99.999 99.999 99.999 13.305 13.210 99.999 99.999 99.999  0.221 99.999 99.999 99.999 99.999  99.999  99.999  99.999  99.999  0.013  0.013  0.060  0.035  0.112  0.064    6    5 99.999 99.999   99  22.307420254 -11.184182053  4  8 22.50 2012  7 22 2456130.67248264     3   'R       '           Netuno_0027.fits                                   Triton                2048  2048     1   0.000   0.000
  -0.185   0.064 1006.99  901.95 1.366    283.00     71.70 99.999 99.999 99.999 13.234 13.324 99.999 99.999 99.999  0.148 99.999 99.999 99.999 99.999  99.999  99.999  99.999  99.999  0.004  0.004  0.017  0.036  0.035  0.072    7    5 99.999 99.999   99  22.307419126 -11.184183524  4  8 31.50 2012  7 22 2456130.67258681     3   'R       '           Netuno_0028.fits                                   Triton                2048  2048     1   0.000   0.000
  -0.194   0.063 1006.77  901.62 1.526    250.49     64.84 99.999 99.999 99.999 13.475 13.425 99.999 99.999 99.999  0.221 99.999 99.999 99.999 99.999  99.999  99.999  99.999  99.999  0.008  0.008  0.039  0.034  0.075  0.065    6    6 99.999 99.999   99  22.307418842 -11.184184909  4  8 39.50 2012  7 22 2456130.67267940     3   'R       '           Netuno_0029.fits                                   Triton                2048  2048     1   0.000   0.000
  -0.175   0.156 1006.53  900.74 1.730    205.79     56.28 99.999 99.999 99.999 13.441 13.380 99.999 99.999 99.999  0.289 99.999 99.999 99.999 99.999  99.999  99.999  99.999  99.999  0.012  0.012  0.188  0.073  0.128  0.050    6    5 99.999 99.999   99  22.307419023 -11.184160445  4  8 48.50 2012  7 22 2456130.67278356     3   'R       '           Netuno_0030.fits                                   Triton                2048  2048     1   0.000   0.000
