   0.008   0.015  984.15  972.88 3.718     99.82    124.63 99.999 99.999 99.999 13.497 13.593 99.999 99.999 99.999  0.182 99.999 99.999 99.999 99.999  99.999  99.999  99.999  99.999  0.033  0.033  0.015  0.020  0.049  0.066   24   16 99.999 99.999   99  21.344833047 -15.739492924  3  1 13.99 2006  9  5 2453983.62585637     2  Clear                 netuno0001.fits                                    Triton                2045  2050
   0.004  -0.030  984.66  973.12 3.300    124.76    125.14 99.999 99.999 99.999 13.509 13.627 99.999 99.999 99.999  0.176 99.999 99.999 99.999 99.999  99.999  99.999  99.999  99.999  0.025  0.025  0.014  0.019  0.053  0.073   25   17 99.999 99.999   99  21.344831878 -15.739508521  3  2 20.47 2006  9  5 2453983.62662581     2  Clear                 netuno0002.fits                                    Triton                2045  2050
   0.014  -0.033  980.41  973.34 2.900    137.99    130.37 99.999 99.999 99.999 13.509 13.597 99.999 99.999 99.999  0.200 99.999 99.999 99.999 99.999  99.999  99.999  99.999  99.999  0.024  0.024  0.014  0.018  0.054  0.068   23   17 99.999 99.999   99  21.344831018 -15.739512334  3  3 25.90 2006  9  5 2453983.62738310     2  Clear                 netuno0003.fits                                    Triton                2045  2050
   0.044  -0.040  984.43  972.22 4.866     70.33    126.58 99.999 99.999 99.999 13.417 13.559 99.999 99.999 99.999  0.148 99.999 99.999 99.999 99.999  99.999  99.999  99.999  99.999  0.048  0.048  0.022  0.031  0.062  0.086   13   10 99.999 99.999   99  21.344829366 -15.739520324  3  5 41.66 2006  9  5 2453983.62895440     2  Clear                 netuno0006.fits                                    Triton                2045  2050
   0.023  -0.008  983.12  972.58 3.721    105.45    129.14 99.999 99.999 99.999 13.480 13.595 99.999 99.999 99.999  0.142 99.999 99.999 99.999 99.999  99.999  99.999  99.999  99.999  0.029  0.029  0.019  0.021  0.057  0.063   20   11 99.999 99.999   99  21.344828419 -15.739513031  3  6 17.10 2006  9  5 2453983.62936458     2  Clear                 netuno0007.fits                                    Triton                2045  2050
   0.042  -0.040  980.07  973.53 3.422    112.77    128.72 99.999 99.999 99.999 13.415 13.513 99.999 99.999 99.999  0.138 99.999 99.999 99.999 99.999  99.999  99.999  99.999  99.999  0.028  0.028  0.014  0.012  0.042  0.037   20   13 99.999 99.999   99  21.344828195 -15.739523356  3  6 52.30 2006  9  5 2453983.62977199     2  Clear                 netuno0008.fits                                    Triton                2045  2050
   0.032   0.047  978.75  972.96 3.429    116.47    128.93 99.999 99.999 99.999 13.379 13.487 99.999 99.999 99.999  0.109 99.999 99.999 99.999 99.999  99.999  99.999  99.999  99.999  0.009  0.009  0.017  0.017  0.049  0.048   20   12 99.999 99.999   99  21.344827452 -15.739500900  3  7 27.50 2006  9  5 2453983.63017940     2  Clear                 netuno0009.fits                                    Triton                2045  2050
   0.005  -0.016  978.54  970.97 3.804     95.93    131.17 99.999 99.999 99.999 13.451 13.520 99.999 99.999 99.999  0.150 99.999 99.999 99.999 99.999  99.999  99.999  99.999  99.999  0.031  0.031  0.015  0.012  0.052  0.040   19   15 99.999 99.999   99  21.344826340 -15.739519854  3  8  2.71 2006  9  5 2453983.63058692     2  Clear                 netuno0010.fits                                    Triton                2045  2050
   0.029   0.040  977.93  971.87 3.338    115.97    131.87 99.999 99.999 99.999 13.441 13.497 99.999 99.999 99.999  0.148 99.999 99.999 99.999 99.999  99.999  99.999  99.999  99.999  0.031  0.031  0.016  0.016  0.054  0.053   19   15 99.999 99.999   99  21.344826244 -15.739505792  3  8 37.48 2006  9  5 2453983.63098935     2  Clear                 netuno0011.fits                                    Triton                2045  2050
   0.031   0.032  982.32  972.08 3.744    102.32    129.45 99.999 99.999 99.999 13.470 13.628 99.999 99.999 99.999  0.118 99.999 99.999 99.999 99.999  99.999  99.999  99.999  99.999  0.034  0.034  0.014  0.015  0.044  0.046   21   14 99.999 99.999   99  21.344825705 -15.739509799  3  9 14.17 2006  9  5 2453983.63141400     2  Clear                 netuno0012.fits                                    Triton                2045  2050
   0.012   0.028  985.71  972.31 3.681    103.81    128.80 99.999 99.999 99.999 13.503 13.584 99.999 99.999 99.999  0.141 99.999 99.999 99.999 99.999  99.999  99.999  99.999  99.999  0.038  0.038  0.010  0.022  0.036  0.077   19   14 99.999 99.999   99  21.344824758 -15.739512249  3  9 49.49 2006  9  5 2453983.63182280     2  Clear                 netuno0013.fits                                    Triton                2045  2050
   0.008  -0.054  981.86  969.12 3.715     97.48    131.50 99.999 99.999 99.999 13.494 13.613 99.999 99.999 99.999  0.122 99.999 99.999 99.999 99.999  99.999  99.999  99.999  99.999  0.030  0.030  0.020  0.018  0.067  0.063   22   14 99.999 99.999   99  21.344823514 -15.739538217  3 11  1.43 2006  9  5 2453983.63265544     2  Clear                 netuno0015.fits                                    Triton                2045  2050
