  -0.047  -0.087  535.31  551.42 1.490    583.58     97.42 99.999 99.999 99.999 13.332 13.532 99.999 99.999 99.999  0.215 99.999 99.999 99.999 99.999  99.999  99.999  99.999  99.999  0.018  0.018  0.046  0.014  0.096  0.030    8    5 99.999 99.999   99  22.583646401  -9.724099369  2 33 50.70 2014  7 31 2456869.60683684    15    I                   Triton_003.fits                                    Triton                1024  1024
   0.021  -0.079  532.48  551.50 1.872    425.93     78.93 99.999 99.999 99.999 13.357 13.573 99.999 99.999 99.999  0.203 99.999 99.999 99.999 99.999  99.999  99.999  99.999  99.999  0.015  0.015  0.043  0.054  0.082  0.103    8    5 99.999 99.999   99  22.583647166  -9.724100111  2 34 26.66 2014  7 31 2456869.60725303    15    I                   Triton_005.fits                                    Triton                1024  1024
   0.074  -0.054  536.68  531.64 1.479    489.24    118.82 99.999 99.999 99.999 13.425 13.523 99.999 99.999 99.999  0.199 99.999 99.999 99.999 99.999  99.999  99.999  99.999  99.999  0.018  0.018  0.054  0.046  0.102  0.087    7    5 99.999 99.999   99  22.583647414  -9.724097251  2 35 20.60 2014  7 31 2456869.60787726    15    I                   Triton_008.fits                                    Triton                1024  1024
   0.026  -0.104  545.51  526.99 1.805    414.90     68.36 99.999 99.999 99.999 13.359 13.582 99.999 99.999 99.999  0.211 99.999 99.999 99.999 99.999  99.999  99.999  99.999  99.999  0.014  0.014  0.033  0.038  0.063  0.073    9    6 99.999 99.999   99  22.583645010  -9.724119283  2 37  8.44 2014  7 31 2456869.60912550    15    I                   Triton_014.fits                                    Triton                1024  1024
   0.085   0.072  541.96  527.70 1.475    562.82     87.26 99.999 99.999 99.999 13.344 13.473 99.999 99.999 99.999  0.206 99.999 99.999 99.999 99.999  99.999  99.999  99.999  99.999  0.013  0.013  0.034  0.023  0.072  0.049    9    6 99.999 99.999   99  22.583645382  -9.724074546  2 38  2.37 2014  7 31 2456869.60974965    15    I                   Triton_017.fits                                    Triton                1024  1024
  -0.006   0.080  544.11  526.74 1.470    529.20     97.32 99.999 99.999 99.999 13.287 13.549 99.999 99.999 99.999  0.256 99.999 99.999 99.999 99.999  99.999  99.999  99.999  99.999  0.013  0.013  0.015  0.033  0.033  0.071    9    6 99.999 99.999   99  22.583642690  -9.724077399  2 39 14.28 2014  7 31 2456869.61058190    15    I                   Triton_021.fits                                    Triton                1024  1024
  -0.056  -0.059  547.59  526.98 1.391    284.73     79.61 99.999 99.999 99.999 13.424 13.651 99.999 99.999 99.999  0.218 99.999 99.999 99.999 99.999  99.999  99.999  99.999  99.999  0.019  0.019  0.038  0.027  0.081  0.058    9    6 99.999 99.999   99  22.583641253  -9.724118806  2 39 50.23 2014  7 31 2456869.61099801    15    I                   Triton_023.fits                                    Triton                1024  1024
  -0.098   0.033  549.89  526.50 1.344    163.68     71.58 99.999 99.999 99.999 13.357 13.591 99.999 99.999 99.999  0.269 99.999 99.999 99.999 99.999  99.999  99.999  99.999  99.999  0.016  0.016  0.089  0.022  0.147  0.036    5    5 99.999 99.999   99  22.583639959  -9.724096085  2 40 26.18 2014  7 31 2456869.61141411    15    I                   Triton_025.fits                                    Triton                1024  1024
   0.009  -0.167  552.39  527.59 1.458    128.47     65.24 99.999 99.999 99.999 13.547 13.917 99.999 99.999 99.999  0.100 99.999 99.999 99.999 99.999  99.999  99.999  99.999  99.999  0.016  0.016  0.000  0.000  0.000  0.000    4    3 99.999 99.999   99  22.583641717  -9.724152991  2 40 44.16 2014  7 31 2456869.61162218    15    I                   Triton_026.fits                                    Triton                1024  1024
  -0.053  -0.010  550.03  526.05 1.282    490.82     99.67 99.999 99.999 99.999 13.356 13.587 99.999 99.999 99.999  0.223 99.999 99.999 99.999 99.999  99.999  99.999  99.999  99.999  0.017  0.017  0.037  0.029  0.082  0.063    9    6 99.999 99.999   99  22.583639066  -9.724117501  2 42 32.01 2014  7 31 2456869.61287050    15    I                   Triton_032.fits                                    Triton                1024  1024
   0.051  -0.104  553.98  524.28 1.393    130.79     60.28 99.999 99.999 99.999 13.317 13.613 99.999 99.999 99.999  0.197 99.999 99.999 99.999 99.999  99.999  99.999  99.999  99.999  0.018  0.018  0.026  0.014  0.058  0.031    6    6 99.999 99.999   99  22.583640258  -9.724147503  2 43 25.94 2014  7 31 2456869.61349465    15    I                   Triton_035.fits                                    Triton                1024  1024
   0.103  -0.042  555.55  524.69 1.298    340.81     99.97 99.999 99.999 99.999 13.367 13.545 99.999 99.999 99.999  0.189 99.999 99.999 99.999 99.999  99.999  99.999  99.999  99.999  0.019  0.019  0.048  0.030  0.093  0.058    9    6 99.999 99.999   99  22.583640748  -9.724133073  2 44  1.89 2014  7 31 2456869.61391075    15    I                   Triton_037.fits                                    Triton                1024  1024
  -0.060  -0.031  555.25  524.16 1.524    291.04     73.77 99.999 99.999 99.999 13.381 13.660 99.999 99.999 99.999  0.192 99.999 99.999 99.999 99.999  99.999  99.999  99.999  99.999  0.018  0.018  0.037  0.045  0.082  0.099    9    6 99.999 99.999   99  22.583636176  -9.724138210  2 45 49.76 2014  7 31 2456869.61515927    15    I                   Triton_043.fits                                    Triton                1024  1024
