   0.011   0.022  502.26  557.17 1.972    265.47      7.34 99.999 99.999 99.999 13.573 13.606 99.999 99.999 99.999  0.168 99.999 99.999 99.999 99.999  99.999  99.999  99.999  99.999  0.022  0.022  0.011  0.014  0.050  0.064   28   23 99.999 99.999   99  21.351851180 -15.708095524  2 25 21.38 2006  9  1 2453979.60094190     1  Clear                 netuno0002.fits                                    Triton                1020  1020
   0.046   0.031  501.71  553.33 1.705    276.98     20.21 99.999 99.999 99.999 13.487 13.462 99.999 99.999 99.999  0.166 99.999 99.999 99.999 99.999  99.999  99.999  99.999  99.999  0.034  0.034  0.013  0.015  0.056  0.062   21   20 99.999 99.999   99  21.351851074 -15.708098516  2 26  5.21 2006  9  1 2453979.60144919     1  Clear                 netuno0003.fits                                    Triton                1020  1020
   0.037  -0.002  502.07  553.30 1.670    315.26     15.39 99.999 99.999 99.999 13.543 13.617 99.999 99.999 99.999  0.213 99.999 99.999 99.999 99.999  99.999  99.999  99.999  99.999  0.017  0.017  0.014  0.015  0.063  0.067   25   21 99.999 99.999   99  21.351850135 -15.708113254  2 26 49.04 2006  9  1 2453979.60195648     1  Clear                 netuno0004.fits                                    Triton                1020  1020
   0.038   0.036  502.16  555.17 2.368    208.07     -0.45 99.999 99.999 99.999 13.569 13.632 99.999 99.999 99.999  0.182 99.999 99.999 99.999 99.999  99.999  99.999  99.999  99.999  0.040  0.040  0.011  0.012  0.047  0.053   26   20 99.999 99.999   99  21.351848558 -15.708113892  2 28 17.55 2006  9  1 2453979.60298090     1  Clear                 netuno0006.fits                                    Triton                1020  1020
   0.043   0.006  502.18  555.78 1.738    294.92     13.81 99.999 99.999 99.999 13.594 13.668 99.999 99.999 99.999  0.172 99.999 99.999 99.999 99.999  99.999  99.999  99.999  99.999  0.042  0.042  0.013  0.013  0.061  0.065   27   26 99.999 99.999   99  21.351847892 -15.708128155  2 29  1.38 2006  9  1 2453979.60348819     1  Clear                 netuno0007.fits                                    Triton                1020  1020
   0.028  -0.022  502.16  550.64 1.526    346.00     24.85 99.999 99.999 99.999 13.472 13.484 99.999 99.999 99.999  0.175 99.999 99.999 99.999 99.999  99.999  99.999  99.999  99.999  0.037  0.037  0.015  0.016  0.067  0.071   26   22 99.999 99.999   99  21.351846017 -15.708146975  2 30 29.04 2006  9  1 2453979.60450278     1  Clear                 netuno0009.fits                                    Triton                1020  1020
   0.021  -0.052  501.83  551.93 1.693    264.98     22.56 99.999 99.999 99.999 13.542 13.546 99.999 99.999 99.999  0.185 99.999 99.999 99.999 99.999  99.999  99.999  99.999  99.999  0.055  0.055  0.015  0.016  0.062  0.066   26   19 99.999 99.999   99  21.351844293 -15.708166318  2 31 57.55 2006  9  1 2453979.60552720     1  Clear                 netuno0011.fits                                    Triton                1020  1020
   0.039  -0.056  501.63  551.81 1.935    204.83     21.69 99.999 99.999 99.999 13.567 13.612 99.999 99.999 99.999  0.203 99.999 99.999 99.999 99.999  99.999  99.999  99.999  99.999  0.075  0.075  0.011  0.014  0.051  0.062   28   23 99.999 99.999   99  21.351843861 -15.708173142  2 32 41.38 2006  9  1 2453979.60603449     1  Clear                 netuno0012.fits                                    Triton                1020  1020
   0.019   0.029  501.35  551.36 1.793    308.64      7.09 99.999 99.999 99.999 13.468 13.504 99.999 99.999 99.999  0.159 99.999 99.999 99.999 99.999  99.999  99.999  99.999  99.999  0.058  0.058  0.013  0.013  0.054  0.055   25   19 99.999 99.999   99  21.351842690 -15.708155080  2 33 25.21 2006  9  1 2453979.60654178     1  Clear                 netuno0013.fits                                    Triton                1020  1020
   0.031   0.015  501.01  548.71 1.602    292.14     30.20 99.999 99.999 99.999 13.529 13.608 99.999 99.999 99.999  0.151 99.999 99.999 99.999 99.999  99.999  99.999  99.999  99.999  0.063  0.063  0.014  0.015  0.068  0.074   30   26 99.999 99.999   99  21.351842161 -15.708164553  2 34  9.04 2006  9  1 2453979.60704907     1  Clear                 netuno0014.fits                                    Triton                1020  1020
   0.017  -0.009  500.90  551.17 2.503    205.12     -1.24 99.999 99.999 99.999 13.551 13.608 99.999 99.999 99.999  0.177 99.999 99.999 99.999 99.999  99.999  99.999  99.999  99.999  0.034  0.034  0.010  0.013  0.045  0.057   25   22 99.999 99.999   99  21.351840305 -15.708182480  2 35 37.55 2006  9  1 2453979.60807350     1  Clear                 netuno0016.fits                                    Triton                1020  1020
   0.024   0.050  500.13  553.40 2.292    206.68      5.57 99.999 99.999 99.999 13.584 13.596 99.999 99.999 99.999  0.178 99.999 99.999 99.999 99.999  99.999  99.999  99.999  99.999  0.058  0.058  0.009  0.015  0.036  0.062   26   20 99.999 99.999   99  21.351838859 -15.708177090  2 37  5.21 2006  9  1 2453979.60908808     1  Clear                 netuno0018.fits                                    Triton                1020  1020
   0.010   0.007  500.24  552.26 2.082    246.12      3.78 99.999 99.999 99.999 13.606 13.637 99.999 99.999 99.999  0.160 99.999 99.999 99.999 99.999  99.999  99.999  99.999  99.999  0.054  0.054  0.012  0.013  0.054  0.059   29   22 99.999 99.999   99  21.351837801 -15.708194780  2 37 49.04 2006  9  1 2453979.60959537     1  Clear                 netuno0019.fits                                    Triton                1020  1020
   0.020  -0.022  500.33  553.13 1.741    285.34     12.22 99.999 99.999 99.999 13.595 13.633 99.999 99.999 99.999  0.135 99.999 99.999 99.999 99.999  99.999  99.999  99.999  99.999  0.031  0.031  0.014  0.016  0.056  0.067   24   20 99.999 99.999   99  21.351836416 -15.708213822  2 39 17.55 2006  9  1 2453979.61061979     1  Clear                 netuno0021.fits                                    Triton                1020  1020
   0.036   0.059  500.38  555.87 1.976    257.23     11.14 99.999 99.999 99.999 13.602 13.690 99.999 99.999 99.999  0.189 99.999 99.999 99.999 99.999  99.999  99.999  99.999  99.999  0.046  0.046  0.012  0.012  0.051  0.053   26   20 99.999 99.999   99  21.351835172 -15.708202589  2 40 45.21 2006  9  1 2453979.61163438     1  Clear                 netuno0023.fits                                    Triton                1020  1020
   0.010   0.077  500.61  554.79 2.215    226.33      2.07 99.999 99.999 99.999 13.581 13.655 99.999 99.999 99.999  0.160 99.999 99.999 99.999 99.999  99.999  99.999  99.999  99.999  0.000  0.000  0.012  0.014  0.051  0.058   25   19 99.999 99.999   99  21.351833868 -15.708202919  2 41 29.04 2006  9  1 2453979.61214167     1  Clear                 netuno0024.fits                                    Triton                1020  1020
   0.040  -0.017  500.10  553.24 2.418     92.57      6.47 99.999 99.999 99.999 13.637 13.674 99.999 99.999 99.999  0.212 99.999 99.999 99.999 99.999  99.999  99.999  99.999  99.999  0.055  0.055  0.012  0.012  0.049  0.048   17   16 99.999 99.999   99  21.351832847 -15.708240427  2 42 57.55 2006  9  1 2453979.61316609     1  Clear                 netuno0026.fits                                    Triton                1020  1020
   0.007   0.054  500.49  554.23 2.546    167.17      9.11 99.999 99.999 99.999 13.571 13.602 99.999 99.999 99.999  0.138 99.999 99.999 99.999 99.999  99.999  99.999  99.999  99.999  0.060  0.060  0.016  0.015  0.063  0.060   22   18 99.999 99.999   99  21.351831445 -15.708226341  2 43 41.38 2006  9  1 2453979.61367338     1  Clear                 netuno0027.fits                                    Triton                1020  1020
   0.007   0.038  500.12  555.14 2.503     44.51      9.15 99.999 99.999 99.999 13.541 13.607 99.999 99.999 99.999  0.210 99.999 99.999 99.999 99.999  99.999  99.999  99.999  99.999  0.069  0.069  0.021  0.017  0.065  0.051   13   10 99.999 99.999   99  21.351830672 -15.708236305  2 44 25.21 2006  9  1 2453979.61418067     1  Clear                 netuno0028.fits                                    Triton                1020  1020
   0.013  -0.005  499.79  555.88 1.684    227.66     24.47 99.999 99.999 99.999 13.607 13.647 99.999 99.999 99.999  0.187 99.999 99.999 99.999 99.999  99.999  99.999  99.999  99.999  0.000  0.000  0.014  0.017  0.057  0.071   21   18 99.999 99.999   99  21.351830001 -15.708253981  2 45  9.04 2006  9  1 2453979.61468796     1  Clear                 netuno0029.fits                                    Triton                1020  1020
