  -0.047   0.019  548.05  538.73 0.953    677.52     57.73 99.999 99.999 99.999 13.223 13.149 99.999 99.999 99.999  0.107 99.999 99.999 99.999 99.999  99.999  99.999  99.999  99.999  0.032  0.032  0.014  0.014  0.050  0.049   18   16 99.999 99.999   99  20.970141587 -17.164522929  5  3 50.48 2003  7 22 2452842.71100093     1  Clear                 net0007.fits                                       Triton                1004  1024
  -0.040  -0.011  548.13  537.74 1.023    666.92     43.07 99.999 99.999 99.999 13.349 13.308 99.999 99.999 99.999  0.201 99.999 99.999 99.999 99.999  99.999  99.999  99.999  99.999  0.026  0.025  0.012  0.011  0.044  0.041   21   17 99.999 99.999   99  20.970140785 -17.164533436  5  4 34.21 2003  7 22 2452842.71150706     1  Clear                 net0008.fits                                       Triton                1004  1024
  -0.058   0.014  547.61  534.25 1.144    505.23     45.27 99.999 99.999 99.999 13.354 13.150 99.999 99.999 99.999  0.163 99.999 99.999 99.999 99.999  99.999  99.999  99.999  99.999  0.031  0.032  0.013  0.012  0.053  0.051   23   17 99.999 99.999   99  20.970139455 -17.164528209  5  5 18.81 2003  7 22 2452842.71202326     1  Clear                 net0009.fits                                       Triton                1004  1024
  -0.059   0.027  546.72  530.72 1.107   1754.18     98.88 99.999 99.999 99.999 13.372 13.233 99.999 99.999 99.999  0.163 99.999 99.999 99.999 99.999  99.999  99.999  99.999  99.999  0.028  0.028  0.011  0.014  0.039  0.050   18   14 99.999 99.999   99  20.970131327 -17.164541068  5 11 38.04 2003  7 22 2452842.71641250     3  Clear                 net0011.fits                                       Triton                1004  1024
   0.040  -0.045  546.84  527.43 0.896   1761.26    264.14 99.999 99.999 99.999 13.301 13.112 99.999 99.999 99.999  0.095 99.999 99.999 99.999 99.999  99.999  99.999  99.999  99.999  0.000  0.000  0.015  0.006  0.054  0.024   18   15 99.999 99.999   99  20.970131217 -17.164565312  5 13 12.22 2003  7 22 2452842.71750255     3  Clear                 net0013.fits                                       Triton                1004  1024
  -0.058   0.011  545.92  529.11 1.132   1420.38    129.33 99.999 99.999 99.999 13.367 13.166 99.999 99.999 99.999  0.113 99.999 99.999 99.999 99.999  99.999  99.999  99.999  99.999  0.002  0.002  0.013  0.012  0.056  0.052   24   20 99.999 99.999   99  20.970127314 -17.164553476  5 14 45.54 2003  7 22 2452842.71858264     3  Clear                 net0015.fits                                       Triton                1004  1024
   0.010   0.026  545.60  529.65 1.243   1396.99     76.13 99.999 99.999 99.999 13.387 13.181 99.999 99.999 99.999  0.124 99.999 99.999 99.999 99.999  99.999  99.999  99.999  99.999  0.016  0.016  0.014  0.008  0.062  0.036   24   20 99.999 99.999   99  20.970125641 -17.164555566  5 17  6.46 2003  7 22 2452842.72021366     3  Clear                 net0018.fits                                       Triton                1004  1024
  -0.019  -0.042  545.63  529.51 1.094   1617.71    146.58 99.999 99.999 99.999 13.349 13.226 99.999 99.999 99.999  0.149 99.999 99.999 99.999 99.999  99.999  99.999  99.999  99.999  0.020  0.019  0.013  0.013  0.053  0.052   20   16 99.999 99.999   99  20.970124069 -17.164576339  5 17 53.17 2003  7 22 2452842.72075428     3  Clear                 net0019.fits                                       Triton                1004  1024
  -0.038  -0.008  545.18  530.75 0.921   2108.35    189.59 99.999 99.999 99.999 13.289 13.142 99.999 99.999 99.999  0.099 99.999 99.999 99.999 99.999  99.999  99.999  99.999  99.999  0.032  0.031  0.014  0.009  0.057  0.037   20   18 99.999 99.999   99  20.970122709 -17.164569189  5 18 39.77 2003  7 22 2452842.72129363     3  Clear                 net0020.fits                                       Triton                1004  1024
  -0.088   0.006  763.56   17.13 1.126   2131.37    152.78 99.999 99.999 99.999 13.159 12.925 99.999 99.999 99.999  0.108 99.999 99.999 99.999 99.999  99.999  99.999  99.999  99.999  0.019  0.020  0.031  0.018  0.061  0.036   24   18 99.999 99.999   99  20.970096731 -17.164615571  5 38 10.07 2003  7 22 2452842.73483877     4  Clear                 net0024.fits                                       Triton                1004  1024
  -0.039  -0.010  763.89   18.59 0.954   2621.62    256.51 99.999 99.999 99.999 13.232 13.048 99.999 99.999 99.999  0.157 99.999 99.999 99.999 99.999  99.999  99.999  99.999  99.999  0.000  0.000  0.030  0.032  0.051  0.054   20   16 99.999 99.999   99  20.970096663 -17.164621868  5 38 58.63 2003  7 22 2452842.73540081     4  Clear                 net0025.fits                                       Triton                1004  1024
  -0.007   0.011  763.90   20.36 0.849   2506.44    428.28 99.999 99.999 99.999 13.196 12.968 99.999 99.999 99.999  0.149 99.999 99.999 99.999 99.999  99.999  99.999  99.999  99.999  0.000  0.000  0.034  0.035  0.056  0.057   18   14 99.999 99.999   99  20.970096253 -17.164618413  5 39 46.23 2003  7 22 2452842.73595174     4  Clear                 net0026.fits                                       Triton                1004  1024
   0.007  -0.005  533.72  468.37 1.415    289.87     19.46 99.999 99.999 99.999 13.423 13.298 99.999 99.999 99.999  0.138 99.999 99.999 99.999 99.999  99.999  99.999  99.999  99.999  0.000  0.000  0.016  0.016  0.064  0.063   24   19 99.999 99.999   99  20.969975099 -17.164864118  7 15 29.02 2003  7 22 2452842.80241921     1  Clear                 net0032.fits                                       Triton                1004  1024
   0.004  -0.041  533.87  466.84 1.298    356.44     24.45 99.999 99.999 99.999 13.461 13.371 99.999 99.999 99.999  0.157 99.999 99.999 99.999 99.999  99.999  99.999  99.999  99.999  0.000  0.000  0.016  0.020  0.058  0.073   25   15 99.999 99.999   99  20.969972210 -17.164879672  7 17 44.13 2003  7 22 2452842.80398299     1  Clear                 net0035.fits                                       Triton                1004  1024
   0.028   0.027  532.45  469.12 1.187    354.19     47.48 99.999 99.999 99.999 13.451 13.425 99.999 99.999 99.999  0.175 99.999 99.999 99.999 99.999  99.999  99.999  99.999  99.999  0.034  0.036  0.016  0.018  0.061  0.067   19   15 99.999 99.999   99  20.969970791 -17.164864308  7 19 14.31 2003  7 22 2452842.80502674     1  Clear                 net0037.fits                                       Triton                1004  1024
   0.047   0.007  532.40  478.86 1.210   1509.88     54.22 99.999 99.999 99.999 13.375 13.227 99.999 99.999 99.999  0.158 99.999 99.999 99.999 99.999  99.999  99.999  99.999  99.999  0.038  0.040  0.013  0.012  0.050  0.048   21   17 99.999 99.999   99  20.969962909 -17.164886270  7 25 48.54 2003  7 22 2452842.80958958     3  Clear                 net0042.fits                                       Triton                1004  1024
  -0.006   0.039  532.07  478.59 1.185   1187.23    128.09 99.999 99.999 99.999 13.299 13.159 99.999 99.999 99.999  0.181 99.999 99.999 99.999 99.999  99.999  99.999  99.999  99.999  0.019  0.018  0.016  0.013  0.062  0.052   21   17 99.999 99.999   99  20.969960909 -17.164879309  7 26 35.15 2003  7 22 2452842.81012905     3  Clear                 net0043.fits                                       Triton                1004  1024
  -0.003  -0.050  532.62  478.93 1.263   1200.24     92.18 99.999 99.999 99.999 13.332 13.169 99.999 99.999 99.999  0.137 99.999 99.999 99.999 99.999  99.999  99.999  99.999  99.999  0.005  0.005  0.016  0.012  0.066  0.050   25   18 99.999 99.999   99  20.969959989 -17.164906207  7 27 21.99 2003  7 22 2452842.81067118     3  Clear                 net0044.fits                                       Triton                1004  1024
   0.030  -0.042  532.42  476.14 1.185   1274.13    120.62 99.999 99.999 99.999 13.364 13.174 99.999 99.999 99.999  0.138 99.999 99.999 99.999 99.999  99.999  99.999  99.999  99.999  0.022  0.023  0.021  0.016  0.078  0.060   20   16 99.999 99.999   99  20.969958700 -17.164907372  7 28 55.35 2003  7 22 2452842.81175174     3  Clear                 net0046.fits                                       Triton                1004  1024
   0.050   0.010  531.93  476.56 1.079   1463.77    169.01 99.999 99.999 99.999 13.372 13.187 99.999 99.999 99.999  0.146 99.999 99.999 99.999 99.999  99.999  99.999  99.999  99.999  0.020  0.018  0.014  0.015  0.057  0.061   21   17 99.999 99.999   99  20.969957085 -17.164896940  7 30 29.78 2003  7 22 2452842.81284468     3  Clear                 net0048.fits                                       Triton                1004  1024
  -0.017   0.038  532.09  475.95 1.372    904.27     99.59 99.999 99.999 99.999 13.324 13.183 99.999 99.999 99.999  0.126 99.999 99.999 99.999 99.999  99.999  99.999  99.999  99.999  0.023  0.023  0.013  0.014  0.059  0.062   30   22 99.999 99.999   99  20.969954804 -17.164891242  7 31 16.50 2003  7 22 2452842.81338542     3  Clear                 net0049.fits                                       Triton                1004  1024
   0.007   0.000  531.98  475.47 1.041   1434.70    192.70 99.999 99.999 99.999 13.394 13.202 99.999 99.999 99.999  0.155 99.999 99.999 99.999 99.999  99.999  99.999  99.999  99.999  0.000  0.000  0.015  0.011  0.063  0.046   25   18 99.999 99.999   99  20.969954311 -17.164903495  7 32  3.09 2003  7 22 2452842.81392465     3  Clear                 net0050.fits                                       Triton                1004  1024
