   0.003   0.008  516.36  498.86 2.843   1403.64    105.50 99.999 99.999 99.999 13.421 13.547 99.999 99.999 99.999  0.273 99.999 99.999 99.999 99.999  99.999  99.999  99.999  99.999  0.010  0.010  0.008  0.008  0.050  0.048   42   37 99.999 99.999   99  20.854860997 -17.650591302 22 22  5.72 2003 10 14 2452927.43201065   120  V                     n40005.fits                                        Triton                1020  1020
  -0.023   0.020  525.78  519.34 3.330   1175.19     63.50 99.999 99.999 99.999 13.435 13.609 99.999 99.999 99.999  0.273 99.999 99.999 99.999 99.999  99.999  99.999  99.999  99.999  0.027  0.027  0.009  0.008  0.055  0.047   42   38 99.999 99.999   99  20.854860052 -17.650603157 22 27 50.36 2003 10 14 2452927.43599954   120  V                     n40006.fits                                        Triton                1020  1020
  -0.003   0.018  519.40  495.66 2.840   1291.54    129.05 99.999 99.999 99.999 13.409 13.593 99.999 99.999 99.999  0.276 99.999 99.999 99.999 99.999  99.999  99.999  99.999  99.999  0.011  0.011  0.008  0.008  0.046  0.044   41   36 99.999 99.999   99  20.854860019 -17.650617396 22 33  1.59 2003 10 14 2452927.43960174   120  V                     n40007.fits                                        Triton                1020  1020
  -0.030  -0.004  532.09  584.47 2.983    106.23     16.77 99.999 99.999 99.999 13.479 13.691 99.999 99.999 99.999  0.142 99.999 99.999 99.999 99.999  99.999  99.999  99.999  99.999  0.015  0.015  0.012  0.012  0.062  0.061   35   28 99.999 99.999   99  20.854850163 -17.650931405  0 26  7.77 2003 10 15 2452927.51814549    12  V                     n40022.fits                                        Triton                1020  1020
   0.009   0.040  536.52  586.84 2.487    153.09     20.61 99.999 99.999 99.999 13.431 13.705 99.999 99.999 99.999  0.259 99.999 99.999 99.999 99.999  99.999  99.999  99.999  99.999  0.016  0.016  0.012  0.009  0.066  0.048   41   32 99.999 99.999   99  20.854850784 -17.650923608  0 27 47.46 2003 10 15 2452927.51929931    12  V                     n40023.fits                                        Triton                1020  1020
  -0.005   0.031  535.49  587.38 2.543   1560.36    136.36 99.999 99.999 99.999 13.402 13.507 99.999 99.999 99.999  0.268 99.999 99.999 99.999 99.999  99.999  99.999  99.999  99.999  0.005  0.005  0.009  0.010  0.053  0.060   43   39 99.999 99.999   99  20.854850283 -17.650932727  0 30  9.31 2003 10 15 2452927.52094109   120  V                     n40024.fits                                        Triton                1020  1020
  -0.027   0.001  526.75  580.34 3.291   1014.53     91.67 99.999 99.999 99.999 13.419 13.607 99.999 99.999 99.999  0.282 99.999 99.999 99.999 99.999  99.999  99.999  99.999  99.999  0.019  0.019  0.008  0.009  0.049  0.054   40   34 99.999 99.999   99  20.854849536 -17.650951783  0 34  0.28 2003 10 15 2452927.52361435   120  V                     n40025.fits                                        Triton                1020  1020
   0.003  -0.000  532.56  585.90 2.976   1127.61    118.91 99.999 99.999 99.999 13.414 13.599 99.999 99.999 99.999  0.277 99.999 99.999 99.999 99.999  99.999  99.999  99.999  99.999  0.012  0.012  0.009  0.009  0.052  0.053   41   38 99.999 99.999   99  20.854849787 -17.650962350  0 37 41.77 2003 10 15 2452927.52617789   120  V                     n40026.fits                                        Triton                1020  1020
  -0.093  -0.108 1017.93  118.17 2.925   1181.92    112.03 99.999 99.999 99.999 13.273 13.429 99.999 99.999 99.999  0.197 99.999 99.999 99.999 99.999  99.999  99.999  99.999  99.999  0.010  0.009  0.021  0.021  0.050  0.050   45   36 99.999 99.999   99  20.854845915 -17.651055212  1  0 13.52 2003 10 15 2452927.54182315   120  V                     n40027.fits                                        Triton                1020  1020
   0.030  -0.148   39.04  115.98 3.591    870.87     84.33 99.999 99.999 99.999 13.296 13.390 99.999 99.999 99.999  0.145 99.999 99.999 99.999 99.999  99.999  99.999  99.999  99.999  0.021  0.021  0.019  0.022  0.055  0.063   49   41 99.999 99.999   99  20.854847304 -17.651098435  1 11 29.63 2003 10 15 2452927.54964850   120  V                     n40030.fits                                        Triton                1020  1020
  -0.080  -0.117 1012.46  112.85 2.821   1275.82    108.87 99.999 99.999 99.999 13.301 13.481 99.999 99.999 99.999  0.193 99.999 99.999 99.999 99.999  99.999  99.999  99.999  99.999  0.003  0.003  0.021  0.024  0.051  0.056   46   34 99.999 99.999   99  20.854844804 -17.651101024  1 15 33.31 2003 10 15 2452927.55246887   120  V                     n40031.fits                                        Triton                1020  1020
   0.065  -0.137   35.72  115.86 2.802   1275.74    129.82 99.999 99.999 99.999 13.268 13.365 99.999 99.999 99.999  0.150 99.999 99.999 99.999 99.999  99.999  99.999  99.999  99.999  0.014  0.014  0.017  0.019  0.050  0.055   51   37 99.999 99.999   99  20.854846681 -17.651136405  1 26  4.41 2003 10 15 2452927.55977326   120  V                     n40034.fits                                        Triton                1020  1020
   0.046  -0.137   31.66  109.90 2.889    279.80     34.49 99.999 99.999 99.999 13.348 13.429 99.999 99.999 99.999  0.118 99.999 99.999 99.999 99.999  99.999  99.999  99.999  99.999  0.014  0.014  0.018  0.020  0.044  0.047   32   23 99.999 99.999   99  20.854844565 -17.651190648  1 45  4.91 2003 10 15 2452927.57297350   120  V                     n40038.fits                                        Triton                1020  1020
