   0.032  -0.054 1036.29 1081.70 2.037    334.08     10.03 99.999 99.999 99.999 13.186 13.091 99.999 99.999 99.999  0.258 99.999 99.999 99.999 99.999  99.999  99.999  99.999  99.999  0.012  0.012  0.013  0.021  0.043  0.070   13   12 99.999 99.999   99  21.940801496 -13.070152717  1 56 37.00 2010  9  5 2455444.58098380    20    R                   netuno_01.56.49_0001.fits                          Triton                2048  2048
   0.024  -0.044 1036.18 1082.74 2.097    274.10     18.30 99.999 99.999 99.999 13.227 13.000 99.999 99.999 99.999  0.172 99.999 99.999 99.999 99.999  99.999  99.999  99.999  99.999  0.004  0.004  0.009  0.017  0.030  0.060   13   12 99.999 99.999   99  21.940798655 -13.070165012  1 58 33.00 2010  9  5 2455444.58232639    20    R                   netuno_01.58.46_0006.fits                          Triton                2048  2048
   0.024  -0.039 1037.41 1079.05 2.435    241.53     11.59 99.999 99.999 99.999 13.244 13.051 99.999 99.999 99.999  0.174 99.999 99.999 99.999 99.999  99.999  99.999  99.999  99.999  0.012  0.012  0.015  0.014  0.049  0.044   13   11 99.999 99.999   99  21.940797014 -13.070172568  1 59 43.00 2010  9  5 2455444.58313657    20    R                   netuno_01.59.56_0009.fits                          Triton                2048  2048
   0.016  -0.041 1037.64 1077.83 2.027    324.46     18.01 99.999 99.999 99.999 13.270 12.994 99.999 99.999 99.999  0.125 99.999 99.999 99.999 99.999  99.999  99.999  99.999  99.999  0.016  0.016  0.012  0.017  0.039  0.057   13   12 99.999 99.999   99  21.940796296 -13.070176176  2  0  7.00 2010  9  5 2455444.58341435    20    R                   netuno_02.00.19_0010.fits                          Triton                2048  2048
   0.027  -0.065 1037.12 1078.40 2.194    227.79     26.76 99.999 99.999 99.999 13.246 13.054 99.999 99.999 99.999  0.122 99.999 99.999 99.999 99.999  99.999  99.999  99.999  99.999  0.012  0.012  0.014  0.014  0.048  0.049   13   12 99.999 99.999   99  21.940795424 -13.070188677  2  0 53.00 2010  9  5 2455444.58394676    20    R                   netuno_02.01.06_0012.fits                          Triton                2048  2048
   0.018  -0.077 1039.26 1083.58 2.069    310.31     21.34 99.999 99.999 99.999 13.266 13.107 99.999 99.999 99.999  0.144 99.999 99.999 99.999 99.999  99.999  99.999  99.999  99.999  0.009  0.009  0.015  0.018  0.054  0.061   14   13 99.999 99.999   99  21.940793646 -13.070200709  2  2  3.00 2010  9  5 2455444.58475694    20    R                   netuno_02.02.16_0015.fits                          Triton                2048  2048
   0.015  -0.052 1038.76 1081.54 2.219    320.63      9.61 99.999 99.999 99.999 13.269 13.159 99.999 99.999 99.999  0.177 99.999 99.999 99.999 99.999  99.999  99.999  99.999  99.999  0.010  0.010  0.010  0.017  0.035  0.062   15   14 99.999 99.999   99  21.940793036 -13.070196928  2  2 27.00 2010  9  5 2455444.58503472    20    R                   netuno_02.02.39_0016.fits                          Triton                2048  2048
   0.033  -0.066 1039.00 1079.00 2.019    334.45     19.07 99.999 99.999 99.999 13.284 13.087 99.999 99.999 99.999  0.099 99.999 99.999 99.999 99.999  99.999  99.999  99.999  99.999  0.012  0.012  0.015  0.015  0.053  0.050   13   12 99.999 99.999   99  21.940792813 -13.070203645  2  2 50.00 2010  9  5 2455444.58530093    20    R                   netuno_02.03.02_0017.fits                          Triton                2048  2048
   0.019  -0.074 1039.18 1078.62 1.832    377.88     25.09 99.999 99.999 99.999 13.282 13.008 99.999 99.999 99.999  0.122 99.999 99.999 99.999 99.999  99.999  99.999  99.999  99.999  0.008  0.008  0.009  0.014  0.031  0.048   13   12 99.999 99.999   99  21.940792021 -13.070209001  2  3 13.00 2010  9  5 2455444.58556713    20    R                   netuno_02.03.26_0018.fits                          Triton                2048  2048
   0.020  -0.042 1040.65 1077.69 2.291    258.70     12.29 99.999 99.999 99.999 13.271 13.035 99.999 99.999 99.999  0.152 99.999 99.999 99.999 99.999  99.999  99.999  99.999  99.999  0.004  0.004  0.015  0.016  0.050  0.056   13   12 99.999 99.999   99  21.940791487 -13.070203026  2  3 37.00 2010  9  5 2455444.58584491    20    R                   netuno_02.03.49_0019.fits                          Triton                2048  2048
   0.019  -0.068 1039.65 1077.32 2.360    275.91      2.74 99.999 99.999 99.999 13.209 12.996 99.999 99.999 99.999  0.240 99.999 99.999 99.999 99.999  99.999  99.999  99.999  99.999  0.010  0.010  0.017  0.017  0.059  0.059   14   12 99.999 99.999   99  21.940790954 -13.070213226  2  3 60.00 2010  9  5 2455444.58611111    20    R                   netuno_02.04.12_0020.fits                          Triton                2048  2048
   0.023  -0.080 1041.29 1079.70 1.941    321.68     24.39 99.999 99.999 99.999 13.265 13.051 99.999 99.999 99.999  0.128 99.999 99.999 99.999 99.999  99.999  99.999  99.999  99.999  0.015  0.015  0.010  0.020  0.036  0.068   13   13 99.999 99.999   99  21.940787067 -13.070238007  2  6 49.00 2010  9  5 2455444.58806713    20    R                   netuno_02.07.01_0021.fits                          Triton                2048  2048
   0.028  -0.044 1040.63 1077.77 1.934    341.20     19.64 99.999 99.999 99.999 13.285 13.062 99.999 99.999 99.999  0.135 99.999 99.999 99.999 99.999  99.999  99.999  99.999  99.999  0.017  0.017  0.012  0.012  0.041  0.042   13   12 99.999 99.999   99  21.940786109 -13.070233988  2  7 35.00 2010  9  5 2455444.58859954    20    R                   netuno_02.07.48_0023.fits                          Triton                2048  2048
   0.033  -0.037 1040.92 1077.89 2.066    325.38     14.40 99.999 99.999 99.999 13.279 13.034 99.999 99.999 99.999  0.161 99.999 99.999 99.999 99.999  99.999  99.999  99.999  99.999  0.015  0.015  0.013  0.014  0.043  0.050   14   12 99.999 99.999   99  21.940785623 -13.070235106  2  7 59.00 2010  9  5 2455444.58887731    20    R                   netuno_02.08.11_0024.fits                          Triton                2048  2048
   0.031  -0.059 1041.08 1078.14 1.729    392.89     32.27 99.999 99.999 99.999 13.260 13.147 99.999 99.999 99.999  0.199 99.999 99.999 99.999 99.999  99.999  99.999  99.999  99.999  0.013  0.013  0.011  0.016  0.039  0.054   14   12 99.999 99.999   99  21.940784534 -13.070246956  2  8 45.00 2010  9  5 2455444.58940972    20    R                   netuno_02.08.58_0026.fits                          Triton                2048  2048
   0.030  -0.034 1041.14 1085.29 2.116    285.14     23.10 99.999 99.999 99.999 13.293 13.139 99.999 99.999 99.999  0.131 99.999 99.999 99.999 99.999  99.999  99.999  99.999  99.999  0.014  0.014  0.012  0.012  0.041  0.041   14   13 99.999 99.999   99  21.940783428 -13.070246226  2  9 32.00 2010  9  5 2455444.58995370    20    R                   netuno_02.09.44_0028.fits                          Triton                2048  2048
   0.017  -0.063 1041.31 1083.43 2.406    276.15      1.45 99.999 99.999 99.999 13.285 12.879 99.999 99.999 99.999  0.152 99.999 99.999 99.999 99.999  99.999  99.999  99.999  99.999  0.017  0.017  0.012  0.011  0.041  0.037   13   12 99.999 99.999   99  21.940781553 -13.070262987  2 10 42.00 2010  9  5 2455444.59076389    20    R                   netuno_02.10.54_0031.fits                          Triton                2048  2048
   0.020  -0.046 1040.78 1082.74 1.813    366.01     20.66 99.999 99.999 99.999 13.253 13.001 99.999 99.999 99.999  0.159 99.999 99.999 99.999 99.999  99.999  99.999  99.999  99.999  0.011  0.011  0.014  0.017  0.049  0.061   13   13 99.999 99.999   99  21.940781083 -13.070261148  2 11  5.00 2010  9  5 2455444.59103009    20    R                   netuno_02.11.17_0032.fits                          Triton                2048  2048
   0.023  -0.077 1042.17 1083.43 2.181    295.20      5.96 99.999 99.999 99.999 13.247 12.955 99.999 99.999 99.999  0.163 99.999 99.999 99.999 99.999  99.999  99.999  99.999  99.999  0.011  0.011  0.009  0.015  0.032  0.052   13   13 99.999 99.999   99  21.940780578 -13.070272818  2 11 28.00 2010  9  5 2455444.59129630    20    R                   netuno_02.11.41_0033.fits                          Triton                2048  2048
   0.020  -0.072 1042.06 1084.47 2.299    201.23     21.04 99.999 99.999 99.999 13.285 13.112 99.999 99.999 99.999  0.152 99.999 99.999 99.999 99.999  99.999  99.999  99.999  99.999  0.014  0.014  0.013  0.013  0.043  0.045   13   12 99.999 99.999   99  21.940778349 -13.070282945  2 13  1.00 2010  9  5 2455444.59237269    20    R                   netuno_02.13.14_0037.fits                          Triton                2048  2048
   0.031  -0.062 1042.01 1088.83 2.140    237.23     27.26 99.999 99.999 99.999 13.298 13.090 99.999 99.999 99.999  0.096 99.999 99.999 99.999 99.999  99.999  99.999  99.999  99.999  0.014  0.014  0.011  0.014  0.038  0.049   13   12 99.999 99.999   99  21.940776958 -13.070289170  2 14 11.00 2010  9  5 2455444.59318287    20    R                   netuno_02.14.24_0040.fits                          Triton                2048  2048
   0.016  -0.039 1048.87 1093.25 2.319    302.61      7.93 99.999 99.999 99.999 13.276 13.006 99.999 99.999 99.999  0.146 99.999 99.999 99.999 99.999  99.999  99.999  99.999  99.999  0.014  0.014  0.014  0.017  0.051  0.061   14   14 99.999 99.999   99  21.940750301 -13.070426169  2 33  3.00 2010  9  5 2455444.60628472    20    R                   netuno_02.33.16_0044.fits                          Triton                2048  2048
   0.022  -0.062 1048.13 1097.22 2.151    359.08      5.66 99.999 99.999 99.999 13.305 13.076 99.999 99.999 99.999  0.131 99.999 99.999 99.999 99.999  99.999  99.999  99.999  99.999  0.012  0.012  0.010  0.014  0.035  0.048   13   12 99.999 99.999   99  21.940749858 -13.070435671  2 33 27.00 2010  9  5 2455444.60656250    20    R                   netuno_02.33.39_0045.fits                          Triton                2048  2048
   0.020  -0.053 1050.07 1095.42 1.803    345.87     35.87 99.999 99.999 99.999 13.221 13.139 99.999 99.999 99.999  0.166 99.999 99.999 99.999 99.999  99.999  99.999  99.999  99.999  0.003  0.003  0.015  0.019  0.050  0.066   15   12 99.999 99.999   99  21.940748180 -13.070442070  2 34 37.00 2010  9  5 2455444.60737269    20    R                   netuno_02.34.49_0048.fits                          Triton                2048  2048
   0.029  -0.061 1048.98 1094.07 1.941    315.74     30.78 99.999 99.999 99.999 13.248 13.016 99.999 99.999 99.999  0.164 99.999 99.999 99.999 99.999  99.999  99.999  99.999  99.999  0.015  0.015  0.015  0.018  0.051  0.062   14   13 99.999 99.999   99  21.940747833 -13.070446960  2 35  0.00 2010  9  5 2455444.60763889    20    R                   netuno_02.35.12_0049.fits                          Triton                2048  2048
   0.018  -0.045 1054.06 1088.96 2.288    428.98     16.62 99.999 99.999 99.999 13.227 13.028 99.999 99.999 99.999  0.221 99.999 99.999 99.999 99.999  99.999  99.999  99.999  99.999  0.010  0.010  0.013  0.015  0.043  0.050   14   12 99.999 99.999   99  21.940730834 -13.070533309  2 47  1.00 2010  9  5 2455444.61598380    30    R                   tritao_02.47.18_0008.fits                          Triton                2048  2048
   0.025  -0.062 1054.39 1088.70 2.107    450.54     28.30 99.999 99.999 99.999 13.272 13.016 99.999 99.999 99.999  0.126 99.999 99.999 99.999 99.999  99.999  99.999  99.999  99.999  0.008  0.008  0.015  0.015  0.052  0.051   13   12 99.999 99.999   99  21.940730192 -13.070542353  2 47 34.00 2010  9  5 2455444.61636574    30    R                   tritao_02.47.51_0009.fits                          Triton                2048  2048
   0.028  -0.043 1053.81 1095.97 2.074    530.95     14.34 99.999 99.999 99.999 13.278 12.974 99.999 99.999 99.999  0.159 99.999 99.999 99.999 99.999  99.999  99.999  99.999  99.999  0.014  0.014  0.013  0.014  0.045  0.051   14   13 99.999 99.999   99  21.940727172 -13.070553474  2 49 47.00 2010  9  5 2455444.61790509    30    R                   tritao_02.50.05_0013.fits                          Triton                2048  2048
   0.020  -0.061 1055.29 1095.20 2.124    468.86     26.94 99.999 99.999 99.999 13.221 13.027 99.999 99.999 99.999  0.231 99.999 99.999 99.999 99.999  99.999  99.999  99.999  99.999  0.013  0.013  0.014  0.019  0.050  0.068   15   13 99.999 99.999   99  21.940726233 -13.070562821  2 50 20.00 2010  9  5 2455444.61828704    30    R                   tritao_02.50.38_0014.fits                          Triton                2048  2048
   0.031  -0.064 1054.98 1093.22 1.977    550.76     22.37 99.999 99.999 99.999 13.290 13.120 99.999 99.999 99.999  0.143 99.999 99.999 99.999 99.999  99.999  99.999  99.999  99.999  0.011  0.011  0.012  0.013  0.042  0.045   14   12 99.999 99.999   99  21.940725639 -13.070567916  2 50 54.00 2010  9  5 2455444.61868056    30    R                   tritao_02.51.11_0015.fits                          Triton                2048  2048
   0.029  -0.050 1055.73 1093.21 2.242    368.14     36.46 99.999 99.999 99.999 13.323 13.141 99.999 99.999 99.999  0.105 99.999 99.999 99.999 99.999  99.999  99.999  99.999  99.999  0.010  0.010  0.009  0.013  0.029  0.041   13   11 99.999 99.999   99  21.940723296 -13.070576281  2 52 34.00 2010  9  5 2455444.61983796    30    R                   tritao_02.52.51_0018.fits                          Triton                2048  2048
   0.026  -0.068 1057.45 1090.55 2.073    475.11     20.14 99.999 99.999 99.999 13.254 12.919 99.999 99.999 99.999  0.144 99.999 99.999 99.999 99.999  99.999  99.999  99.999  99.999  0.014  0.014  0.010  0.016  0.034  0.055   13   13 99.999 99.999   99  21.940713240 -13.070635224  2 59 43.00 2010  9  5 2455444.62480324    30    R                   tritao_03.00.00_0028.fits                          Triton                2048  2048
   0.025  -0.049 1058.38 1088.97 2.133    420.06     26.69 99.999 99.999 99.999 13.213 12.972 99.999 99.999 99.999  0.255 99.999 99.999 99.999 99.999  99.999  99.999  99.999  99.999  0.010  0.010  0.014  0.013  0.048  0.044   14   12 99.999 99.999   99  21.940712438 -13.070634200  3  0 16.00 2010  9  5 2455444.62518519    30    R                   tritao_03.00.34_0029.fits                          Triton                2048  2048
   0.031  -0.072 1059.11 1093.28 1.823    582.17     28.85 99.999 99.999 99.999 13.234 13.042 99.999 99.999 99.999  0.241 99.999 99.999 99.999 99.999  99.999  99.999  99.999  99.999  0.012  0.012  0.011  0.011  0.038  0.039   14   12 99.999 99.999   99  21.940710264 -13.070653009  3  1 56.00 2010  9  5 2455444.62634259    30    R                   tritao_03.02.14_0032.fits                          Triton                2048  2048
   0.033  -0.061 1059.72 1094.09 2.300    387.11     16.06 99.999 99.999 99.999 13.217 13.043 99.999 99.999 99.999  0.241 99.999 99.999 99.999 99.999  99.999  99.999  99.999  99.999  0.009  0.009  0.011  0.014  0.037  0.049   14   13 99.999 99.999   99  21.940705634 -13.070675091  3  5 16.00 2010  9  5 2455444.62865741    30    R                   tritao_03.05.33_0038.fits                          Triton                2048  2048
   0.021  -0.064 1061.04 1091.67 2.024    498.45      4.74 99.999 99.999 99.999 13.216 12.925 99.999 99.999 99.999  0.206 99.999 99.999 99.999 99.999  99.999  99.999  99.999  99.999  0.007  0.007  0.015  0.016  0.052  0.055   14   13 99.999 99.999   99  21.940703074 -13.070688238  3  6 56.00 2010  9  5 2455444.62981481    30    R                   tritao_03.07.13_0041.fits                          Triton                2048  2048
   0.025  -0.047 1062.22 1090.85 1.921    446.05     27.69 99.999 99.999 99.999 13.218 12.974 99.999 99.999 99.999  0.244 99.999 99.999 99.999 99.999  99.999  99.999  99.999  99.999  0.012  0.012  0.014  0.014  0.046  0.046   14   12 99.999 99.999   99  21.940701623 -13.070691785  3  8  2.00 2010  9  5 2455444.63057870    30    R                   tritao_03.08.20_0043.fits                          Triton                2048  2048
   0.027  -0.058 1063.34 1096.76 1.909    442.29     31.56 99.999 99.999 99.999 13.252 12.997 99.999 99.999 99.999  0.200 99.999 99.999 99.999 99.999  99.999  99.999  99.999  99.999  0.015  0.015  0.015  0.019  0.053  0.065   14   12 99.999 99.999   99  21.940700093 -13.070702993  3  9  9.00 2010  9  5 2455444.63135417    30    R                   tritao_03.09.27_0045.fits                          Triton                2048  2048
   0.033  -0.052 1062.06 1099.39 1.791    515.26     29.88 99.999 99.999 99.999 13.273 13.144 99.999 99.999 99.999  0.136 99.999 99.999 99.999 99.999  99.999  99.999  99.999  99.999  0.012  0.012  0.010  0.016  0.036  0.053   14   12 99.999 99.999   99  21.940699442 -13.070705635  3  9 42.00 2010  9  5 2455444.63173611    30    R                   tritao_03.10.00_0046.fits                          Triton                2048  2048
   0.026  -0.043 1062.43 1097.93 2.021    433.50     30.70 99.999 99.999 99.999 13.289 13.084 99.999 99.999 99.999  0.123 99.999 99.999 99.999 99.999  99.999  99.999  99.999  99.999  0.013  0.013  0.011  0.013  0.036  0.044   13   12 99.999 99.999   99  21.940698528 -13.070707537  3 10 16.00 2010  9  5 2455444.63212963    30    R                   tritao_03.10.33_0047.fits                          Triton                2048  2048
   0.031  -0.051 1063.60 1095.04 2.028    436.72     18.50 99.999 99.999 99.999 13.206 13.024 99.999 99.999 99.999  0.313 99.999 99.999 99.999 99.999  99.999  99.999  99.999  99.999  0.010  0.010  0.010  0.017  0.033  0.057   14   12 99.999 99.999   99  21.940696285 -13.070722063  3 11 56.00 2010  9  5 2455444.63328704    30    R                   tritao_03.12.13_0050.fits                          Triton                2048  2048
