  -0.045  -0.040  891.73  883.93 1.320    266.21     39.50 99.999 99.999 99.999 13.611 13.507 99.999 99.999 99.999  0.350 99.999 99.999 99.999 99.999  99.999  99.999  99.999  99.999  0.030  0.030  0.011  0.017  0.047  0.073   27   21 99.999 99.999   99  21.874835429 -13.327469243  3 34 33.93 2009  7 18 2455030.64900382    70  Dark                  netuno0001.fits                                    Triton                2045  2050
  -0.070  -0.018  889.19  883.84 0.961    398.59    132.00 99.999 99.999 99.999 13.489 13.421 99.999 99.999 99.999  0.359 99.999 99.999 99.999 99.999  99.999  99.999  99.999  99.999  0.010  0.010  0.010  0.015  0.037  0.057   25   18 99.999 99.999   99  21.874833531 -13.327472314  3 36 17.38 2009  7 18 2455030.65020116    70  Dark                  netuno0002.fits                                    Triton                2045  2050
  -0.034  -0.056  891.03  884.04 1.003    369.15     80.88 99.999 99.999 99.999 13.567 13.543 99.999 99.999 99.999  0.326 99.999 99.999 99.999 99.999  99.999  99.999  99.999  99.999  0.010  0.010  0.008  0.012  0.032  0.049   26   18 99.999 99.999   99  21.874831380 -13.327501003  3 39 44.31 2009  7 18 2455030.65259618    70  Dark                  netuno0004.fits                                    Triton                2045  2050
  -0.047  -0.052  896.34  883.94 1.084    284.20    134.69 99.999 99.999 99.999 13.518 13.534 99.999 99.999 99.999  0.341 99.999 99.999 99.999 99.999  99.999  99.999  99.999  99.999  0.022  0.022  0.009  0.017  0.037  0.071   30   21 99.999 99.999   99  21.874829716 -13.327509174  3 41 27.79 2009  7 18 2455030.65379387    70  Dark                  netuno0005.fits                                    Triton                2045  2050
  -0.051  -0.020  890.17  884.35 1.153    304.44     63.86 99.999 99.999 99.999 13.525 13.435 99.999 99.999 99.999  0.317 99.999 99.999 99.999 99.999  99.999  99.999  99.999  99.999  0.017  0.017  0.008  0.018  0.036  0.082   30   23 99.999 99.999   99  21.874828225 -13.327509249  3 43 10.42 2009  7 18 2455030.65498171    70  Dark                  netuno0006.fits                                    Triton                2045  2050
  -0.057   0.001  885.12  883.74 1.340    235.40     79.53 99.999 99.999 99.999 13.503 13.571 99.999 99.999 99.999  0.356 99.999 99.999 99.999 99.999  99.999  99.999  99.999  99.999  0.032  0.032  0.007  0.015  0.030  0.066   32   22 99.999 99.999   99  21.874825280 -13.327521622  3 46 37.35 2009  7 18 2455030.65737674    70  Dark                  netuno0008.fits                                    Triton                2045  2050
  -0.033  -0.027  880.01  884.11 1.167    316.63    202.58 99.999 99.999 99.999 13.557 13.550 99.999 99.999 99.999  0.358 99.999 99.999 99.999 99.999  99.999  99.999  99.999  99.999  0.011  0.011  0.011  0.016  0.041  0.062   28   20 99.999 99.999   99  21.874824307 -13.327538485  3 48 20.84 2009  7 18 2455030.65857454    70  Dark                  netuno0009.fits                                    Triton                2045  2050
  -0.023  -0.054  882.23  884.33 1.335    230.59    368.78 99.999 99.999 99.999 13.556 13.545 99.999 99.999 99.999  0.323 99.999 99.999 99.999 99.999  99.999  99.999  99.999  99.999  0.023  0.023  0.006  0.017  0.027  0.070   30   22 99.999 99.999   99  21.874823098 -13.327555376  3 50  3.36 2009  7 18 2455030.65976111    70  Dark                  netuno0010.fits                                    Triton                2045  2050
  -0.055   0.008  876.99  884.41 1.271    287.77     75.94 99.999 99.999 99.999 13.523 13.484 99.999 99.999 99.999  0.316 99.999 99.999 99.999 99.999  99.999  99.999  99.999  99.999  0.020  0.020  0.009  0.018  0.038  0.075   25   20 99.999 99.999   99  21.874821059 -13.327547248  3 51 46.80 2009  7 18 2455030.66095833    70  Dark                  netuno0011.fits                                    Triton                2045  2050
  -0.059  -0.016  881.76  884.65 0.880    339.15     63.40 99.999 99.999 99.999 13.491 13.438 99.999 99.999 99.999  0.319 99.999 99.999 99.999 99.999  99.999  99.999  99.999  99.999  0.016  0.016  0.006  0.016  0.027  0.068   27   20 99.999 99.999   99  21.874819573 -13.327563021  3 53 30.13 2009  7 18 2455030.66215428    70  Dark                  netuno0012.fits                                    Triton                2045  2050
  -0.032  -0.016  878.09  884.58 1.030    331.61    116.43 99.999 99.999 99.999 13.543 13.519 99.999 99.999 99.999  0.322 99.999 99.999 99.999 99.999  99.999  99.999  99.999  99.999  0.014  0.014  0.009  0.014  0.032  0.052   23   17 99.999 99.999   99  21.874818661 -13.327572269  3 55 13.48 2009  7 18 2455030.66335046    70  Dark                  netuno0013.fits                                    Triton                2045  2050
  -0.068  -0.019  880.34  884.59 1.487    211.68     22.06 99.999 99.999 99.999 13.475 13.495 99.999 99.999 99.999  0.275 99.999 99.999 99.999 99.999  99.999  99.999  99.999  99.999  0.034  0.034  0.012  0.017  0.051  0.072   24   20 99.999 99.999   99  21.874816568 -13.327582310  3 56 56.96 2009  7 18 2455030.66454815    70  Dark                  netuno0014.fits                                    Triton                2045  2050
  -0.061  -0.008  880.92  884.42 1.192    299.67     28.48 99.999 99.999 99.999 13.504 13.435 99.999 99.999 99.999  0.304 99.999 99.999 99.999 99.999  99.999  99.999  99.999  99.999  0.015  0.015  0.008  0.017  0.035  0.073   26   21 99.999 99.999   99  21.874815286 -13.327588667  3 58 40.45 2009  7 18 2455030.66574595    70  Dark                  netuno0015.fits                                    Triton                2045  2050
  -0.026  -0.026  880.91  884.14 1.094    304.49     47.74 99.999 99.999 99.999 13.523 13.520 99.999 99.999 99.999  0.325 99.999 99.999 99.999 99.999  99.999  99.999  99.999  99.999  0.020  0.020  0.008  0.015  0.034  0.064   29   22 99.999 99.999   99  21.874814531 -13.327602901  4  0 23.91 2009  7 18 2455030.66694340    70  Dark                  netuno0016.fits                                    Triton                2045  2050
  -0.025  -0.067  885.09  883.86 1.297    247.14     66.99 99.999 99.999 99.999 13.456 13.476 99.999 99.999 99.999  0.261 99.999 99.999 99.999 99.999  99.999  99.999  99.999  99.999  0.024  0.024  0.009  0.014  0.036  0.053   24   18 99.999 99.999   99  21.874813128 -13.327623227  4  2  7.40 2009  7 18 2455030.66814120    70  Dark                  netuno0017.fits                                    Triton                2045  2050
  -0.023  -0.053  877.32  884.14 1.463    230.99     22.96 99.999 99.999 99.999 13.479 13.489 99.999 99.999 99.999  0.270 99.999 99.999 99.999 99.999  99.999  99.999  99.999  99.999  0.026  0.026  0.008  0.013  0.031  0.052   22   18 99.999 99.999   99  21.874811731 -13.327628625  4  3 50.84 2009  7 18 2455030.66933843    70  Dark                  netuno0018.fits                                    Triton                2045  2050
  -0.042  -0.010  879.07  883.99 0.997    356.32     54.35 99.999 99.999 99.999 13.564 13.564 99.999 99.999 99.999  0.319 99.999 99.999 99.999 99.999  99.999  99.999  99.999  99.999  0.013  0.013  0.010  0.017  0.040  0.066   24   20 99.999 99.999   99  21.874809952 -13.327626033  4  5 35.24 2009  7 18 2455030.67054676    70  Dark                  netuno0019.fits                                    Triton                2045  2050
  -0.062   0.014  874.33  883.77 1.083    344.49    204.71 99.999 99.999 99.999 13.529 13.554 99.999 99.999 99.999  0.318 99.999 99.999 99.999 99.999  99.999  99.999  99.999  99.999  0.014  0.014  0.014  0.027  0.037  0.073   19   16 99.999 99.999   99  21.874806328 -13.327640577  4  9 32.21 2009  7 18 2455030.67328947    70  Dark                  netuno0021.fits                                    Triton                2045  2050
  -0.051  -0.008  870.64  883.20 1.029    371.97    300.89 99.999 99.999 99.999 13.534 13.536 99.999 99.999 99.999  0.327 99.999 99.999 99.999 99.999  99.999  99.999  99.999  99.999  0.012  0.012  0.010  0.018  0.028  0.051   20   15 99.999 99.999   99  21.874805114 -13.327655702  4 11 15.60 2009  7 18 2455030.67448611    70  Dark                  netuno0022.fits                                    Triton                2045  2050
  -0.019  -0.001  871.37  882.76 1.705    186.39     96.03 99.999 99.999 99.999 13.565 13.535 99.999 99.999 99.999  0.320 99.999 99.999 99.999 99.999  99.999  99.999  99.999  99.999  0.048  0.048  0.009  0.015  0.038  0.062   26   19 99.999 99.999   99  21.874804274 -13.327663134  4 12 59.02 2009  7 18 2455030.67568310    70  Dark                  netuno0023.fits                                    Triton                2045  2050
  -0.070   0.015  870.56  882.04 1.178    279.34     37.21 99.999 99.999 99.999 13.522 13.574 99.999 99.999 99.999  0.363 99.999 99.999 99.999 99.999  99.999  99.999  99.999  99.999  0.022  0.022  0.012  0.022  0.035  0.065   22   15 99.999 99.999   99  21.874801891 -13.327668160  4 14 42.48 2009  7 18 2455030.67688056    70  Dark                  netuno0024.fits                                    Triton                2045  2050
  -0.044  -0.016  870.70  882.03 1.099    296.38     42.51 99.999 99.999 99.999 13.604 13.572 99.999 99.999 99.999  0.324 99.999 99.999 99.999 99.999  99.999  99.999  99.999  99.999  0.026  0.026  0.010  0.016  0.041  0.065   27   19 99.999 99.999   99  21.874800972 -13.327685770  4 16 25.94 2009  7 18 2455030.67807801    70  Dark                  netuno0025.fits                                    Triton                2045  2050
  -0.043  -0.027  876.00  881.82 1.096    324.17     35.91 99.999 99.999 99.999 13.517 13.521 99.999 99.999 99.999  0.321 99.999 99.999 99.999 99.999  99.999  99.999  99.999  99.999  0.017  0.017  0.008  0.014  0.032  0.055   25   20 99.999 99.999   99  21.874799573 -13.327697980  4 18  9.38 2009  7 18 2455030.67927523    70  Dark                  netuno0026.fits                                    Triton                2045  2050
  -0.051  -0.045  875.40  881.55 0.976    397.24     42.93 99.999 99.999 99.999 13.525 13.589 99.999 99.999 99.999  0.287 99.999 99.999 99.999 99.999  99.999  99.999  99.999  99.999  0.007  0.007  0.012  0.016  0.041  0.056   23   16 99.999 99.999   99  21.874798008 -13.327712560  4 19 52.86 2009  7 18 2455030.68047292    70  Dark                  netuno0027.fits                                    Triton                2045  2050
  -0.035  -0.019  882.09  881.32 1.141    311.68     31.88 99.999 99.999 99.999 13.506 13.526 99.999 99.999 99.999  0.329 99.999 99.999 99.999 99.999  99.999  99.999  99.999  99.999  0.012  0.012  0.013  0.016  0.040  0.048   21   16 99.999 99.999   99  21.874796862 -13.327714491  4 21 37.13 2009  7 18 2455030.68167975    70  Dark                  netuno0028.fits                                    Triton                2045  2050
  -0.042  -0.045  877.22  881.20 1.283    262.18     27.00 99.999 99.999 99.999 13.544 13.503 99.999 99.999 99.999  0.321 99.999 99.999 99.999 99.999  99.999  99.999  99.999  99.999  0.027  0.027  0.009  0.016  0.034  0.065   26   20 99.999 99.999   99  21.874795318 -13.327731056  4 23 20.49 2009  7 18 2455030.68287604    70  Dark                  netuno0029.fits                                    Triton                2045  2050
