  -0.092   0.003  509.21  528.72 2.356     44.51      8.56 99.999 99.999 99.999 13.282 13.188 99.999 99.999 99.999  0.324 99.999 99.999 99.999 99.999  99.999  99.999  99.999  99.999  0.022  0.022  0.017  0.018  0.062  0.065   22   15 99.999 99.999   99  20.963849877 -17.194468758  1 14 54.16 2003  7 26 2452846.55201574    10  Clear                 net0012.fits                                       Triton                1004  1024
  -0.095   0.094  509.50  529.89 1.738    333.23     18.60 99.999 99.999 99.999 13.126 12.936 99.999 99.999 99.999  0.214 99.999 99.999 99.999 99.999  99.999  99.999  99.999  99.999  0.025  0.025  0.016  0.014  0.066  0.057   29   21 99.999 99.999   99  20.963847249 -17.194457602  1 16 42.30 2003  7 26 2452846.55326736    10  Clear                 net0014.fits                                       Triton                1004  1024
  -0.090   0.070  503.50  526.30 1.660    366.69     26.07 99.999 99.999 99.999 13.151 12.915 99.999 99.999 99.999  0.192 99.999 99.999 99.999 99.999  99.999  99.999  99.999  99.999  0.023  0.023  0.017  0.016  0.072  0.066   25   20 99.999 99.999   99  20.963845566 -17.194473589  1 17 56.59 2003  7 26 2452846.55412720    10  Clear                 net0015.fits                                       Triton                1004  1024
  -0.071   0.011  503.67  529.53 1.616    410.17     17.31 99.999 99.999 99.999 13.181 12.993 99.999 99.999 99.999  0.191 99.999 99.999 99.999 99.999  99.999  99.999  99.999  99.999  0.021  0.021  0.016  0.014  0.071  0.062   27   22 99.999 99.999   99  20.963844626 -17.194496821  1 18 51.23 2003  7 26 2452846.55475961    10  Clear                 net0016.fits                                       Triton                1004  1024
  -0.147   0.022  503.38  531.61 1.696    344.64     22.73 99.999 99.999 99.999 13.177 12.977 99.999 99.999 99.999  0.163 99.999 99.999 99.999 99.999  99.999  99.999  99.999  99.999  0.026  0.026  0.014  0.015  0.061  0.065   27   21 99.999 99.999   99  20.963841876 -17.194500884  1 19 44.99 2003  7 26 2452846.55538183    10  Clear                 net0017.fits                                       Triton                1004  1024
  -0.123  -0.033  496.17  534.12 1.478    416.60     40.54 99.999 99.999 99.999 13.186 12.967 99.999 99.999 99.999  0.191 99.999 99.999 99.999 99.999  99.999  99.999  99.999  99.999  0.028  0.028  0.016  0.013  0.060  0.046   23   17 99.999 99.999   99  20.963840619 -17.194525180  1 20 57.44 2003  7 26 2452846.55622037    10  Clear                 net0018.fits                                       Triton                1004  1024
  -0.126   0.044  496.26  531.83 1.869    219.44     19.53 99.999 99.999 99.999 13.213 13.114 99.999 99.999 99.999  0.167 99.999 99.999 99.999 99.999  99.999  99.999  99.999  99.999  0.023  0.023  0.016  0.015  0.066  0.064   25   19 99.999 99.999   99  20.963839253 -17.194510959  1 21 51.99 2003  7 26 2452846.55685174    10  Clear                 net0019.fits                                       Triton                1004  1024
  -0.112  -0.009  496.29  534.38 1.689    355.73     16.56 99.999 99.999 99.999 13.146 12.939 99.999 99.999 99.999  0.181 99.999 99.999 99.999 99.999  99.999  99.999  99.999  99.999  0.021  0.021  0.015  0.010  0.063  0.042   25   20 99.999 99.999   99  20.963838222 -17.194532403  1 22 46.56 2003  7 26 2452846.55748333    10  Clear                 net0020.fits                                       Triton                1004  1024
  -0.087   0.031  506.12  463.73 1.614    336.01     24.50 99.999 99.999 99.999 13.291 13.149 99.999 99.999 99.999  0.192 99.999 99.999 99.999 99.999  99.999  99.999  99.999  99.999  0.020  0.020  0.016  0.016  0.064  0.062   26   20 99.999 99.999   99  20.963584872 -17.195840257  4 18 23.09 2003  7 26 2452846.67943391     8  Clear                 net0031.fits                                       Triton                1004  1024
  -0.098   0.048  505.44  465.73 1.146    387.35     82.49 99.999 99.999 99.999 13.330 13.108 99.999 99.999 99.999  0.173 99.999 99.999 99.999 99.999  99.999  99.999  99.999  99.999  0.019  0.020  0.014  0.012  0.061  0.053   25   21 99.999 99.999   99  20.963583374 -17.195841888  4 19 14.67 2003  7 26 2452846.68003090     8  Clear                 net0032.fits                                       Triton                1004  1024
  -0.076   0.070  505.69  467.45 1.259    497.55     36.41 99.999 99.999 99.999 13.280 13.102 99.999 99.999 99.999  0.193 99.999 99.999 99.999 99.999  99.999  99.999  99.999  99.999  0.008  0.008  0.015  0.013  0.059  0.048   24   18 99.999 99.999   99  20.963582551 -17.195842145  4 20  7.16 2003  7 26 2452846.68063843     8  Clear                 net0033.fits                                       Triton                1004  1024
  -0.056  -0.045  505.81  471.86 1.427    385.96     33.31 99.999 99.999 99.999 13.294 13.181 99.999 99.999 99.999  0.153 99.999 99.999 99.999 99.999  99.999  99.999  99.999  99.999  0.024  0.024  0.016  0.010  0.057  0.038   26   20 99.999 99.999   99  20.963579794 -17.195890059  4 22 15.46 2003  7 26 2452846.68212338     8  Clear                 net0035.fits                                       Triton                1004  1024
  -0.099   0.059  505.12  472.74 1.271    475.41     40.39 99.999 99.999 99.999 13.231 13.004 99.999 99.999 99.999  0.145 99.999 99.999 99.999 99.999  99.999  99.999  99.999  99.999  0.010  0.010  0.016  0.013  0.057  0.045   24   18 99.999 99.999   99  20.963577717 -17.195867443  4 23  7.90 2003  7 26 2452846.68273032     8  Clear                 net0036.fits                                       Triton                1004  1024
  -0.082   0.010  505.80  479.11 1.328    521.66     52.86 99.999 99.999 99.999 13.251 13.107 99.999 99.999 99.999  0.187 99.999 99.999 99.999 99.999  99.999  99.999  99.999  99.999  0.009  0.009  0.018  0.011  0.060  0.036   22   16 99.999 99.999   99  20.963571852 -17.195912138  4 27 22.86 2003  7 26 2452846.68568125    10  Clear                 net0038.fits                                       Triton                1004  1024
  -0.068   0.014  505.40  479.55 1.332    561.23     42.47 99.999 99.999 99.999 13.243 13.030 99.999 99.999 99.999  0.175 99.999 99.999 99.999 99.999  99.999  99.999  99.999  99.999  0.016  0.016  0.020  0.013  0.070  0.045   19   16 99.999 99.999   99  20.963570815 -17.195917880  4 28 16.57 2003  7 26 2452846.68630289    10  Clear                 net0039.fits                                       Triton                1004  1024
  -0.051   0.031  505.36  475.85 1.488    357.82     46.52 99.999 99.999 99.999 13.253 13.132 99.999 99.999 99.999  0.192 99.999 99.999 99.999 99.999  99.999  99.999  99.999  99.999  0.014  0.014  0.017  0.012  0.061  0.041   27   19 99.999 99.999   99  20.963569818 -17.195919713  4 29 11.04 2003  7 26 2452846.68693333    10  Clear                 net0040.fits                                       Triton                1004  1024
  -0.148   0.029  505.58  476.65 1.719     30.75      7.64 99.999 99.999 99.999 13.314 13.225 99.999 99.999 99.999  0.215 99.999 99.999 99.999 99.999  99.999  99.999  99.999  99.999  0.037  0.037  0.024  0.017  0.072  0.051   17   12 99.999 99.999   99  20.963565625 -17.195931764  4 30 45.53 2003  7 26 2452846.68802697     1  Clear                 net0041.fits                                       Triton                1004  1024
  -0.073   0.041  504.89  480.25 1.303     45.25     12.21 99.999 99.999 99.999 13.393 13.381 99.999 99.999 99.999  0.192 99.999 99.999 99.999 99.999  99.999  99.999  99.999  99.999  0.028  0.028  0.020  0.012  0.066  0.040   18   13 99.999 99.999   99  20.963560814 -17.195960100  4 35  4.84 2003  7 26 2452846.69102824     1  Clear                 net0046.fits                                       Triton                1004  1024
  -0.071  -0.028  505.06  485.99 1.553     50.69      5.58 99.999 99.999 99.999 13.428 13.289 99.999 99.999 99.999  0.160 99.999 99.999 99.999 99.999  99.999  99.999  99.999  99.999  0.043  0.043  0.020  0.019  0.071  0.069   16   14 99.999 99.999   99  20.963558313 -17.195992042  4 36 48.95 2003  7 26 2452846.69223322     1  Clear                 net0048.fits                                       Triton                1004  1024
