   0.197  -0.140 1181.32 1038.64 1.635    150.97    382.22 99.999 99.999 99.999 13.528 13.575 99.999 99.999 99.999  0.138 99.999 99.999 99.999 99.999  99.999  99.999  99.999  99.999  0.015  0.015  0.022  0.016  0.066  0.050   20   14 99.999 99.999   99  21.477176164 -15.189437213  3  7 27.45 2007  9 17 2454360.63017882     1  clear                 netuno0005.fits                                    Triton                2045  2050
   0.081  -0.248 1179.41 1038.92 1.289    210.53    435.75 99.999 99.999 99.999 13.397 13.394 99.999 99.999 99.999  0.113 99.999 99.999 99.999 99.999  99.999  99.999  99.999  99.999  0.004  0.004  0.015  0.012  0.060  0.048   23   18 99.999 99.999   99  21.477172185 -15.189477067  3  9 45.19 2007  9 17 2454360.63177303     1  clear                 netuno0009.fits                                    Triton                2045  2050
   0.071  -0.123 1179.30 1037.19 1.640    159.66    345.77 99.999 99.999 99.999 13.454 13.471 99.999 99.999 99.999  0.082 99.999 99.999 99.999 99.999  99.999  99.999  99.999  99.999  0.013  0.013  0.013  0.012  0.046  0.042   19   14 99.999 99.999   99  21.477171117 -15.189446876  3 10 53.24 2007  9 17 2454360.63256065     1  clear                 netuno0011.fits                                    Triton                2045  2050
  -0.139  -0.025 1183.18 1037.07 1.402    202.75    376.59 99.999 99.999 99.999 13.568 13.587 99.999 99.999 99.999  0.138 99.999 99.999 99.999 99.999  99.999  99.999  99.999  99.999  0.019  0.019  0.015  0.010  0.064  0.043   24   20 99.999 99.999   99  21.477166634 -15.189422146  3 11 27.90 2007  9 17 2454360.63296181     1  clear                 netuno0012.fits                                    Triton                2045  2050
  -0.014   0.114 1182.74 1036.23 2.087    115.31    431.86 99.999 99.999 99.999 13.516 13.500 99.999 99.999 99.999  0.129 99.999 99.999 99.999 99.999  99.999  99.999  99.999  99.999  0.018  0.018  0.017  0.018  0.061  0.064   21   14 99.999 99.999   99  21.477168175 -15.189388509  3 12 36.89 2007  9 17 2454360.63376030     1  clear                 netuno0014.fits                                    Triton                2045  2050
   0.160  -0.238 1180.44 1038.70 2.017    102.82    398.74 99.999 99.999 99.999 13.499 13.665 99.999 99.999 99.999  0.129 99.999 99.999 99.999 99.999  99.999  99.999  99.999  99.999  0.013  0.013  0.016  0.015  0.050  0.049   17   11 99.999 99.999   99  21.477171064 -15.189488905  3 13 11.31 2007  9 17 2454360.63415868     1  clear                 netuno0015.fits                                    Triton                2045  2050
   0.143  -0.094 1181.19 1035.82 1.458    189.52    368.83 99.999 99.999 99.999 13.452 13.530 99.999 99.999 99.999  0.116 99.999 99.999 99.999 99.999  99.999  99.999  99.999  99.999  0.010  0.010  0.020  0.020  0.074  0.072   23   14 99.999 99.999   99  21.477169442 -15.189455992  3 14 53.80 2007  9 17 2454360.63534491     1  clear                 netuno0018.fits                                    Triton                2045  2050
   0.165  -0.112 1185.96 1034.88 1.400    194.57    421.00 99.999 99.999 99.999 13.502 13.568 99.999 99.999 99.999  0.122 99.999 99.999 99.999 99.999  99.999  99.999  99.999  99.999  0.010  0.010  0.015  0.016  0.059  0.064   25   18 99.999 99.999   99  21.477169408 -15.189463597  3 15 28.30 2007  9 17 2454360.63574421     1  clear                 netuno0019.fits                                    Triton                2045  2050
   0.386  -0.258 1186.01 1035.66 1.426    188.95    359.77 99.999 99.999 99.999 13.453 13.577 99.999 99.999 99.999  0.091 99.999 99.999 99.999 99.999  99.999  99.999  99.999  99.999  0.012  0.012  0.022  0.024  0.076  0.084   18   12 99.999 99.999   99  21.477173208 -15.189506408  3 16  2.78 2007  9 17 2454360.63614329     1  clear                 netuno0020.fits                                    Triton                2045  2050
  -0.164  -0.015 1185.05 1034.66 1.988    118.79    403.25 99.999 99.999 99.999 13.464 13.472 99.999 99.999 99.999  0.112 99.999 99.999 99.999 99.999  99.999  99.999  99.999  99.999  0.016  0.016  0.019  0.014  0.072  0.054   23   15 99.999 99.999   99  21.477162219 -15.189441468  3 16 37.27 2007  9 17 2454360.63654248     1  clear                 netuno0021.fits                                    Triton                2045  2050
  -0.168  -0.030 1186.25 1034.13 1.794    142.79    398.48 99.999 99.999 99.999 13.436 13.470 99.999 99.999 99.999  0.123 99.999 99.999 99.999 99.999  99.999  99.999  99.999  99.999  0.012  0.012  0.018  0.020  0.064  0.073   21   14 99.999 99.999   99  21.477161697 -15.189448174  3 17 11.69 2007  9 17 2454360.63694086     1  clear                 netuno0022.fits                                    Triton                2045  2050
   0.156  -0.180 1185.56 1034.16 2.038    121.65    444.03 99.999 99.999 99.999 13.627 13.626 99.999 99.999 99.999  0.131 99.999 99.999 99.999 99.999  99.999  99.999  99.999  99.999  0.014  0.014  0.020  0.020  0.073  0.075   24   15 99.999 99.999   99  21.477167472 -15.189492310  3 17 46.20 2007  9 17 2454360.63734028     1  clear                 netuno0023.fits                                    Triton                2045  2050
   0.165  -0.167 1184.09 1034.10 1.250    229.08    416.60 99.999 99.999 99.999 13.462 13.522 99.999 99.999 99.999  0.118 99.999 99.999 99.999 99.999  99.999  99.999  99.999  99.999  0.011  0.011  0.015  0.011  0.047  0.034   23   12 99.999 99.999   99  21.477166786 -15.189493305  3 18 54.31 2007  9 17 2454360.63812859     1  clear                 netuno0025.fits                                    Triton                2045  2050
   0.182  -0.162 1182.17 1032.96 1.610    165.60    350.52 99.999 99.999 99.999 13.413 13.423 99.999 99.999 99.999  0.104 99.999 99.999 99.999 99.999  99.999  99.999  99.999  99.999  0.011  0.011  0.020  0.017  0.069  0.061   24   15 99.999 99.999   99  21.477164911 -15.189504430  3 21 45.73 2007  9 17 2454360.64011262     1  clear                 netuno0030.fits                                    Triton                2045  2050
   0.068  -0.111 1184.71 1031.56 1.520    168.63    463.39 99.999 99.999 99.999 13.494 13.521 99.999 99.999 99.999  0.118 99.999 99.999 99.999 99.999  99.999  99.999  99.999  99.999  0.022  0.022  0.014  0.014  0.062  0.060   24   20 99.999 99.999   99  21.477160966 -15.189499880  3 24  2.14 2007  9 17 2454360.64169144     1  clear                 netuno0034.fits                                    Triton                2045  2050
  -0.100   0.059 1183.88 1028.71 1.623    179.86    381.97 99.999 99.999 99.999 13.523 13.521 99.999 99.999 99.999  0.107 99.999 99.999 99.999 99.999  99.999  99.999  99.999  99.999  0.015  0.015  0.019  0.018  0.071  0.066   24   18 99.999 99.999   99  21.477155116 -15.189467550  3 27 29.29 2007  9 17 2454360.64408900     1  clear                 netuno0040.fits                                    Triton                2045  2050
  -0.099  -0.020 1184.83 1029.57 1.455    194.74    368.41 99.999 99.999 99.999 13.491 13.504 99.999 99.999 99.999  0.131 99.999 99.999 99.999 99.999  99.999  99.999  99.999  99.999  0.012  0.012  0.014  0.011  0.058  0.047   22   20 99.999 99.999   99  21.477154681 -15.189492006  3 28  3.80 2007  9 17 2454360.64448843     1  clear                 netuno0041.fits                                    Triton                2045  2050
   0.069  -0.172 1182.12 1029.90 1.617    185.13    356.90 99.999 99.999 99.999 13.530 13.528 99.999 99.999 99.999  0.096 99.999 99.999 99.999 99.999  99.999  99.999  99.999  99.999  0.015  0.015  0.018  0.014  0.070  0.055   24   19 99.999 99.999   99  21.477157050 -15.189539249  3 29 12.91 2007  9 17 2454360.64528831     1  clear                 netuno0043.fits                                    Triton                2045  2050
   0.038  -0.186 1185.96 1028.44 1.364    210.98    418.73 99.999 99.999 99.999 13.414 13.414 99.999 99.999 99.999  0.109 99.999 99.999 99.999 99.999  99.999  99.999  99.999  99.999  0.018  0.018  0.012  0.010  0.052  0.043   23   19 99.999 99.999   99  21.477154683 -15.189552796  3 31 30.82 2007  9 17 2454360.64688449     1  clear                 netuno0047.fits                                    Triton                2045  2050
   0.006  -0.151 1187.16 1027.89 1.233    244.31    412.08 99.999 99.999 99.999 13.455 13.461 99.999 99.999 99.999  0.111 99.999 99.999 99.999 99.999  99.999  99.999  99.999  99.999  0.012  0.012  0.013  0.014  0.055  0.061   25   19 99.999 99.999   99  21.477153609 -15.189545459  3 32  5.31 2007  9 17 2454360.64728368     1  clear                 netuno0048.fits                                    Triton                2045  2050
   0.029   0.048 1193.33 1024.16 1.408    212.65    944.04 99.999 99.999 99.999 13.423 13.274 99.999 99.999 99.999  0.146 99.999 99.999 99.999 99.999  99.999  99.999  99.999  99.999  0.015  0.015  0.013  0.013  0.059  0.061   33   24 99.999 99.999   99  21.477146994 -15.189529950  3 41 18.24 2007  9 17 2454360.65368333     1  clear                 netuno0064.fits                                    Triton                2045  2050
