   0.086   0.125  991.92 1184.38 2.671     25.39     14.33 99.999 99.999 99.999 13.672 13.699 99.999 99.999 99.999  0.246 99.999 99.999 99.999 99.999  99.999  99.999  99.999  99.999  0.024  0.024  0.050  0.030  0.089  0.053    8    7 99.999 99.999   99  22.174931484 -11.939938201  0 34 28.97 2012 10 19 2456219.52394646     4    U                   Netuno_00.34.36_0035.fits                          Triton                2048  2048
  -0.450   0.390  995.49 1181.47 3.622     60.32     16.88 99.999 99.999 99.999 13.536 13.527 99.999 99.999 99.999  0.218 99.999 99.999 99.999 99.999  99.999  99.999  99.999  99.999  0.036  0.036  0.053  0.035  0.096  0.062    9    7 99.999 99.999   99  22.174920946 -11.939868266  0 35  4.74 2012 10 19 2456219.52436042     4    U                   Netuno_00.35.11_0039.fits                          Triton                2048  2048
  -0.251  -0.276  992.86 1182.64 2.942     60.56     15.97 99.999 99.999 99.999 13.597 13.629 99.999 99.999 99.999  0.247 99.999 99.999 99.999 99.999  99.999  99.999  99.999  99.999  0.039  0.039  0.018  0.022  0.047  0.056   11    8 99.999 99.999   99  22.174924606 -11.940054046  0 35 13.68 2012 10 19 2456219.52446385     4    U                   Netuno_00.35.20_0040.fits                          Triton                2048  2048
   0.043  -0.332  991.05 1180.47 3.317     71.45     17.89 99.999 99.999 99.999 13.407 13.445 99.999 99.999 99.999  0.196 99.999 99.999 99.999 99.999  99.999  99.999  99.999  99.999  0.027  0.027  0.029  0.033  0.065  0.072   11    6 99.999 99.999   99  22.174930058 -11.940070577  0 35 22.61 2012 10 19 2456219.52456730     4    U                   Netuno_00.35.29_0041.fits                          Triton                2048  2048
  -0.253  -0.011  991.73 1181.33 3.371     83.43     17.66 99.999 99.999 99.999 13.542 13.453 99.999 99.999 99.999  0.187 99.999 99.999 99.999 99.999  99.999  99.999  99.999  99.999  0.030  0.030  0.019  0.029  0.048  0.072   13    7 99.999 99.999   99  22.174924381 -11.939982167  0 35 31.54 2012 10 19 2456219.52467057     4    U                   Netuno_00.35.38_0042.fits                          Triton                2048  2048
  -0.361   0.008  990.82 1182.24 3.340     99.99     16.32 99.999 99.999 99.999 13.560 13.591 99.999 99.999 99.999  0.165 99.999 99.999 99.999 99.999  99.999  99.999  99.999  99.999  0.002  0.002  0.037  0.057  0.060  0.093   12    6 99.999 99.999   99  22.174922221 -11.939977833  0 35 40.47 2012 10 19 2456219.52477402     4    U                   Netuno_00.35.47_0043.fits                          Triton                2048  2048
  -0.377   0.069  991.93 1181.62 2.939    120.25     18.04 99.999 99.999 99.999 13.528 13.545 99.999 99.999 99.999  0.129 99.999 99.999 99.999 99.999  99.999  99.999  99.999  99.999  0.001  0.001  0.021  0.032  0.059  0.091   16    9 99.999 99.999   99  22.174921803 -11.939961712  0 35 49.41 2012 10 19 2456219.52487745     4    U                   Netuno_00.35.56_0044.fits                          Triton                2048  2048
  -0.097  -0.117  992.23 1180.53 2.877    122.71     18.17 99.999 99.999 99.999 13.502 13.543 99.999 99.999 99.999  0.174 99.999 99.999 99.999 99.999  99.999  99.999  99.999  99.999  0.013  0.013  0.026  0.023  0.080  0.072   17   10 99.999 99.999   99  22.174927024 -11.940014254  0 35 58.33 2012 10 19 2456219.52498072     4    U                   Netuno_00.36.05_0045.fits                          Triton                2048  2048
  -0.198  -0.042  991.12 1181.09 3.400     98.77     16.50 99.999 99.999 99.999 13.445 13.444 99.999 99.999 99.999  0.182 99.999 99.999 99.999 99.999  99.999  99.999  99.999  99.999  0.033  0.033  0.025  0.025  0.071  0.069   13    9 99.999 99.999   99  22.174925006 -11.939994198  0 36  7.27 2012 10 19 2456219.52508417     4    U                   Netuno_00.36.14_0046.fits                          Triton                2048  2048
  -0.072  -0.100  992.21 1181.37 3.378     93.10     17.21 99.999 99.999 99.999 13.519 13.556 99.999 99.999 99.999  0.096 99.999 99.999 99.999 99.999  99.999  99.999  99.999  99.999  0.027  0.027  0.015  0.032  0.042  0.089   11    9 99.999 99.999   99  22.174927272 -11.940011343  0 36 16.15 2012 10 19 2456219.52518689     4    U                   Netuno_00.36.23_0047.fits                          Triton                2048  2048
   0.085  -0.374  991.81 1182.92 3.436     86.65     18.61 99.999 99.999 99.999 13.559 13.545 99.999 99.999 99.999  0.153 99.999 99.999 99.999 99.999  99.999  99.999  99.999  99.999  0.026  0.026  0.028  0.020  0.077  0.057   15   10 99.999 99.999   99  22.174930157 -11.940088327  0 36 25.04 2012 10 19 2456219.52528979     4    U                   Netuno_00.36.32_0048.fits                          Triton                2048  2048
  -0.096   0.052  992.16 1185.19 2.903    109.80     21.37 99.999 99.999 99.999 13.464 13.525 99.999 99.999 99.999  0.198 99.999 99.999 99.999 99.999  99.999  99.999  99.999  99.999  0.008  0.008  0.014  0.019  0.036  0.051   14    8 99.999 99.999   99  22.174926619 -11.939970832  0 36 33.93 2012 10 19 2456219.52539269     4    U                   Netuno_00.36.40_0049.fits                          Triton                2048  2048
   0.172  -0.395  992.25 1184.95 3.052    115.23     17.64 99.999 99.999 99.999 13.463 13.478 99.999 99.999 99.999  0.127 99.999 99.999 99.999 99.999  99.999  99.999  99.999  99.999  0.026  0.026  0.021  0.025  0.063  0.073   14    9 99.999 99.999   99  22.174931591 -11.940095840  0 36 42.80 2012 10 19 2456219.52549542     4    U                   Netuno_00.36.49_0050.fits                          Triton                2048  2048
   0.066  -0.525  992.07 1185.25 3.036    111.31     17.96 99.999 99.999 99.999 13.445 13.488 99.999 99.999 99.999  0.117 99.999 99.999 99.999 99.999  99.999  99.999  99.999  99.999  0.022  0.022  0.016  0.021  0.037  0.048   15    6 99.999 99.999   99  22.174929392 -11.940133727  0 37  0.59 2012 10 19 2456219.52570122     4    U                   Netuno_00.37.07_0052.fits                          Triton                2048  2048
   0.151  -0.280  991.37 1186.11 2.972    109.21     20.00 99.999 99.999 99.999 13.439 13.512 99.999 99.999 99.999  0.139 99.999 99.999 99.999 99.999  99.999  99.999  99.999  99.999  0.028  0.028  0.032  0.026  0.074  0.061   12    7 99.999 99.999   99  22.174930889 -11.940066441  0 37  9.46 2012 10 19 2456219.52580394     4    U                   Netuno_00.37.16_0053.fits                          Triton                2048  2048
   0.034  -0.271  991.96 1186.85 2.675    152.67     15.99 99.999 99.999 99.999 13.414 13.384 99.999 99.999 99.999  0.146 99.999 99.999 99.999 99.999  99.999  99.999  99.999  99.999  0.021  0.021  0.023  0.028  0.074  0.089   16   11 99.999 99.999   99  22.174928591 -11.940064830  0 37 18.35 2012 10 19 2456219.52590684     4    U                   Netuno_00.37.25_0054.fits                          Triton                2048  2048
  -0.140  -0.107  991.99 1185.55 2.906    118.82     18.62 99.999 99.999 99.999 13.483 13.564 99.999 99.999 99.999  0.138 99.999 99.999 99.999 99.999  99.999  99.999  99.999  99.999  0.019  0.019  0.026  0.031  0.066  0.080   15    7 99.999 99.999   99  22.174924982 -11.940021935  0 37 44.98 2012 10 19 2456219.52621500     4    U                   Netuno_00.37.52_0057.fits                          Triton                2048  2048
   0.006  -0.227  992.67 1184.54 3.358    111.34     12.50 99.999 99.999 99.999 13.514 13.583 99.999 99.999 99.999  0.157 99.999 99.999 99.999 99.999  99.999  99.999  99.999  99.999  0.023  0.023  0.023  0.029  0.069  0.087   15    9 99.999 99.999   99  22.174927641 -11.940056083  0 37 53.85 2012 10 19 2456219.52631772     4    U                   Netuno_00.38.00_0058.fits                          Triton                2048  2048
  -0.066  -0.038  993.75 1183.49 4.292     78.39     10.98 99.999 99.999 99.999 13.607 13.622 99.999 99.999 99.999  0.218 99.999 99.999 99.999 99.999  99.999  99.999  99.999  99.999  0.032  0.032  0.018  0.020  0.049  0.055   12    8 99.999 99.999   99  22.174926201 -11.940004334  0 38  2.74 2012 10 19 2456219.52642062     4    U                   Netuno_00.38.09_0059.fits                          Triton                2048  2048
   0.004  -0.239  993.04 1181.16 2.745    143.20     15.64 99.999 99.999 99.999 13.450 13.389 99.999 99.999 99.999  0.140 99.999 99.999 99.999 99.999  99.999  99.999  99.999  99.999  0.025  0.025  0.020  0.012  0.048  0.028   17    6 99.999 99.999   99  22.174927108 -11.940063668  0 38 38.29 2012 10 19 2456219.52683205     4    U                   Netuno_00.38.45_0063.fits                          Triton                2048  2048
   0.143   0.011  993.92 1180.07 2.976    118.22     17.86 99.999 99.999 99.999 13.459 13.483 99.999 99.999 99.999  0.128 99.999 99.999 99.999 99.999  99.999  99.999  99.999  99.999  0.001  0.001  0.021  0.016  0.068  0.050   15   11 99.999 99.999   99  22.174929541 -11.939996208  0 38 56.05 2012 10 19 2456219.52703767     4    U                   Netuno_00.39.03_0065.fits                          Triton                2048  2048
  -0.049   0.128  992.50 1180.90 2.355    189.00     17.01 99.999 99.999 99.999 13.421 13.481 99.999 99.999 99.999  0.166 99.999 99.999 99.999 99.999  99.999  99.999  99.999  99.999  0.002  0.002  0.017  0.022  0.057  0.073   16   12 99.999 99.999   99  22.174925483 -11.939966834  0 39 31.60 2012 10 19 2456219.52744910     4    U                   Netuno_00.39.38_0069.fits                          Triton                2048  2048
  -0.131  -0.093  993.48 1182.14 3.092    114.01     15.29 99.999 99.999 99.999 13.492 13.523 99.999 99.999 99.999  0.170 99.999 99.999 99.999 99.999  99.999  99.999  99.999  99.999  0.024  0.024  0.027  0.021  0.080  0.063   16   10 99.999 99.999   99  22.174923635 -11.940030875  0 39 58.23 2012 10 19 2456219.52775727     4    U                   Netuno_00.40.05_0072.fits                          Triton                2048  2048
   0.019  -0.432  992.37 1182.07 3.245     96.42     17.29 99.999 99.999 99.999 13.533 13.568 99.999 99.999 99.999  0.150 99.999 99.999 99.999 99.999  99.999  99.999  99.999  99.999  0.025  0.025  0.023  0.028  0.058  0.071   13    8 99.999 99.999   99  22.174926392 -11.940125744  0 40  7.10 2012 10 19 2456219.52785999     4    U                   Netuno_00.40.14_0073.fits                          Triton                2048  2048
   0.073  -0.222 1071.01 1252.76 2.303    110.83     16.79 99.999 99.999 99.999 13.371 13.449 99.999 99.999 99.999  0.143 99.999 99.999 99.999 99.999  99.999  99.999  99.999  99.999  0.025  0.025  0.033  0.033  0.083  0.084   11    7 99.999 99.999   99  22.174857574 -11.940655444  2 21 44.90 2012 10 19 2456219.59843631     4    U                   Netuno_02.21.52_0077.fits                          Triton                2048  2048
   0.101  -0.273 1071.45 1249.32 2.319    103.38     18.57 99.999 99.999 99.999 13.478 13.535 99.999 99.999 99.999  0.105 99.999 99.999 99.999 99.999  99.999  99.999  99.999  99.999  0.025  0.025  0.021  0.028  0.064  0.084   13   10 99.999 99.999   99  22.174857797 -11.940672544  2 22 11.73 2012 10 19 2456219.59874683     4    U                   Netuno_02.22.18_0080.fits                          Triton                2048  2048
  -0.082  -0.185 1071.63 1250.04 2.447    102.02     18.39 99.999 99.999 99.999 13.443 13.524 99.999 99.999 99.999  0.134 99.999 99.999 99.999 99.999  99.999  99.999  99.999  99.999  0.029  0.029  0.040  0.044  0.086  0.095   10    5 99.999 99.999   99  22.174854231 -11.940648955  2 22 20.66 2012 10 19 2456219.59885027     4    U                   Netuno_02.22.27_0081.fits                          Triton                2048  2048
  -0.070   0.027 1071.74 1250.21 2.348    132.71     13.93 99.999 99.999 99.999 13.494 13.594 99.999 99.999 99.999  0.094 99.999 99.999 99.999 99.999  99.999  99.999  99.999  99.999  0.019  0.019  0.023  0.019  0.073  0.060   13   11 99.999 99.999   99  22.174854363 -11.940590822  2 22 29.60 2012 10 19 2456219.59895372     4    U                   Netuno_02.22.36_0082.fits                          Triton                2048  2048
  -0.038  -0.235 1071.71 1247.85 2.655    101.56     16.04 99.999 99.999 99.999 13.478 13.534 99.999 99.999 99.999  0.115 99.999 99.999 99.999 99.999  99.999  99.999  99.999  99.999  0.022  0.022  0.020  0.020  0.057  0.057   13    9 99.999 99.999   99  22.174854678 -11.940666145  2 22 56.40 2012 10 19 2456219.59926387     4    U                   Netuno_02.23.03_0085.fits                          Triton                2048  2048
   0.121  -0.182 1071.41 1248.52 2.591    108.10     15.75 99.999 99.999 99.999 13.422 13.495 99.999 99.999 99.999  0.101 99.999 99.999 99.999 99.999  99.999  99.999  99.999  99.999  0.023  0.023  0.018  0.025  0.049  0.069   12    8 99.999 99.999   99  22.174857464 -11.940653089  2 23 14.29 2012 10 19 2456219.59947094     4    U                   Netuno_02.23.21_0087.fits                          Triton                2048  2048
   0.165  -0.242 1071.54 1247.96 2.281    117.98     22.15 99.999 99.999 99.999 13.472 13.542 99.999 99.999 99.999  0.148 99.999 99.999 99.999 99.999  99.999  99.999  99.999  99.999  0.016  0.016  0.023  0.021  0.058  0.055   12    7 99.999 99.999   99  22.174857980 -11.940672302  2 23 41.13 2012 10 19 2456219.59978163     4    U                   Netuno_02.23.48_0090.fits                          Triton                2048  2048
  -0.202   0.130 1072.90 1250.32 2.266    131.66     21.02 99.999 99.999 99.999 13.543 13.514 99.999 99.999 99.999  0.236 99.999 99.999 99.999 99.999  99.999  99.999  99.999  99.999  0.017  0.017  0.033  0.028  0.092  0.077   13    8 99.999 99.999   99  22.174850927 -11.940569596  2 23 50.07 2012 10 19 2456219.59988508     4    U                   Netuno_02.23.57_0091.fits                          Triton                2048  2048
   0.152  -0.198 1073.29 1253.49 2.261    137.38     19.42 99.999 99.999 99.999 13.442 13.517 99.999 99.999 99.999  0.109 99.999 99.999 99.999 99.999  99.999  99.999  99.999  99.999  0.022  0.022  0.025  0.028  0.071  0.080   11   10 99.999 99.999   99  22.174857330 -11.940663657  2 24 17.04 2012 10 19 2456219.60019722     4    U                   Netuno_02.24.24_0094.fits                          Triton                2048  2048
  -0.073  -0.004 1072.60 1255.70 2.692    102.19     15.49 99.999 99.999 99.999 13.407 13.501 99.999 99.999 99.999  0.089 99.999 99.999 99.999 99.999  99.999  99.999  99.999  99.999  0.026  0.026  0.021  0.026  0.058  0.072   10    8 99.999 99.999   99  22.174852973 -11.940610528  2 24 25.92 2012 10 19 2456219.60029994     4    U                   Netuno_02.24.32_0095.fits                          Triton                2048  2048
   0.089  -0.253 1072.68 1255.31 2.290    122.65     20.48 99.999 99.999 99.999 13.465 13.522 99.999 99.999 99.999  0.121 99.999 99.999 99.999 99.999  99.999  99.999  99.999  99.999  0.006  0.006  0.022  0.041  0.047  0.085   13    7 99.999 99.999   99  22.174855629 -11.940683074  2 25  1.49 2012 10 19 2456219.60071172     4    U                   Netuno_02.25.08_0099.fits                          Triton                2048  2048
   0.039   0.123 1073.11 1253.04 3.264     89.10     11.16 99.999 99.999 99.999 13.390 13.459 99.999 99.999 99.999  0.172 99.999 99.999 99.999 99.999  99.999  99.999  99.999  99.999  0.028  0.028  0.024  0.018  0.071  0.052   11    9 99.999 99.999   99  22.174854271 -11.940581843  2 25 37.04 2012 10 19 2456219.60112316     4    U                   Netuno_02.25.44_0103.fits                          Triton                2048  2048
   0.150  -0.052 1074.47 1250.16 2.656    115.63     14.82 99.999 99.999 99.999 13.481 13.512 99.999 99.999 99.999  0.116 99.999 99.999 99.999 99.999  99.999  99.999  99.999  99.999  0.007  0.007  0.029  0.035  0.072  0.086   12    8 99.999 99.999   99  22.174855765 -11.940635893  2 26 30.39 2012 10 19 2456219.60174057     4    U                   Netuno_02.26.37_0109.fits                          Triton                2048  2048
   0.135   0.073 1074.56 1248.32 2.399    130.90     17.31 99.999 99.999 99.999 13.475 13.443 99.999 99.999 99.999  0.180 99.999 99.999 99.999 99.999  99.999  99.999  99.999  99.999  0.020  0.020  0.030  0.030  0.076  0.077   14    8 99.999 99.999   99  22.174855358 -11.940601815  2 26 39.32 2012 10 19 2456219.60184402     4    U                   Netuno_02.26.46_0110.fits                          Triton                2048  2048
   0.133  -0.160 1073.42 1250.22 2.275    129.83     19.71 99.999 99.999 99.999 13.447 13.486 99.999 99.999 99.999  0.128 99.999 99.999 99.999 99.999  99.999  99.999  99.999  99.999  0.019  0.019  0.017  0.020  0.052  0.061   14   10 99.999 99.999   99  22.174855130 -11.940668421  2 26 57.21 2012 10 19 2456219.60205109     4    U                   Netuno_02.27.04_0112.fits                          Triton                2048  2048
  -0.041   0.147 1075.73 1251.93 2.753    111.72     13.94 99.999 99.999 99.999 13.461 13.433 99.999 99.999 99.999  0.227 99.999 99.999 99.999 99.999  99.999  99.999  99.999  99.999  0.025  0.025  0.021  0.024  0.058  0.066   13    8 99.999 99.999   99  22.174851331 -11.940587087  2 27 41.90 2012 10 19 2456219.60256831     4    U                   Netuno_02.27.49_0117.fits                          Triton                2048  2048
   0.179  -0.260 1075.52 1258.07 3.056     81.83     11.85 99.999 99.999 99.999 13.458 13.541 99.999 99.999 99.999  0.125 99.999 99.999 99.999 99.999  99.999  99.999  99.999  99.999  0.028  0.028  0.036  0.013  0.084  0.030   10    6 99.999 99.999   99  22.174854861 -11.940705507  2 28 35.56 2012 10 19 2456219.60318933     4    U                   Netuno_02.28.42_0123.fits                          Triton                2048  2048
   0.263   0.075 1073.98 1256.96 2.271    103.53     19.34 99.999 99.999 99.999 13.329 13.435 99.999 99.999 99.999  0.073 99.999 99.999 99.999 99.999  99.999  99.999  99.999  99.999  0.000  0.000  0.041  0.035  0.097  0.084    9    6 99.999 99.999   99  22.174856265 -11.940614169  2 28 53.48 2012 10 19 2456219.60339677     4    U                   Netuno_02.29.00_0125.fits                          Triton                2048  2048
  -0.082   0.101 1075.73 1258.22 2.522     76.63     14.70 99.999 99.999 99.999 13.451 13.513 99.999 99.999 99.999  0.205 99.999 99.999 99.999 99.999  99.999  99.999  99.999  99.999  0.029  0.029  0.021  0.020  0.054  0.053   10    8 99.999 99.999   99  22.174849620 -11.940607785  2 29  2.43 2012 10 19 2456219.60350039     4    U                   Netuno_02.29.09_0126.fits                          Triton                2048  2048
   0.077  -0.244 1074.38 1257.25 2.470     85.55     15.15 99.999 99.999 99.999 13.427 13.496 99.999 99.999 99.999  0.156 99.999 99.999 99.999 99.999  99.999  99.999  99.999  99.999  0.002  0.002  0.013  0.031  0.033  0.077   11    8 99.999 99.999   99  22.174852439 -11.940705391  2 29 20.32 2012 10 19 2456219.60370747     4    U                   Netuno_02.29.27_0128.fits                          Triton                2048  2048
   0.197  -0.255 1075.70 1256.03 2.535    106.35     12.02 99.999 99.999 99.999 13.483 13.573 99.999 99.999 99.999  0.058 99.999 99.999 99.999 99.999  99.999  99.999  99.999  99.999  0.020  0.020  0.030  0.015  0.071  0.036    9    6 99.999 99.999   99  22.174854477 -11.940709967  2 29 38.21 2012 10 19 2456219.60391453     4    U                   Netuno_02.29.45_0130.fits                          Triton                2048  2048
   0.131  -0.107 1076.06 1255.38 2.187    114.48     18.16 99.999 99.999 99.999 13.401 13.470 99.999 99.999 99.999  0.115 99.999 99.999 99.999 99.999  99.999  99.999  99.999  99.999  0.024  0.024  0.024  0.023  0.065  0.062   11    9 99.999 99.999   99  22.174852849 -11.940672267  2 30 13.97 2012 10 19 2456219.60432831     4    U                   Netuno_02.30.21_0134.fits                          Triton                2048  2048
   0.110  -0.240 1075.79 1255.58 2.410    118.60     14.32 99.999 99.999 99.999 13.322 13.391 99.999 99.999 99.999  0.118 99.999 99.999 99.999 99.999  99.999  99.999  99.999  99.999  0.007  0.007  0.026  0.016  0.077  0.047   11   10 99.999 99.999   99  22.174852023 -11.940712727  2 30 49.79 2012 10 19 2456219.60474299     4    U                   Netuno_02.30.56_0138.fits                          Triton                2048  2048
   0.151  -0.004 1076.84 1257.52 2.495    103.60     15.14 99.999 99.999 99.999 13.447 13.516 99.999 99.999 99.999  0.143 99.999 99.999 99.999 99.999  99.999  99.999  99.999  99.999  0.031  0.031  0.023  0.021  0.063  0.057   11    9 99.999 99.999   99  22.174852390 -11.940650577  2 31 25.56 2012 10 19 2456219.60515694     4    U                   Netuno_02.31.32_0142.fits                          Triton                2048  2048
   0.134  -0.098 1076.65 1260.57 2.174    121.57     18.15 99.999 99.999 99.999 13.454 13.525 99.999 99.999 99.999  0.171 99.999 99.999 99.999 99.999  99.999  99.999  99.999  99.999  0.022  0.022  0.020  0.025  0.059  0.073   10    9 99.999 99.999   99  22.174851567 -11.940680840  2 32 10.30 2012 10 19 2456219.60567471     4    U                   Netuno_02.32.17_0147.fits                          Triton                2048  2048
   0.146  -0.082 1078.30 1262.61 2.352    111.30     13.52 99.999 99.999 99.999 13.427 13.490 99.999 99.999 99.999  0.086 99.999 99.999 99.999 99.999  99.999  99.999  99.999  99.999  0.021  0.021  0.025  0.021  0.070  0.059   10    8 99.999 99.999   99  22.174851459 -11.940679260  2 32 37.09 2012 10 19 2456219.60598487     4    U                   Netuno_02.32.44_0150.fits                          Triton                2048  2048
