  -0.027  -0.145  899.13 1110.41 2.332   1385.01     44.32 99.999 99.999 99.999 13.501 13.345 99.999 99.999 99.999  0.325 99.999 99.999 99.999 99.999  99.999  99.999  99.999  99.999  0.020  0.020  0.015  0.015  0.056  0.057   29   19 99.999 99.999   99  22.511041639 -10.168522724  2 56 30.40 2014  9 13 2456913.62257410    20    I                   Netuno_0004.fits                                   Triton                2048  2048
  -0.014  -0.073  902.12 1103.23 2.467   1029.94     99.90 99.999 99.999 99.999 13.443 13.359 99.999 99.999 99.999  0.318 99.999 99.999 99.999 99.999  99.999  99.999  99.999  99.999  0.008  0.008  0.016  0.019  0.067  0.079   28   20 99.999 99.999   99  22.511034601 -10.168548825  3  1 51.44 2014  9 13 2456913.62628978    20    I                   Netuno_0017.fits                                   Triton                2048  2048
  -0.039  -0.147  900.72 1103.07 2.173   1018.20    167.16 99.999 99.999 99.999 13.469 13.357 99.999 99.999 99.999  0.317 99.999 99.999 99.999 99.999  99.999  99.999  99.999  99.999  0.033  0.033  0.015  0.012  0.065  0.052   27   22 99.999 99.999   99  22.511033579 -10.168573178  3  2 16.13 2014  9 13 2456913.62657559    20    I                   Netuno_0018.fits                                   Triton                2048  2048
  -0.052  -0.030  902.60 1103.87 2.583   1056.56     69.05 99.999 99.999 99.999 13.508 13.386 99.999 99.999 99.999  0.271 99.999 99.999 99.999 99.999  99.999  99.999  99.999  99.999  0.010  0.010  0.015  0.010  0.065  0.042   27   21 99.999 99.999   99  22.511028276 -10.168572548  3  5 58.37 2014  9 13 2456913.62914778    20    I                   Netuno_0027.fits                                   Triton                2048  2048
   0.013  -0.108  904.85 1106.83 2.384   1184.26     84.02 99.999 99.999 99.999 13.410 13.331 99.999 99.999 99.999  0.311 99.999 99.999 99.999 99.999  99.999  99.999  99.999  99.999  0.019  0.019  0.016  0.012  0.063  0.050   29   20 99.999 99.999   99  22.511022764 -10.168636782  3 10 54.69 2014  9 13 2456913.63257745    20    I                   Netuno_0039.fits                                   Triton                2048  2048
  -0.076  -0.051  904.02 1106.55 2.362   1170.25     92.69 99.999 99.999 99.999 13.430 13.359 99.999 99.999 99.999  0.299 99.999 99.999 99.999 99.999  99.999  99.999  99.999  99.999  0.017  0.017  0.016  0.011  0.069  0.050   29   22 99.999 99.999   99  22.511020549 -10.168624536  3 11 19.39 2014  9 13 2456913.63286328    20    I                   Netuno_0040.fits                                   Triton                2048  2048
  -0.031  -0.046  905.44 1113.15 2.544   1040.74     78.11 99.999 99.999 99.999 13.451 13.329 99.999 99.999 99.999  0.247 99.999 99.999 99.999 99.999  99.999  99.999  99.999  99.999  0.016  0.016  0.015  0.011  0.062  0.045   28   20 99.999 99.999   99  22.511019703 -10.168633564  3 12 33.50 2014  9 13 2456913.63372101    20    I                   Netuno_0043.fits                                   Triton                2048  2048
  -0.006  -0.020  907.00 1114.57 2.390   1105.15    101.12 99.999 99.999 99.999 13.448 13.332 99.999 99.999 99.999  0.302 99.999 99.999 99.999 99.999  99.999  99.999  99.999  99.999  0.028  0.028  0.017  0.010  0.069  0.040   28   20 99.999 99.999   99  22.511015701 -10.168654770  3 15 51.06 2014  9 13 2456913.63600762    20    I                   Netuno_0051.fits                                   Triton                2048  2048
  -0.119  -0.091  907.44 1115.55 3.780    696.90     11.67 99.999 99.999 99.999 13.456 13.422 99.999 99.999 99.999  0.314 99.999 99.999 99.999 99.999  99.999  99.999  99.999  99.999  0.023  0.023  0.015  0.010  0.059  0.041   29   20 99.999 99.999   99  22.511009622 -10.168699131  3 18 43.93 2014  9 13 2456913.63800847    20    I                   Netuno_0058.fits                                   Triton                2048  2048
  -0.107  -0.133  905.81 1114.32 2.636    980.97     75.64 99.999 99.999 99.999 13.456 13.378 99.999 99.999 99.999  0.302 99.999 99.999 99.999 99.999  99.999  99.999  99.999  99.999  0.021  0.021  0.015  0.012  0.059  0.047   29   20 99.999 99.999   99  22.511009298 -10.168714401  3 19  8.62 2014  9 13 2456913.63829425    20    I                   Netuno_0059.fits                                   Triton                2048  2048
