  -0.032  -0.064  367.31  519.34 0.903   1674.71    106.13 99.999 99.999 99.999 13.168 13.195 99.999 99.999 99.999  0.295 99.999 99.999 99.999 99.999  99.999  99.999  99.999  99.999  0.039  0.036  0.013  0.015  0.045  0.050   17   13 99.999 99.999   99  20.826099690 -17.677240965  3  6 45.67 2002  7 17 2452472.62969525     2  CLEAR                 net0001.fits                                       Triton                 745  1050
   0.020  -0.015  367.87  517.92 0.947   1589.49     93.37 99.999 99.999 99.999 13.251 13.203 99.999 99.999 99.999  0.264 99.999 99.999 99.999 99.999  99.999  99.999  99.999  99.999  0.011  0.011  0.018  0.020  0.058  0.062   18   17 99.999 99.999   99  20.826099835 -17.677228916  3  7 26.26 2002  7 17 2452472.63016505     2  CLEAR                 net0002.fits                                       Triton                 745  1050
  -0.005  -0.025  367.65  519.27 1.060   1212.70     80.28 99.999 99.999 99.999 13.233 13.100 99.999 99.999 99.999  0.279 99.999 99.999 99.999 99.999  99.999  99.999  99.999  99.999  0.007  0.007  0.014  0.015  0.055  0.059   19   15 99.999 99.999   99  20.826098505 -17.677232932  3  8  7.69 2002  7 17 2452472.63064456     2  CLEAR                 net0003.fits                                       Triton                 745  1050
   0.007  -0.052  367.29  521.55 0.907   1411.95    121.86 99.999 99.999 99.999 13.130 12.936 99.999 99.999 99.999  0.334 99.999 99.999 99.999 99.999  99.999  99.999  99.999  99.999  0.014  0.009  0.020  0.011  0.061  0.033   16   14 99.999 99.999   99  20.826097891 -17.677242264  3  8 49.16 2002  7 17 2452472.63112454     2  CLEAR                 net0004.fits                                       Triton                 745  1050
   0.012  -0.070  368.22  521.98 0.854   1437.56    200.75 99.999 99.999 99.999 13.163 13.099 99.999 99.999 99.999  0.236 99.999 99.999 99.999 99.999  99.999  99.999  99.999  99.999  0.012  0.014  0.017  0.014  0.061  0.052   15   14 99.999 99.999   99  20.826097121 -17.677248901  3  9 30.60 2002  7 17 2452472.63160417     2  CLEAR                 net0005.fits                                       Triton                 745  1050
   0.028  -0.024  367.95  523.34 0.932   1299.40    159.65 99.999 99.999 99.999 13.256 13.113 99.999 99.999 99.999  0.270 99.999 99.999 99.999 99.999  99.999  99.999  99.999  99.999  0.030  0.028  0.021  0.015  0.070  0.050   17   15 99.999 99.999   99  20.826096606 -17.677237438  3 10 11.12 2002  7 17 2452472.63207315     2  CLEAR                 net0006.fits                                       Triton                 745  1050
  -0.018  -0.049  368.15  521.90 0.932   1429.83    130.75 99.999 99.999 99.999 13.059 12.945 99.999 99.999 99.999  0.284 99.999 99.999 99.999 99.999  99.999  99.999  99.999  99.999  0.008  0.008  0.013  0.012  0.054  0.051   23   21 99.999 99.999   99  20.826094846 -17.677246061  3 10 52.54 2002  7 17 2452472.63255255     2  CLEAR                 net0007.fits                                       Triton                 745  1050
  -0.024  -0.067  368.81  521.57 1.041   1446.34     53.55 99.999 99.999 99.999 13.159 13.100 99.999 99.999 99.999  0.247 99.999 99.999 99.999 99.999  99.999  99.999  99.999  99.999  0.003  0.003  0.016  0.018  0.060  0.065   21   16 99.999 99.999   99  20.826093875 -17.677252811  3 11 33.96 2002  7 17 2452472.63303194     2  CLEAR                 net0008.fits                                       Triton                 745  1050
  -0.038  -0.056  369.73  524.22 1.110   1290.16     48.28 99.999 99.999 99.999 13.288 13.091 99.999 99.999 99.999  0.245 99.999 99.999 99.999 99.999  99.999  99.999  99.999  99.999  0.036  0.036  0.016  0.014  0.057  0.050   15   15 99.999 99.999   99  20.826091043 -17.677254369  3 13 38.45 2002  7 17 2452472.63447280     2  CLEAR                 net0011.fits                                       Triton                 745  1050
  -0.025  -0.041  369.37  521.72 0.888   1460.71    171.41 99.999 99.999 99.999 13.333 13.042 99.999 99.999 99.999  0.240 99.999 99.999 99.999 99.999  99.999  99.999  99.999  99.999  0.023  0.028  0.015  0.016  0.050  0.052   15   13 99.999 99.999   99  20.826088700 -17.677254941  3 15 42.84 2002  7 17 2452472.63591250     2  CLEAR                 net0014.fits                                       Triton                 745  1050
  -0.012  -0.032  369.99  521.74 1.137   1124.60     75.95 99.999 99.999 99.999 13.207 13.140 99.999 99.999 99.999  0.284 99.999 99.999 99.999 99.999  99.999  99.999  99.999  99.999  0.013  0.013  0.014  0.014  0.058  0.059   23   21 99.999 99.999   99  20.826085549 -17.677258731  3 18 28.67 2002  7 17 2452472.63783183     2  CLEAR                 net0018.fits                                       Triton                 745  1050
  -0.001  -0.019  370.56  519.42 1.325    778.49     65.73 99.999 99.999 99.999 13.199 13.073 99.999 99.999 99.999  0.265 99.999 99.999 99.999 99.999  99.999  99.999  99.999  99.999  0.009  0.009  0.010  0.014  0.042  0.060   26   18 99.999 99.999   99  20.826084901 -17.677256749  3 19 10.27 2002  7 17 2452472.63831331     2  CLEAR                 net0019.fits                                       Triton                 745  1050
  -0.006  -0.053  369.65  518.56 1.021   1587.71     39.73 99.999 99.999 99.999 13.238 13.036 99.999 99.999 99.999  0.310 99.999 99.999 99.999 99.999  99.999  99.999  99.999  99.999  0.008  0.008  0.017  0.016  0.062  0.058   16   15 99.999 99.999   99  20.826083934 -17.677267754  3 19 51.68 2002  7 17 2452472.63879259     2  CLEAR                 net0020.fits                                       Triton                 745  1050
  -0.006  -0.032  369.69  519.59 1.174   1184.84     40.48 99.999 99.999 99.999 13.217 13.138 99.999 99.999 99.999  0.267 99.999 99.999 99.999 99.999  99.999  99.999  99.999  99.999  0.013  0.013  0.018  0.013  0.063  0.044   17   15 99.999 99.999   99  20.826083082 -17.677263382  3 20 34.00 2002  7 17 2452472.63928241     2  CLEAR                 net0021.fits                                       Triton                 745  1050
   0.021  -0.078  370.13  517.85 0.924   1491.68    102.28 99.999 99.999 99.999 13.116 13.068 99.999 99.999 99.999  0.240 99.999 99.999 99.999 99.999  99.999  99.999  99.999  99.999  0.011  0.012  0.015  0.024  0.048  0.074   15   13 99.999 99.999   99  20.826081043 -17.677280948  3 22 38.46 2002  7 17 2452472.64072292     2  CLEAR                 net0024.fits                                       Triton                 745  1050
  -0.034  -0.009  370.68  518.10 1.126   1021.19    102.23 99.999 99.999 99.999 13.178 13.040 99.999 99.999 99.999  0.306 99.999 99.999 99.999 99.999  99.999  99.999  99.999  99.999  0.021  0.022  0.014  0.016  0.055  0.060   21   16 99.999 99.999   99  20.826077390 -17.677266320  3 24 42.87 2002  7 17 2452472.64216285     2  CLEAR                 net0027.fits                                       Triton                 745  1050
  -0.007  -0.054  370.08  519.05 1.086   1147.90     86.54 99.999 99.999 99.999 13.189 13.067 99.999 99.999 99.999  0.248 99.999 99.999 99.999 99.999  99.999  99.999  99.999  99.999  0.023  0.023  0.012  0.011  0.053  0.047   24   20 99.999 99.999   99  20.826077065 -17.677280615  3 25 24.31 2002  7 17 2452472.64264248     2  CLEAR                 net0028.fits                                       Triton                 745  1050
