  -0.031   0.111  481.08  506.03 1.500    305.31     52.62 99.999 99.999 99.999 13.522 13.539 99.999 99.999 99.999  0.187 99.999 99.999 99.999 99.999  99.999  99.999  99.999  99.999  0.047  0.047  0.017  0.018  0.048  0.052   18    9 99.999 99.999   99  21.018132677 -17.044868569  0 27 12.51 2004  9 24 2453272.51889479     1  R                     net2309040005.fits                                 Triton                1020  1020
   0.120   0.215  480.97  507.09 1.803    261.19     36.83 99.999 99.999 99.999 13.583 13.562 99.999 99.999 99.999  0.177 99.999 99.999 99.999 99.999  99.999  99.999  99.999  99.999  0.000  0.000  0.018  0.027  0.054  0.081   25   10 99.999 99.999   99  21.018134492 -17.044841244  0 29  0.99 2004  9 24 2453272.52015035     1  R                     net2309040007.fits                                 Triton                1020  1020
   0.064   0.252  480.03  506.09 1.186    339.32     78.61 99.999 99.999 99.999 13.398 13.407 99.999 99.999 99.999  0.209 99.999 99.999 99.999 99.999  99.999  99.999  99.999  99.999  0.041  0.041  0.024  0.026  0.071  0.075   19    9 99.999 99.999   99  21.018132875 -17.044831344  0 29 55.36 2004  9 24 2453272.52077963     1  R                     net2309040008.fits                                 Triton                1020  1020
   0.121   0.098  480.86  508.00 1.375    320.85    303.94 99.999 99.999 99.999 13.484 13.538 99.999 99.999 99.999  0.146 99.999 99.999 99.999 99.999  99.999  99.999  99.999  99.999  0.038  0.038  0.015  0.011  0.059  0.042   22   16 99.999 99.999   99  21.018132981 -17.044875515  0 31 33.25 2004  9 24 2453272.52191262     1  R                     net2309040009.fits                                 Triton                1020  1020
  -0.024   0.043  480.75  507.82 1.310    442.17    283.09 99.999 99.999 99.999 13.407 13.403 99.999 99.999 99.999  0.202 99.999 99.999 99.999 99.999  99.999  99.999  99.999  99.999  0.000  0.000  0.031  0.036  0.080  0.091   12    8 99.999 99.999   99  21.018129470 -17.044891771  0 32 44.77 2004  9 24 2453272.52274039     1  R                     net2309040010.fits                                 Triton                1020  1020
   0.018   0.226  480.17  504.48 1.763    564.15    532.03 99.999 99.999 99.999 13.580 13.623 99.999 99.999 99.999  0.177 99.999 99.999 99.999 99.999  99.999  99.999  99.999  99.999  0.024  0.024  0.018  0.017  0.072  0.068   24   17 99.999 99.999   99  21.018129550 -17.044841599  0 33 59.22 2004  9 24 2453272.52360208     2  R                     net2309040011.fits                                 Triton                1020  1020
   0.095   0.111  480.42  506.11 1.298    799.22    568.15 99.999 99.999 99.999 13.547 13.604 99.999 99.999 99.999  0.177 99.999 99.999 99.999 99.999  99.999  99.999  99.999  99.999  0.035  0.035  0.016  0.019  0.053  0.061   16   13 99.999 99.999   99  21.018130165 -17.044874787  0 35 24.49 2004  9 24 2453272.52458900     2  R                     net2309040012.fits                                 Triton                1020  1020
   0.179   0.059  480.79  506.05 1.380    801.27    532.76 99.999 99.999 99.999 13.527 13.569 99.999 99.999 99.999  0.187 99.999 99.999 99.999 99.999  99.999  99.999  99.999  99.999  0.012  0.011  0.017  0.017  0.069  0.068   22   18 99.999 99.999   99  21.018131224 -17.044889705  0 36 23.95 2004  9 24 2453272.52527720     2  R                     net2309040013.fits                                 Triton                1020  1020
   0.096   0.182  480.24  503.27 1.363    752.09    577.52 99.999 99.999 99.999 13.525 13.593 99.999 99.999 99.999  0.173 99.999 99.999 99.999 99.999  99.999  99.999  99.999  99.999  0.015  0.015  0.016  0.016  0.066  0.065   25   16 99.999 99.999   99  21.018127658 -17.044858038  0 39 38.69 2004  9 24 2453272.52753113     2  R                     net2309040014.fits                                 Triton                1020  1020
   0.018   0.091  478.97  505.15 1.391   3696.13   2848.60 99.999 99.999 99.999 13.484 13.458 99.999 99.999 99.999  0.165 99.999 99.999 99.999 99.999  99.999  99.999  99.999  99.999  0.026  0.026  0.013  0.009  0.054  0.040   22   19 99.999 99.999   99  21.018121536 -17.044888908  0 47 19.55 2004  9 24 2453272.53286516    10  R                     net2309040021.fits                                 Triton                1020  1020
   0.091   0.088  478.97  504.94 1.315   3933.26   2901.34 99.999 99.999 99.999 13.463 13.404 99.999 99.999 99.999  0.171 99.999 99.999 99.999 99.999  99.999  99.999  99.999  99.999  0.011  0.011  0.015  0.008  0.062  0.034   27   22 99.999 99.999   99  21.018121786 -17.044891008  0 49 17.55 2004  9 24 2453272.53423090    10  R                     net2309040022.fits                                 Triton                1020  1020
  -0.013   0.096  478.31  504.81 1.237   3968.25   3048.22 99.999 99.999 99.999 13.485 13.474 99.999 99.999 99.999  0.165 99.999 99.999 99.999 99.999  99.999  99.999  99.999  99.999  0.010  0.010  0.012  0.008  0.051  0.033   19   17 99.999 99.999   99  21.018119192 -17.044889812  0 50 16.60 2004  9 24 2453272.53491435    10  R                     net2309040023.fits                                 Triton                1020  1020
   0.024   0.117  478.15  506.12 1.332   3523.28   2952.88 99.999 99.999 99.999 13.369 13.348 99.999 99.999 99.999  0.154 99.999 99.999 99.999 99.999  99.999  99.999  99.999  99.999  0.022  0.022  0.014  0.012  0.063  0.055   25   22 99.999 99.999   99  21.018119328 -17.044884470  0 51 14.76 2004  9 24 2453272.53558750    10  R                     net2309040024.fits                                 Triton                1020  1020
   0.036   0.110  478.15  507.05 1.203   4621.81   2921.23 99.999 99.999 99.999 13.371 13.353 99.999 99.999 99.999  0.222 99.999 99.999 99.999 99.999  99.999  99.999  99.999  99.999  0.024  0.024  0.015  0.014  0.055  0.051   17   17 99.999 99.999   99  21.018118979 -17.044887138  0 52 12.82 2004  9 24 2453272.53625949    10  R                     net2309040025.fits                                 Triton                1020  1020
   0.175  -0.030  412.67  398.74 2.540    311.04    194.98 99.999 99.999 99.999 13.442 13.474 99.999 99.999 99.999  0.163 99.999 99.999 99.999 99.999  99.999  99.999  99.999  99.999  0.023  0.023  0.011  0.023  0.030  0.063   23   11 99.999 99.999   99  21.018038694 -17.045036447  3 14 17.05 2004  9 24 2453272.63491956     2  R                     net2309040047.fits                                 Triton                1020  1020
  -0.036   0.230  412.57  399.63 2.583    252.56    134.94 99.999 99.999 99.999 13.388 13.504 99.999 99.999 99.999  0.117 99.999 99.999 99.999 99.999  99.999  99.999  99.999  99.999  0.034  0.034  0.046  0.035  0.062  0.047   16   10 99.999 99.999   99  21.018033500 -17.044965819  3 16 13.39 2004  9 24 2453272.63626609     2  R                     net2309040049.fits                                 Triton                1020  1020
   0.045   0.188  411.51  396.14 2.073    441.49     56.09 99.999 99.999 99.999 13.249 13.340 99.999 99.999 99.999  0.198 99.999 99.999 99.999 99.999  99.999  99.999  99.999  99.999  0.034  0.033  0.016  0.014  0.063  0.055   24   17 99.999 99.999   99  21.018033375 -17.044979956  3 19 12.92 2004  9 24 2453272.63834398     2  R                     net2309040052.fits                                 Triton                1020  1020
   0.040   0.146  410.52  392.57 1.549    663.22     42.85 99.999 99.999 99.999 13.278 13.226 99.999 99.999 99.999  0.152 99.999 99.999 99.999 99.999  99.999  99.999  99.999  99.999  0.027  0.028  0.016  0.014  0.063  0.057   26   19 99.999 99.999   99  21.018032143 -17.044993265  3 21 12.97 2004  9 24 2453272.63973345     2  R                     net2309040054.fits                                 Triton                1020  1020
   0.152   0.101  410.17  397.23 1.672    472.31     61.91 99.999 99.999 99.999 13.407 13.382 99.999 99.999 99.999  0.129 99.999 99.999 99.999 99.999  99.999  99.999  99.999  99.999  0.028  0.028  0.013  0.020  0.043  0.065   23   13 99.999 99.999   99  21.018033049 -17.045007609  3 23 25.77 2004  9 24 2453272.64127049     2  R                     net2309040056.fits                                 Triton                1020  1020
   0.075   0.076  410.86  396.90 1.908    464.19     37.67 99.999 99.999 99.999 13.487 13.394 99.999 99.999 99.999  0.207 99.999 99.999 99.999 99.999  99.999  99.999  99.999  99.999  0.023  0.023  0.019  0.019  0.058  0.058   21   12 99.999 99.999   99  21.018031013 -17.045015262  3 24 22.90 2004  9 24 2453272.64193171     2  R                     net2309040057.fits                                 Triton                1020  1020
   0.092  -0.031  410.15  395.76 1.679    445.84     61.66 99.999 99.999 99.999 13.397 13.368 99.999 99.999 99.999  0.142 99.999 99.999 99.999 99.999  99.999  99.999  99.999  99.999  0.024  0.024  0.022  0.022  0.069  0.069   26   14 99.999 99.999   99  21.018030803 -17.045045897  3 25 19.79 2004  9 24 2453272.64259016     2  R                     net2309040058.fits                                 Triton                1020  1020
   0.125   0.152  409.69  399.65 2.098    359.06     35.86 99.999 99.999 99.999 13.389 13.359 99.999 99.999 99.999  0.120 99.999 99.999 99.999 99.999  99.999  99.999  99.999  99.999  0.027  0.027  0.021  0.017  0.073  0.057   26   16 99.999 99.999   99  21.018030357 -17.044996756  3 27 14.55 2004  9 24 2453272.64391840     2  R                     net2309040060.fits                                 Triton                1020  1020
