  -0.006  -0.043  518.46  540.39 1.404    254.42     18.45 99.999 99.999 99.999 13.383 13.276 99.999 99.999 99.999  0.166 99.999 99.999 99.999 99.999  99.999  99.999  99.999  99.999  0.022  0.022  0.010  0.015  0.044  0.063   30   21 99.999 99.999   99  21.064235615 -16.849496461  1 10 18.04 2004  8 23 2453240.54881991     3  Dark                  net2208040001.fits                                 Triton                1020  1020
  -0.011  -0.043  518.63  542.90 1.066    441.89     18.64 99.999 99.999 99.999 13.409 13.135 99.999 99.999 99.999  0.210 99.999 99.999 99.999 99.999  99.999  99.999  99.999  99.999  0.014  0.015  0.020  0.021  0.073  0.077   17   14 99.999 99.999   99  21.064233096 -16.849508301  1 12  0.13 2004  8 23 2453240.55000150     3  Dark                  net2208040003.fits                                 Triton                1020  1020
  -0.012   0.001  518.88  544.36 0.793    334.73     81.38 99.999 99.999 99.999 13.244 13.137 99.999 99.999 99.999  0.192 99.999 99.999 99.999 99.999  99.999  99.999  99.999  99.999  0.079  0.051  0.014  0.014  0.059  0.058   27   20 99.999 99.999   99  21.064231825 -16.849502289  1 12 52.44 2004  8 23 2453240.55060694     3  Dark                  net2208040004.fits                                 Triton                1020  1020
  -0.021  -0.042  518.84  545.02 1.313    304.50     11.02 99.999 99.999 99.999 13.421 13.259 99.999 99.999 99.999  0.191 99.999 99.999 99.999 99.999  99.999  99.999  99.999  99.999  0.018  0.018  0.014  0.015  0.056  0.062   24   20 99.999 99.999   99  21.064227948 -16.849532813  1 15 29.36 2004  8 23 2453240.55242315     3  Dark                  net2208040007.fits                                 Triton                1020  1020
  -0.006  -0.036  518.93  545.76 0.992    461.36     33.56 99.999 99.999 99.999 13.374 13.225 99.999 99.999 99.999  0.132 99.999 99.999 99.999 99.999  99.999  99.999  99.999  99.999  0.023  0.023  0.014  0.014  0.055  0.054   18   16 99.999 99.999   99  21.064227082 -16.849536946  1 16 18.38 2004  8 23 2453240.55299051     3  Dark                  net2208040008.fits                                 Triton                1020  1020
  -0.018  -0.023  519.29  547.65 0.944    503.70     47.51 99.999 99.999 99.999 13.295 13.190 99.999 99.999 99.999  0.183 99.999 99.999 99.999 99.999  99.999  99.999  99.999  99.999  0.032  0.028  0.013  0.017  0.050  0.067   20   18 99.999 99.999   99  21.064220507 -16.849564602  1 20 46.19 2004  8 23 2453240.55609016     3  Dark                  net2208040012.fits                                 Triton                1020  1020
  -0.007  -0.049  519.77  546.25 1.228    237.08     19.09 99.999 99.999 99.999 13.388 13.304 99.999 99.999 99.999  0.182 99.999 99.999 99.999 99.999  99.999  99.999  99.999  99.999  0.014  0.014  0.015  0.013  0.060  0.055   21   17 99.999 99.999   99  21.064214772 -16.849601635  1 24 57.39 2004  8 23 2453240.55899757     3  Dark                  net2208040017.fits                                 Triton                1020  1020
  -0.019  -0.037  519.56  543.74 1.125    350.92     22.71 99.999 99.999 99.999 13.361 13.371 99.999 99.999 99.999  0.183 99.999 99.999 99.999 99.999  99.999  99.999  99.999  99.999  0.020  0.021  0.013  0.014  0.057  0.061   26   21 99.999 99.999   99  21.064213336 -16.849604239  1 25 49.00 2004  8 23 2453240.55959491     3  Dark                  net2208040018.fits                                 Triton                1020  1020
   0.011  -0.064  519.82  542.57 0.996    358.79     37.00 99.999 99.999 99.999 13.347 13.227 99.999 99.999 99.999  0.158 99.999 99.999 99.999 99.999  99.999  99.999  99.999  99.999  0.006  0.005  0.012  0.012  0.051  0.051   22   20 99.999 99.999   99  21.064212629 -16.849618101  1 26 42.06 2004  8 23 2453240.56020903     3  Dark                  net2208040019.fits                                 Triton                1020  1020
  -0.045  -0.041  519.57  543.53 1.114    353.31     27.20 99.999 99.999 99.999 13.431 13.374 99.999 99.999 99.999  0.139 99.999 99.999 99.999 99.999  99.999  99.999  99.999  99.999  0.028  0.027  0.012  0.014  0.052  0.061   22   20 99.999 99.999   99  21.064210303 -16.849617682  1 27 34.96 2004  8 23 2453240.56082130     3  Dark                  net2208040020.fits                                 Triton                1020  1020
  -0.027  -0.048  528.43  518.61 0.993    405.56     43.86 99.999 99.999 99.999 13.405 13.274 99.999 99.999 99.999  0.220 99.999 99.999 99.999 99.999  99.999  99.999  99.999  99.999  0.018  0.019  0.011  0.014  0.039  0.052   17   14 99.999 99.999   99  21.064123814 -16.850045601  2 28 34.93 2004  8 23 2453240.60318206     3  Dark                  net2208040041.fits                                 Triton                1020  1020
  -0.032  -0.019  528.55  515.07 0.930    405.72     64.09 99.999 99.999 99.999 13.359 13.392 99.999 99.999 99.999  0.176 99.999 99.999 99.999 99.999  99.999  99.999  99.999  99.999  0.016  0.021  0.015  0.013  0.061  0.053   19   17 99.999 99.999   99  21.064120047 -16.850055373  2 31  8.85 2004  8 23 2453240.60496354     3  Dark                  net2208040044.fits                                 Triton                1020  1020
  -0.024  -0.003  527.78  516.74 1.000    455.47     35.39 99.999 99.999 99.999 13.412 13.077 99.999 99.999 99.999  0.172 99.999 99.999 99.999 99.999  99.999  99.999  99.999  99.999  0.017  0.017  0.011  0.017  0.043  0.069   21   17 99.999 99.999   99  21.064118986 -16.850056531  2 31 59.99 2004  8 23 2453240.60555544     3  Dark                  net2208040045.fits                                 Triton                1020  1020
  -0.002  -0.066  527.63  515.86 1.050    391.99     33.17 99.999 99.999 99.999 13.438 13.410 99.999 99.999 99.999  0.198 99.999 99.999 99.999 99.999  99.999  99.999  99.999  99.999  0.023  0.026  0.015  0.014  0.051  0.050   17   14 99.999 99.999   99  21.064115652 -16.850092471  2 34 37.50 2004  8 23 2453240.60737847     3  Dark                  net2208040048.fits                                 Triton                1020  1020
   0.009  -0.006  528.08  517.99 1.214    335.85     24.92 99.999 99.999 99.999 13.396 13.365 99.999 99.999 99.999  0.204 99.999 99.999 99.999 99.999  99.999  99.999  99.999  99.999  0.026  0.026  0.016  0.015  0.059  0.056   24   17 99.999 99.999   99  21.064114614 -16.850081674  2 35 30.47 2004  8 23 2453240.60799155     3  Dark                  net2208040049.fits                                 Triton                1020  1020
   0.016  -0.018  527.76  518.66 1.069    380.93     35.75 99.999 99.999 99.999 13.403 13.169 99.999 99.999 99.999  0.147 99.999 99.999 99.999 99.999  99.999  99.999  99.999  99.999  0.024  0.023  0.016  0.016  0.064  0.064   23   16 99.999 99.999   99  21.064113557 -16.850091020  2 36 21.33 2004  8 23 2453240.60858021     3  Dark                  net2208040050.fits                                 Triton                1020  1020
  -0.004  -0.058  527.93  519.54 0.966    417.30     45.01 99.999 99.999 99.999 13.331 13.188 99.999 99.999 99.999  0.174 99.999 99.999 99.999 99.999  99.999  99.999  99.999  99.999  0.000  0.000  0.016  0.014  0.066  0.057   25   19 99.999 99.999   99  21.064111669 -16.850109283  2 37 23.98 2004  8 23 2453240.60930532     3  Dark                  net2208040051.fits                                 Triton                1020  1020
   0.009  -0.054  527.77  516.54 1.274    297.28     22.93 99.999 99.999 99.999 13.421 13.388 99.999 99.999 99.999  0.175 99.999 99.999 99.999 99.999  99.999  99.999  99.999  99.999  0.021  0.021  0.011  0.011  0.048  0.051   25   20 99.999 99.999   99  21.064110701 -16.850114282  2 38 15.13 2004  8 23 2453240.60989734     3  Dark                  net2208040052.fits                                 Triton                1020  1020
   0.012  -0.045  527.29  518.53 0.856    375.92     73.63 99.999 99.999 99.999 13.320 13.205 99.999 99.999 99.999  0.184 99.999 99.999 99.999 99.999  99.999  99.999  99.999  99.999  0.027  0.012  0.014  0.012  0.059  0.053   29   22 99.999 99.999   99  21.064108347 -16.850123426  2 39 56.63 2004  8 23 2453240.61107211     3  Dark                  net2208040054.fits                                 Triton                1020  1020
  -0.012  -0.066  503.32  483.72 1.171    153.91     21.05 99.999 99.999 99.999 13.415 13.391 99.999 99.999 99.999  0.172 99.999 99.999 99.999 99.999  99.999  99.999  99.999  99.999  0.029  0.029  0.010  0.015  0.043  0.066   23   19 99.999 99.999   99  21.063951944 -16.850869126  4 29  9.50 2004  8 23 2453240.68691551     3  Dark                  net2208040064.fits                                 Triton                1020  1020
  -0.028   0.003  502.88  482.66 1.225    184.10      8.44 99.999 99.999 99.999 13.389 13.366 99.999 99.999 99.999  0.179 99.999 99.999 99.999 99.999  99.999  99.999  99.999  99.999  0.020  0.019  0.016  0.015  0.061  0.057   15   14 99.999 99.999   99  21.063949243 -16.850861072  4 30 49.46 2004  8 23 2453240.68807245     3  Dark                  net2208040066.fits                                 Triton                1020  1020
   0.021   0.002  503.61  483.72 1.200    107.06     17.49 99.999 99.999 99.999 13.452 13.423 99.999 99.999 99.999  0.173 99.999 99.999 99.999 99.999  99.999  99.999  99.999  99.999  0.027  0.027  0.014  0.013  0.052  0.046   27   18 99.999 99.999   99  21.063948993 -16.850867246  4 31 40.52 2004  8 23 2453240.68866343     3  Dark                  net2208040067.fits                                 Triton                1020  1020
   0.014  -0.052  503.28  482.99 1.494    125.52     10.61 99.999 99.999 99.999 13.486 13.564 99.999 99.999 99.999  0.214 99.999 99.999 99.999 99.999  99.999  99.999  99.999  99.999  0.043  0.043  0.010  0.017  0.040  0.066   25   20 99.999 99.999   99  21.063945272 -16.850898882  4 34 10.52 2004  8 23 2453240.69039954     3  Dark                  net2208040070.fits                                 Triton                1020  1020
  -0.040  -0.027  476.93  560.99 1.545    208.67     10.44 99.999 99.999 99.999 13.358 13.282 99.999 99.999 99.999  0.154 99.999 99.999 99.999 99.999  99.999  99.999  99.999  99.999  0.023  0.023  0.012  0.015  0.046  0.057   28   19 99.999 99.999   99  21.063797261 -16.851565633  6 17  9.05 2004  8 23 2453240.76191030     3  Dark                  net2208040116.fits                                 Triton                1020  1020
   0.026  -0.062  476.70  561.74 1.564    199.56     14.84 99.999 99.999 99.999 13.391 13.236 99.999 99.999 99.999  0.153 99.999 99.999 99.999 99.999  99.999  99.999  99.999  99.999  0.030  0.030  0.017  0.014  0.067  0.055   28   16 99.999 99.999   99  21.063796560 -16.851584055  6 18 32.14 2004  8 23 2453240.76287199     3  Dark                  net2208040117.fits                                 Triton                1020  1020
   0.011  -0.078  476.76  563.31 1.460    199.97     20.00 99.999 99.999 99.999 13.377 13.317 99.999 99.999 99.999  0.191 99.999 99.999 99.999 99.999  99.999  99.999  99.999  99.999  0.031  0.031  0.015  0.010  0.070  0.046   33   22 99.999 99.999   99  21.063792942 -16.851603521  6 20 52.45 2004  8 23 2453240.76449595     3  Dark                  net2208040119.fits                                 Triton                1020  1020
  -0.044  -0.028  477.12  561.66 1.465    216.58     18.81 99.999 99.999 99.999 13.325 13.306 99.999 99.999 99.999  0.158 99.999 99.999 99.999 99.999  99.999  99.999  99.999  99.999  0.012  0.012  0.016  0.014  0.071  0.065   28   22 99.999 99.999   99  21.063790683 -16.851595201  6 21 43.25 2004  8 23 2453240.76508391     3  Dark                  net2208040120.fits                                 Triton                1020  1020
