  -0.053  -0.077  519.32  540.86 1.074    372.20     32.70 99.999 99.999 99.999 13.417 13.306 99.999 99.999 99.999  0.216 99.999 99.999 99.999 99.999  99.999  99.999  99.999  99.999  0.010  0.011  0.014  0.018  0.046  0.062   16   14 99.999 99.999   99  21.064233477 -16.849512076  1 11  9.19 2004  8 23 2453240.54941192     3  Dark                  net2208040002.fits                                 Triton                1020  1020
  -0.077  -0.018  518.98  544.97 1.237    313.30     26.24 99.999 99.999 99.999 13.330 13.075 99.999 99.999 99.999  0.186 99.999 99.999 99.999 99.999  99.999  99.999  99.999  99.999  0.000  0.000  0.012  0.014  0.051  0.062   23   20 99.999 99.999   99  21.064223344 -16.849543502  1 17 58.57 2004  8 23 2453240.55415012     3  Dark                  net2208040010.fits                                 Triton                1020  1020
   0.012   0.044  528.47  517.43 1.239    384.23     12.90 99.999 99.999 99.999 13.459 13.226 99.999 99.999 99.999  0.159 99.999 99.999 99.999 99.999  99.999  99.999  99.999  99.999  0.024  0.024  0.017  0.015  0.054  0.049   15   13 99.999 99.999   99  21.064123325 -16.850026159  2 29 26.61 2004  8 23 2453240.60378021     3  Dark                  net2208040042.fits                                 Triton                1020  1020
  -0.030  -0.097  500.79  474.44 1.438    219.35     24.56 99.999 99.999 99.999 13.519 13.386 99.999 99.999 99.999  0.177 99.999 99.999 99.999 99.999  99.999  99.999  99.999  99.999  0.010  0.010  0.010  0.013  0.041  0.053   23   17 99.999 99.999   99  21.063921818 -16.851015997  4 49 59.73 2004  8 23 2453240.70138576     3  Dark                  net2208040072.fits                                 Triton                1020  1020
   0.035   0.051  500.45  477.31 1.542    172.84     13.11 99.999 99.999 99.999 13.429 13.383 99.999 99.999 99.999  0.165 99.999 99.999 99.999 99.999  99.999  99.999  99.999  99.999  0.042  0.042  0.015  0.016  0.055  0.060   27   22 99.999 99.999   99  21.063920625 -16.850986361  4 51 42.73 2004  8 23 2453240.70257789     3  Dark                  net2208040074.fits                                 Triton                1020  1020
   0.021  -0.114  500.35  476.80 1.632     48.68      5.68 99.999 99.999 99.999 13.355 13.251 99.999 99.999 99.999  0.324 99.999 99.999 99.999 99.999  99.999  99.999  99.999  99.999  0.072  0.071  0.014  0.018  0.053  0.066   22   15 99.999 99.999   99  21.063917932 -16.851043492  4 53 24.78 2004  8 23 2453240.70375903     3  Dark                  net2208040076.fits                                 Triton                1020  1020
   0.083  -0.037  500.48  476.65 1.492     83.84     12.59 99.999 99.999 99.999 13.492 13.399 99.999 99.999 99.999  0.226 99.999 99.999 99.999 99.999  99.999  99.999  99.999  99.999  0.044  0.044  0.015  0.016  0.058  0.060   24   16 99.999 99.999   99  21.063917911 -16.851027739  4 54 15.64 2004  8 23 2453240.70434768     3  Dark                  net2208040077.fits                                 Triton                1020  1020
   0.040  -0.034  476.20  556.40 1.163    243.45     35.21 99.999 99.999 99.999 13.378 13.294 99.999 99.999 99.999  0.147 99.999 99.999 99.999 99.999  99.999  99.999  99.999  99.999  0.025  0.024  0.018  0.015  0.065  0.055   22   16 99.999 99.999   99  21.063815635 -16.851491434  6  5 20.82 2004  8 23 2453240.75371319     3  Dark                  net2208040102.fits                                 Triton                1020  1020
  -0.091  -0.145  476.82  558.06 1.713    157.76     12.66 99.999 99.999 99.999 13.538 13.392 99.999 99.999 99.999  0.192 99.999 99.999 99.999 99.999  99.999  99.999  99.999  99.999  0.019  0.019  0.014  0.015  0.059  0.060   24   19 99.999 99.999   99  21.063804787 -16.851559793  6 11 10.37 2004  8 23 2453240.75775891     3  Dark                  net2208040109.fits                                 Triton                1020  1020
   0.101   0.139  476.47  559.75 1.628    170.76     14.47 99.999 99.999 99.999 13.418 13.405 99.999 99.999 99.999  0.151 99.999 99.999 99.999 99.999  99.999  99.999  99.999  99.999  0.021  0.021  0.011  0.015  0.045  0.061   26   18 99.999 99.999   99  21.063807349 -16.851486224  6 11 59.67 2004  8 23 2453240.75832951     3  Dark                  net2208040110.fits                                 Triton                1020  1020
   0.099  -0.056  476.47  560.29 1.873    146.58      8.81 99.999 99.999 99.999 13.407 13.324 99.999 99.999 99.999  0.212 99.999 99.999 99.999 99.999  99.999  99.999  99.999  99.999  0.032  0.032  0.013  0.012  0.059  0.055   33   23 99.999 99.999   99  21.063806133 -16.851545501  6 12 48.69 2004  8 23 2453240.75889688     3  Dark                  net2208040111.fits                                 Triton                1020  1020
  -0.035   0.031  476.73  558.12 1.737    142.08     11.73 99.999 99.999 99.999 13.533 13.530 99.999 99.999 99.999  0.137 99.999 99.999 99.999 99.999  99.999  99.999  99.999  99.999  0.022  0.022  0.014  0.012  0.062  0.054   32   22 99.999 99.999   99  21.063802360 -16.851527055  6 13 38.86 2004  8 23 2453240.75947755     3  Dark                  net2208040112.fits                                 Triton                1020  1020
  -0.092  -0.074  476.60  559.70 1.485    186.49     15.15 99.999 99.999 99.999 13.335 13.446 99.999 99.999 99.999  0.143 99.999 99.999 99.999 99.999  99.999  99.999  99.999  99.999  0.023  0.023  0.018  0.015  0.074  0.059   29   17 99.999 99.999   99  21.063800056 -16.851561298  6 14 28.86 2004  8 23 2453240.76005625     3  Dark                  net2208040113.fits                                 Triton                1020  1020
   0.075   0.047  476.65  561.26 1.479    176.57     16.05 99.999 99.999 99.999 13.322 13.245 99.999 99.999 99.999  0.195 99.999 99.999 99.999 99.999  99.999  99.999  99.999  99.999  0.019  0.019  0.013  0.015  0.060  0.066   31   22 99.999 99.999   99  21.063802112 -16.851533020  6 15 17.90 2004  8 23 2453240.76062384     3  Dark                  net2208040114.fits                                 Triton                1020  1020
  -0.014  -0.122  477.04  562.95 1.425    224.51     17.39 99.999 99.999 99.999 13.336 13.258 99.999 99.999 99.999  0.186 99.999 99.999 99.999 99.999  99.999  99.999  99.999  99.999  0.016  0.016  0.013  0.016  0.062  0.075   31   25 99.999 99.999   99  21.063799230 -16.851585331  6 16  7.93 2004  8 23 2453240.76120289     3  Dark                  net2208040115.fits                                 Triton                1020  1020
   0.080  -0.081  477.09  564.36 1.667    193.92     11.80 99.999 99.999 99.999 13.443 13.428 99.999 99.999 99.999  0.168 99.999 99.999 99.999 99.999  99.999  99.999  99.999  99.999  0.025  0.025  0.016  0.011  0.071  0.052   32   21 99.999 99.999   99  21.063795710 -16.851597859  6 19 51.44 2004  8 23 2453240.76378981     3  Dark                  net2208040118.fits                                 Triton                1020  1020
