   0.135   0.052  890.74 1023.84 1.533    167.76     22.41 99.999 99.999 99.999 13.498 13.573 99.999 99.999 99.999  0.114 99.999 99.999 99.999 99.999  99.999  99.999  99.999  99.999  0.018  0.018  0.027  0.023  0.076  0.064   18   10 99.999 99.999   99  21.334400839 -15.788386258  5  2 30.94 2006  9 12 2453990.71008032     1  Clear                 netuno0001.fits                                    Triton                2045  2050
   0.098  -0.069  892.36 1024.18 1.323    391.95     47.54 99.999 99.999 99.999 13.384 13.396 99.999 99.999 99.999  0.098 99.999 99.999 99.999 99.999  99.999  99.999  99.999  99.999  0.017  0.017  0.019  0.015  0.068  0.056   18   14 99.999 99.999   99  21.334399420 -15.788424412  5  3 23.05 2006  9 12 2453990.71068345     2  Clear                 netuno0002.fits                                    Triton                2045  2050
  -0.016   0.055  895.47 1023.66 1.730    333.15     13.65 99.999 99.999 99.999 13.514 13.542 99.999 99.999 99.999  0.104 99.999 99.999 99.999 99.999  99.999  99.999  99.999  99.999  0.018  0.018  0.014  0.018  0.059  0.074   26   18 99.999 99.999   99  21.334396411 -15.788395345  5  4 22.57 2006  9 12 2453990.71137234     2  Clear                 netuno0003.fits                                    Triton                2045  2050
   0.054   0.123  901.13 1023.36 1.583    352.38     24.31 99.999 99.999 99.999 13.482 13.469 99.999 99.999 99.999  0.115 99.999 99.999 99.999 99.999  99.999  99.999  99.999  99.999  0.013  0.013  0.015  0.019  0.062  0.081   25   18 99.999 99.999   99  21.334397258 -15.788379552  5  4 58.02 2006  9 12 2453990.71178264     2  Clear                 netuno0004.fits                                    Triton                2045  2050
   0.028   0.103  903.22 1023.82 1.551    393.63     18.64 99.999 99.999 99.999 13.478 13.430 99.999 99.999 99.999  0.112 99.999 99.999 99.999 99.999  99.999  99.999  99.999  99.999  0.016  0.016  0.012  0.014  0.047  0.051   26   17 99.999 99.999   99  21.334396292 -15.788388164  5  5 33.50 2006  9 12 2453990.71219329     2  Clear                 netuno0005.fits                                    Triton                2045  2050
  -0.079  -0.039  903.52 1023.73 1.351    431.89     37.03 99.999 99.999 99.999 13.414 13.433 99.999 99.999 99.999  0.080 99.999 99.999 99.999 99.999  99.999  99.999  99.999  99.999  0.013  0.013  0.017  0.015  0.069  0.060   26   17 99.999 99.999   99  21.334393757 -15.788430534  5  6  8.93 2006  9 12 2453990.71260336     2  Clear                 netuno0006.fits                                    Triton                2045  2050
   0.046   0.049  905.56 1024.22 2.079    230.09     13.33 99.999 99.999 99.999 13.630 13.654 99.999 99.999 99.999  0.090 99.999 99.999 99.999 99.999  99.999  99.999  99.999  99.999  0.013  0.013  0.019  0.013  0.078  0.056   25   19 99.999 99.999   99  21.334395197 -15.788412562  5  7 19.74 2006  9 12 2453990.71342292     2  Clear                 netuno0008.fits                                    Triton                2045  2050
   0.167  -0.083  911.43 1023.63 1.665    318.18     22.61 99.999 99.999 99.999 13.428 13.453 99.999 99.999 99.999  0.206 99.999 99.999 99.999 99.999  99.999  99.999  99.999  99.999  0.018  0.018  0.021  0.018  0.082  0.068   27   17 99.999 99.999   99  21.334396539 -15.788455258  5  8 30.36 2006  9 12 2453990.71424028     2  Clear                 netuno0010.fits                                    Triton                2045  2050
   0.001   0.006  917.25 1023.07 1.555    367.75     25.13 99.999 99.999 99.999 13.418 13.468 99.999 99.999 99.999  0.105 99.999 99.999 99.999 99.999  99.999  99.999  99.999  99.999  0.017  0.017  0.015  0.016  0.062  0.065   25   18 99.999 99.999   99  21.334392889 -15.788433574  5  9  5.80 2006  9 12 2453990.71465046     2  Clear                 netuno0011.fits                                    Triton                2045  2050
   0.016  -0.133  919.25 1023.59 1.732    312.43     19.08 99.999 99.999 99.999 13.548 13.564 99.999 99.999 99.999  0.195 99.999 99.999 99.999 99.999  99.999  99.999  99.999  99.999  0.010  0.010  0.020  0.023  0.066  0.076   24   13 99.999 99.999   99  21.334392672 -15.788475267  5  9 41.29 2006  9 12 2453990.71506123     2  Clear                 netuno0012.fits                                    Triton                2045  2050
   0.054   0.018  915.69 1023.39 1.668    323.67     23.01 99.999 99.999 99.999 13.513 13.558 99.999 99.999 99.999  0.135 99.999 99.999 99.999 99.999  99.999  99.999  99.999  99.999  0.012  0.012  0.016  0.017  0.065  0.071   27   19 99.999 99.999   99  21.334392952 -15.788436389  5 10 15.86 2006  9 12 2453990.71546134     2  Clear                 netuno0013.fits                                    Triton                2045  2050
   0.073   0.044  915.70 1023.55 1.630    304.98     27.97 99.999 99.999 99.999 13.478 13.528 99.999 99.999 99.999  0.120 99.999 99.999 99.999 99.999  99.999  99.999  99.999  99.999  0.012  0.012  0.019  0.017  0.067  0.061   27   15 99.999 99.999   99  21.334392818 -15.788432501  5 10 51.35 2006  9 12 2453990.71587211     2  Clear                 netuno0014.fits                                    Triton                2045  2050
  -0.052   0.111  914.41 1023.17 1.607    369.08     18.10 99.999 99.999 99.999 13.397 13.437 99.999 99.999 99.999  0.164 99.999 99.999 99.999 99.999  99.999  99.999  99.999  99.999  0.011  0.011  0.015  0.024  0.049  0.080   24   12 99.999 99.999   99  21.334389453 -15.788419867  5 12  2.36 2006  9 12 2453990.71669398     2  Clear                 netuno0016.fits                                    Triton                2045  2050
   0.150  -0.133  921.11 1023.32 1.475    409.25     24.44 99.999 99.999 99.999 13.461 13.536 99.999 99.999 99.999  0.104 99.999 99.999 99.999 99.999  99.999  99.999  99.999  99.999  0.013  0.013  0.022  0.022  0.074  0.076   23   12 99.999 99.999   99  21.334391418 -15.788500332  5 14 23.36 2006  9 12 2453990.71832593     2  Clear                 netuno0020.fits                                    Triton                2045  2050
  -0.086  -0.086  920.58 1023.29 1.706    298.09     25.57 99.999 99.999 99.999 13.416 13.522 99.999 99.999 99.999  0.118 99.999 99.999 99.999 99.999  99.999  99.999  99.999  99.999  0.014  0.014  0.018  0.020  0.055  0.061   25   10 99.999 99.999   99  21.334386375 -15.788490305  5 14 59.65 2006  9 12 2453990.71874595     2  Clear                 netuno0021.fits                                    Triton                2045  2050
  -0.067   0.070  922.60 1022.98 1.502    344.51     35.57 99.999 99.999 99.999 13.500 13.533 99.999 99.999 99.999  0.121 99.999 99.999 99.999 99.999  99.999  99.999  99.999  99.999  0.014  0.014  0.017  0.015  0.070  0.064   25   18 99.999 99.999   99  21.334385802 -15.788453068  5 16 10.50 2006  9 12 2453990.71956597     2  Clear                 netuno0023.fits                                    Triton                2045  2050
  -0.069   0.044  927.27 1023.37 1.678    319.26     22.21 99.999 99.999 99.999 13.579 13.559 99.999 99.999 99.999  0.101 99.999 99.999 99.999 99.999  99.999  99.999  99.999  99.999  0.015  0.015  0.013  0.014  0.053  0.054   25   17 99.999 99.999   99  21.334385253 -15.788463541  5 16 45.92 2006  9 12 2453990.71997593     2  Clear                 netuno0024.fits                                    Triton                2045  2050
  -0.067  -0.069  929.62 1023.57 1.514    335.56     32.04 99.999 99.999 99.999 13.410 13.513 99.999 99.999 99.999  0.150 99.999 99.999 99.999 99.999  99.999  99.999  99.999  99.999  0.012  0.012  0.021  0.023  0.072  0.078   23   14 99.999 99.999   99  21.334384328 -15.788501011  5 17 57.66 2006  9 12 2453990.72080625     2  Clear                 netuno0026.fits                                    Triton                2045  2050
  -0.030  -0.016  931.47 1023.52 1.840    282.29     14.67 99.999 99.999 99.999 13.505 13.519 99.999 99.999 99.999  0.114 99.999 99.999 99.999 99.999  99.999  99.999  99.999  99.999  0.013  0.013  0.023  0.023  0.077  0.076   18   14 99.999 99.999   99  21.334383571 -15.788496068  5 19 46.66 2006  9 12 2453990.72206782     2  Clear                 netuno0029.fits                                    Triton                2045  2050
   0.051  -0.010  933.44 1023.71 1.423    352.44     40.32 99.999 99.999 99.999 13.492 13.535 99.999 99.999 99.999  0.115 99.999 99.999 99.999 99.999  99.999  99.999  99.999  99.999  0.014  0.014  0.022  0.020  0.067  0.060   20   12 99.999 99.999   99  21.334384625 -15.788497610  5 20 22.06 2006  9 12 2453990.72247755     2  Clear                 netuno0030.fits                                    Triton                2045  2050
