  -0.175  -0.137  485.31  424.77 1.976      3.95      5.65 99.999 99.999 99.999 13.520 13.559 99.999 99.999 99.999  0.180 99.999 99.999 99.999 99.999  99.999  99.999  99.999  99.999  0.013  0.013  0.003  0.008  0.004  0.011    4    4 99.999 99.999   99  20.959807848 -17.209009046  0  7 58.57 2003  7 28 2452848.50553900     1  Clear                 net0001.fits                                       Triton                1004  1024
   0.442  -0.082  485.69  427.39 0.841      7.13      8.16 99.999 99.999 99.999 13.541 13.599 99.999 99.999 99.999  0.120 99.999 99.999 99.999 99.999  99.999  99.999  99.999  99.999  0.036  0.032  0.036  0.030  0.073  0.061    5    5 99.999 99.999   99  20.959818577 -17.208996803  0  8 55.68 2003  7 28 2452848.50620000     1  Clear                 net0002.fits                                       Triton                1004  1024
  -0.036   0.287  484.90  426.51 2.012      9.84      5.75 99.999 99.999 99.999 13.048 12.952 99.999 99.999 99.999  0.257 99.999 99.999 99.999 99.999  99.999  99.999  99.999  99.999  0.067  0.068  0.021  0.061  0.025  0.072    4    4 99.999 99.999   99  20.959804544 -17.208904629  0 12 30.72 2003  7 28 2452848.50868889     1  Clear                 net0006.fits                                       Triton                1004  1024
   0.213   0.353  486.05  425.91 1.868     11.56      6.13 99.999 99.999 99.999 13.271 13.272 99.999 99.999 99.999  0.174 99.999 99.999 99.999 99.999  99.999  99.999  99.999  99.999  0.053  0.053  0.075  0.014  0.129  0.024    4    4 99.999 99.999   99  20.959808354 -17.208888734  0 13 16.03 2003  7 28 2452848.50921331     1  Clear                 net0007.fits                                       Triton                1004  1024
  -0.233  -0.531  486.16  433.63 2.449      5.87      5.52 99.999 99.999 99.999 13.600 13.626 99.999 99.999 99.999  0.114 99.999 99.999 99.999 99.999  99.999  99.999  99.999  99.999  0.003  0.003  0.033  0.126  0.035  0.134    5    4 99.999 99.999   99  20.959798123 -17.209137400  0 14 27.80 2003  7 28 2452848.51004398     1  Clear                 net0008.fits                                       Triton                1004  1024
   0.106   0.360  484.30  435.44 2.141      7.14      5.23 99.999 99.999 99.999 13.004 13.035 99.999 99.999 99.999  0.198 99.999 99.999 99.999 99.999  99.999  99.999  99.999  99.999  0.085  0.085  0.034  0.041  0.056  0.068    5    4 99.999 99.999   99  20.959803500 -17.208892742  0 15 21.68 2003  7 28 2452848.51066759     1  Clear                 net0009.fits                                       Triton                1004  1024
  -0.074   0.178  505.98  476.18 1.888     29.31      7.05 99.999 99.999 99.999 13.286 13.345 99.999 99.999 99.999  0.298 99.999 99.999 99.999 99.999  99.999  99.999  99.999  99.999  0.043  0.043  0.025  0.018  0.074  0.055   16    9 99.999 99.999   99  20.959314825 -17.209952398  6 27 53.63 2003  7 28 2452848.76937072     1  Clear                 net0045.fits                                       Triton                1004  1024
  -0.321   0.182  507.03  470.65 2.204     24.07      5.57 99.999 99.999 99.999 13.433 13.415 99.999 99.999 99.999  0.200 99.999 99.999 99.999 99.999  99.999  99.999  99.999  99.999  0.058  0.058  0.019  0.020  0.058  0.062   16   10 99.999 99.999   99  20.959308825 -17.209953907  6 28 50.78 2003  7 28 2452848.77003218     1  Clear                 net0046.fits                                       Triton                1004  1024
  -0.042   0.227  506.94  472.24 1.387     49.47      7.12 99.999 99.999 99.999 13.239 13.275 99.999 99.999 99.999  0.316 99.999 99.999 99.999 99.999  99.999  99.999  99.999  99.999  0.040  0.040  0.028  0.021  0.067  0.048   14    6 99.999 99.999   99  20.959313291 -17.209943200  6 29 36.08 2003  7 28 2452848.77055648     1  Clear                 net0047.fits                                       Triton                1004  1024
   0.075   0.186  506.77  474.77 1.513     37.36      9.11 99.999 99.999 99.999 13.197 13.281 99.999 99.999 99.999  0.164 99.999 99.999 99.999 99.999  99.999  99.999  99.999  99.999  0.039  0.039  0.019  0.019  0.060  0.060   13   10 99.999 99.999   99  20.959314599 -17.209956591  6 30 21.17 2003  7 28 2452848.77107836     1  Clear                 net0048.fits                                       Triton                1004  1024
  -0.052  -0.133  507.03  474.70 2.252     26.02      4.50 99.999 99.999 99.999 13.364 13.409 99.999 99.999 99.999  0.222 99.999 99.999 99.999 99.999  99.999  99.999  99.999  99.999  0.050  0.050  0.029  0.013  0.095  0.043   13   11 99.999 99.999   99  20.959309410 -17.210050611  6 32 30.17 2003  7 28 2452848.77257141     1  Clear                 net0050.fits                                       Triton                1004  1024
  -0.456  -0.031  497.84  467.02 2.646     13.48      5.67 99.999 99.999 99.999 13.347 13.444 99.999 99.999 99.999  0.193 99.999 99.999 99.999 99.999  99.999  99.999  99.999  99.999  0.013  0.013  0.003  0.045  0.006  0.082    6    4 99.999 99.999   99  20.959208432 -17.210208571  7 46 38.40 2003  7 28 2452848.82405556     1  Clear                 net0061.fits                                       Triton                1004  1024
  -0.025   0.153  496.96  468.11 2.159     18.77      6.56 99.999 99.999 99.999 13.480 13.542 99.999 99.999 99.999  0.232 99.999 99.999 99.999 99.999  99.999  99.999  99.999  99.999  0.004  0.004  0.020  0.020  0.048  0.049   10    6 99.999 99.999   99  20.959215576 -17.210159983  7 47 37.31 2003  7 28 2452848.82473738     1  Clear                 net0062.fits                                       Triton                1004  1024
   0.518   0.389  497.12  466.45 2.199     16.06      6.55 99.999 99.999 99.999 13.229 13.154 99.999 99.999 99.999  0.322 99.999 99.999 99.999 99.999  99.999  99.999  99.999  99.999  0.014  0.014  0.051  0.002  0.112  0.005    7    5 99.999 99.999   99  20.959225133 -17.210096285  7 48 23.77 2003  7 28 2452848.82527512     1  Clear                 net0063.fits                                       Triton                1004  1024
  -0.279  -0.228  497.86  471.28 2.469     17.30      5.90 99.999 99.999 99.999 13.549 13.536 99.999 99.999 99.999  0.265 99.999 99.999 99.999 99.999  99.999  99.999  99.999  99.999  0.042  0.042  0.045  0.052  0.091  0.104    9    5 99.999 99.999   99  20.959207434 -17.210272318  7 50 11.29 2003  7 28 2452848.82651956     1  Clear                 net0065.fits                                       Triton                1004  1024
  -0.003   0.292  497.61  475.79 2.230     17.95      6.54 99.999 99.999 99.999 13.433 13.562 99.999 99.999 99.999  0.185 99.999 99.999 99.999 99.999  99.999  99.999  99.999  99.999  0.000  0.000  0.025  0.002  0.048  0.003    6    4 99.999 99.999   99  20.959211448 -17.210130285  7 51 16.27 2003  7 28 2452848.82727164     1  Clear                 net0066.fits                                       Triton                1004  1024
  -0.155  -0.336  498.64  474.86 2.320     17.78      5.78 99.999 99.999 99.999 13.289 13.467 99.999 99.999 99.999  0.117 99.999 99.999 99.999 99.999  99.999  99.999  99.999  99.999  0.034  0.034  0.000  0.076  0.001  0.099    6    4 99.999 99.999   99  20.959207542 -17.210306788  7 52  1.47 2003  7 28 2452848.82779479     1  Clear                 net0067.fits                                       Triton                1004  1024
  -0.106   0.699  497.72  473.75 2.548     16.04      5.94 99.999 99.999 99.999 13.231 13.176 99.999 99.999 99.999  0.165 99.999 99.999 99.999 99.999  99.999  99.999  99.999  99.999  0.037  0.037  0.037  0.049  0.080  0.105    6    5 99.999 99.999   99  20.959207578 -17.210021072  7 52 45.85 2003  7 28 2452848.82830845     1  Clear                 net0068.fits                                       Triton                1004  1024
  -0.446  -0.127  498.78  478.09 2.466     15.40      5.75 99.999 99.999 99.999 13.152 13.254 99.999 99.999 99.999  0.147 99.999 99.999 99.999 99.999  99.999  99.999  99.999  99.999  0.047  0.047  0.000  0.000  0.000  0.000    5    3 99.999 99.999   99  20.959199739 -17.210253053  7 53 46.45 2003  7 28 2452848.82900984     1  Clear                 net0069.fits                                       Triton                1004  1024
   0.255   0.219  498.08  481.96 2.717     13.17      5.96 99.999 99.999 99.999 13.289 13.279 99.999 99.999 99.999  0.215 99.999 99.999 99.999 99.999  99.999  99.999  99.999  99.999  0.054  0.054  0.014  0.067  0.026  0.128    6    4 99.999 99.999   99  20.959212198 -17.210159033  7 54 40.13 2003  7 28 2452848.82963113     1  Clear                 net0070.fits                                       Triton                1004  1024
   0.153   0.058  498.44  485.24 3.621     64.94     14.05 99.999 99.999 99.999 13.295 13.347 99.999 99.999 99.999  0.175 99.999 99.999 99.999 99.999  99.999  99.999  99.999  99.999  0.008  0.008  0.022  0.024  0.069  0.077   16   12 99.999 99.999   99  20.959201499 -17.210221462  8  1 40.98 2003  7 28 2452848.83450208    10  Clear                 net0075.fits                                       Triton                1004  1024
  -0.315   0.166  499.03  485.61 2.895    107.28     14.64 99.999 99.999 99.999 13.264 13.370 99.999 99.999 99.999  0.177 99.999 99.999 99.999 99.999  99.999  99.999  99.999  99.999  0.017  0.017  0.022  0.017  0.072  0.054   26   11 99.999 99.999   99  20.959191316 -17.210193668  8  2 35.12 2003  7 28 2452848.83512870    10  Clear                 net0076.fits                                       Triton                1004  1024
  -0.260  -0.118  499.99  491.40 3.324     84.00     11.92 99.999 99.999 99.999 13.345 13.406 99.999 99.999 99.999  0.200 99.999 99.999 99.999 99.999  99.999  99.999  99.999  99.999  0.020  0.020  0.018  0.017  0.062  0.059   26   13 99.999 99.999   99  20.959188685 -17.210279596  8  5 33.09 2003  7 28 2452848.83718854    10  Clear                 net0079.fits                                       Triton                1004  1024
