  -0.092   0.003  509.21  528.72 2.356     44.51      8.56 99.999 99.999 99.999 13.282 13.188 99.999 99.999 99.999  0.324 99.999 99.999 99.999 99.999  99.999  99.999  99.999  99.999  0.022  0.022  0.017  0.018  0.062  0.065   22   15 99.999 99.999   99  20.963849877 -17.194468758  1 14 54.16 2003  7 26 2452846.55201574    10  Clear                 net0012.fits                                       Triton                1004  1024
  -0.095   0.094  509.50  529.89 1.738    333.23     18.60 99.999 99.999 99.999 13.126 12.936 99.999 99.999 99.999  0.214 99.999 99.999 99.999 99.999  99.999  99.999  99.999  99.999  0.025  0.025  0.016  0.014  0.066  0.057   29   21 99.999 99.999   99  20.963847249 -17.194457602  1 16 42.30 2003  7 26 2452846.55326736    10  Clear                 net0014.fits                                       Triton                1004  1024
  -0.090   0.070  503.50  526.30 1.660    366.69     26.07 99.999 99.999 99.999 13.151 12.915 99.999 99.999 99.999  0.192 99.999 99.999 99.999 99.999  99.999  99.999  99.999  99.999  0.023  0.023  0.017  0.016  0.072  0.066   25   20 99.999 99.999   99  20.963845566 -17.194473589  1 17 56.59 2003  7 26 2452846.55412720    10  Clear                 net0015.fits                                       Triton                1004  1024
  -0.071   0.011  503.67  529.53 1.616    410.17     17.31 99.999 99.999 99.999 13.181 12.993 99.999 99.999 99.999  0.191 99.999 99.999 99.999 99.999  99.999  99.999  99.999  99.999  0.021  0.021  0.016  0.014  0.071  0.062   27   22 99.999 99.999   99  20.963844626 -17.194496821  1 18 51.23 2003  7 26 2452846.55475961    10  Clear                 net0016.fits                                       Triton                1004  1024
  -0.147   0.022  503.38  531.61 1.696    344.64     22.73 99.999 99.999 99.999 13.177 12.977 99.999 99.999 99.999  0.163 99.999 99.999 99.999 99.999  99.999  99.999  99.999  99.999  0.026  0.026  0.014  0.015  0.061  0.065   27   21 99.999 99.999   99  20.963841876 -17.194500884  1 19 44.99 2003  7 26 2452846.55538183    10  Clear                 net0017.fits                                       Triton                1004  1024
  -0.123  -0.033  496.17  534.12 1.478    416.60     40.54 99.999 99.999 99.999 13.186 12.967 99.999 99.999 99.999  0.191 99.999 99.999 99.999 99.999  99.999  99.999  99.999  99.999  0.028  0.028  0.016  0.013  0.060  0.046   23   17 99.999 99.999   99  20.963840619 -17.194525180  1 20 57.44 2003  7 26 2452846.55622037    10  Clear                 net0018.fits                                       Triton                1004  1024
  -0.126   0.044  496.26  531.83 1.869    219.44     19.53 99.999 99.999 99.999 13.213 13.114 99.999 99.999 99.999  0.167 99.999 99.999 99.999 99.999  99.999  99.999  99.999  99.999  0.023  0.023  0.016  0.015  0.066  0.064   25   19 99.999 99.999   99  20.963839253 -17.194510959  1 21 51.99 2003  7 26 2452846.55685174    10  Clear                 net0019.fits                                       Triton                1004  1024
  -0.112  -0.009  496.29  534.38 1.689    355.73     16.56 99.999 99.999 99.999 13.146 12.939 99.999 99.999 99.999  0.181 99.999 99.999 99.999 99.999  99.999  99.999  99.999  99.999  0.021  0.021  0.015  0.010  0.063  0.042   25   20 99.999 99.999   99  20.963838222 -17.194532403  1 22 46.56 2003  7 26 2452846.55748333    10  Clear                 net0020.fits                                       Triton                1004  1024
   0.015   0.075  686.49    8.32 2.735   3315.63    185.74 99.999 99.999 99.999 13.162 12.856 99.999 99.999 99.999  0.114 99.999 99.999 99.999 99.999  99.999  99.999  99.999  99.999  0.033  0.033  0.026  0.023  0.062  0.056   34   25 99.999 99.999   99  20.963817092 -17.194634889  1 39 13.90 2003  7 26 2452846.56891088   210  Clear                 net0021.fits                                       Triton                1004  1024
  -0.010   0.047  687.06   14.69 1.946   4211.61    289.24 99.999 99.999 99.999 13.261 12.758 99.999 99.999 99.999  0.122 99.999 99.999 99.999 99.999  99.999  99.999  99.999  99.999  0.046  0.046  0.020  0.020  0.050  0.050   35   28 99.999 99.999   99  20.963809331 -17.194681340  1 44 18.48 2003  7 26 2452846.57243611   180  Clear                 net0022.fits                                       Triton                1004  1024
   0.077   0.068  687.05   16.46 2.082   1906.31    144.30 99.999 99.999 99.999 13.249 12.843 99.999 99.999 99.999  0.118 99.999 99.999 99.999 99.999  99.999  99.999  99.999  99.999  0.034  0.034  0.021  0.021  0.051  0.053   37   27 99.999 99.999   99  20.963805651 -17.194703871  1 48  2.12 2003  7 26 2452846.57502454   180  Clear                 net0023.fits                                       Triton                1004  1024
  -0.007   0.057  688.00   18.90 2.055    927.86    109.96 99.999 99.999 99.999 13.285 13.170 99.999 99.999 99.999  0.120 99.999 99.999 99.999 99.999  99.999  99.999  99.999  99.999  0.048  0.048  0.021  0.021  0.051  0.053   36   29 99.999 99.999   99  20.963788279 -17.194790339  1 58 59.26 2003  7 26 2452846.58263032   180  Clear                 net0026.fits                                       Triton                1004  1024
   0.060   0.079  688.30   21.97 2.183    875.14     96.62 99.999 99.999 99.999 13.264 13.013 99.999 99.999 99.999  0.127 99.999 99.999 99.999 99.999  99.999  99.999  99.999  99.999  0.017  0.017  0.025  0.024  0.062  0.058   37   28 99.999 99.999   99  20.963784226 -17.194812674  2  2 43.77 2003  7 26 2452846.58522882   180  Clear                 net0027.fits                                       Triton                1004  1024
   0.049   0.030  691.24   24.83 2.050   1967.84    210.22 99.999 99.999 99.999 13.256 12.825 99.999 99.999 99.999  0.126 99.999 99.999 99.999 99.999  99.999  99.999  99.999  99.999  0.035  0.035  0.025  0.019  0.061  0.045   36   26 99.999 99.999   99  20.963778585 -17.194854723  2  6 28.60 2003  7 26 2452846.58783102    90  Clear                 net0028.fits                                       Triton                1004  1024
   0.020   0.061  691.66   28.14 1.906    881.66    105.43 99.999 99.999 99.999 13.295 13.057 99.999 99.999 99.999  0.128 99.999 99.999 99.999 99.999  99.999  99.999  99.999  99.999  0.017  0.017  0.022  0.022  0.059  0.059   35   28 99.999 99.999   99  20.963774831 -17.194863180  2  8 42.28 2003  7 26 2452846.58937824    90  Clear                 net0029.fits                                       Triton                1004  1024
   0.045   0.047  691.87   25.71 2.025    307.38     34.23 99.999 99.999 99.999 13.239 13.161 99.999 99.999 99.999  0.105 99.999 99.999 99.999 99.999  99.999  99.999  99.999  99.999  0.021  0.021  0.020  0.022  0.050  0.054   34   28 99.999 99.999   99  20.963772097 -17.194883779  2 10 55.93 2003  7 26 2452846.59092512    90  Clear                 net0030.fits                                       Triton                1004  1024
  -0.087   0.031  506.12  463.73 1.614    336.01     24.50 99.999 99.999 99.999 13.291 13.149 99.999 99.999 99.999  0.192 99.999 99.999 99.999 99.999  99.999  99.999  99.999  99.999  0.020  0.020  0.016  0.016  0.064  0.062   26   20 99.999 99.999   99  20.963584872 -17.195840257  4 18 23.09 2003  7 26 2452846.67943391     8  Clear                 net0031.fits                                       Triton                1004  1024
  -0.098   0.048  505.44  465.73 1.146    387.35     82.49 99.999 99.999 99.999 13.330 13.108 99.999 99.999 99.999  0.173 99.999 99.999 99.999 99.999  99.999  99.999  99.999  99.999  0.019  0.020  0.014  0.012  0.061  0.053   25   21 99.999 99.999   99  20.963583374 -17.195841888  4 19 14.67 2003  7 26 2452846.68003090     8  Clear                 net0032.fits                                       Triton                1004  1024
  -0.076   0.070  505.69  467.45 1.259    497.55     36.41 99.999 99.999 99.999 13.280 13.102 99.999 99.999 99.999  0.193 99.999 99.999 99.999 99.999  99.999  99.999  99.999  99.999  0.008  0.008  0.015  0.013  0.059  0.048   24   18 99.999 99.999   99  20.963582551 -17.195842145  4 20  7.16 2003  7 26 2452846.68063843     8  Clear                 net0033.fits                                       Triton                1004  1024
  -0.099   0.059  505.12  472.74 1.271    475.41     40.39 99.999 99.999 99.999 13.231 13.004 99.999 99.999 99.999  0.145 99.999 99.999 99.999 99.999  99.999  99.999  99.999  99.999  0.010  0.010  0.016  0.013  0.057  0.045   24   18 99.999 99.999   99  20.963577717 -17.195867443  4 23  7.90 2003  7 26 2452846.68273032     8  Clear                 net0036.fits                                       Triton                1004  1024
  -0.082   0.010  505.80  479.11 1.328    521.66     52.86 99.999 99.999 99.999 13.251 13.107 99.999 99.999 99.999  0.187 99.999 99.999 99.999 99.999  99.999  99.999  99.999  99.999  0.009  0.009  0.018  0.011  0.060  0.036   22   16 99.999 99.999   99  20.963571852 -17.195912138  4 27 22.86 2003  7 26 2452846.68568125    10  Clear                 net0038.fits                                       Triton                1004  1024
  -0.068   0.014  505.40  479.55 1.332    561.23     42.47 99.999 99.999 99.999 13.243 13.030 99.999 99.999 99.999  0.175 99.999 99.999 99.999 99.999  99.999  99.999  99.999  99.999  0.016  0.016  0.020  0.013  0.070  0.045   19   16 99.999 99.999   99  20.963570815 -17.195917880  4 28 16.57 2003  7 26 2452846.68630289    10  Clear                 net0039.fits                                       Triton                1004  1024
  -0.051   0.031  505.36  475.85 1.488    357.82     46.52 99.999 99.999 99.999 13.253 13.132 99.999 99.999 99.999  0.192 99.999 99.999 99.999 99.999  99.999  99.999  99.999  99.999  0.014  0.014  0.017  0.012  0.061  0.041   27   19 99.999 99.999   99  20.963569818 -17.195919713  4 29 11.04 2003  7 26 2452846.68693333    10  Clear                 net0040.fits                                       Triton                1004  1024
  -0.148   0.029  505.58  476.65 1.719     30.75      7.64 99.999 99.999 99.999 13.314 13.225 99.999 99.999 99.999  0.215 99.999 99.999 99.999 99.999  99.999  99.999  99.999  99.999  0.037  0.037  0.024  0.017  0.072  0.051   17   12 99.999 99.999   99  20.963565625 -17.195931764  4 30 45.53 2003  7 26 2452846.68802697     1  Clear                 net0041.fits                                       Triton                1004  1024
  -0.073   0.041  504.89  480.25 1.303     45.25     12.21 99.999 99.999 99.999 13.393 13.381 99.999 99.999 99.999  0.192 99.999 99.999 99.999 99.999  99.999  99.999  99.999  99.999  0.028  0.028  0.020  0.012  0.066  0.040   18   13 99.999 99.999   99  20.963560814 -17.195960100  4 35  4.84 2003  7 26 2452846.69102824     1  Clear                 net0046.fits                                       Triton                1004  1024
  -0.071  -0.028  505.06  485.99 1.553     50.69      5.58 99.999 99.999 99.999 13.428 13.289 99.999 99.999 99.999  0.160 99.999 99.999 99.999 99.999  99.999  99.999  99.999  99.999  0.043  0.043  0.020  0.019  0.071  0.069   16   14 99.999 99.999   99  20.963558313 -17.195992042  4 36 48.95 2003  7 26 2452846.69223322     1  Clear                 net0048.fits                                       Triton                1004  1024
  -0.177  -0.011  548.65  540.02 1.801     34.09     12.22 99.999 99.999 99.999 13.213 13.170 99.999 99.999 99.999  0.303 99.999 99.999 99.999 99.999  99.999  99.999  99.999  99.999  0.009  0.009  0.014  0.017  0.037  0.044   12    9 99.999 99.999   99  20.963303678 -17.197224334  7 29 28.26 2003  7 26 2452846.81213264    30  Clear                 net0061.fits                                       Triton                1004  1024
  -0.178  -0.028  548.47  536.77 1.351     55.18     14.43 99.999 99.999 99.999 13.169 13.034 99.999 99.999 99.999  0.204 99.999 99.999 99.999 99.999  99.999  99.999  99.999  99.999  0.022  0.022  0.040  0.025  0.077  0.048   14    9 99.999 99.999   99  20.963298412 -17.197254423  7 33  4.35 2003  7 26 2452846.81463368    40  Clear                 net0062.fits                                       Triton                1004  1024
  -0.158  -0.017  549.43  541.98 2.670     24.58      9.36 99.999 99.999 99.999 13.390 13.295 99.999 99.999 99.999  0.209 99.999 99.999 99.999 99.999  99.999  99.999  99.999  99.999  0.047  0.047  0.025  0.034  0.062  0.084   11    8 99.999 99.999   99  20.963286641 -17.197309235  7 41 21.77 2003  7 26 2452846.82039086    40  Clear                 net0067.fits                                       Triton                1004  1024
  -0.187   0.051  558.81  539.43 1.644     16.81      6.24 99.999 99.999 99.999 13.455 13.364 99.999 99.999 99.999  0.822 99.999 99.999 99.999 99.999  99.999  99.999  99.999  99.999  0.034  0.034  0.000  0.000  0.000  0.000    6    3 99.999 99.999   99  20.963272994 -17.197352871  7 50 17.79 2003  7 26 2452846.82659479     1  Clear                 net0073.fits                                       Triton                1004  1024
   0.067   0.041  558.80  539.12 1.188     45.17     10.14 99.999 99.999 99.999 13.262 12.981 99.999 99.999 99.999  0.272 99.999 99.999 99.999 99.999  99.999  99.999  99.999  99.999  0.000  0.000  0.043  0.039  0.087  0.080   12    8 99.999 99.999   99  20.963271775 -17.197384664  7 54 29.50 2003  7 26 2452846.82950810     1  Clear                 net0077.fits                                       Triton                1004  1024
  -0.169   0.017  554.31  537.31 1.681     27.74      7.48 99.999 99.999 99.999 13.351 13.283 99.999 99.999 99.999  0.211 99.999 99.999 99.999 99.999  99.999  99.999  99.999  99.999  0.033  0.033  0.031  0.019  0.079  0.049   10    9 99.999 99.999   99  20.963265703 -17.197398351  7 55 31.04 2003  7 26 2452846.83022037     1  Clear                 net0078.fits                                       Triton                1004  1024
