   0.042  -0.038 1007.47  884.65 1.653    162.17     29.05 99.999 99.999 99.999 13.470 13.518 99.999 99.999 99.999  0.165 99.999 99.999 99.999 99.999  99.999  99.999  99.999  99.999  0.012  0.012  0.018  0.022  0.060  0.072   31   18 99.999 99.999   99  21.474956187 -15.108465909  5  9 34.25 2006  6  8 2453894.71497975     1  Clear                 netuno0002.fits                                    Triton                2040  2050
  -0.019  -0.119 1009.71  886.22 1.525    205.68     30.63 99.999 99.999 99.999 13.353 13.288 99.999 99.999 99.999  0.171 99.999 99.999 99.999 99.999  99.999  99.999  99.999  99.999  0.017  0.017  0.017  0.015  0.067  0.060   35   21 99.999 99.999   99  21.474954239 -15.108487462  5 11 19.17 2006  6  8 2453894.71619410     1  Clear                 netuno0005.fits                                    Triton                2040  2050
   0.040  -0.064 1010.60  889.30 1.697    187.30     24.29 99.999 99.999 99.999 13.459 13.484 99.999 99.999 99.999  0.161 99.999 99.999 99.999 99.999  99.999  99.999  99.999  99.999  0.015  0.015  0.012  0.011  0.045  0.042   36   18 99.999 99.999   99  21.474954878 -15.108471539  5 12 28.52 2006  6  8 2453894.71699676     1  Clear                 netuno0007.fits                                    Triton                2040  2050
  -0.011  -0.120 1008.17  887.45 1.596    203.09     24.47 99.999 99.999 99.999 13.509 13.509 99.999 99.999 99.999  0.145 99.999 99.999 99.999 99.999  99.999  99.999  99.999  99.999  0.018  0.018  0.018  0.018  0.070  0.067   34   19 99.999 99.999   99  21.474953407 -15.108486740  5 13 37.09 2006  6  8 2453894.71779039     1  Clear                 netuno0009.fits                                    Triton                2040  2050
   0.065  -0.027 1009.15  887.93 1.861    172.98     17.64 99.999 99.999 99.999 13.402 13.407 99.999 99.999 99.999  0.166 99.999 99.999 99.999 99.999  99.999  99.999  99.999  99.999  0.014  0.014  0.018  0.019  0.071  0.075   32   21 99.999 99.999   99  21.474953579 -15.108459113  5 16 32.59 2006  6  8 2453894.71982164     1  Clear                 netuno0014.fits                                    Triton                2040  2050
  -0.065   0.009 1008.02  887.24 1.824    170.60     18.78 99.999 99.999 99.999 13.474 13.476 99.999 99.999 99.999  0.142 99.999 99.999 99.999 99.999  99.999  99.999  99.999  99.999  0.018  0.018  0.020  0.018  0.067  0.059   34   21 99.999 99.999   99  21.474950829 -15.108448853  5 17  6.93 2006  6  8 2453894.72021910     1  Clear                 netuno0015.fits                                    Triton                2040  2050
  -0.075  -0.113 1003.23  878.88 1.791    170.19     21.06 99.999 99.999 99.999 13.544 13.460 99.999 99.999 99.999  0.165 99.999 99.999 99.999 99.999  99.999  99.999  99.999  99.999  0.017  0.017  0.015  0.018  0.062  0.074   36   21 99.999 99.999   99  21.474949889 -15.108482064  5 18 51.24 2006  6  8 2453894.72142639     1  Clear                 netuno0018.fits                                    Triton                2040  2050
  -0.021  -0.040 1000.99  874.30 1.447    228.23     32.49 99.999 99.999 99.999 13.367 13.260 99.999 99.999 99.999  0.143 99.999 99.999 99.999 99.999  99.999  99.999  99.999  99.999  0.021  0.021  0.014  0.012  0.062  0.051   36   24 99.999 99.999   99  21.474948440 -15.108458758  5 24 37.54 2006  6  8 2453894.72543449     1  Clear                 netuno0028.fits                                    Triton                2040  2050
   0.077   0.010  999.66  870.76 1.987    167.84     13.52 99.999 99.999 99.999 13.519 13.495 99.999 99.999 99.999  0.217 99.999 99.999 99.999 99.999  99.999  99.999  99.999  99.999  0.005  0.005  0.013  0.012  0.063  0.057   37   26 99.999 99.999   99  21.474949001 -15.108443370  5 27 37.54 2006  6  8 2453894.72751782     1  Clear                 netuno0032.fits                                    Triton                2040  2050
  -0.062  -0.089  999.23  872.81 1.505    242.80     27.13 99.999 99.999 99.999 13.452 13.374 99.999 99.999 99.999  0.179 99.999 99.999 99.999 99.999  99.999  99.999  99.999  99.999  0.023  0.023  0.014  0.013  0.064  0.059   35   22 99.999 99.999   99  21.474945840 -15.108470208  5 28 44.81 2006  6  8 2453894.72829641     1  Clear                 netuno0033.fits                                    Triton                2040  2050
  -0.048  -0.023  998.25  871.09 1.460    266.02     23.57 99.999 99.999 99.999 13.437 13.396 99.999 99.999 99.999  0.142 99.999 99.999 99.999 99.999  99.999  99.999  99.999  99.999  0.015  0.015  0.020  0.019  0.069  0.066   34   21 99.999 99.999   99  21.474945586 -15.108451340  5 29 56.95 2006  6  8 2453894.72913137     1  Clear                 netuno0034.fits                                    Triton                2040  2050
  -0.052   0.014  998.87  872.84 1.544    249.33     19.49 99.999 99.999 99.999 13.515 13.462 99.999 99.999 99.999  0.169 99.999 99.999 99.999 99.999  99.999  99.999  99.999  99.999  0.000  0.000  0.013  0.012  0.062  0.058   35   24 99.999 99.999   99  21.474944804 -15.108440294  5 31 35.98 2006  6  8 2453894.73027755     1  Clear                 netuno0035.fits                                    Triton                2040  2050
   0.011  -0.118  999.59  876.04 1.313    319.56     28.65 99.999 99.999 99.999 13.443 13.444 99.999 99.999 99.999  0.126 99.999 99.999 99.999 99.999  99.999  99.999  99.999  99.999  0.012  0.012  0.014  0.013  0.052  0.047   33   22 99.999 99.999   99  21.474945773 -15.108476695  5 32 10.19 2006  6  8 2453894.73067350     1  Clear                 netuno0036.fits                                    Triton                2040  2050
   0.038  -0.040  998.46  874.01 1.209    326.95     40.13 99.999 99.999 99.999 13.432 13.392 99.999 99.999 99.999  0.137 99.999 99.999 99.999 99.999  99.999  99.999  99.999  99.999  0.015  0.015  0.015  0.012  0.066  0.054   36   26 99.999 99.999   99  21.474946026 -15.108454854  5 32 43.54 2006  6  8 2453894.73105949     1  Clear                 netuno0037.fits                                    Triton                2040  2050
   0.070  -0.062  997.64  871.42 1.296    301.98     32.49 99.999 99.999 99.999 13.520 13.492 99.999 99.999 99.999  0.133 99.999 99.999 99.999 99.999  99.999  99.999  99.999  99.999  0.013  0.013  0.015  0.016  0.064  0.068   36   24 99.999 99.999   99  21.474946394 -15.108460617  5 33 17.74 2006  6  8 2453894.73145532     1  Clear                 netuno0038.fits                                    Triton                2040  2050
  -0.080  -0.097  997.66  872.73 1.830    212.59      9.89 99.999 99.999 99.999 13.510 13.526 99.999 99.999 99.999  0.152 99.999 99.999 99.999 99.999  99.999  99.999  99.999  99.999  0.018  0.018  0.015  0.016  0.060  0.062   37   25 99.999 99.999   99  21.474943263 -15.108469993  5 33 51.95 2006  6  8 2453894.73185127     1  Clear                 netuno0039.fits                                    Triton                2040  2050
  -0.005  -0.051  998.24  873.13 1.561    250.58     20.17 99.999 99.999 99.999 13.485 13.447 99.999 99.999 99.999  0.180 99.999 99.999 99.999 99.999  99.999  99.999  99.999  99.999  0.024  0.024  0.014  0.012  0.072  0.061   36   31 99.999 99.999   99  21.474943997 -15.108456498  5 35 33.91 2006  6  8 2453894.73303137     1  Clear                 netuno0042.fits                                    Triton                2040  2050
   0.069  -0.098  991.39  864.28 1.707    218.41     16.52 99.999 99.999 99.999 13.462 13.464 99.999 99.999 99.999  0.226 99.999 99.999 99.999 99.999  99.999  99.999  99.999  99.999  0.021  0.021  0.017  0.016  0.067  0.065   37   18 99.999 99.999   99  21.474944137 -15.108467926  5 38 27.53 2006  6  8 2453894.73504086     1  Clear                 netuno0047.fits                                    Triton                2040  2050
   0.060  -0.020  991.85  863.88 1.722    224.35     13.67 99.999 99.999 99.999 13.568 13.525 99.999 99.999 99.999  0.149 99.999 99.999 99.999 99.999  99.999  99.999  99.999  99.999  0.012  0.012  0.010  0.013  0.047  0.059   38   27 99.999 99.999   99  21.474943702 -15.108445832  5 39  2.61 2006  6  8 2453894.73544687     1  Clear                 netuno0048.fits                                    Triton                2040  2050
   0.004  -0.087  990.70  862.88 1.556    221.19     25.20 99.999 99.999 99.999 13.430 13.394 99.999 99.999 99.999  0.163 99.999 99.999 99.999 99.999  99.999  99.999  99.999  99.999  0.033  0.033  0.016  0.016  0.064  0.065   36   23 99.999 99.999   99  21.474941659 -15.108463427  5 41 18.75 2006  6  8 2453894.73702257     1  Clear                 netuno0052.fits                                    Triton                2040  2050
  -0.079  -0.086  988.07  858.09 1.475    274.19     24.01 99.999 99.999 99.999 13.376 13.324 99.999 99.999 99.999  0.155 99.999 99.999 99.999 99.999  99.999  99.999  99.999  99.999  0.023  0.023  0.016  0.014  0.070  0.062   38   22 99.999 99.999   99  21.474939573 -15.108462546  5 42 27.21 2006  6  8 2453894.73781493     1  Clear                 netuno0054.fits                                    Triton                2040  2050
   0.027  -0.049  991.15  860.18 1.506    272.13     19.16 99.999 99.999 99.999 13.627 13.626 99.999 99.999 99.999  0.186 99.999 99.999 99.999 99.999  99.999  99.999  99.999  99.999  0.010  0.010  0.011  0.012  0.056  0.061   38   29 99.999 99.999   99  21.474941098 -15.108451598  5 43 37.00 2006  6  8 2453894.73862268     1  Clear                 netuno0056.fits                                    Triton                2040  2050
  -0.024   0.008  988.82  858.35 1.399    277.86     26.17 99.999 99.999 99.999 13.523 13.494 99.999 99.999 99.999  0.174 99.999 99.999 99.999 99.999  99.999  99.999  99.999  99.999  0.022  0.022  0.017  0.015  0.075  0.066   38   25 99.999 99.999   99  21.474939378 -15.108434993  5 45 19.46 2006  6  8 2453894.73980857     1  Clear                 netuno0059.fits                                    Triton                2040  2050
  -0.033  -0.123  986.47  857.32 0.999    285.29     72.37 99.999 99.999 99.999 13.488 13.446 99.999 99.999 99.999  0.155 99.999 99.999 99.999 99.999  99.999  99.999  99.999  99.999  0.028  0.029  0.009  0.015  0.042  0.073   36   23 99.999 99.999   99  21.474938941 -15.108470986  5 45 53.65 2006  6  8 2453894.74020428     1  Clear                 netuno0060.fits                                    Triton                2040  2050
  -0.031  -0.050  986.51  855.16 1.187    334.42     41.11 99.999 99.999 99.999 13.472 13.389 99.999 99.999 99.999  0.137 99.999 99.999 99.999 99.999  99.999  99.999  99.999  99.999  0.015  0.015  0.016  0.015  0.074  0.067   36   25 99.999 99.999   99  21.474938524 -15.108449954  5 47  2.06 2006  6  8 2453894.74099606     1  Clear                 netuno0062.fits                                    Triton                2040  2050
   0.013   0.004  989.74  860.62 1.679    227.08     14.78 99.999 99.999 99.999 13.525 13.483 99.999 99.999 99.999  0.180 99.999 99.999 99.999 99.999  99.999  99.999  99.999  99.999  0.021  0.021  0.015  0.012  0.065  0.052   35   21 99.999 99.999   99  21.474938855 -15.108434401  5 48  9.74 2006  6  8 2453894.74177940     1  Clear                 netuno0064.fits                                    Triton                2040  2050
   0.006  -0.113  987.91  857.04 1.158   1020.66     98.26 99.999 99.999 99.999 13.407 13.261 99.999 99.999 99.999  0.136 99.999 99.999 99.999 99.999  99.999  99.999  99.999  99.999  0.014  0.014  0.010  0.012  0.051  0.057   38   32 99.999 99.999   99  21.474937540 -15.108465546  5 50 57.72 2006  6  8 2453894.74372361     3  Clear                 netuno0065.fits                                    Triton                2040  2050
   0.026  -0.055  991.35  862.31 1.608    727.41     29.97 99.999 99.999 99.999 13.535 13.395 99.999 99.999 99.999  0.184 99.999 99.999 99.999 99.999  99.999  99.999  99.999  99.999  0.012  0.012  0.014  0.011  0.066  0.053   38   29 99.999 99.999   99  21.474937242 -15.108448581  5 52 29.08 2006  6  8 2453894.74478102     3  Clear                 netuno0066.fits                                    Triton                2040  2050
   0.007  -0.054  990.20  860.34 1.933    534.01     20.19 99.999 99.999 99.999 13.494 13.399 99.999 99.999 99.999  0.164 99.999 99.999 99.999 99.999  99.999  99.999  99.999  99.999  0.014  0.014  0.017  0.012  0.077  0.054   36   24 99.999 99.999   99  21.474936633 -15.108448191  5 53  4.43 2006  6  8 2453894.74519016     3  Clear                 netuno0067.fits                                    Triton                2040  2050
   0.031  -0.100  988.31  857.97 1.562    720.40     42.71 99.999 99.999 99.999 13.515 13.372 99.999 99.999 99.999  0.184 99.999 99.999 99.999 99.999  99.999  99.999  99.999  99.999  0.012  0.012  0.012  0.010  0.065  0.054   38   31 99.999 99.999   99  21.474936567 -15.108460201  5 54 16.82 2006  6  8 2453894.74602801     3  Clear                 netuno0069.fits                                    Triton                2040  2050
   0.028  -0.065  988.60  858.52 1.883    492.88     35.48 99.999 99.999 99.999 13.530 13.436 99.999 99.999 99.999  0.164 99.999 99.999 99.999 99.999  99.999  99.999  99.999  99.999  0.015  0.015  0.012  0.013  0.055  0.061   36   30 99.999 99.999   99  21.474936256 -15.108450239  5 54 53.04 2006  6  8 2453894.74644722     3  Clear                 netuno0070.fits                                    Triton                2040  2050
  -0.054  -0.058  990.91  861.65 1.621    681.05     38.58 99.999 99.999 99.999 13.451 13.317 99.999 99.999 99.999  0.141 99.999 99.999 99.999 99.999  99.999  99.999  99.999  99.999  0.010  0.010  0.013  0.010  0.062  0.049   38   27 99.999 99.999   99  21.474934416 -15.108447668  5 55 28.39 2006  6  8 2453894.74685637     3  Clear                 netuno0071.fits                                    Triton                2040  2050
  -0.040  -0.011  992.17  863.28 1.548    687.74     49.21 99.999 99.999 99.999 13.426 13.276 99.999 99.999 99.999  0.138 99.999 99.999 99.999 99.999  99.999  99.999  99.999  99.999  0.016  0.016  0.012  0.009  0.060  0.045   38   33 99.999 99.999   99  21.474934432 -15.108434370  5 56  4.59 2006  6  8 2453894.74727535     3  Clear                 netuno0072.fits                                    Triton                2040  2050
   0.007  -0.062  991.05  861.83 1.673    674.19     29.61 99.999 99.999 99.999 13.442 13.336 99.999 99.999 99.999  0.150 99.999 99.999 99.999 99.999  99.999  99.999  99.999  99.999  0.015  0.015  0.012  0.009  0.058  0.047   38   32 99.999 99.999   99  21.474935080 -15.108448288  5 56 40.78 2006  6  8 2453894.74769421     3  Clear                 netuno0073.fits                                    Triton                2040  2050
  -0.072   0.014  990.07  859.63 1.342    815.30     79.90 99.999 99.999 99.999 13.480 13.352 99.999 99.999 99.999  0.129 99.999 99.999 99.999 99.999  99.999  99.999  99.999  99.999  0.014  0.014  0.013  0.012  0.062  0.055   38   31 99.999 99.999   99  21.474933286 -15.108426815  5 57 17.01 2006  6  8 2453894.74811354     3  Clear                 netuno0074.fits                                    Triton                2040  2050
   0.032  -0.019  989.67  857.04 2.165    505.56      3.42 99.999 99.999 99.999 13.475 13.337 99.999 99.999 99.999  0.167 99.999 99.999 99.999 99.999  99.999  99.999  99.999  99.999  0.019  0.019  0.014  0.013  0.063  0.061   38   29 99.999 99.999   99  21.474935028 -15.108435869  5 57 52.51 2006  6  8 2453894.74852442     3  Clear                 netuno0075.fits                                    Triton                2040  2050
  -0.041  -0.020  987.08  853.50 1.846    544.76     29.10 99.999 99.999 99.999 13.480 13.338 99.999 99.999 99.999  0.142 99.999 99.999 99.999 99.999  99.999  99.999  99.999  99.999  0.016  0.016  0.013  0.012  0.060  0.058   36   30 99.999 99.999   99  21.474933389 -15.108435717  5 58 28.71 2006  6  8 2453894.74894340     3  Clear                 netuno0076.fits                                    Triton                2040  2050
   0.030  -0.095  989.30  857.99 1.544    647.78     57.95 99.999 99.999 99.999 13.404 13.204 99.999 99.999 99.999  0.145 99.999 99.999 99.999 99.999  99.999  99.999  99.999  99.999  0.011  0.011  0.019  0.017  0.063  0.056   35   22 99.999 99.999   99  21.474934215 -15.108455774  5 59 41.09 2006  6  8 2453894.74978113     3  Clear                 netuno0078.fits                                    Triton                2040  2050
  -0.053  -0.121  984.81  850.10 1.578    583.00     62.31 99.999 99.999 99.999 13.462 13.303 99.999 99.999 99.999  0.143 99.999 99.999 99.999 99.999  99.999  99.999  99.999  99.999  0.013  0.013  0.010  0.012  0.050  0.061   37   29 99.999 99.999   99  21.474931076 -15.108461095  6  3 17.45 2006  6  8 2453894.75228530     3  Clear                 netuno0084.fits                                    Triton                2040  2050
  -0.011  -0.075  986.65  851.24 1.773    555.89     35.52 99.999 99.999 99.999 13.431 13.248 99.999 99.999 99.999  0.143 99.999 99.999 99.999 99.999  99.999  99.999  99.999  99.999  0.017  0.017  0.013  0.013  0.055  0.055   36   21 99.999 99.999   99  21.474931348 -15.108447668  6  4 29.86 2006  6  8 2453894.75312338     3  Clear                 netuno0086.fits                                    Triton                2040  2050
   0.019  -0.045  984.55  848.98 2.327    362.68     24.89 99.999 99.999 99.999 13.475 13.350 99.999 99.999 99.999  0.149 99.999 99.999 99.999 99.999  99.999  99.999  99.999  99.999  0.034  0.034  0.013  0.013  0.058  0.059   37   30 99.999 99.999   99  21.474931674 -15.108439063  6  5  6.08 2006  6  8 2453894.75354259     3  Clear                 netuno0087.fits                                    Triton                2040  2050
   0.073  -0.011  984.20  847.86 1.688    558.87     51.73 99.999 99.999 99.999 13.388 13.242 99.999 99.999 99.999  0.147 99.999 99.999 99.999 99.999  99.999  99.999  99.999  99.999  0.020  0.020  0.013  0.011  0.063  0.054   37   29 99.999 99.999   99  21.474932447 -15.108429493  6  5 41.42 2006  6  8 2453894.75395162     3  Clear                 netuno0088.fits                                    Triton                2040  2050
   0.027   0.010  982.62  842.63 3.261    266.67     -0.42 99.999 99.999 99.999 13.547 13.469 99.999 99.999 99.999  0.139 99.999 99.999 99.999 99.999  99.999  99.999  99.999  99.999  0.033  0.033  0.016  0.010  0.074  0.045   34   28 99.999 99.999   99  21.474931039 -15.108422886  6  6 53.81 2006  6  8 2453894.75478947     3  Clear                 netuno0090.fits                                    Triton                2040  2050
   0.012  -0.078  986.50  850.98 1.796    499.00     48.27 99.999 99.999 99.999 13.455 13.316 99.999 99.999 99.999  0.156 99.999 99.999 99.999 99.999  99.999  99.999  99.999  99.999  0.023  0.023  0.012  0.012  0.055  0.056   37   29 99.999 99.999   99  21.474930266 -15.108446563  6  8  5.37 2006  6  8 2453894.75561771     3  Clear                 netuno0092.fits                                    Triton                2040  2050
  -0.035  -0.022  985.90  849.26 1.785    612.62     22.21 99.999 99.999 99.999 13.513 13.374 99.999 99.999 99.999  0.168 99.999 99.999 99.999 99.999  99.999  99.999  99.999  99.999  0.013  0.013  0.010  0.012  0.052  0.064   37   32 99.999 99.999   99  21.474929082 -15.108430933  6  8 41.65 2006  6  8 2453894.75603762     3  Clear                 netuno0093.fits                                    Triton                2040  2050
   0.032  -0.087  984.29  848.35 1.360    783.28     74.27 99.999 99.999 99.999 13.458 13.237 99.999 99.999 99.999  0.135 99.999 99.999 99.999 99.999  99.999  99.999  99.999  99.999  0.013  0.013  0.014  0.009  0.065  0.045   37   30 99.999 99.999   99  21.474930122 -15.108448718  6  9 17.85 2006  6  8 2453894.75645660     3  Clear                 netuno0094.fits                                    Triton                2040  2050
  -0.082  -0.060  984.40  848.61 1.429    731.45     71.94 99.999 99.999 99.999 13.487 13.337 99.999 99.999 99.999  0.140 99.999 99.999 99.999 99.999  99.999  99.999  99.999  99.999  0.018  0.018  0.013  0.013  0.058  0.061   37   26 99.999 99.999   99  21.474927678 -15.108440625  6  9 54.04 2006  6  8 2453894.75687546     3  Clear                 netuno0095.fits                                    Triton                2040  2050
  -0.052  -0.064  928.97  842.75 1.487    249.71     22.46 99.999 99.999 99.999 13.480 13.382 99.999 99.999 99.999  0.116 99.999 99.999 99.999 99.999  99.999  99.999  99.999  99.999  0.020  0.020  0.013  0.012  0.063  0.060   38   28 99.999 99.999   99  21.474894027 -15.108395412  7 30 23.52 2006  6  8 2453894.81277222     1  Clear                 netuno0098.fits                                    Triton                2040  2050
   0.030  -0.046  933.42  848.36 1.160    327.49     43.82 99.999 99.999 99.999 13.434 13.336 99.999 99.999 99.999  0.150 99.999 99.999 99.999 99.999  99.999  99.999  99.999  99.999  0.014  0.014  0.011  0.014  0.059  0.072   38   31 99.999 99.999   99  21.474894882 -15.108389121  7 32  5.50 2006  6  8 2453894.81395255     1  Clear                 netuno0101.fits                                    Triton                2040  2050
  -0.025  -0.061  931.43  846.40 1.674    221.02     17.50 99.999 99.999 99.999 13.563 13.513 99.999 99.999 99.999  0.111 99.999 99.999 99.999 99.999  99.999  99.999  99.999  99.999  0.013  0.013  0.014  0.013  0.062  0.058   37   22 99.999 99.999   99  21.474893358 -15.108392627  7 33 13.89 2006  6  8 2453894.81474410     1  Clear                 netuno0103.fits                                    Triton                2040  2050
   0.038   0.002  931.92  845.34 1.290    297.93     35.25 99.999 99.999 99.999 13.467 13.373 99.999 99.999 99.999  0.153 99.999 99.999 99.999 99.999  99.999  99.999  99.999  99.999  0.014  0.014  0.013  0.015  0.061  0.070   36   23 99.999 99.999   99  21.474894340 -15.108374693  7 33 47.41 2006  6  8 2453894.81513206     1  Clear                 netuno0104.fits                                    Triton                2040  2050
  -0.021  -0.033  929.73  844.22 1.360    256.72     30.81 99.999 99.999 99.999 13.418 13.356 99.999 99.999 99.999  0.130 99.999 99.999 99.999 99.999  99.999  99.999  99.999  99.999  0.017  0.017  0.013  0.012  0.061  0.057   39   27 99.999 99.999   99  21.474892964 -15.108384184  7 34 21.61 2006  6  8 2453894.81552789     1  Clear                 netuno0105.fits                                    Triton                2040  2050
   0.066  -0.081  933.65  850.86 1.371    250.50     33.07 99.999 99.999 99.999 13.433 13.394 99.999 99.999 99.999  0.141 99.999 99.999 99.999 99.999  99.999  99.999  99.999  99.999  0.014  0.014  0.014  0.013  0.055  0.054   36   23 99.999 99.999   99  21.474893896 -15.108396403  7 36  4.23 2006  6  8 2453894.81671563     1  Clear                 netuno0108.fits                                    Triton                2040  2050
  -0.054  -0.053  933.15  849.38 1.410    297.08     21.51 99.999 99.999 99.999 13.513 13.443 99.999 99.999 99.999  0.100 99.999 99.999 99.999 99.999  99.999  99.999  99.999  99.999  0.021  0.021  0.013  0.014  0.061  0.065   38   26 99.999 99.999   99  21.474891373 -15.108388445  7 36 37.57 2006  6  8 2453894.81710150     1  Clear                 netuno0109.fits                                    Triton                2040  2050
  -0.030  -0.124  932.30  848.45 1.177    307.39     45.68 99.999 99.999 99.999 13.503 13.451 99.999 99.999 99.999  0.142 99.999 99.999 99.999 99.999  99.999  99.999  99.999  99.999  0.017  0.017  0.011  0.014  0.054  0.067   38   28 99.999 99.999   99  21.474891583 -15.108407448  7 37 11.79 2006  6  8 2453894.81749757     1  Clear                 netuno0110.fits                                    Triton                2040  2050
  -0.033  -0.056  931.87  844.50 1.308    320.57     27.70 99.999 99.999 99.999 13.515 13.484 99.999 99.999 99.999  0.176 99.999 99.999 99.999 99.999  99.999  99.999  99.999  99.999  0.006  0.006  0.014  0.010  0.070  0.054   38   30 99.999 99.999   99  21.474891319 -15.108388469  7 37 46.03 2006  6  8 2453894.81789387     1  Clear                 netuno0111.fits                                    Triton                2040  2050
   0.035  -0.108  929.72  843.11 0.996    393.28     62.37 99.999 99.999 99.999 13.431 13.408 99.999 99.999 99.999  0.117 99.999 99.999 99.999 99.999  99.999  99.999  99.999  99.999  0.014  0.014  0.012  0.014  0.061  0.073   38   28 99.999 99.999   99  21.474892359 -15.108402523  7 38 19.38 2006  6  8 2453894.81827986     1  Clear                 netuno0112.fits                                    Triton                2040  2050
  -0.001  -0.036  931.60  844.52 0.997    418.67     60.86 99.999 99.999 99.999 13.428 13.339 99.999 99.999 99.999  0.123 99.999 99.999 99.999 99.999  99.999  99.999  99.999  99.999  0.015  0.015  0.012  0.009  0.062  0.047   36   30 99.999 99.999   99  21.474891445 -15.108382320  7 38 53.62 2006  6  8 2453894.81867616     1  Clear                 netuno0113.fits                                    Triton                2040  2050
  -0.043  -0.078  932.77  848.33 1.307    301.04     31.87 99.999 99.999 99.999 13.462 13.380 99.999 99.999 99.999  0.154 99.999 99.999 99.999 99.999  99.999  99.999  99.999  99.999  0.016  0.016  0.012  0.011  0.064  0.056   37   31 99.999 99.999   99  21.474890172 -15.108393114  7 40  1.41 2006  6  8 2453894.81946076     1  Clear                 netuno0115.fits                                    Triton                2040  2050
  -0.016  -0.080  932.41  846.00 1.350    290.31     27.20 99.999 99.999 99.999 13.487 13.452 99.999 99.999 99.999  0.126 99.999 99.999 99.999 99.999  99.999  99.999  99.999  99.999  0.012  0.012  0.012  0.013  0.064  0.071   38   32 99.999 99.999   99  21.474890434 -15.108393233  7 40 35.45 2006  6  8 2453894.81985475     1  Clear                 netuno0116.fits                                    Triton                2040  2050
   0.007  -0.028  930.63  843.19 1.323    274.98     33.29 99.999 99.999 99.999 13.439 13.407 99.999 99.999 99.999  0.141 99.999 99.999 99.999 99.999  99.999  99.999  99.999  99.999  0.004  0.004  0.014  0.014  0.062  0.064   35   27 99.999 99.999   99  21.474890416 -15.108378115  7 41 44.03 2006  6  8 2453894.82064850     1  Clear                 netuno0118.fits                                    Triton                2040  2050
  -0.044  -0.113  930.51  842.18 1.283    305.31     33.46 99.999 99.999 99.999 13.378 13.324 99.999 99.999 99.999  0.130 99.999 99.999 99.999 99.999  99.999  99.999  99.999  99.999  0.016  0.016  0.012  0.009  0.059  0.048   38   31 99.999 99.999   99  21.474889221 -15.108401289  7 42 17.39 2006  6  8 2453894.82103461     1  Clear                 netuno0119.fits                                    Triton                2040  2050
   0.016  -0.018  930.15  842.51 1.267    325.34     32.50 99.999 99.999 99.999 13.381 13.314 99.999 99.999 99.999  0.163 99.999 99.999 99.999 99.999  99.999  99.999  99.999  99.999  0.004  0.004  0.011  0.013  0.056  0.069   38   29 99.999 99.999   99  21.474890118 -15.108374805  7 42 52.09 2006  6  8 2453894.82143623     1  Clear                 netuno0120.fits                                    Triton                2040  2050
   0.062  -0.027  932.42  845.23 1.201    280.49     47.73 99.999 99.999 99.999 13.454 13.357 99.999 99.999 99.999  0.164 99.999 99.999 99.999 99.999  99.999  99.999  99.999  99.999  0.016  0.016  0.010  0.011  0.050  0.053   38   28 99.999 99.999   99  21.474890775 -15.108376873  7 43 25.45 2006  6  8 2453894.82182234     1  Clear                 netuno0121.fits                                    Triton                2040  2050
  -0.054  -0.085  931.94  844.67 1.261    306.60     32.04 99.999 99.999 99.999 13.430 13.333 99.999 99.999 99.999  0.130 99.999 99.999 99.999 99.999  99.999  99.999  99.999  99.999  0.009  0.009  0.013  0.015  0.061  0.070   38   26 99.999 99.999   99  21.474888050 -15.108392354  7 44 33.84 2006  6  8 2453894.82261389     1  Clear                 netuno0123.fits                                    Triton                2040  2050
   0.035  -0.049  930.08  841.49 1.220    292.20     42.80 99.999 99.999 99.999 13.504 13.412 99.999 99.999 99.999  0.130 99.999 99.999 99.999 99.999  99.999  99.999  99.999  99.999  0.014  0.014  0.014  0.014  0.066  0.069   37   25 99.999 99.999   99  21.474889063 -15.108381179  7 46 16.66 2006  6  8 2453894.82380394     1  Clear                 netuno0126.fits                                    Triton                2040  2050
   0.013  -0.096  933.19  845.20 1.430    821.32     51.30 99.999 99.999 99.999 13.449 13.274 99.999 99.999 99.999  0.138 99.999 99.999 99.999 99.999  99.999  99.999  99.999  99.999  0.014  0.014  0.010  0.010  0.050  0.050   38   31 99.999 99.999   99  21.474888244 -15.108393620  7 47 12.50 2006  6  8 2453894.82445023     3  Clear                 netuno0127.fits                                    Triton                2040  2050
   0.037  -0.051  934.57  847.17 1.190    949.27     99.35 99.999 99.999 99.999 13.414 13.222 99.999 99.999 99.999  0.118 99.999 99.999 99.999 99.999  99.999  99.999  99.999  99.999  0.006  0.006  0.011  0.011  0.049  0.052   38   30 99.999 99.999   99  21.474888456 -15.108380934  7 47 48.69 2006  6  8 2453894.82486910     3  Clear                 netuno0128.fits                                    Triton                2040  2050
  -0.043  -0.069  934.47  846.75 1.601    689.16     39.17 99.999 99.999 99.999 13.483 13.310 99.999 99.999 99.999  0.135 99.999 99.999 99.999 99.999  99.999  99.999  99.999  99.999  0.013  0.013  0.011  0.012  0.060  0.061   38   34 99.999 99.999   99  21.474886684 -15.108385171  7 48 24.51 2006  6  8 2453894.82528368     3  Clear                 netuno0129.fits                                    Triton                2040  2050
  -0.046  -0.133  933.96  844.82 1.390    809.91     62.65 99.999 99.999 99.999 13.455 13.310 99.999 99.999 99.999  0.104 99.999 99.999 99.999 99.999  99.999  99.999  99.999  99.999  0.014  0.014  0.013  0.013  0.059  0.063   38   28 99.999 99.999   99  21.474886359 -15.108402839  7 49  1.05 2006  6  8 2453894.82570660     3  Clear                 netuno0130.fits                                    Triton                2040  2050
  -0.062  -0.090  934.24  844.85 1.168    949.54    120.93 99.999 99.999 99.999 13.402 13.209 99.999 99.999 99.999  0.126 99.999 99.999 99.999 99.999  99.999  99.999  99.999  99.999  0.010  0.010  0.009  0.011  0.043  0.052   38   29 99.999 99.999   99  21.474885786 -15.108390617  7 49 37.59 2006  6  8 2453894.82612951     3  Clear                 netuno0131.fits                                    Triton                2040  2050
   0.063  -0.014  932.91  843.24 1.274    881.46     87.99 99.999 99.999 99.999 13.477 13.315 99.999 99.999 99.999  0.141 99.999 99.999 99.999 99.999  99.999  99.999  99.999  99.999  0.013  0.013  0.010  0.011  0.053  0.061   38   33 99.999 99.999   99  21.474887940 -15.108368760  7 50 13.79 2006  6  8 2453894.82654850     3  Clear                 netuno0132.fits                                    Triton                2040  2050
   0.021  -0.100  933.11  845.05 1.273    828.62     99.18 99.999 99.999 99.999 13.470 13.272 99.999 99.999 99.999  0.144 99.999 99.999 99.999 99.999  99.999  99.999  99.999  99.999  0.013  0.013  0.010  0.011  0.054  0.055   38   32 99.999 99.999   99  21.474886878 -15.108392475  7 50 50.04 2006  6  8 2453894.82696806     3  Clear                 netuno0133.fits                                    Triton                2040  2050
   0.011  -0.084  936.55  848.45 1.319    824.94     84.48 99.999 99.999 99.999 13.485 13.272 99.999 99.999 99.999  0.131 99.999 99.999 99.999 99.999  99.999  99.999  99.999  99.999  0.017  0.017  0.011  0.011  0.056  0.054   38   30 99.999 99.999   99  21.474886458 -15.108387855  7 51 25.37 2006  6  8 2453894.82737697     3  Clear                 netuno0134.fits                                    Triton                2040  2050
   0.013  -0.057  937.38  849.50 1.426    826.09     52.79 99.999 99.999 99.999 13.448 13.232 99.999 99.999 99.999  0.133 99.999 99.999 99.999 99.999  99.999  99.999  99.999  99.999  0.020  0.020  0.011  0.010  0.055  0.051   38   33 99.999 99.999   99  21.474886222 -15.108379647  7 52  1.57 2006  6  8 2453894.82779595     3  Clear                 netuno0135.fits                                    Triton                2040  2050
  -0.001  -0.048  936.68  847.68 1.227    947.12     94.32 99.999 99.999 99.999 13.476 13.257 99.999 99.999 99.999  0.119 99.999 99.999 99.999 99.999  99.999  99.999  99.999  99.999  0.013  0.013  0.012  0.009  0.058  0.047   38   32 99.999 99.999   99  21.474885699 -15.108377073  7 52 37.76 2006  6  8 2453894.82821481     3  Clear                 netuno0136.fits                                    Triton                2040  2050
  -0.011  -0.052  937.50  848.04 1.170   1022.73    101.93 99.999 99.999 99.999 13.482 13.230 99.999 99.999 99.999  0.145 99.999 99.999 99.999 99.999  99.999  99.999  99.999  99.999  0.011  0.011  0.009  0.010  0.047  0.052   38   34 99.999 99.999   99  21.474885262 -15.108377542  7 53 13.95 2006  6  8 2453894.82863368     3  Clear                 netuno0137.fits                                    Triton                2040  2050
   0.037  -0.032  936.47  846.43 1.647    607.39     49.29 99.999 99.999 99.999 13.602 13.406 99.999 99.999 99.999  0.112 99.999 99.999 99.999 99.999  99.999  99.999  99.999  99.999  0.022  0.022  0.010  0.008  0.056  0.045   38   33 99.999 99.999   99  21.474885929 -15.108371575  7 53 50.16 2006  6  8 2453894.82905278     3  Clear                 netuno0138.fits                                    Triton                2040  2050
  -0.071  -0.095  935.61  845.63 1.296    886.76     80.79 99.999 99.999 99.999 13.420 13.219 99.999 99.999 99.999  0.116 99.999 99.999 99.999 99.999  99.999  99.999  99.999  99.999  0.009  0.009  0.011  0.012  0.063  0.063   38   32 99.999 99.999   99  21.474883640 -15.108389010  7 54 25.51 2006  6  8 2453894.82946192     3  Clear                 netuno0139.fits                                    Triton                2040  2050
  -0.083  -0.117  937.55  849.44 1.439    795.56     53.80 99.999 99.999 99.999 13.455 13.232 99.999 99.999 99.999  0.118 99.999 99.999 99.999 99.999  99.999  99.999  99.999  99.999  0.001  0.001  0.011  0.013  0.058  0.072   38   31 99.999 99.999   99  21.474883161 -15.108394567  7 55  1.70 2006  6  8 2453894.82988079     3  Clear                 netuno0140.fits                                    Triton                2040  2050
  -0.067  -0.059  940.41  852.13 1.426    813.99     54.48 99.999 99.999 99.999 13.478 13.285 99.999 99.999 99.999  0.128 99.999 99.999 99.999 99.999  99.999  99.999  99.999  99.999  0.008  0.008  0.010  0.012  0.051  0.062   38   34 99.999 99.999   99  21.474883193 -15.108378109  7 55 37.96 2006  6  8 2453894.83030046     3  Clear                 netuno0141.fits                                    Triton                2040  2050
  -0.007  -0.010  940.61  851.22 1.362    849.94     62.05 99.999 99.999 99.999 13.402 13.198 99.999 99.999 99.999  0.131 99.999 99.999 99.999 99.999  99.999  99.999  99.999  99.999  0.010  0.010  0.009  0.010  0.044  0.052   38   32 99.999 99.999   99  21.474884089 -15.108364207  7 56 14.16 2006  6  8 2453894.83071944     3  Clear                 netuno0142.fits                                    Triton                2040  2050
  -0.077  -0.045  938.60  849.49 1.747    587.76     32.22 99.999 99.999 99.999 13.529 13.288 99.999 99.999 99.999  0.156 99.999 99.999 99.999 99.999  99.999  99.999  99.999  99.999  0.010  0.010  0.011  0.010  0.057  0.056   38   33 99.999 99.999   99  21.474882531 -15.108373428  7 56 49.50 2006  6  8 2453894.83112847     3  Clear                 netuno0143.fits                                    Triton                2040  2050
  -0.027  -0.027  938.74  846.81 1.270    880.27     94.55 99.999 99.999 99.999 13.440 13.214 99.999 99.999 99.999  0.141 99.999 99.999 99.999 99.999  99.999  99.999  99.999  99.999  0.012  0.012  0.010  0.012  0.055  0.065   38   36 99.999 99.999   99  21.474883232 -15.108368174  7 57 25.69 2006  6  8 2453894.83154734     3  Clear                 netuno0144.fits                                    Triton                2040  2050
   0.014  -0.005  936.12  844.51 1.482    703.59     65.58 99.999 99.999 99.999 13.490 13.302 99.999 99.999 99.999  0.125 99.999 99.999 99.999 99.999  99.999  99.999  99.999  99.999  0.009  0.009  0.011  0.012  0.056  0.061   38   31 99.999 99.999   99  21.474883773 -15.108361787  7 58  1.91 2006  6  8 2453894.83196655     3  Clear                 netuno0145.fits                                    Triton                2040  2050
  -0.054  -0.081  935.71  844.24 1.546    737.86     43.17 99.999 99.999 99.999 13.521 13.331 99.999 99.999 99.999  0.169 99.999 99.999 99.999 99.999  99.999  99.999  99.999  99.999  0.008  0.008  0.010  0.012  0.053  0.061   38   32 99.999 99.999   99  21.474882215 -15.108382091  7 58 38.12 2006  6  8 2453894.83238565     3  Clear                 netuno0146.fits                                    Triton                2040  2050
   0.058  -0.028  938.10  846.53 1.149    922.44    132.38 99.999 99.999 99.999 13.473 13.323 99.999 99.999 99.999  0.159 99.999 99.999 99.999 99.999  99.999  99.999  99.999  99.999  0.022  0.022  0.012  0.012  0.059  0.058   38   29 99.999 99.999   99  21.474883858 -15.108366543  7 59 49.66 2006  6  8 2453894.83321366     3  Clear                 netuno0148.fits                                    Triton                2040  2050
   0.008  -0.018  938.22  846.61 1.181   1088.87     86.47 99.999 99.999 99.999 13.486 13.259 99.999 99.999 99.999  0.160 99.999 99.999 99.999 99.999  99.999  99.999  99.999  99.999  0.012  0.012  0.010  0.011  0.052  0.058   38   35 99.999 99.999   99  21.474882646 -15.108363674  8  0 26.09 2006  6  8 2453894.83363530     3  Clear                 netuno0149.fits                                    Triton                2040  2050
  -0.027  -0.122  937.48  845.26 1.141   1034.55    118.98 99.999 99.999 99.999 13.481 13.269 99.999 99.999 99.999  0.151 99.999 99.999 99.999 99.999  99.999  99.999  99.999  99.999  0.011  0.011  0.012  0.011  0.062  0.057   38   31 99.999 99.999   99  21.474881732 -15.108392188  8  1  2.61 2006  6  8 2453894.83405799     3  Clear                 netuno0150.fits                                    Triton                2040  2050
   0.030  -0.008  937.14  843.17 1.235   1008.60     77.00 99.999 99.999 99.999 13.531 13.321 99.999 99.999 99.999  0.174 99.999 99.999 99.999 99.999  99.999  99.999  99.999  99.999  0.012  0.012  0.011  0.010  0.055  0.051   38   33 99.999 99.999   99  21.474882583 -15.108359871  8  1 38.81 2006  6  8 2453894.83447697     3  Clear                 netuno0151.fits                                    Triton                2040  2050
  -0.007  -0.032  935.45  841.05 1.327    939.19     65.69 99.999 99.999 99.999 13.496 13.338 99.999 99.999 99.999  0.152 99.999 99.999 99.999 99.999  99.999  99.999  99.999  99.999  0.015  0.015  0.010  0.008  0.057  0.047   38   35 99.999 99.999   99  21.474881617 -15.108366272  8  2 15.03 2006  6  8 2453894.83489618     3  Clear                 netuno0152.fits                                    Triton                2040  2050
   0.004   0.016  936.24  842.47 1.259   1013.75     76.09 99.999 99.999 99.999 13.501 13.324 99.999 99.999 99.999  0.167 99.999 99.999 99.999 99.999  99.999  99.999  99.999  99.999  0.011  0.011  0.009  0.009  0.048  0.046   38   32 99.999 99.999   99  21.474881575 -15.108352672  8  2 50.37 2006  6  8 2453894.83530521     3  Clear                 netuno0153.fits                                    Triton                2040  2050
   0.018  -0.057  938.64  846.02 1.277    999.04     70.45 99.999 99.999 99.999 13.517 13.308 99.999 99.999 99.999  0.137 99.999 99.999 99.999 99.999  99.999  99.999  99.999  99.999  0.016  0.016  0.009  0.010  0.046  0.054   38   34 99.999 99.999   99  21.474881597 -15.108372592  8  3 26.57 2006  6  8 2453894.83572419     3  Clear                 netuno0154.fits                                    Triton                2040  2050
  -0.021  -0.045  938.23  843.50 1.110   1154.32    114.82 99.999 99.999 99.999 13.507 13.327 99.999 99.999 99.999  0.119 99.999 99.999 99.999 99.999  99.999  99.999  99.999  99.999  0.011  0.011  0.009  0.009  0.046  0.047   38   33 99.999 99.999   99  21.474880344 -15.108368330  8  4 39.01 2006  6  8 2453894.83656262     3  Clear                 netuno0156.fits                                    Triton                2040  2050
  -0.035  -0.033 1098.49 1616.68 1.364  10384.22   1434.20 99.999 99.999 99.999 13.315 12.879 99.999 99.999 99.999  0.124 99.999 99.999 99.999 99.999  99.999  99.999  99.999  99.999  0.033  0.033  0.012  0.016  0.041  0.054   31   24 99.999 99.999   99  21.474878934 -15.108363284  8  7 24.07 2006  6  8 2453894.83847303    45  Clear                 nereida0001.fits                                   Triton                2040  2050
  -0.021  -0.029 1102.80 1614.55 1.226  19978.01   1581.41 99.999 99.999 99.999 13.304 12.879 99.999 99.999 99.999  0.135 99.999 99.999 99.999 99.999  99.999  99.999  99.999  99.999  0.012  0.012  0.013  0.016  0.043  0.054   31   23 99.999 99.999   99  21.474872435 -15.108351776  8 23 48.51 2006  6  8 2453894.84986701    55  Clear                 nereida0010.fits                                   Triton                2040  2050
