   0.029  -0.114  491.34  444.30 2.096   1118.44     65.45 99.999 99.999 99.999 13.196 13.323 99.999 99.999 99.999  0.206 99.999 99.999 99.999 99.999  99.999  99.999  99.999  99.999  0.040  0.040  0.024  0.026  0.060  0.066   28   21 99.999 99.999   99  21.096178001 -16.708139593  4 19 53.18 2004  8  5 2453222.68047662    30  V                     n10005.fits                                        Triton                1020  1020
   0.016  -0.138  491.36  460.07 2.108   1102.29     63.44 99.999 99.999 99.999 13.192 13.275 99.999 99.999 99.999  0.219 99.999 99.999 99.999 99.999  99.999  99.999  99.999  99.999  0.027  0.027  0.020  0.022  0.049  0.055   27   20 99.999 99.999   99  21.096175201 -16.708160229  4 21 39.40 2004  8  5 2453222.68170602    30  V                     n10006.fits                                        Triton                1020  1020
   0.013  -0.122  491.49  467.45 2.176   2179.78     77.75 99.999 99.999 99.999 13.171 13.290 99.999 99.999 99.999  0.204 99.999 99.999 99.999 99.999  99.999  99.999  99.999  99.999  0.029  0.029  0.024  0.026  0.060  0.064   28   21 99.999 99.999   99  21.096172272 -16.708171288  4 23 37.53 2004  8  5 2453222.68307326    60  V                     n10007.fits                                        Triton                1020  1020
  -0.028  -0.087  491.17  477.51 2.498   1972.72      2.54 99.999 99.999 99.999 13.182 13.195 99.999 99.999 99.999  0.204 99.999 99.999 99.999 99.999  99.999  99.999  99.999  99.999  0.018  0.018  0.026  0.029  0.059  0.065   22   17 99.999 99.999   99  21.096168595 -16.708177289  4 25 36.70 2004  8  5 2453222.68445255    60  V                     n10008.fits                                        Triton                1020  1020
  -0.016  -0.119  455.75  468.18 2.808    854.27     -0.05 99.999 99.999 99.999 13.210 13.306 99.999 99.999 99.999  0.110 99.999 99.999 99.999 99.999  99.999  99.999  99.999  99.999  0.041  0.041  0.024  0.028  0.058  0.068   23   20 99.999 99.999   99  21.096075838 -16.708685363  5 29 36.77 2004  8  5 2453222.72889780    30  V                     n10013.fits                                        Triton                1020  1020
  -0.006  -0.134  455.50  471.65 3.253    643.68      8.24 99.999 99.999 99.999 13.252 13.302 99.999 99.999 99.999  0.092 99.999 99.999 99.999 99.999  99.999  99.999  99.999  99.999  0.029  0.029  0.024  0.029  0.057  0.070   20   18 99.999 99.999   99  21.096072826 -16.708706415  5 31 47.95 2004  8  5 2453222.73041609    30  V                     n10014.fits                                        Triton                1020  1020
  -0.032  -0.125  454.55  479.08 4.033   1450.02   -262.76 99.999 99.999 99.999 13.106 13.222 99.999 99.999 99.999  0.106 99.999 99.999 99.999 99.999  99.999  99.999  99.999  99.999  0.041  0.035  0.019  0.023  0.046  0.056   23   17 99.999 99.999   99  21.096069269 -16.708720053  5 33 53.53 2004  8  5 2453222.73186956    60  V                     n10015.fits                                        Triton                1020  1020
  -0.000  -0.105  467.19  476.76 3.430   1181.39    -13.78 99.999 99.999 99.999 13.248 13.407 99.999 99.999 99.999  0.168 99.999 99.999 99.999 99.999  99.999  99.999  99.999  99.999  0.030  0.030  0.024  0.027  0.058  0.065   23   18 99.999 99.999   99  21.096066742 -16.708731047  5 36  3.30 2004  8  5 2453222.73337153    60  V                     n10016.fits                                        Triton                1020  1020
  -0.014  -0.117  475.93  418.21 4.382    406.98      9.22 99.999 99.999 99.999 13.230 13.337 99.999 99.999 99.999  0.101 99.999 99.999 99.999 99.999  99.999  99.999  99.999  99.999  0.044  0.044  0.021  0.030  0.048  0.070   21   15 99.999 99.999   99  21.095987208 -16.709152973  6 30 28.30 2004  8  5 2453222.77116088    30  V                     n10021.fits                                        Triton                1020  1020
  -0.051  -0.079  475.82  451.24 4.132    846.96    -10.03 99.999 99.999 99.999 13.204 13.139 99.999 99.999 99.999  0.167 99.999 99.999 99.999 99.999  99.999  99.999  99.999  99.999  0.041  0.041  0.023  0.024  0.058  0.059   25   20 99.999 99.999   99  21.095980954 -16.709171329  6 34 15.04 2004  8  5 2453222.77378519    60  V                     n10023.fits                                        Triton                1020  1020
  -0.025  -0.069  475.95  467.26 4.332    823.40    -21.19 99.999 99.999 99.999 13.205 13.153 99.999 99.999 99.999  0.165 99.999 99.999 99.999 99.999  99.999  99.999  99.999  99.999  0.058  0.058  0.022  0.025  0.057  0.064   22   18 99.999 99.999   99  21.095977961 -16.709186846  6 36 39.87 2004  8  5 2453222.77546146    60  V                     n10024.fits                                        Triton                1020  1020
