  -0.081  -0.081  489.90  535.49 1.443    159.76    116.32 99.999 99.999 99.999 13.181 13.155 99.999 99.999 99.999  0.226 99.999 99.999 99.999 99.999  99.999  99.999  99.999  99.999  0.020  0.021  0.010  0.009  0.022  0.019    7    7 99.999 99.999   99  21.168701570 -16.465474745  1  2  8.02 2005  9 24 2453637.54314838     4  V                     n30001.fits                                        Triton                1020  1020
  -0.094  -0.056  489.14  531.91 1.655     47.52    110.82 99.999 99.999 99.999 13.421 13.137 99.999 99.999 99.999  0.033 99.999 99.999 99.999 99.999  99.999  99.999  99.999  99.999  0.043  0.043  0.267  0.114  0.153  0.066    4    4 99.999 99.999   99  21.168697328 -16.465485067  1  9  9.16 2005  9 24 2453637.54802269    15  V                     n30009.fits                                        Triton                1020  1020
  -0.067  -0.024  489.09  531.53 1.537     58.26     96.28 99.999 99.999 99.999 13.261 12.908 99.999 99.999 99.999  0.198 99.999 99.999 99.999 99.999  99.999  99.999  99.999  99.999  0.024  0.024  0.000  0.000  0.000  0.000    3    3 99.999 99.999   99  21.168697317 -16.465478343  1 10  5.59 2005  9 24 2453637.54867581    20  V                     n30010.fits                                        Triton                1020  1020
  -0.083  -0.106  488.29  529.48 1.747     61.30    109.40 99.999 99.999 99.999 13.267 13.284 99.999 99.999 99.999  0.193 99.999 99.999 99.999 99.999  99.999  99.999  99.999  99.999  0.006  0.006  0.034  0.015  0.072  0.031    8    7 99.999 99.999   99  21.168695481 -16.465507389  1 12 47.02 2005  9 24 2453637.55054421    20  V                     n30012.fits                                        Triton                1020  1020
  -0.004  -0.007  487.91  530.38 1.564     89.49    104.06 99.999 99.999 99.999 13.252 13.164 99.999 99.999 99.999  0.354 99.999 99.999 99.999 99.999  99.999  99.999  99.999  99.999  0.000  0.000  0.041  0.039  0.087  0.083    8    8 99.999 99.999   99  21.168694889 -16.465489057  1 16 30.58 2005  9 24 2453637.55313171    20  V                     n30016.fits                                        Triton                1020  1020
   0.115  -0.053  487.81  531.69 1.692    109.51    123.61 99.999 99.999 99.999 13.237 13.246 99.999 99.999 99.999  0.162 99.999 99.999 99.999 99.999  99.999  99.999  99.999  99.999  0.025  0.025  0.017  0.019  0.053  0.061   14   10 99.999 99.999   99  21.168696754 -16.465503870  1 17 17.45 2005  9 24 2453637.55367419    20  V                     n30017.fits                                        Triton                1020  1020
  -0.095  -0.081  487.04  531.92 1.627    101.65    117.83 99.999 99.999 99.999 13.320 13.380 99.999 99.999 99.999  0.131 99.999 99.999 99.999 99.999  99.999  99.999  99.999  99.999  0.027  0.027  0.021  0.027  0.048  0.061   10    8 99.999 99.999   99  21.168690369 -16.465521627  1 21 24.23 2005  9 24 2453637.55653044    30  V                     n30021.fits                                        Triton                1020  1020
  -0.026  -0.152  458.30  538.57 2.196     64.70    108.61 99.999 99.999 99.999 13.322 13.448 99.999 99.999 99.999  0.252 99.999 99.999 99.999 99.999  99.999  99.999  99.999  99.999  0.027  0.027  0.009  0.019  0.028  0.058   13   10 99.999 99.999   99  21.168652028 -16.465717810  2 31 47.45 2005  9 24 2453637.60541030    12  V                     n30035.fits                                        Triton                1020  1020
   0.043  -0.192  458.12  542.62 2.613     75.92    117.56 99.999 99.999 99.999 13.261 13.288 99.999 99.999 99.999  0.190 99.999 99.999 99.999 99.999  99.999  99.999  99.999  99.999  0.024  0.024  0.014  0.016  0.050  0.055   15   13 99.999 99.999   99  21.168652115 -16.465734714  2 34  1.32 2005  9 24 2453637.60695972    12  V                     n30038.fits                                        Triton                1020  1020
  -0.011  -0.018  457.46  539.71 1.860    249.91    119.75 99.999 99.999 99.999 13.187 13.298 99.999 99.999 99.999  0.192 99.999 99.999 99.999 99.999  99.999  99.999  99.999  99.999  0.010  0.010  0.013  0.016  0.056  0.068   25   20 99.999 99.999   99  21.168650422 -16.465689130  2 35  8.51 2005  9 24 2453637.60773738    12  V                     n30039.fits                                        Triton                1020  1020
   0.093  -0.287  455.83  539.95 1.967    186.67    134.54 99.999 99.999 99.999 13.222 13.240 99.999 99.999 99.999  0.185 99.999 99.999 99.999 99.999  99.999  99.999  99.999  99.999  0.018  0.018  0.010  0.022  0.037  0.082   22   15 99.999 99.999   99  21.168646827 -16.465789684  2 45 10.09 2005  9 24 2453637.61470012    12  V                     n30062.fits                                        Triton                1020  1020
  -0.065  -0.025  455.26  537.61 1.599    315.07    132.15 99.999 99.999 99.999 13.102 13.055 99.999 99.999 99.999  0.232 99.999 99.999 99.999 99.999  99.999  99.999  99.999  99.999  0.016  0.016  0.015  0.014  0.061  0.059   24   19 99.999 99.999   99  21.168642994 -16.465720506  2 46 31.47 2005  9 24 2453637.61564201    12  V                     n30065.fits                                        Triton                1020  1020
  -0.025  -0.005  455.01  535.16 1.579    370.18    137.60 99.999 99.999 99.999 13.033 13.078 99.999 99.999 99.999  0.299 99.999 99.999 99.999 99.999  99.999  99.999  99.999  99.999  0.008  0.008  0.015  0.016  0.058  0.061   25   17 99.999 99.999   99  21.168643325 -16.465717001  2 47 21.60 2005  9 24 2453637.61622222    12  V                     n30067.fits                                        Triton                1020  1020
   0.002  -0.160  455.21  535.72 1.696    329.14    136.16 99.999 99.999 99.999 13.225 13.266 99.999 99.999 99.999  0.218 99.999 99.999 99.999 99.999  99.999  99.999  99.999  99.999  0.017  0.017  0.017  0.017  0.064  0.066   23   18 99.999 99.999   99  21.168643597 -16.465761135  2 47 46.75 2005  9 24 2453637.61651331    12  V                     n30068.fits                                        Triton                1020  1020
   0.061  -0.152  454.95  536.50 1.580    346.37    149.65 99.999 99.999 99.999 13.107 13.157 99.999 99.999 99.999  0.208 99.999 99.999 99.999 99.999  99.999  99.999  99.999  99.999  0.012  0.012  0.013  0.016  0.052  0.064   23   18 99.999 99.999   99  21.168644512 -16.465759870  2 48 11.87 2005  9 24 2453637.61680405    12  V                     n30069.fits                                        Triton                1020  1020
  -0.022  -0.003  454.54  536.55 1.681    325.78    141.63 99.999 99.999 99.999 13.123 13.172 99.999 99.999 99.999  0.235 99.999 99.999 99.999 99.999  99.999  99.999  99.999  99.999  0.013  0.013  0.014  0.012  0.059  0.051   29   18 99.999 99.999   99  21.168642650 -16.465719670  2 48 36.98 2005  9 24 2453637.61709468    12  V                     n30070.fits                                        Triton                1020  1020
   0.013  -0.160  454.45  535.70 1.690    343.02    142.65 99.999 99.999 99.999 13.108 13.077 99.999 99.999 99.999  0.240 99.999 99.999 99.999 99.999  99.999  99.999  99.999  99.999  0.014  0.014  0.011  0.021  0.046  0.082   27   17 99.999 99.999   99  21.168642861 -16.465765426  2 49 28.30 2005  9 24 2453637.61768866    12  V                     n30072.fits                                        Triton                1020  1020
   0.036  -0.192  454.75  535.22 1.496    386.33    136.72 99.999 99.999 99.999 13.116 13.147 99.999 99.999 99.999  0.248 99.999 99.999 99.999 99.999  99.999  99.999  99.999  99.999  0.012  0.012  0.015  0.016  0.059  0.063   26   18 99.999 99.999   99  21.168643086 -16.465775676  2 49 53.54 2005  9 24 2453637.61798079    12  V                     n30073.fits                                        Triton                1020  1020
   0.037  -0.173  454.71  534.46 1.891    232.68    128.25 99.999 99.999 99.999 13.245 13.264 99.999 99.999 99.999  0.200 99.999 99.999 99.999 99.999  99.999  99.999  99.999  99.999  0.015  0.015  0.020  0.020  0.072  0.072   23   14 99.999 99.999   99  21.168642817 -16.465771789  2 50 23.73 2005  9 24 2453637.61833021    12  V                     n30074.fits                                        Triton                1020  1020
  -0.078  -0.061  454.30  531.46 2.118    190.38    143.30 99.999 99.999 99.999 13.106 13.227 99.999 99.999 99.999  0.243 99.999 99.999 99.999 99.999  99.999  99.999  99.999  99.999  0.017  0.017  0.013  0.015  0.047  0.055   24   16 99.999 99.999   99  21.168640128 -16.465742395  2 51 13.72 2005  9 24 2453637.61890880    12  V                     n30076.fits                                        Triton                1020  1020
   0.037  -0.157  454.53  532.19 2.021    217.60    118.69 99.999 99.999 99.999 13.210 13.190 99.999 99.999 99.999  0.232 99.999 99.999 99.999 99.999  99.999  99.999  99.999  99.999  0.017  0.017  0.016  0.017  0.063  0.068   25   19 99.999 99.999   99  21.168642098 -16.465770162  2 51 38.86 2005  9 24 2453637.61919977    12  V                     n30077.fits                                        Triton                1020  1020
  -0.003  -0.179  453.10  537.27 1.580    370.96    130.11 99.999 99.999 99.999 13.119 13.101 99.999 99.999 99.999  0.262 99.999 99.999 99.999 99.999  99.999  99.999  99.999  99.999  0.020  0.020  0.016  0.015  0.064  0.059   26   18 99.999 99.999   99  21.168637773 -16.465793174  2 58  2.47 2005  9 24 2453637.62363970    12  V                     n30092.fits                                        Triton                1020  1020
   0.004  -0.152  453.44  536.37 1.683    372.84    105.13 99.999 99.999 99.999 13.143 13.149 99.999 99.999 99.999  0.228 99.999 99.999 99.999 99.999  99.999  99.999  99.999  99.999  0.025  0.025  0.014  0.016  0.060  0.067   27   19 99.999 99.999   99  21.168637670 -16.465786729  2 58 27.61 2005  9 24 2453637.62393067    12  V                     n30093.fits                                        Triton                1020  1020
   0.023  -0.152  451.68  532.93 1.828    150.34    131.49 99.999 99.999 99.999 13.175 13.185 99.999 99.999 99.999  0.149 99.999 99.999 99.999 99.999  99.999  99.999  99.999  99.999  0.038  0.038  0.019  0.022  0.067  0.079   19   14 99.999 99.999   99  21.168632665 -16.465811688  3  8  4.68 2005  9 24 2453637.63060972     9  V                     n30100.fits                                        Triton                1020  1020
   0.031  -0.208  451.08  530.08 1.617    171.35    119.66 99.999 99.999 99.999 13.170 13.149 99.999 99.999 99.999  0.179 99.999 99.999 99.999 99.999  99.999  99.999  99.999  99.999  0.028  0.028  0.020  0.017  0.067  0.058   20   12 99.999 99.999   99  21.168630540 -16.465838071  3 12 11.84 2005  9 24 2453637.63347037     9  V                     n30108.fits                                        Triton                1020  1020
  -0.001  -0.195  450.67  532.63 1.754    112.29    119.04 99.999 99.999 99.999 13.309 13.244 99.999 99.999 99.999  0.172 99.999 99.999 99.999 99.999  99.999  99.999  99.999  99.999  0.032  0.032  0.025  0.025  0.078  0.079   14   11 99.999 99.999   99  21.168628671 -16.465840303  3 14 24.37 2005  9 24 2453637.63500428     9  V                     n30114.fits                                        Triton                1020  1020
  -0.093  -0.161  450.33  531.00 1.752     85.11    126.24 99.999 99.999 99.999 13.281 13.220 99.999 99.999 99.999  0.142 99.999 99.999 99.999 99.999  99.999  99.999  99.999  99.999  0.033  0.033  0.018  0.021  0.052  0.062   11   10 99.999 99.999   99  21.168626698 -16.465831825  3 14 45.85 2005  9 24 2453637.63525289     9  V                     n30115.fits                                        Triton                1020  1020
  -0.114  -0.021  450.30  530.32 1.602     61.56    122.99 99.999 99.999 99.999 13.298 13.130 99.999 99.999 99.999  0.238 99.999 99.999 99.999 99.999  99.999  99.999  99.999  99.999  0.034  0.034  0.031  0.034  0.055  0.060    6    6 99.999 99.999   99  21.168626097 -16.465794017  3 15  7.36 2005  9 24 2453637.63550185     9  V                     n30116.fits                                        Triton                1020  1020
  -0.132  -0.153  450.69  530.91 2.072     22.71    136.53 99.999 99.999 99.999 13.132 12.858 99.999 99.999 99.999  0.235 99.999 99.999 99.999 99.999  99.999  99.999  99.999  99.999  0.050  0.050  0.000  0.000  0.000  0.000    3    3 99.999 99.999   99  21.168625564 -16.465831474  3 15 27.90 2005  9 24 2453637.63573958     9  V                     n30117.fits                                        Triton                1020  1020
   0.030   0.023  450.31  531.66 1.703     38.08    113.21 99.999 99.999 99.999 13.414 13.192 99.999 99.999 99.999  0.168 99.999 99.999 99.999 99.999  99.999  99.999  99.999  99.999  0.036  0.036  0.025  0.010  0.035  0.014    4    4 99.999 99.999   99  21.168628494 -16.465783504  3 15 49.42 2005  9 24 2453637.63598866     9  V                     n30118.fits                                        Triton                1020  1020
   0.038  -0.169  450.39  532.29 1.784     90.92    101.27 99.999 99.999 99.999 13.264 13.243 99.999 99.999 99.999  0.272 99.999 99.999 99.999 99.999  99.999  99.999  99.999  99.999  0.024  0.024  0.021  0.009  0.066  0.027   14   10 99.999 99.999   99  21.168628449 -16.465837797  3 16  9.86 2005  9 24 2453637.63622523     9  V                     n30119.fits                                        Triton                1020  1020
  -0.099  -0.123  449.73  531.74 1.682     58.25    108.11 99.999 99.999 99.999 13.260 13.073 99.999 99.999 99.999  0.062 99.999 99.999 99.999 99.999  99.999  99.999  99.999  99.999  0.032  0.032  0.045  0.032  0.069  0.050    6    6 99.999 99.999   99  21.168624178 -16.465832680  3 19  8.31 2005  9 24 2453637.63829063     9  V                     n30122.fits                                        Triton                1020  1020
   0.081  -0.516  449.69  532.58 1.627     39.66    119.21 99.999 99.999 99.999 13.351 12.952 99.999 99.999 99.999  0.170 99.999 99.999 99.999 99.999  99.999  99.999  99.999  99.999  0.040  0.040  0.000  0.000  0.000  0.000    3    3 99.999 99.999   99  21.168627260 -16.465943758  3 19 50.35 2005  9 24 2453637.63877720     9  V                     n30124.fits                                        Triton                1020  1020
   0.114  -0.242  449.34  534.26 1.600     72.97    105.07 99.999 99.999 99.999 13.336 13.509 99.999 99.999 99.999  0.353 99.999 99.999 99.999 99.999  99.999  99.999  99.999  99.999  0.032  0.032  0.028  0.023  0.078  0.065   12    9 99.999 99.999   99  21.168626894 -16.465872561  3 21 37.88 2005  9 24 2453637.64002176     9  V                     n30129.fits                                        Triton                1020  1020
  -0.055   0.066  449.56  533.81 1.517     34.03    114.89 99.999 99.999 99.999 13.098 12.962 99.999 99.999 99.999  0.287 99.999 99.999 99.999 99.999  99.999  99.999  99.999  99.999  0.060  0.060  0.040  0.066  0.058  0.095    5    4 99.999 99.999   99  21.168623446 -16.465787897  3 21 59.39 2005  9 24 2453637.64027072     9  V                     n30130.fits                                        Triton                1020  1020
  -0.121   0.078  449.03  532.07 1.946     55.01     98.35 99.999 99.999 99.999 13.353 13.271 99.999 99.999 99.999  0.207 99.999 99.999 99.999 99.999  99.999  99.999  99.999  99.999  0.027  0.027  0.033  0.027  0.073  0.060   11    8 99.999 99.999   99  21.168620572 -16.465791854  3 24 50.17 2005  9 24 2453637.64224734     9  V                     n30138.fits                                        Triton                1020  1020
   0.033  -0.162  449.12  532.17 2.058     83.05    130.04 99.999 99.999 99.999 13.253 13.294 99.999 99.999 99.999  0.233 99.999 99.999 99.999 99.999  99.999  99.999  99.999  99.999  0.028  0.028  0.014  0.022  0.044  0.071   20   12 99.999 99.999   99  21.168623334 -16.465859806  3 25 11.91 2005  9 24 2453637.64249896     9  V                     n30139.fits                                        Triton                1020  1020
   0.047  -0.254  448.85  531.95 2.297     87.56    128.59 99.999 99.999 99.999 13.326 13.421 99.999 99.999 99.999  0.284 99.999 99.999 99.999 99.999  99.999  99.999  99.999  99.999  0.029  0.029  0.026  0.017  0.082  0.055   18   11 99.999 99.999   99  21.168623400 -16.465886127  3 25 33.64 2005  9 24 2453637.64275046     9  V                     n30140.fits                                        Triton                1020  1020
   0.057  -0.080  447.98  527.29 2.020    197.39    128.64 99.999 99.999 99.999 13.208 13.307 99.999 99.999 99.999  0.215 99.999 99.999 99.999 99.999  99.999  99.999  99.999  99.999  0.018  0.018  0.010  0.013  0.041  0.052   25   17 99.999 99.999   99  21.168620965 -16.465850229  3 30 18.85 2005  9 24 2453637.64605150    15  V                     n30143.fits                                        Triton                1020  1020
   0.068  -0.042  447.48  524.90 1.929    190.45    132.70 99.999 99.999 99.999 13.212 13.269 99.999 99.999 99.999  0.230 99.999 99.999 99.999 99.999  99.999  99.999  99.999  99.999  0.020  0.020  0.021  0.015  0.075  0.056   28   16 99.999 99.999   99  21.168620752 -16.465842036  3 31  4.40 2005  9 24 2453637.64657870    10  V                     n30144.fits                                        Triton                1020  1020
   0.017  -0.222  447.40  526.81 1.967    141.64    132.22 99.999 99.999 99.999 13.200 13.293 99.999 99.999 99.999  0.226 99.999 99.999 99.999 99.999  99.999  99.999  99.999  99.999  0.025  0.025  0.017  0.014  0.067  0.057   27   16 99.999 99.999   99  21.168618974 -16.465895882  3 32 31.49 2005  9 24 2453637.64758669     8  V                     n30146.fits                                        Triton                1020  1020
   0.113  -0.186  447.50  528.08 1.827    159.13    114.12 99.999 99.999 99.999 13.221 13.276 99.999 99.999 99.999  0.219 99.999 99.999 99.999 99.999  99.999  99.999  99.999  99.999  0.004  0.004  0.025  0.017  0.075  0.051   22   10 99.999 99.999   99  21.168620458 -16.465887572  3 33  9.81 2005  9 24 2453637.64803021     8  V                     n30147.fits                                        Triton                1020  1020
   0.108  -0.196  447.79  529.31 1.852    166.43    119.29 99.999 99.999 99.999 13.194 13.151 99.999 99.999 99.999  0.262 99.999 99.999 99.999 99.999  99.999  99.999  99.999  99.999  0.021  0.021  0.015  0.025  0.044  0.073   21    9 99.999 99.999   99  21.168620058 -16.465891795  3 33 43.85 2005  9 24 2453637.64842419     8  V                     n30148.fits                                        Triton                1020  1020
  -0.076  -0.036  447.36  527.20 1.647    222.49    123.53 99.999 99.999 99.999 13.104 13.106 99.999 99.999 99.999  0.259 99.999 99.999 99.999 99.999  99.999  99.999  99.999  99.999  0.022  0.022  0.013  0.016  0.059  0.070   29   21 99.999 99.999   99  21.168615857 -16.465850336  3 34 52.81 2005  9 24 2453637.64922234     8  V                     n30150.fits                                        Triton                1020  1020
  -0.084  -0.044  446.87  528.53 1.513    249.26    118.32 99.999 99.999 99.999 13.135 13.198 99.999 99.999 99.999  0.204 99.999 99.999 99.999 99.999  99.999  99.999  99.999  99.999  0.000  0.000  0.013  0.019  0.051  0.073   24   16 99.999 99.999   99  21.168614961 -16.465856140  3 36 12.46 2005  9 24 2453637.65014421     8  V                     n30154.fits                                        Triton                1020  1020
  -0.106  -0.003  447.06  530.26 1.646    189.62    118.11 99.999 99.999 99.999 13.114 13.107 99.999 99.999 99.999  0.289 99.999 99.999 99.999 99.999  99.999  99.999  99.999  99.999  0.026  0.026  0.019  0.019  0.066  0.068   27   15 99.999 99.999   99  21.168613815 -16.465848366  3 37 32.19 2005  9 24 2453637.65106701     8  V                     n30158.fits                                        Triton                1020  1020
  -0.086  -0.015  446.72  528.66 1.850     88.09    120.29 99.999 99.999 99.999 13.339 13.349 99.999 99.999 99.999  0.195 99.999 99.999 99.999 99.999  99.999  99.999  99.999  99.999  0.019  0.019  0.020  0.020  0.062  0.062   19   11 99.999 99.999   99  21.168613293 -16.465856022  3 39 12.26 2005  9 24 2453637.65222523     8  V                     n30163.fits                                        Triton                1020  1020
   0.068  -0.143  447.05  530.38 2.246     89.34    126.12 99.999 99.999 99.999 13.262 13.321 99.999 99.999 99.999  0.181 99.999 99.999 99.999 99.999  99.999  99.999  99.999  99.999  0.029  0.029  0.020  0.025  0.067  0.084   19   12 99.999 99.999   99  21.168615877 -16.465893378  3 39 52.18 2005  9 24 2453637.65268727     8  V                     n30165.fits                                        Triton                1020  1020
  -0.098  -0.060  446.94  531.96 1.865    139.94    118.73 99.999 99.999 99.999 13.268 13.214 99.999 99.999 99.999  0.198 99.999 99.999 99.999 99.999  99.999  99.999  99.999  99.999  0.022  0.022  0.021  0.017  0.075  0.061   21   15 99.999 99.999   99  21.168611583 -16.465875648  3 41 51.42 2005  9 24 2453637.65406736     8  V                     n30169.fits                                        Triton                1020  1020
   0.020  -0.002  446.57  531.52 1.762    140.16    134.66 99.999 99.999 99.999 13.218 13.364 99.999 99.999 99.999  0.206 99.999 99.999 99.999 99.999  99.999  99.999  99.999  99.999  0.021  0.021  0.018  0.016  0.059  0.053   25   13 99.999 99.999   99  21.168613660 -16.465860281  3 42 11.77 2005  9 24 2453637.65430289     8  V                     n30170.fits                                        Triton                1020  1020
   0.065  -0.176  446.60  530.23 2.002    108.16    118.08 99.999 99.999 99.999 13.207 13.293 99.999 99.999 99.999  0.230 99.999 99.999 99.999 99.999  99.999  99.999  99.999  99.999  0.024  0.024  0.016  0.011  0.061  0.042   23   17 99.999 99.999   99  21.168614363 -16.465909577  3 42 31.24 2005  9 24 2453637.65452824     8  V                     n30171.fits                                        Triton                1020  1020
  -0.041  -0.017  447.02  529.18 1.932    122.05    121.68 99.999 99.999 99.999 13.147 13.152 99.999 99.999 99.999  0.172 99.999 99.999 99.999 99.999  99.999  99.999  99.999  99.999  0.022  0.022  0.018  0.013  0.060  0.042   24   14 99.999 99.999   99  21.168611925 -16.465867358  3 43 11.91 2005  9 24 2453637.65499896     8  V                     n30173.fits                                        Triton                1020  1020
  -0.011  -0.020  446.67  530.82 1.981    124.79    117.26 99.999 99.999 99.999 13.233 13.192 99.999 99.999 99.999  0.155 99.999 99.999 99.999 99.999  99.999  99.999  99.999  99.999  0.022  0.022  0.026  0.022  0.062  0.053   20   12 99.999 99.999   99  21.168611785 -16.465871678  3 44 31.67 2005  9 24 2453637.65592211     8  V                     n30177.fits                                        Triton                1020  1020
  -0.040  -0.275  447.03  528.90 2.463     92.65    132.89 99.999 99.999 99.999 13.258 13.329 99.999 99.999 99.999  0.275 99.999 99.999 99.999 99.999  99.999  99.999  99.999  99.999  0.020  0.020  0.019  0.016  0.073  0.059   23   15 99.999 99.999   99  21.168609366 -16.465951380  3 47 52.40 2005  9 24 2453637.65824537     8  V                     n30187.fits                                        Triton                1020  1020
  -0.088  -0.011  446.27  529.05 2.373     96.86    113.24 99.999 99.999 99.999 13.244 13.318 99.999 99.999 99.999  0.195 99.999 99.999 99.999 99.999  99.999  99.999  99.999  99.999  0.023  0.023  0.015  0.016  0.054  0.058   22   14 99.999 99.999   99  21.168608244 -16.465878991  3 48 12.73 2005  9 24 2453637.65848067     8  V                     n30188.fits                                        Triton                1020  1020
