  -0.038  -0.050  979.94  536.80 4.737   7092.06   -428.14 99.999 99.999 99.999 13.383 13.011 99.999 99.999 99.999  0.208 99.999 99.999 99.999 99.999  99.999  99.999  99.999  99.999  0.050  0.049  0.038  0.028  0.054  0.039   16   14 99.999 99.999   99  21.452289068 -15.221649094  6  7  2.47 2006  7  2 2453918.75488970    90  Clear                 ner0003.fits                                       Triton                1020  1020
   0.031  -0.094  980.23  536.44 5.420   7363.02  -1124.05 99.999 99.999 99.999 13.283 13.012 99.999 99.999 99.999  0.342 99.999 99.999 99.999 99.999  99.999  99.999  99.999  99.999  0.067  0.068  0.036  0.027  0.053  0.040   20   15 99.999 99.999   99  21.452288599 -15.221665199  6  9 16.58 2006  7  2 2453918.75644190    90  Clear                 ner0004.fits                                       Triton                1020  1020
  -0.043  -0.082  980.35  535.29 5.396   7309.98  -1037.23 99.999 99.999 99.999 13.207 13.041 99.999 99.999 99.999  0.251 99.999 99.999 99.999 99.999  99.999  99.999  99.999  99.999  0.067  0.064  0.034  0.023  0.048  0.033   17   13 99.999 99.999   99  21.452283610 -15.221669048  6 13 42.50 2006  7  2 2453918.75951968    90  Clear                 ner0006.fits                                       Triton                1020  1020
  -0.015  -0.069  982.77  533.49 4.751   6938.66   -296.31 99.999 99.999 99.999 13.342 13.092 99.999 99.999 99.999  0.234 99.999 99.999 99.999 99.999  99.999  99.999  99.999  99.999  0.047  0.047  0.029  0.031  0.047  0.050   22   18 99.999 99.999   99  21.452282344 -15.221669284  6 15 56.62 2006  7  2 2453918.76107199    90  Clear                 ner0007.fits                                       Triton                1020  1020
  -0.025  -0.081  981.97  533.76 5.017   7607.20   -847.89 99.999 99.999 99.999 13.264 13.023 99.999 99.999 99.999  0.369 99.999 99.999 99.999 99.999  99.999  99.999  99.999  99.999  0.068  0.067  0.041  0.030  0.059  0.043   20   15 99.999 99.999   99  21.452280372 -15.221676016  6 18 10.73 2006  7  2 2453918.76262419    90  Clear                 ner0008.fits                                       Triton                1020  1020
  -0.052  -0.038  984.17  531.89 4.900   7035.91   -601.33 99.999 99.999 99.999 13.320 12.990 99.999 99.999 99.999  0.328 99.999 99.999 99.999 99.999  99.999  99.999  99.999  99.999  0.059  0.065  0.032  0.022  0.059  0.040   23   21 99.999 99.999   99  21.452278051 -15.221667848  6 20 24.86 2006  7  2 2453918.76417662    90  Clear                 ner0009.fits                                       Triton                1020  1020
  -0.059  -0.090  981.25  532.92 4.930   6805.16   -378.44 99.999 99.999 99.999 13.335 13.140 99.999 99.999 99.999  0.216 99.999 99.999 99.999 99.999  99.999  99.999  99.999  99.999  0.056  0.056  0.042  0.030  0.058  0.041   15   11 99.999 99.999   99  21.452274367 -15.221689633  6 24 51.36 2006  7  2 2453918.76726111    90  Clear                 ner0011.fits                                       Triton                1020  1020
  -0.025  -0.045  979.94  533.16 5.235   7477.30   -885.29 99.999 99.999 99.999 13.223 12.946 99.999 99.999 99.999  0.386 99.999 99.999 99.999 99.999  99.999  99.999  99.999  99.999  0.068  0.069  0.034  0.037  0.047  0.051   18   14 99.999 99.999   99  21.452271468 -15.221684350  6 29 18.73 2006  7  2 2453918.77035567    90  Clear                 ner0013.fits                                       Triton                1020  1020
  -0.001  -0.054  980.50  532.40 4.738   7243.47   -360.59 99.999 99.999 99.999 13.357 13.083 99.999 99.999 99.999  0.178 99.999 99.999 99.999 99.999  99.999  99.999  99.999  99.999  0.006  0.006  0.026  0.030  0.042  0.049   19   16 99.999 99.999   99  21.452268346 -15.221694273  6 33 46.96 2006  7  2 2453918.77346019    90  Clear                 ner0015.fits                                       Triton                1020  1020
   0.004  -0.069  982.12  530.41 4.768   6967.36   -316.82 99.999 99.999 99.999 13.337 13.037 99.999 99.999 99.999  0.252 99.999 99.999 99.999 99.999  99.999  99.999  99.999  99.999  0.053  0.053  0.033  0.030  0.054  0.049   20   16 99.999 99.999   99  21.452264883 -15.221705714  6 38 13.49 2006  7  2 2453918.77654502    90  Clear                 ner0017.fits                                       Triton                1020  1020
  -0.001  -0.070  979.84  530.25 4.754   6602.52   -246.17 99.999 99.999 99.999 13.373 13.102 99.999 99.999 99.999  0.170 99.999 99.999 99.999 99.999  99.999  99.999  99.999  99.999  0.045  0.045  0.027  0.022  0.045  0.038   22   19 99.999 99.999   99  21.452259449 -15.221716965  6 44 53.60 2006  7  2 2453918.78117593    90  Clear                 ner0020.fits                                       Triton                1020  1020
   0.000  -0.090  978.12  530.75 4.880   6240.66   -254.78 99.999 99.999 99.999 13.361 13.014 99.999 99.999 99.999  0.209 99.999 99.999 99.999 99.999  99.999  99.999  99.999  99.999  0.050  0.050  0.039  0.027  0.058  0.041   19   16 99.999 99.999   99  21.452257700 -15.221726176  6 47  7.72 2006  7  2 2453918.78272824    90  Clear                 ner0021.fits                                       Triton                1020  1020
   0.001  -0.041  977.68  530.74 4.895   7028.48   -699.92 99.999 99.999 99.999 13.292 12.959 99.999 99.999 99.999  0.247 99.999 99.999 99.999 99.999  99.999  99.999  99.999  99.999  0.063  0.063  0.032  0.031  0.046  0.044   18   14 99.999 99.999   99  21.452255938 -15.221716446  6 49 21.83 2006  7  2 2453918.78428044    90  Clear                 ner0022.fits                                       Triton                1020  1020
  -0.003  -0.067  978.51  529.63 4.379   6360.21   -121.06 99.999 99.999 99.999 13.305 13.053 99.999 99.999 99.999  0.312 99.999 99.999 99.999 99.999  99.999  99.999  99.999  99.999  0.048  0.048  0.026  0.023  0.050  0.044   28   21 99.999 99.999   99  21.452254059 -15.221727317  6 51 35.95 2006  7  2 2453918.78583275    90  Clear                 ner0023.fits                                       Triton                1020  1020
  -0.006  -0.075  977.89  529.37 4.374   6582.90   -303.22 99.999 99.999 99.999 13.326 13.038 99.999 99.999 99.999  0.221 99.999 99.999 99.999 99.999  99.999  99.999  99.999  99.999  0.072  0.071  0.032  0.018  0.061  0.034   25   21 99.999 99.999   99  21.452252246 -15.221733179  6 53 49.22 2006  7  2 2453918.78737523    90  Clear                 ner0024.fits                                       Triton                1020  1020
  -0.006  -0.099  980.70  527.04 4.388   6228.47   -284.27 99.999 99.999 99.999 13.297 13.047 99.999 99.999 99.999  0.319 99.999 99.999 99.999 99.999  99.999  99.999  99.999  99.999  0.072  0.072  0.036  0.023  0.064  0.041   27   21 99.999 99.999   99  21.452250459 -15.221743224  6 56  2.48 2006  7  2 2453918.78891759    90  Clear                 ner0025.fits                                       Triton                1020  1020
  -0.015  -0.059  979.73  526.71 3.907   6806.70   -207.36 99.999 99.999 99.999 13.380 12.963 99.999 99.999 99.999  0.164 99.999 99.999 99.999 99.999  99.999  99.999  99.999  99.999  0.083  0.083  0.034  0.021  0.064  0.039   24   21 99.999 99.999   99  21.452248511 -15.221735901  6 58 16.59 2006  7  2 2453918.79046979    90  Clear                 ner0026.fits                                       Triton                1020  1020
   0.005  -0.048  978.91  525.63 3.570   6542.32    -61.68 99.999 99.999 99.999 13.328 12.996 99.999 99.999 99.999  0.322 99.999 99.999 99.999 99.999  99.999  99.999  99.999  99.999  0.074  0.074  0.027  0.024  0.049  0.043   26   20 99.999 99.999   99  21.452245340 -15.221740256  7  2 44.83 2006  7  2 2453918.79357442    90  Clear                 ner0028.fits                                       Triton                1020  1020
   0.027  -0.056  978.20  525.02 3.613   5330.13     37.34 99.999 99.999 99.999 13.349 13.028 99.999 99.999 99.999  0.211 99.999 99.999 99.999 99.999  99.999  99.999  99.999  99.999  0.071  0.071  0.025  0.021  0.046  0.038   26   19 99.999 99.999   99  21.452242219 -15.221749758  7  7 12.20 2006  7  2 2453918.79666898    90  Clear                 ner0030.fits                                       Triton                1020  1020
