   0.033   0.059  512.35  546.08 2.440    106.65     22.40 99.999 99.999 99.999 13.496 13.617 99.999 99.999 99.999  0.119 99.999 99.999 99.999 99.999  99.999  99.999  99.999  99.999  0.018  0.018  0.012  0.009  0.060  0.047   33   26 99.999 99.999   99  20.854647688 -17.655274230 22  2 37.61 2003 10 15 2452928.41849086    10  V                     n50001.fits                                        Triton                1004  1024
  -0.035   0.099  517.65  538.72 2.681    112.80     16.94 99.999 99.999 99.999 13.419 13.593 99.999 99.999 99.999  0.272 99.999 99.999 99.999 99.999  99.999  99.999  99.999  99.999  0.015  0.015  0.009  0.010  0.050  0.057   37   32 99.999 99.999   99  20.854645540 -17.655272924 22  5 31.45 2003 10 15 2452928.42050289    10  V                     n50002.fits                                        Triton                1004  1024
  -0.024   0.076  519.98  535.15 2.379    110.21     25.15 99.999 99.999 99.999 13.475 13.623 99.999 99.999 99.999  0.122 99.999 99.999 99.999 99.999  99.999  99.999  99.999  99.999  0.020  0.020  0.012  0.010  0.064  0.052   32   27 99.999 99.999   99  20.854645198 -17.655286250 22  7 30.47 2003 10 15 2452928.42188044    10  V                     n50003.fits                                        Triton                1004  1024
  -0.033   0.074  520.13  534.18 2.420   1250.92    187.68 99.999 99.999 99.999 13.416 13.504 99.999 99.999 99.999  0.273 99.999 99.999 99.999 99.999  99.999  99.999  99.999  99.999  0.027  0.027  0.011  0.010  0.063  0.057   40   36 99.999 99.999   99  20.854644334 -17.655295758 22  9 58.86 2003 10 15 2452928.42359792   120  V                     n50004.fits                                        Triton                1004  1024
  -0.058   0.088  525.55  534.72 2.470   1036.97    170.54 99.999 99.999 99.999 13.412 13.539 99.999 99.999 99.999  0.269 99.999 99.999 99.999 99.999  99.999  99.999  99.999  99.999  0.030  0.030  0.010  0.009  0.056  0.052   40   33 99.999 99.999   99  20.854642725 -17.655306207 22 14  0.69 2003 10 15 2452928.42639688   120  V                     n50005.fits                                        Triton                1004  1024
  -0.043   0.076  531.35  529.16 2.295    824.20    128.43 99.999 99.999 99.999 13.409 13.542 99.999 99.999 99.999  0.274 99.999 99.999 99.999 99.999  99.999  99.999  99.999  99.999  0.025  0.025  0.010  0.008  0.057  0.047   41   35 99.999 99.999   99  20.854642130 -17.655320104 22 17  6.03 2003 10 15 2452928.42854201   120  V                     n50006.fits                                        Triton                1004  1024
  -0.044   0.073  513.99  534.77 2.076    187.87     25.74 99.999 99.999 99.999 13.456 13.673 99.999 99.999 99.999  0.270 99.999 99.999 99.999 99.999  99.999  99.999  99.999  99.999  0.014  0.014  0.010  0.011  0.056  0.060   36   31 99.999 99.999   99  20.854624958 -17.655529513 23 17  8.83 2003 10 15 2452928.47024109    10  V                     n50018.fits                                        Triton                1004  1024
   0.020   0.020  513.76  533.62 1.785    243.45     31.30 99.999 99.999 99.999 13.393 13.650 99.999 99.999 99.999  0.299 99.999 99.999 99.999 99.999  99.999  99.999  99.999  99.999  0.016  0.016  0.010  0.011  0.055  0.060   37   33 99.999 99.999   99  20.854625533 -17.655552498 23 19 31.04 2003 10 15 2452928.47188704    10  V                     n50019.fits                                        Triton                1004  1024
  -0.023   0.043  513.87  529.89 2.206    164.19     24.19 99.999 99.999 99.999 13.437 13.717 99.999 99.999 99.999  0.269 99.999 99.999 99.999 99.999  99.999  99.999  99.999  99.999  0.017  0.017  0.009  0.011  0.051  0.061   37   33 99.999 99.999   99  20.854624243 -17.655551419 23 21  1.89 2003 10 15 2452928.47293854    10  V                     n50020.fits                                        Triton                1004  1024
   0.026   0.033  511.56  525.73 1.916   2589.11    298.71 99.999 99.999 99.999 13.422 13.430 99.999 99.999 99.999  0.280 99.999 99.999 99.999 99.999  99.999  99.999  99.999  99.999  0.003  0.003  0.009  0.008  0.057  0.050   38   36 99.999 99.999   99  20.854622283 -17.655588355 23 31  2.38 2003 10 15 2452928.47988866   120  V                     n50022.fits                                        Triton                1004  1024
  -0.075  -0.084  996.70   71.06 1.812   3199.93    279.34 99.999 99.999 99.999 13.289 13.207 99.999 99.999 99.999  0.166 99.999 99.999 99.999 99.999  99.999  99.999  99.999  99.999  0.000  0.000  0.021  0.022  0.048  0.051   45   35 99.999 99.999   99  20.854618292 -17.655645041 23 38  3.58 2003 10 15 2452928.48476366   120  V                     n50024.fits                                        Triton                1004  1024
   0.036  -0.090 1000.23  997.57 1.530   4086.84    433.58 99.999 99.999 99.999 13.271 13.204 99.999 99.999 99.999  0.196 99.999 99.999 99.999 99.999  99.999  99.999  99.999  99.999  0.009  0.009  0.029  0.028  0.059  0.057   37   31 99.999 99.999   99  20.854619452 -17.655658318 23 41 28.63 2003 10 15 2452928.48713692   120  V                     n50025.fits                                        Triton                1004  1024
  -0.017  -0.094   23.33  999.55 1.704   3601.35    341.57 99.999 99.999 99.999 13.177 13.267 99.999 99.999 99.999  0.527 99.999 99.999 99.999 99.999  99.999  99.999  99.999  99.999  0.012  0.012  0.026  0.025  0.055  0.052   38   33 99.999 99.999   99  20.854617056 -17.655675386 23 46  3.16 2003 10 15 2452928.49031435   120  V                     n50026.fits                                        Triton                1004  1024
  -0.008  -0.109   18.48   69.65 1.914   2906.38    287.48 99.999 99.999 99.999 13.316 13.247 99.999 99.999 99.999  0.156 99.999 99.999 99.999 99.999  99.999  99.999  99.999  99.999  0.043  0.043  0.023  0.021  0.057  0.051   47   36 99.999 99.999   99  20.854616152 -17.655692218 23 49 48.74 2003 10 15 2452928.49292523   120  V                     n50027.fits                                        Triton                1004  1024
  -0.064  -0.081  993.49   69.17 2.039   2624.98    253.67 99.999 99.999 99.999 13.231 13.126 99.999 99.999 99.999  0.337 99.999 99.999 99.999 99.999  99.999  99.999  99.999  99.999  0.051  0.051  0.021  0.020  0.048  0.047   47   34 99.999 99.999   99  20.854613863 -17.655698151 23 53 51.44 2003 10 15 2452928.49573426   120  V                     n50028.fits                                        Triton                1004  1024
  -0.031  -0.057   14.72   72.74 1.794   3337.01    281.38 99.999 99.999 99.999 13.277 13.207 99.999 99.999 99.999  0.158 99.999 99.999 99.999 99.999  99.999  99.999  99.999  99.999  0.050  0.050  0.023  0.022  0.060  0.056   46   35 99.999 99.999   99  20.854611424 -17.655727140  0  4 22.00 2003 10 16 2452928.50303241   120  V                     n50031.fits                                        Triton                1004  1024
  -0.091  -0.099  988.72   68.86 1.932   3100.91    232.98 99.999 99.999 99.999 13.292 13.219 99.999 99.999 99.999  0.196 99.999 99.999 99.999 99.999  99.999  99.999  99.999  99.999  0.050  0.050  0.020  0.020  0.049  0.049   46   35 99.999 99.999   99  20.854609254 -17.655750214  0  7 42.84 2003 10 16 2452928.50535694   120  V                     n50032.fits                                        Triton                1004  1024
   0.036  -0.079   11.52   77.91 1.905   3076.07    236.06 99.999 99.999 99.999 13.286 13.227 99.999 99.999 99.999  0.150 99.999 99.999 99.999 99.999  99.999  99.999  99.999  99.999  0.014  0.014  0.018  0.020  0.046  0.051   49   35 99.999 99.999   99  20.854608530 -17.655781526  0 18 32.35 2003 10 16 2452928.51287442   120  V                     n50035.fits                                        Triton                1004  1024
