  -0.149  -0.024  527.23  603.69 3.130     11.89     10.68 99.999 99.999 99.999 13.550 13.590 99.999 99.999 99.999  0.253 99.999 99.999 99.999 99.999  99.999  99.999  99.999  99.999  0.093  0.093  0.030  0.034  0.074  0.082   16    8 99.999 99.999   99  20.862655992 -17.620548078  3  9 51.60 2003  9 30 2452912.63184722    90  V                     ns0004.fits                                        Triton                1020  1020
   0.059   0.050  526.43  605.95 3.150     13.56     11.81 99.999 99.999 99.999 13.478 13.573 99.999 99.999 99.999  0.300 99.999 99.999 99.999 99.999  99.999  99.999  99.999  99.999  0.027  0.027  0.039  0.022  0.087  0.049   14    7 99.999 99.999   99  20.862656670 -17.620531264  3 14 20.04 2003  9 30 2452912.63495417   150  V                     ns0005.fits                                        Triton                1020  1020
   0.003   0.008  516.36  498.86 2.843   1403.64    105.50 99.999 99.999 99.999 13.421 13.547 99.999 99.999 99.999  0.273 99.999 99.999 99.999 99.999  99.999  99.999  99.999  99.999  0.010  0.010  0.008  0.008  0.050  0.048   42   37 99.999 99.999   99  20.854860997 -17.650591302 22 22  5.72 2003 10 14 2452927.43201065   120  V                     n40005.fits                                        Triton                1020  1020
  -0.023   0.020  525.78  519.34 3.330   1175.19     63.50 99.999 99.999 99.999 13.435 13.609 99.999 99.999 99.999  0.273 99.999 99.999 99.999 99.999  99.999  99.999  99.999  99.999  0.027  0.027  0.009  0.008  0.055  0.047   42   38 99.999 99.999   99  20.854860052 -17.650603157 22 27 50.36 2003 10 14 2452927.43599954   120  V                     n40006.fits                                        Triton                1020  1020
  -0.003   0.018  519.40  495.66 2.840   1291.54    129.05 99.999 99.999 99.999 13.409 13.593 99.999 99.999 99.999  0.276 99.999 99.999 99.999 99.999  99.999  99.999  99.999  99.999  0.011  0.011  0.008  0.008  0.046  0.044   41   36 99.999 99.999   99  20.854860019 -17.650617396 22 33  1.59 2003 10 14 2452927.43960174   120  V                     n40007.fits                                        Triton                1020  1020
  -0.030  -0.004  532.09  584.47 2.983    106.23     16.77 99.999 99.999 99.999 13.479 13.691 99.999 99.999 99.999  0.142 99.999 99.999 99.999 99.999  99.999  99.999  99.999  99.999  0.015  0.015  0.012  0.012  0.062  0.061   35   28 99.999 99.999   99  20.854850163 -17.650931405  0 26  7.77 2003 10 15 2452927.51814549    12  V                     n40022.fits                                        Triton                1020  1020
   0.009   0.040  536.52  586.84 2.487    153.09     20.61 99.999 99.999 99.999 13.431 13.705 99.999 99.999 99.999  0.259 99.999 99.999 99.999 99.999  99.999  99.999  99.999  99.999  0.016  0.016  0.012  0.009  0.066  0.048   41   32 99.999 99.999   99  20.854850784 -17.650923608  0 27 47.46 2003 10 15 2452927.51929931    12  V                     n40023.fits                                        Triton                1020  1020
  -0.005   0.031  535.49  587.38 2.543   1560.36    136.36 99.999 99.999 99.999 13.402 13.507 99.999 99.999 99.999  0.268 99.999 99.999 99.999 99.999  99.999  99.999  99.999  99.999  0.005  0.005  0.009  0.010  0.053  0.060   43   39 99.999 99.999   99  20.854850283 -17.650932727  0 30  9.31 2003 10 15 2452927.52094109   120  V                     n40024.fits                                        Triton                1020  1020
  -0.027   0.001  526.75  580.34 3.291   1014.53     91.67 99.999 99.999 99.999 13.419 13.607 99.999 99.999 99.999  0.282 99.999 99.999 99.999 99.999  99.999  99.999  99.999  99.999  0.019  0.019  0.008  0.009  0.049  0.054   40   34 99.999 99.999   99  20.854849536 -17.650951783  0 34  0.28 2003 10 15 2452927.52361435   120  V                     n40025.fits                                        Triton                1020  1020
   0.003  -0.000  532.56  585.90 2.976   1127.61    118.91 99.999 99.999 99.999 13.414 13.599 99.999 99.999 99.999  0.277 99.999 99.999 99.999 99.999  99.999  99.999  99.999  99.999  0.012  0.012  0.009  0.009  0.052  0.053   41   38 99.999 99.999   99  20.854849787 -17.650962350  0 37 41.77 2003 10 15 2452927.52617789   120  V                     n40026.fits                                        Triton                1020  1020
  -0.093  -0.108 1017.93  118.17 2.925   1181.92    112.03 99.999 99.999 99.999 13.273 13.429 99.999 99.999 99.999  0.197 99.999 99.999 99.999 99.999  99.999  99.999  99.999  99.999  0.010  0.009  0.021  0.021  0.050  0.050   45   36 99.999 99.999   99  20.854845915 -17.651055212  1  0 13.52 2003 10 15 2452927.54182315   120  V                     n40027.fits                                        Triton                1020  1020
   0.030  -0.148   39.04  115.98 3.591    870.87     84.33 99.999 99.999 99.999 13.296 13.390 99.999 99.999 99.999  0.145 99.999 99.999 99.999 99.999  99.999  99.999  99.999  99.999  0.021  0.021  0.019  0.022  0.055  0.063   49   41 99.999 99.999   99  20.854847304 -17.651098435  1 11 29.63 2003 10 15 2452927.54964850   120  V                     n40030.fits                                        Triton                1020  1020
  -0.080  -0.117 1012.46  112.85 2.821   1275.82    108.87 99.999 99.999 99.999 13.301 13.481 99.999 99.999 99.999  0.193 99.999 99.999 99.999 99.999  99.999  99.999  99.999  99.999  0.003  0.003  0.021  0.024  0.051  0.056   46   34 99.999 99.999   99  20.854844804 -17.651101024  1 15 33.31 2003 10 15 2452927.55246887   120  V                     n40031.fits                                        Triton                1020  1020
   0.065  -0.137   35.72  115.86 2.802   1275.74    129.82 99.999 99.999 99.999 13.268 13.365 99.999 99.999 99.999  0.150 99.999 99.999 99.999 99.999  99.999  99.999  99.999  99.999  0.014  0.014  0.017  0.019  0.050  0.055   51   37 99.999 99.999   99  20.854846681 -17.651136405  1 26  4.41 2003 10 15 2452927.55977326   120  V                     n40034.fits                                        Triton                1020  1020
   0.046  -0.137   31.66  109.90 2.889    279.80     34.49 99.999 99.999 99.999 13.348 13.429 99.999 99.999 99.999  0.118 99.999 99.999 99.999 99.999  99.999  99.999  99.999  99.999  0.014  0.014  0.018  0.020  0.044  0.047   32   23 99.999 99.999   99  20.854844565 -17.651190648  1 45  4.91 2003 10 15 2452927.57297350   120  V                     n40038.fits                                        Triton                1020  1020
  -0.033   0.074  520.13  534.18 2.420   1250.92    187.68 99.999 99.999 99.999 13.416 13.504 99.999 99.999 99.999  0.273 99.999 99.999 99.999 99.999  99.999  99.999  99.999  99.999  0.027  0.027  0.011  0.010  0.063  0.057   40   36 99.999 99.999   99  20.854644334 -17.655295758 22  9 58.86 2003 10 15 2452928.42359792   120  V                     n50004.fits                                        Triton                1004  1024
  -0.058   0.088  525.55  534.72 2.470   1036.97    170.54 99.999 99.999 99.999 13.412 13.539 99.999 99.999 99.999  0.269 99.999 99.999 99.999 99.999  99.999  99.999  99.999  99.999  0.030  0.030  0.010  0.009  0.056  0.052   40   33 99.999 99.999   99  20.854642725 -17.655306207 22 14  0.69 2003 10 15 2452928.42639688   120  V                     n50005.fits                                        Triton                1004  1024
  -0.043   0.076  531.35  529.16 2.295    824.20    128.43 99.999 99.999 99.999 13.409 13.542 99.999 99.999 99.999  0.274 99.999 99.999 99.999 99.999  99.999  99.999  99.999  99.999  0.025  0.025  0.010  0.008  0.057  0.047   41   35 99.999 99.999   99  20.854642130 -17.655320104 22 17  6.03 2003 10 15 2452928.42854201   120  V                     n50006.fits                                        Triton                1004  1024
   0.026   0.033  511.56  525.73 1.916   2589.11    298.71 99.999 99.999 99.999 13.422 13.430 99.999 99.999 99.999  0.280 99.999 99.999 99.999 99.999  99.999  99.999  99.999  99.999  0.003  0.003  0.009  0.008  0.057  0.050   38   36 99.999 99.999   99  20.854622283 -17.655588355 23 31  2.38 2003 10 15 2452928.47988866   120  V                     n50022.fits                                        Triton                1004  1024
  -0.075  -0.084  996.70   71.06 1.812   3199.93    279.34 99.999 99.999 99.999 13.289 13.207 99.999 99.999 99.999  0.166 99.999 99.999 99.999 99.999  99.999  99.999  99.999  99.999  0.000  0.000  0.021  0.022  0.048  0.051   45   35 99.999 99.999   99  20.854618292 -17.655645041 23 38  3.58 2003 10 15 2452928.48476366   120  V                     n50024.fits                                        Triton                1004  1024
   0.036  -0.090 1000.23  997.57 1.530   4086.84    433.58 99.999 99.999 99.999 13.271 13.204 99.999 99.999 99.999  0.196 99.999 99.999 99.999 99.999  99.999  99.999  99.999  99.999  0.009  0.009  0.029  0.028  0.059  0.057   37   31 99.999 99.999   99  20.854619452 -17.655658318 23 41 28.63 2003 10 15 2452928.48713692   120  V                     n50025.fits                                        Triton                1004  1024
  -0.017  -0.094   23.33  999.55 1.704   3601.35    341.57 99.999 99.999 99.999 13.177 13.267 99.999 99.999 99.999  0.527 99.999 99.999 99.999 99.999  99.999  99.999  99.999  99.999  0.012  0.012  0.026  0.025  0.055  0.052   38   33 99.999 99.999   99  20.854617056 -17.655675386 23 46  3.16 2003 10 15 2452928.49031435   120  V                     n50026.fits                                        Triton                1004  1024
  -0.008  -0.109   18.48   69.65 1.914   2906.38    287.48 99.999 99.999 99.999 13.316 13.247 99.999 99.999 99.999  0.156 99.999 99.999 99.999 99.999  99.999  99.999  99.999  99.999  0.043  0.043  0.023  0.021  0.057  0.051   47   36 99.999 99.999   99  20.854616152 -17.655692218 23 49 48.74 2003 10 15 2452928.49292523   120  V                     n50027.fits                                        Triton                1004  1024
  -0.064  -0.081  993.49   69.17 2.039   2624.98    253.67 99.999 99.999 99.999 13.231 13.126 99.999 99.999 99.999  0.337 99.999 99.999 99.999 99.999  99.999  99.999  99.999  99.999  0.051  0.051  0.021  0.020  0.048  0.047   47   34 99.999 99.999   99  20.854613863 -17.655698151 23 53 51.44 2003 10 15 2452928.49573426   120  V                     n50028.fits                                        Triton                1004  1024
  -0.031  -0.057   14.72   72.74 1.794   3337.01    281.38 99.999 99.999 99.999 13.277 13.207 99.999 99.999 99.999  0.158 99.999 99.999 99.999 99.999  99.999  99.999  99.999  99.999  0.050  0.050  0.023  0.022  0.060  0.056   46   35 99.999 99.999   99  20.854611424 -17.655727140  0  4 22.00 2003 10 16 2452928.50303241   120  V                     n50031.fits                                        Triton                1004  1024
  -0.091  -0.099  988.72   68.86 1.932   3100.91    232.98 99.999 99.999 99.999 13.292 13.219 99.999 99.999 99.999  0.196 99.999 99.999 99.999 99.999  99.999  99.999  99.999  99.999  0.050  0.050  0.020  0.020  0.049  0.049   46   35 99.999 99.999   99  20.854609254 -17.655750214  0  7 42.84 2003 10 16 2452928.50535694   120  V                     n50032.fits                                        Triton                1004  1024
   0.036  -0.079   11.52   77.91 1.905   3076.07    236.06 99.999 99.999 99.999 13.286 13.227 99.999 99.999 99.999  0.150 99.999 99.999 99.999 99.999  99.999  99.999  99.999  99.999  0.014  0.014  0.018  0.020  0.046  0.051   49   35 99.999 99.999   99  20.854608530 -17.655781526  0 18 32.35 2003 10 16 2452928.51287442   120  V                     n50035.fits                                        Triton                1004  1024
   0.004  -0.052  517.30  506.78 1.169   8085.66    669.38 99.999 99.999 99.999 13.359 13.288 99.999 99.999 99.999  0.294 99.999 99.999 99.999 99.999  99.999  99.999  99.999  99.999  0.032  0.032  0.010  0.013  0.051  0.065   33   29 99.999 99.999   99  20.854123630 -17.659427722 23 41 13.00 2003 10 16 2452929.48695602   120  V                     n60011.fits                                        Triton                1004  1024
  -0.005  -0.059  498.98  514.05 1.243   7517.54    508.72 99.999 99.999 99.999 13.362 13.206 99.999 99.999 99.999  0.267 99.999 99.999 99.999 99.999  99.999  99.999  99.999  99.999  0.000  0.000  0.011  0.010  0.057  0.053   31   28 99.999 99.999   99  20.854118796 -17.659445864 23 52 46.80 2003 10 16 2452929.49498611   120  V                     n60012.fits                                        Triton                1004  1024
   0.044  -0.040  489.94  513.49 0.869   9180.66   1888.20 99.999 99.999 99.999 13.393 13.305 99.999 99.999 99.999  0.324 99.999 99.999 99.999 99.999  99.999  99.999  99.999  99.999  0.000  0.000  0.010  0.010  0.052  0.051   28   25 99.999 99.999   99  20.854118000 -17.659446472 23 57  5.59 2003 10 16 2452929.49798137   120  V                     n60013.fits                                        Triton                1004  1024
   0.061   0.017   28.66  995.41 1.250   6713.28    102.07 99.999 99.999 99.999 13.148 13.276 99.999 99.999 99.999  0.583 99.999 99.999 99.999 99.999  99.999  99.999  99.999  99.999  0.038  0.038  0.034  0.027  0.058  0.047   27   20 99.999 99.999   99  20.854095293 -17.659504509  0 54 28.05 2003 10 17 2452929.53782465    90  V                     n60016.fits                                        Triton                1004  1024
  -0.153   0.048   23.34   59.30 1.315   6298.00     33.94 99.999 99.999 99.999 13.288 13.277 99.999 99.999 99.999  0.166 99.999 99.999 99.999 99.999  99.999  99.999  99.999  99.999  0.043  0.043  0.026  0.020  0.057  0.043   37   25 99.999 99.999   99  20.854087699 -17.659506257  1  3  2.72 2003 10 17 2452929.54378148    90  V                     n60017.fits                                        Triton                1004  1024
  -0.002  -0.008  999.93  986.02 1.228   6379.30    315.68 99.999 99.999 99.999 13.377 13.284 99.999 99.999 99.999  0.202 99.999 99.999 99.999 99.999  99.999  99.999  99.999  99.999  0.000  0.000  0.023  0.032  0.039  0.054   27   23 99.999 99.999   99  20.854086383 -17.659534593  1 13 45.85 2003 10 17 2452929.55122512    90  V                     n60019.fits                                        Triton                1004  1024
  -0.074   0.014   18.61   54.72 1.330   5633.71    167.93 99.999 99.999 99.999 13.290 13.203 99.999 99.999 99.999  0.151 99.999 99.999 99.999 99.999  99.999  99.999  99.999  99.999  0.031  0.031  0.027  0.020  0.062  0.047   39   29 99.999 99.999   99  20.854079124 -17.659545630  1 28 27.77 2003 10 17 2452929.56143252    90  V                     n60021.fits                                        Triton                1004  1024
   0.010  -0.052  517.28  526.96 1.270   7691.21    297.48 99.999 99.999 99.999 13.429 13.290 99.999 99.999 99.999  0.325 99.999 99.999 99.999 99.999  99.999  99.999  99.999  99.999  0.023  0.023  0.011  0.011  0.053  0.056   27   25 99.999 99.999   99  20.853645442 -17.659463399 23 10 14.24 2003 10 17 2452930.46544259   120  V                     n70008.fits                                        Triton                1004  1024
   0.036   0.061   27.17  970.89 1.970   2899.55    227.62 99.999 99.999 99.999 13.158 13.199 99.999 99.999 99.999  0.508 99.999 99.999 99.999 99.999  99.999  99.999  99.999  99.999  0.016  0.016  0.027  0.021  0.055  0.043   36   30 99.999 99.999   99  20.853629728 -17.659353120  0  8 52.27 2003 10 18 2452930.50616053   120  V                     n70015.fits                                        Triton                1004  1024
  -0.035   0.137  999.23   38.52 1.527   3616.76    328.54 99.999 99.999 99.999 13.190 13.063 99.999 99.999 99.999  0.374 99.999 99.999 99.999 99.999  99.999  99.999  99.999  99.999  0.012  0.012  0.022  0.027  0.049  0.061   44   40 99.999 99.999   99  20.853621372 -17.659294902  0 34 54.75 2003 10 18 2452930.52424479   120  V                     n70017.fits                                        Triton                1004  1024
  -0.010   0.042 1001.51  963.94 1.604   3224.47    170.59 99.999 99.999 99.999 13.139 13.114 99.999 99.999 99.999  0.222 99.999 99.999 99.999 99.999  99.999  99.999  99.999  99.999  0.033  0.033  0.026  0.026  0.052  0.052   34   28 99.999 99.999   99  20.853619981 -17.659310901  0 42  6.72 2003 10 18 2452930.52924444   120  V                     n70018.fits                                        Triton                1004  1024
   0.058   0.143   26.48  967.86 1.680   2851.86    183.47 99.999 99.999 99.999 13.072 13.171 99.999 99.999 99.999  0.503 99.999 99.999 99.999 99.999  99.999  99.999  99.999  99.999  0.020  0.020  0.028  0.021  0.056  0.041   36   30 99.999 99.999   99  20.853620122 -17.659276608  0 46 26.74 2003 10 18 2452930.53225394   120  V                     n70019.fits                                        Triton                1004  1024
   0.003   0.031   22.22   38.74 1.498   3073.79    295.76 99.999 99.999 99.999 13.134 13.076 99.999 99.999 99.999  0.153 99.999 99.999 99.999 99.999  99.999  99.999  99.999  99.999  0.014  0.014  0.023  0.019  0.058  0.050   47   37 99.999 99.999   99  20.853618079 -17.659302304  0 50 13.36 2003 10 18 2452930.53487685   120  V                     n70020.fits                                        Triton                1004  1024
   0.039  -0.066  466.51  513.96 1.713   1098.92    146.08 99.999 99.999 99.999 13.357 13.521 99.999 99.999 99.999  0.299 99.999 99.999 99.999 99.999  99.999  99.999  99.999  99.999  0.011  0.011  0.012  0.009  0.062  0.045   38   31 99.999 99.999   99  20.853593652 -17.654904496 23  2 20.18 2003 10 19 2452932.45995579    60  V                     n90007.fits                                        Triton                1004  1024
   0.026  -0.049  455.77  511.96 1.348   1439.77    210.39 99.999 99.999 99.999 13.309 13.476 99.999 99.999 99.999  0.290 99.999 99.999 99.999 99.999  99.999  99.999  99.999  99.999  0.030  0.030  0.011  0.007  0.054  0.037   38   32 99.999 99.999   99  20.853593746 -17.654899438 23  4 57.50 2003 10 19 2452932.46177662    60  V                     n90008.fits                                        Triton                1004  1024
   0.023  -0.058  463.20  514.14 1.454   4525.58    313.22 99.999 99.999 99.999 13.329 13.287 99.999 99.999 99.999  0.297 99.999 99.999 99.999 99.999  99.999  99.999  99.999  99.999  0.047  0.047  0.010  0.008  0.056  0.045   38   33 99.999 99.999   99  20.853595121 -17.654899900 23 15 30.26 2003 10 19 2452932.46910023   120  V                     n90009.fits                                        Triton                1004  1024
   0.030  -0.076  462.74  523.37 1.747   2350.86    348.21 99.999 99.999 99.999 13.344 13.361 99.999 99.999 99.999  0.291 99.999 99.999 99.999 99.999  99.999  99.999  99.999  99.999  0.020  0.019  0.011  0.009  0.060  0.051   38   33 99.999 99.999   99  20.853595700 -17.654904142 23 18 52.97 2003 10 19 2452932.47144641   120  V                     n90010.fits                                        Triton                1004  1024
  -0.054  -0.092  946.91   48.49 2.830   1263.50    137.80 99.999 99.999 99.999 13.322 13.409 99.999 99.999 99.999  0.151 99.999 99.999 99.999 99.999  99.999  99.999  99.999  99.999  0.020  0.020  0.021  0.019  0.051  0.047   44   41 99.999 99.999   99  20.853596669 -17.654905634 23 38 21.78 2003 10 19 2452932.48497431   120  V                     n90011.fits                                        Triton                1004  1024
   0.033  -0.067  949.63  978.71 2.397   1659.81    167.41 99.999 99.999 99.999 13.353 13.403 99.999 99.999 99.999  0.215 99.999 99.999 99.999 99.999  99.999  99.999  99.999  99.999  0.010  0.010  0.025  0.024  0.052  0.049   32   28 99.999 99.999   99  20.853598890 -17.654898414 23 42 10.08 2003 10 19 2452932.48761667   120  V                     n90012.fits                                        Triton                1004  1024
  -0.070   0.008  940.88   46.01 1.800   3354.67    162.95 99.999 99.999 99.999 13.385 13.352 99.999 99.999 99.999  0.383 99.999 99.999 99.999 99.999  99.999  99.999  99.999  99.999  0.000  0.000  0.018  0.021  0.047  0.055   47   41 99.999 99.999   99  20.853600808 -17.654874249  0 10 52.59 2003 10 20 2452932.50755312   120  V                     n90015.fits                                        Triton                1004  1024
  -0.010  -0.030  942.98  973.91 1.911   2935.85    177.22 99.999 99.999 99.999 13.436 13.417 99.999 99.999 99.999  0.214 99.999 99.999 99.999 99.999  99.999  99.999  99.999  99.999  0.025  0.025  0.024  0.025  0.050  0.051   30   27 99.999 99.999   99  20.853602976 -17.654883995  0 18  6.29 2003 10 20 2452932.51257280   120  V                     n90016.fits                                        Triton                1004  1024
  -0.073   0.014  933.99   55.80 1.646   3920.06    209.18 99.999 99.999 99.999 13.399 13.370 99.999 99.999 99.999  0.391 99.999 99.999 99.999 99.999  99.999  99.999  99.999  99.999  0.007  0.007  0.019  0.021  0.045  0.050   44   39 99.999 99.999   99  20.853604674 -17.654870386  0 39  8.14 2003 10 20 2452932.52717755   120  V                     n90019.fits                                        Triton                1004  1024
  -0.017  -0.010  935.58  945.80 1.605   3964.86    230.62 99.999 99.999 99.999 13.483 13.456 99.999 99.999 99.999  0.232 99.999 99.999 99.999 99.999  99.999  99.999  99.999  99.999  0.026  0.026  0.024  0.027  0.052  0.059   28   27 99.999 99.999   99  20.853607311 -17.654876344  0 50 20.26 2003 10 20 2452932.53495671   120  V                     n90020.fits                                        Triton                1004  1024
   0.029  -0.114  491.34  444.30 2.096   1118.44     65.45 99.999 99.999 99.999 13.196 13.323 99.999 99.999 99.999  0.206 99.999 99.999 99.999 99.999  99.999  99.999  99.999  99.999  0.040  0.040  0.024  0.026  0.060  0.066   28   21 99.999 99.999   99  21.096178001 -16.708139593  4 19 53.18 2004  8  5 2453222.68047662    30  V                     n10005.fits                                        Triton                1020  1020
   0.016  -0.138  491.36  460.07 2.108   1102.29     63.44 99.999 99.999 99.999 13.192 13.275 99.999 99.999 99.999  0.219 99.999 99.999 99.999 99.999  99.999  99.999  99.999  99.999  0.027  0.027  0.020  0.022  0.049  0.055   27   20 99.999 99.999   99  21.096175201 -16.708160229  4 21 39.40 2004  8  5 2453222.68170602    30  V                     n10006.fits                                        Triton                1020  1020
   0.013  -0.122  491.49  467.45 2.176   2179.78     77.75 99.999 99.999 99.999 13.171 13.290 99.999 99.999 99.999  0.204 99.999 99.999 99.999 99.999  99.999  99.999  99.999  99.999  0.029  0.029  0.024  0.026  0.060  0.064   28   21 99.999 99.999   99  21.096172272 -16.708171288  4 23 37.53 2004  8  5 2453222.68307326    60  V                     n10007.fits                                        Triton                1020  1020
  -0.028  -0.087  491.17  477.51 2.498   1972.72      2.54 99.999 99.999 99.999 13.182 13.195 99.999 99.999 99.999  0.204 99.999 99.999 99.999 99.999  99.999  99.999  99.999  99.999  0.018  0.018  0.026  0.029  0.059  0.065   22   17 99.999 99.999   99  21.096168595 -16.708177289  4 25 36.70 2004  8  5 2453222.68445255    60  V                     n10008.fits                                        Triton                1020  1020
  -0.016  -0.119  455.75  468.18 2.808    854.27     -0.05 99.999 99.999 99.999 13.210 13.306 99.999 99.999 99.999  0.110 99.999 99.999 99.999 99.999  99.999  99.999  99.999  99.999  0.041  0.041  0.024  0.028  0.058  0.068   23   20 99.999 99.999   99  21.096075838 -16.708685363  5 29 36.77 2004  8  5 2453222.72889780    30  V                     n10013.fits                                        Triton                1020  1020
  -0.006  -0.134  455.50  471.65 3.253    643.68      8.24 99.999 99.999 99.999 13.252 13.302 99.999 99.999 99.999  0.092 99.999 99.999 99.999 99.999  99.999  99.999  99.999  99.999  0.029  0.029  0.024  0.029  0.057  0.070   20   18 99.999 99.999   99  21.096072826 -16.708706415  5 31 47.95 2004  8  5 2453222.73041609    30  V                     n10014.fits                                        Triton                1020  1020
  -0.032  -0.125  454.55  479.08 4.033   1450.02   -262.76 99.999 99.999 99.999 13.106 13.222 99.999 99.999 99.999  0.106 99.999 99.999 99.999 99.999  99.999  99.999  99.999  99.999  0.041  0.035  0.019  0.023  0.046  0.056   23   17 99.999 99.999   99  21.096069269 -16.708720053  5 33 53.53 2004  8  5 2453222.73186956    60  V                     n10015.fits                                        Triton                1020  1020
  -0.000  -0.105  467.19  476.76 3.430   1181.39    -13.78 99.999 99.999 99.999 13.248 13.407 99.999 99.999 99.999  0.168 99.999 99.999 99.999 99.999  99.999  99.999  99.999  99.999  0.030  0.030  0.024  0.027  0.058  0.065   23   18 99.999 99.999   99  21.096066742 -16.708731047  5 36  3.30 2004  8  5 2453222.73337153    60  V                     n10016.fits                                        Triton                1020  1020
  -0.014  -0.117  475.93  418.21 4.382    406.98      9.22 99.999 99.999 99.999 13.230 13.337 99.999 99.999 99.999  0.101 99.999 99.999 99.999 99.999  99.999  99.999  99.999  99.999  0.044  0.044  0.021  0.030  0.048  0.070   21   15 99.999 99.999   99  21.095987208 -16.709152973  6 30 28.30 2004  8  5 2453222.77116088    30  V                     n10021.fits                                        Triton                1020  1020
  -0.051  -0.079  475.82  451.24 4.132    846.96    -10.03 99.999 99.999 99.999 13.204 13.139 99.999 99.999 99.999  0.167 99.999 99.999 99.999 99.999  99.999  99.999  99.999  99.999  0.041  0.041  0.023  0.024  0.058  0.059   25   20 99.999 99.999   99  21.095980954 -16.709171329  6 34 15.04 2004  8  5 2453222.77378519    60  V                     n10023.fits                                        Triton                1020  1020
  -0.025  -0.069  475.95  467.26 4.332    823.40    -21.19 99.999 99.999 99.999 13.205 13.153 99.999 99.999 99.999  0.165 99.999 99.999 99.999 99.999  99.999  99.999  99.999  99.999  0.058  0.058  0.022  0.025  0.057  0.064   22   18 99.999 99.999   99  21.095977961 -16.709186846  6 36 39.87 2004  8  5 2453222.77546146    60  V                     n10024.fits                                        Triton                1020  1020
   0.108  -0.073  466.71  473.56 2.426    993.46     43.78 99.999 99.999 99.999 13.162 13.211 99.999 99.999 99.999  0.152 99.999 99.999 99.999 99.999  99.999  99.999  99.999  99.999  0.001  0.001  0.019  0.018  0.067  0.063   28   19 99.999 99.999   99  21.094253308 -16.717057146  2  8 26.15 2004  8  6 2453223.58919155    30  V                     n20005.fits                                        Triton                1020  1020
   0.102  -0.089  473.93  482.05 2.170   1092.80     77.00 99.999 99.999 99.999 13.165 13.213 99.999 99.999 99.999  0.165 99.999 99.999 99.999 99.999  99.999  99.999  99.999  99.999  0.018  0.018  0.015  0.016  0.051  0.055   25   17 99.999 99.999   99  21.094250475 -16.717071945  2 10 14.17 2004  8  6 2453223.59044178    30  V                     n20006.fits                                        Triton                1020  1020
   0.097  -0.079  484.81  492.31 2.452   1894.51     93.13 99.999 99.999 99.999 13.186 13.186 99.999 99.999 99.999  0.164 99.999 99.999 99.999 99.999  99.999  99.999  99.999  99.999  0.028  0.028  0.014  0.020  0.051  0.072   26   17 99.999 99.999   99  21.094244299 -16.717091719  2 14 16.37 2004  8  6 2453223.59324502    60  V                     n20008.fits                                        Triton                1020  1020
   0.082  -0.096  434.81  461.07 1.912   1479.31     71.00 99.999 99.999 99.999 13.181 13.232 99.999 99.999 99.999  0.151 99.999 99.999 99.999 99.999  99.999  99.999  99.999  99.999  0.019  0.019  0.018  0.020  0.065  0.072   27   21 99.999 99.999   99  21.094109368 -16.717583904  3 43 34.47 2004  8  6 2453223.65526007    30  V                     n20013.fits                                        Triton                1020  1020
   0.111  -0.068  443.54  466.37 1.714   1736.90     96.33 99.999 99.999 99.999 13.165 13.156 99.999 99.999 99.999  0.143 99.999 99.999 99.999 99.999  99.999  99.999  99.999  99.999  0.017  0.017  0.013  0.019  0.048  0.069   26   19 99.999 99.999   99  21.094107377 -16.717585317  3 45 16.51 2004  8  6 2453223.65644109    30  V                     n20014.fits                                        Triton                1020  1020
   0.089  -0.065  446.91  469.42 2.046   2910.23     67.88 99.999 99.999 99.999 13.177 13.111 99.999 99.999 99.999  0.170 99.999 99.999 99.999 99.999  99.999  99.999  99.999  99.999  0.015  0.015  0.016  0.019  0.055  0.064   27   19 99.999 99.999   99  21.094103935 -16.717595079  3 47 16.15 2004  8  6 2453223.65782581    60  V                     n20015.fits                                        Triton                1020  1020
   0.105  -0.088  450.15  483.53 2.138   2603.91     82.23 99.999 99.999 99.999 13.178 13.132 99.999 99.999 99.999  0.183 99.999 99.999 99.999 99.999  99.999  99.999  99.999  99.999  0.023  0.023  0.016  0.020  0.056  0.072   26   20 99.999 99.999   99  21.094099979 -16.717616596  3 50  6.76 2004  8  6 2453223.65980046    60  V                     n20016.fits                                        Triton                1020  1020
   0.082  -0.116  429.32  461.29 1.845   1385.82    110.44 99.999 99.999 99.999 13.180 13.197 99.999 99.999 99.999  0.177 99.999 99.999 99.999 99.999  99.999  99.999  99.999  99.999  0.020  0.020  0.020  0.019  0.073  0.066   28   20 99.999 99.999   99  21.093975358 -16.718056753  5 12 47.04 2004  8  6 2453223.71721111    30  V                     n20021.fits                                        Triton                1020  1020
   0.098  -0.123  440.04  467.03 1.593   1933.58    117.65 99.999 99.999 99.999 13.174 13.208 99.999 99.999 99.999  0.143 99.999 99.999 99.999 99.999  99.999  99.999  99.999  99.999  0.009  0.009  0.021  0.021  0.065  0.063   24   18 99.999 99.999   99  21.093973167 -16.718067298  5 14 27.38 2004  8  6 2453223.71837245    30  V                     n20022.fits                                        Triton                1020  1020
   0.093  -0.105  449.70  475.63 1.663   3553.46    205.88 99.999 99.999 99.999 13.168 13.119 99.999 99.999 99.999  0.214 99.999 99.999 99.999 99.999  99.999  99.999  99.999  99.999  0.021  0.021  0.015  0.020  0.054  0.071   26   20 99.999 99.999   99  21.093970028 -16.718072901  5 16 30.37 2004  8  6 2453223.71979595    60  V                     n20023.fits                                        Triton                1020  1020
   0.095  -0.117  456.85  478.64 1.888   2861.42    156.66 99.999 99.999 99.999 13.194 13.108 99.999 99.999 99.999  0.189 99.999 99.999 99.999 99.999  99.999  99.999  99.999  99.999  0.018  0.018  0.017  0.020  0.062  0.073   27   21 99.999 99.999   99  21.093966927 -16.718086564  5 18 35.54 2004  8  6 2453223.72124468    60  V                     n20024.fits                                        Triton                1020  1020
   0.029  -0.111  494.35  500.25 2.217   1137.86     14.93 99.999 99.999 99.999 13.346 12.866 99.999 99.999 99.999  0.222 99.999 99.999 99.999 99.999  99.999  99.999  99.999  99.999  0.019  0.019  0.013  0.015  0.055  0.067   27   23 99.999 99.999   99  21.092268781 -16.722970255  1 21 11.80 2004  8  7 2453224.55638657    30  V                     n30005.fits                                        Triton                1020  1020
   0.031  -0.118  520.21  496.67 2.407   2080.08     -5.28 99.999 99.999 99.999 13.334 12.738 99.999 99.999 99.999  0.216 99.999 99.999 99.999 99.999  99.999  99.999  99.999  99.999  0.021  0.021  0.012  0.014  0.050  0.058   26   20 99.999 99.999   99  21.092263598 -16.722984383  1 25  2.51 2004  8  7 2453224.55905683    60  V                     n30007.fits                                        Triton                1020  1020
   0.042  -0.096  520.10  504.83 2.494   1762.24     43.21 99.999 99.999 99.999 13.359 12.777 99.999 99.999 99.999  0.205 99.999 99.999 99.999 99.999  99.999  99.999  99.999  99.999  0.019  0.019  0.012  0.014  0.051  0.057   26   20 99.999 99.999   99  21.092260846 -16.722985256  1 27 15.22 2004  8  7 2453224.56059282    60  V                     n30008.fits                                        Triton                1020  1020
   0.047  -0.114  480.45  487.92 1.465   2089.87    121.39 99.999 99.999 99.999 13.240 12.629 99.999 99.999 99.999  0.165 99.999 99.999 99.999 99.999  99.999  99.999  99.999  99.999  0.007  0.007  0.013  0.016  0.055  0.066   23   20 99.999 99.999   99  21.092114635 -16.723329135  3 15 57.75 2004  8  7 2453224.63608507    30  V                     n30013.fits                                        Triton                1020  1020
   0.039  -0.101  497.18  495.47 1.474   1894.20    148.90 99.999 99.999 99.999 13.218 12.721 99.999 99.999 99.999  0.162 99.999 99.999 99.999 99.999  99.999  99.999  99.999  99.999  0.024  0.024  0.013  0.014  0.058  0.061   27   23 99.999 99.999   99  21.092112051 -16.723330994  3 17 45.63 2004  8  7 2453224.63733368    30  V                     n30014.fits                                        Triton                1020  1020
   0.046  -0.103  515.95  493.54 1.552   3497.44    228.76 99.999 99.999 99.999 13.180 12.628 99.999 99.999 99.999  0.210 99.999 99.999 99.999 99.999  99.999  99.999  99.999  99.999  0.022  0.022  0.014  0.014  0.058  0.059   25   22 99.999 99.999   99  21.092109589 -16.723337545  3 19 43.50 2004  8  7 2453224.63869792    60  V                     n30015.fits                                        Triton                1020  1020
   0.050  -0.105  517.02  514.07 1.834   1891.19    200.40 99.999 99.999 99.999 13.281 12.847 99.999 99.999 99.999  0.179 99.999 99.999 99.999 99.999  99.999  99.999  99.999  99.999  0.027  0.027  0.012  0.013  0.052  0.055   28   23 99.999 99.999   99  21.092106605 -16.723344902  3 22  0.39 2004  8  7 2453224.64028229    60  V                     n30016.fits                                        Triton                1020  1020
   0.041  -0.117  478.44  479.18 1.715   3184.92    151.77 99.999 99.999 99.999 13.224 12.802 99.999 99.999 99.999  0.200 99.999 99.999 99.999 99.999  99.999  99.999  99.999  99.999  0.026  0.026  0.013  0.013  0.052  0.054   27   21 99.999 99.999   99  21.091920768 -16.723762204  5 42 25.24 2004  8  7 2453224.73779213    60  V                     n30023.fits                                        Triton                1020  1020
   0.026  -0.108  500.98  491.30 1.696   2951.79    208.14 99.999 99.999 99.999 13.223 12.786 99.999 99.999 99.999  0.196 99.999 99.999 99.999 99.999  99.999  99.999  99.999  99.999  0.010  0.010  0.011  0.014  0.050  0.060   29   24 99.999 99.999   99  21.091917372 -16.723766269  5 44 47.50 2004  8  7 2453224.73943866    60  V                     n30024.fits                                        Triton                1020  1020
   0.086  -0.139  496.45  502.26 1.433    228.08     25.93 99.999 99.999 99.999 13.321 13.187 99.999 99.999 99.999  0.213 99.999 99.999 99.999 99.999  99.999  99.999  99.999  99.999  0.011  0.011  0.015  0.014  0.045  0.042   29   21 99.999 99.999   99  21.090521305 -16.727168181  1 23 46.12 2004  8  8 2453225.55817269    30  V                     n40005.fits                                        Triton                1020  1020
   0.001  -0.066  496.59  516.78 1.588    464.11     38.14 99.999 99.999 99.999 13.270 13.050 99.999 99.999 99.999  0.174 99.999 99.999 99.999 99.999  99.999  99.999  99.999  99.999  0.010  0.010  0.016  0.016  0.055  0.056   30   24 99.999 99.999   99  21.090517520 -16.727153951  1 25 41.11 2004  8  8 2453225.55950359    30  V                     n40006.fits                                        Triton                1020  1020
   0.017  -0.052  487.68  513.28 1.785    713.67     53.86 99.999 99.999 99.999 13.337 13.032 99.999 99.999 99.999  0.196 99.999 99.999 99.999 99.999  99.999  99.999  99.999  99.999  0.011  0.011  0.017  0.017  0.054  0.053   30   24 99.999 99.999   99  21.090515690 -16.727156046  1 27 35.27 2004  8  8 2453225.56082488    60  V                     n40007.fits                                        Triton                1020  1020
   0.052  -0.130  486.06  522.37 1.733   1578.20    127.81 99.999 99.999 99.999 13.329 12.879 99.999 99.999 99.999  0.175 99.999 99.999 99.999 99.999  99.999  99.999  99.999  99.999  0.010  0.010  0.016  0.015  0.058  0.054   30   24 99.999 99.999   99  21.090513673 -16.727185155  1 29 59.26 2004  8  8 2453225.56249144    60  V                     n40008.fits                                        Triton                1020  1020
  -0.011   0.233  775.08   38.21 1.318   6072.49    610.73 99.999 99.999 99.999 13.169 12.967 99.999 99.999 99.999  0.267 99.999 99.999 99.999 99.999  99.999  99.999  99.999  99.999  0.001  0.001  0.026  0.036  0.046  0.065   24   20 99.999 99.999   99  21.006464233 -17.102426016 23 22 29.28 2004 10  8 2453287.47395000   120  V                     n30002.fits                                        Triton                1020  1020
  -0.017   0.212  770.47   44.42 1.775   4165.18    273.72 99.999 99.999 99.999 13.248 13.025 99.999 99.999 99.999  0.164 99.999 99.999 99.999 99.999  99.999  99.999  99.999  99.999  0.055  0.055  0.025  0.035  0.045  0.064   24   20 99.999 99.999   99  21.006462004 -17.102445006 23 25 58.95 2004 10  8 2453287.47637674   120  V                     n30003.fits                                        Triton                1020  1020
   0.034   0.241  766.16   50.16 1.738   4176.18    299.79 99.999 99.999 99.999 13.205 12.919 99.999 99.999 99.999  0.165 99.999 99.999 99.999 99.999  99.999  99.999  99.999  99.999  0.049  0.049  0.028  0.032  0.056  0.062   24   21 99.999 99.999   99  21.006461078 -17.102448991 23 29 12.39 2004 10  8 2453287.47861562   120  V                     n30004.fits                                        Triton                1020  1020
  -0.021   0.190  759.76   50.14 1.563   4638.47    443.08 99.999 99.999 99.999 13.230 12.901 99.999 99.999 99.999  0.163 99.999 99.999 99.999 99.999  99.999  99.999  99.999  99.999  0.028  0.028  0.022  0.033  0.045  0.067   24   21 99.999 99.999   99  21.006453787 -17.102500733 23 39 32.98 2004 10  8 2453287.48579838   120  V                     n30005.fits                                        Triton                1020  1020
  -0.052  -0.078  488.99  528.55 1.549    105.55     98.34 99.999 99.999 99.999 13.204 13.186 99.999 99.999 99.999  0.228 99.999 99.999 99.999 99.999  99.999  99.999  99.999  99.999  0.000  0.000  0.021  0.030  0.052  0.074   11    9 99.999 99.999   99  21.168697046 -16.465495539  1 11  4.47 2005  9 24 2453637.54935729    20  V                     n30011.fits                                        Triton                1020  1020
  -0.051  -0.100  488.40  530.84 1.673    157.61    112.55 99.999 99.999 99.999 13.205 13.195 99.999 99.999 99.999  0.209 99.999 99.999 99.999 99.999  99.999  99.999  99.999  99.999  0.028  0.028  0.014  0.019  0.049  0.067   18   14 99.999 99.999   99  21.168694962 -16.465510970  1 14 49.07 2005  9 24 2453637.55195683    20  V                     n30014.fits                                        Triton                1020  1020
  -0.009  -0.077  488.02  528.94 1.476    271.19    109.57 99.999 99.999 99.999 13.149 13.203 99.999 99.999 99.999  0.229 99.999 99.999 99.999 99.999  99.999  99.999  99.999  99.999  0.027  0.027  0.015  0.013  0.061  0.054   22   18 99.999 99.999   99  21.168695186 -16.465507026  1 15 48.82 2005  9 24 2453637.55264838    20  V                     n30015.fits                                        Triton                1020  1020
   0.030  -0.079  487.72  532.61 1.424    148.97    118.48 99.999 99.999 99.999 13.137 13.142 99.999 99.999 99.999  0.255 99.999 99.999 99.999 99.999  99.999  99.999  99.999  99.999  0.000  0.000  0.011  0.021  0.038  0.073   17   13 99.999 99.999   99  21.168694746 -16.465512893  1 17 55.85 2005  9 24 2453637.55411863    20  V                     n30018.fits                                        Triton                1020  1020
  -0.001  -0.066  487.62  529.52 1.779     46.76    107.55 99.999 99.999 99.999 13.294 13.308 99.999 99.999 99.999  0.415 99.999 99.999 99.999 99.999  99.999  99.999  99.999  99.999  0.031  0.031  0.026  0.022  0.051  0.043    6    5 99.999 99.999   99  21.168693224 -16.465513017  1 19 32.50 2005  9 24 2453637.55523727    15  V                     n30019.fits                                        Triton                1020  1020
  -0.033  -0.069  458.71  541.03 1.615    235.35    128.50 99.999 99.999 99.999 13.249 13.171 99.999 99.999 99.999  0.205 99.999 99.999 99.999 99.999  99.999  99.999  99.999  99.999  0.013  0.013  0.016  0.016  0.063  0.063   19   17 99.999 99.999   99  21.168653368 -16.465688005  2 29  8.45 2005  9 24 2453637.60357002    15  V                     n30032.fits                                        Triton                1020  1020
  -0.053  -0.101  458.03  538.34 1.544     96.93    118.27 99.999 99.999 99.999 13.217 13.115 99.999 99.999 99.999  0.192 99.999 99.999 99.999 99.999  99.999  99.999  99.999  99.999  0.016  0.016  0.019  0.020  0.062  0.067   15   12 99.999 99.999   99  21.168651948 -16.465701656  2 30 57.41 2005  9 24 2453637.60483113    12  V                     n30034.fits                                        Triton                1020  1020
  -0.009  -0.128  457.87  540.02 2.041    121.95    124.64 99.999 99.999 99.999 13.289 13.274 99.999 99.999 99.999  0.172 99.999 99.999 99.999 99.999  99.999  99.999  99.999  99.999  0.004  0.004  0.019  0.016  0.067  0.057   22   14 99.999 99.999   99  21.168651945 -16.465712934  2 32 30.63 2005  9 24 2453637.60591007    12  V                     n30036.fits                                        Triton                1020  1020
   0.029  -0.106  457.36  540.52 1.812    263.83    155.55 99.999 99.999 99.999 13.190 13.180 99.999 99.999 99.999  0.190 99.999 99.999 99.999 99.999  99.999  99.999  99.999  99.999  0.009  0.009  0.016  0.014  0.071  0.063   28   22 99.999 99.999   99  21.168650979 -16.465714588  2 35 32.85 2005  9 24 2453637.60801910    12  V                     n30040.fits                                        Triton                1020  1020
  -0.042  -0.071  457.47  540.90 1.739    313.29    119.34 99.999 99.999 99.999 13.117 13.144 99.999 99.999 99.999  0.202 99.999 99.999 99.999 99.999  99.999  99.999  99.999  99.999  0.013  0.013  0.014  0.013  0.060  0.058   28   24 99.999 99.999   99  21.168649387 -16.465705898  2 35 56.32 2005  9 24 2453637.60829074    12  V                     n30041.fits                                        Triton                1020  1020
   0.028  -0.125  457.48  541.99 1.696    271.46    129.34 99.999 99.999 99.999 13.201 13.216 99.999 99.999 99.999  0.205 99.999 99.999 99.999 99.999  99.999  99.999  99.999  99.999  0.013  0.013  0.015  0.018  0.061  0.075   24   19 99.999 99.999   99  21.168650521 -16.465721868  2 36 20.66 2005  9 24 2453637.60857245    12  V                     n30042.fits                                        Triton                1020  1020
  -0.003  -0.102  457.28  542.43 1.769    292.68    141.32 99.999 99.999 99.999 13.203 13.246 99.999 99.999 99.999  0.228 99.999 99.999 99.999 99.999  99.999  99.999  99.999  99.999  0.014  0.014  0.009  0.014  0.038  0.058   27   18 99.999 99.999   99  21.168649693 -16.465716720  2 36 44.31 2005  9 24 2453637.60884618    12  V                     n30043.fits                                        Triton                1020  1020
  -0.002  -0.120  457.16  542.53 1.615    365.38    134.03 99.999 99.999 99.999 13.119 13.028 99.999 99.999 99.999  0.235 99.999 99.999 99.999 99.999  99.999  99.999  99.999  99.999  0.009  0.009  0.015  0.015  0.068  0.066   27   22 99.999 99.999   99  21.168649492 -16.465722855  2 37  8.65 2005  9 24 2453637.60912789    12  V                     n30044.fits                                        Triton                1020  1020
   0.014  -0.086  457.02  543.25 1.832    270.99    126.53 99.999 99.999 99.999 13.145 13.118 99.999 99.999 99.999  0.235 99.999 99.999 99.999 99.999  99.999  99.999  99.999  99.999  0.020  0.020  0.021  0.019  0.078  0.070   24   17 99.999 99.999   99  21.168649573 -16.465714120  2 37 32.13 2005  9 24 2453637.60939965    12  V                     n30045.fits                                        Triton                1020  1020
  -0.043  -0.097  457.29  543.25 1.673    306.04    151.76 99.999 99.999 99.999 13.174 13.158 99.999 99.999 99.999  0.195 99.999 99.999 99.999 99.999  99.999  99.999  99.999  99.999  0.016  0.016  0.014  0.014  0.056  0.058   28   20 99.999 99.999   99  21.168648188 -16.465718557  2 38  1.60 2005  9 24 2453637.60974074    12  V                     n30046.fits                                        Triton                1020  1020
   0.001  -0.102  457.06  542.50 1.720    322.48    145.39 99.999 99.999 99.999 13.147 13.194 99.999 99.999 99.999  0.197 99.999 99.999 99.999 99.999  99.999  99.999  99.999  99.999  0.013  0.013  0.017  0.020  0.066  0.078   26   20 99.999 99.999   99  21.168648834 -16.465720811  2 38 25.08 2005  9 24 2453637.61001250    12  V                     n30047.fits                                        Triton                1020  1020
  -0.018  -0.064  456.69  540.71 1.407    461.09    166.82 99.999 99.999 99.999 13.132 13.174 99.999 99.999 99.999  0.196 99.999 99.999 99.999 99.999  99.999  99.999  99.999  99.999  0.011  0.011  0.014  0.017  0.050  0.063   24   17 99.999 99.999   99  21.168648182 -16.465711551  2 38 54.56 2005  9 24 2453637.61035370    12  V                     n30048.fits                                        Triton                1020  1020
  -0.003  -0.070  456.61  539.96 1.345    474.61    157.66 99.999 99.999 99.999 13.079 13.100 99.999 99.999 99.999  0.220 99.999 99.999 99.999 99.999  99.999  99.999  99.999  99.999  0.006  0.006  0.013  0.018  0.051  0.069   21   17 99.999 99.999   99  21.168648200 -16.465714323  2 39 23.19 2005  9 24 2453637.61068507    12  V                     n30049.fits                                        Triton                1020  1020
  -0.001  -0.100  456.40  540.94 1.624    395.19    126.11 99.999 99.999 99.999 13.101 13.092 99.999 99.999 99.999  0.238 99.999 99.999 99.999 99.999  99.999  99.999  99.999  99.999  0.009  0.009  0.012  0.013  0.054  0.057   28   23 99.999 99.999   99  21.168648009 -16.465723884  2 39 47.52 2005  9 24 2453637.61096667    12  V                     n30050.fits                                        Triton                1020  1020
  -0.041  -0.066  456.14  541.84 1.608    396.67    134.15 99.999 99.999 99.999 13.068 13.150 99.999 99.999 99.999  0.255 99.999 99.999 99.999 99.999  99.999  99.999  99.999  99.999  0.018  0.018  0.009  0.016  0.036  0.062   27   19 99.999 99.999   99  21.168647022 -16.465715579  2 40 11.86 2005  9 24 2453637.61124838    12  V                     n30051.fits                                        Triton                1020  1020
   0.001  -0.103  456.59  542.20 1.564    395.00    132.32 99.999 99.999 99.999 13.068 13.063 99.999 99.999 99.999  0.241 99.999 99.999 99.999 99.999  99.999  99.999  99.999  99.999  0.011  0.011  0.014  0.017  0.059  0.068   25   19 99.999 99.999   99  21.168647599 -16.465726917  2 40 36.90 2005  9 24 2453637.61153819    12  V                     n30052.fits                                        Triton                1020  1020
  -0.022  -0.046  456.46  541.93 1.679    334.45    140.28 99.999 99.999 99.999 13.121 13.205 99.999 99.999 99.999  0.277 99.999 99.999 99.999 99.999  99.999  99.999  99.999  99.999  0.012  0.012  0.016  0.018  0.062  0.072   25   19 99.999 99.999   99  21.168646917 -16.465712146  2 41  1.95 2005  9 24 2453637.61182813    12  V                     n30053.fits                                        Triton                1020  1020
  -0.053  -0.047  456.40  542.01 1.608    326.16    142.17 99.999 99.999 99.999 13.108 13.147 99.999 99.999 99.999  0.191 99.999 99.999 99.999 99.999  99.999  99.999  99.999  99.999  0.015  0.015  0.011  0.013  0.045  0.056   25   20 99.999 99.999   99  21.168646096 -16.465713413  2 41 26.97 2005  9 24 2453637.61211771    12  V                     n30054.fits                                        Triton                1020  1020
  -0.007  -0.095  456.52  543.05 1.690    298.18    147.94 99.999 99.999 99.999 13.100 13.161 99.999 99.999 99.999  0.214 99.999 99.999 99.999 99.999  99.999  99.999  99.999  99.999  0.014  0.014  0.012  0.017  0.053  0.075   27   21 99.999 99.999   99  21.168646721 -16.465727833  2 41 52.03 2005  9 24 2453637.61240775    12  V                     n30055.fits                                        Triton                1020  1020
  -0.019  -0.107  456.49  542.11 1.567    199.77    132.71 99.999 99.999 99.999 13.185 13.249 99.999 99.999 99.999  0.170 99.999 99.999 99.999 99.999  99.999  99.999  99.999  99.999  0.011  0.011  0.014  0.015  0.059  0.064   24   21 99.999 99.999   99  21.168646273 -16.465732299  2 42 17.13 2005  9 24 2453637.61269826    12  V                     n30056.fits                                        Triton                1020  1020
  -0.023  -0.083  456.45  539.88 1.520    200.51    119.83 99.999 99.999 99.999 13.204 13.161 99.999 99.999 99.999  0.201 99.999 99.999 99.999 99.999  99.999  99.999  99.999  99.999  0.018  0.018  0.014  0.015  0.062  0.063   21   19 99.999 99.999   99  21.168645925 -16.465726942  2 42 47.40 2005  9 24 2453637.61304861    12  V                     n30057.fits                                        Triton                1020  1020
  -0.011  -0.108  456.61  539.17 1.449    303.46    140.34 99.999 99.999 99.999 13.167 13.174 99.999 99.999 99.999  0.204 99.999 99.999 99.999 99.999  99.999  99.999  99.999  99.999  0.014  0.014  0.013  0.015  0.056  0.064   27   21 99.999 99.999   99  21.168645864 -16.465735349  2 43 17.61 2005  9 24 2453637.61339826    12  V                     n30058.fits                                        Triton                1020  1020
   0.017  -0.078  455.92  539.68 1.747    266.98    127.41 99.999 99.999 99.999 13.114 13.129 99.999 99.999 99.999  0.230 99.999 99.999 99.999 99.999  99.999  99.999  99.999  99.999  0.018  0.018  0.012  0.013  0.048  0.053   24   18 99.999 99.999   99  21.168646164 -16.465727852  2 43 42.72 2005  9 24 2453637.61368889    12  V                     n30059.fits                                        Triton                1020  1020
  -0.029  -0.097  455.62  539.13 1.573    311.32    129.71 99.999 99.999 99.999 13.133 13.060 99.999 99.999 99.999  0.256 99.999 99.999 99.999 99.999  99.999  99.999  99.999  99.999  0.018  0.018  0.016  0.014  0.058  0.050   21   15 99.999 99.999   99  21.168643948 -16.465739535  2 46  6.26 2005  9 24 2453637.61535023    12  V                     n30064.fits                                        Triton                1020  1020
  -0.006  -0.062  455.13  535.94 1.504    380.22    157.08 99.999 99.999 99.999 13.047 13.128 99.999 99.999 99.999  0.280 99.999 99.999 99.999 99.999  99.999  99.999  99.999  99.999  0.012  0.012  0.014  0.015  0.053  0.058   26   19 99.999 99.999   99  21.168643908 -16.465731668  2 46 56.58 2005  9 24 2453637.61593264    12  V                     n30066.fits                                        Triton                1020  1020
   0.001  -0.050  454.69  536.16 1.690    331.51    152.80 99.999 99.999 99.999 13.154 13.185 99.999 99.999 99.999  0.214 99.999 99.999 99.999 99.999  99.999  99.999  99.999  99.999  0.010  0.010  0.014  0.016  0.059  0.068   28   19 99.999 99.999   99  21.168642880 -16.465734017  2 49  2.18 2005  9 24 2453637.61738634    12  V                     n30071.fits                                        Triton                1020  1020
   0.018  -0.052  454.21  532.68 2.412    167.15    120.99 99.999 99.999 99.999 13.246 13.361 99.999 99.999 99.999  0.241 99.999 99.999 99.999 99.999  99.999  99.999  99.999  99.999  0.025  0.025  0.016  0.017  0.061  0.066   24   18 99.999 99.999   99  21.168642205 -16.465739067  2 50 48.77 2005  9 24 2453637.61862002    12  V                     n30075.fits                                        Triton                1020  1020
  -0.043  -0.064  453.94  532.92 1.824    275.87    122.91 99.999 99.999 99.999 13.084 13.113 99.999 99.999 99.999  0.223 99.999 99.999 99.999 99.999  99.999  99.999  99.999  99.999  0.005  0.005  0.011  0.012  0.045  0.052   26   20 99.999 99.999   99  21.168640343 -16.465745567  2 52  4.00 2005  9 24 2453637.61949074    12  V                     n30078.fits                                        Triton                1020  1020
   0.006  -0.101  454.28  533.68 1.872    275.90    132.54 99.999 99.999 99.999 13.186 13.135 99.999 99.999 99.999  0.181 99.999 99.999 99.999 99.999  99.999  99.999  99.999  99.999  0.014  0.014  0.011  0.017  0.047  0.073   25   20 99.999 99.999   99  21.168641057 -16.465757008  2 52 29.08 2005  9 24 2453637.61978102    12  V                     n30079.fits                                        Triton                1020  1020
   0.012  -0.093  453.88  534.41 1.597    340.60    133.56 99.999 99.999 99.999 13.103 13.164 99.999 99.999 99.999  0.165 99.999 99.999 99.999 99.999  99.999  99.999  99.999  99.999  0.013  0.013  0.012  0.015  0.046  0.058   25   19 99.999 99.999   99  21.168640930 -16.465755861  2 52 54.25 2005  9 24 2453637.62007234    12  V                     n30080.fits                                        Triton                1020  1020
  -0.005  -0.110  454.29  534.80 2.038    182.62    156.32 99.999 99.999 99.999 13.256 13.288 99.999 99.999 99.999  0.207 99.999 99.999 99.999 99.999  99.999  99.999  99.999  99.999  0.016  0.016  0.011  0.021  0.043  0.081   23   16 99.999 99.999   99  21.168640344 -16.465761551  2 53 20.26 2005  9 24 2453637.62037338    12  V                     n30081.fits                                        Triton                1020  1020
  -0.029  -0.107  453.85  535.89 2.023    224.01    119.88 99.999 99.999 99.999 13.178 13.213 99.999 99.999 99.999  0.185 99.999 99.999 99.999 99.999  99.999  99.999  99.999  99.999  0.019  0.019  0.018  0.018  0.064  0.064   23   17 99.999 99.999   99  21.168639658 -16.465761865  2 53 46.27 2005  9 24 2453637.62067442    12  V                     n30082.fits                                        Triton                1020  1020
  -0.031  -0.107  453.63  535.85 1.804    282.83    142.73 99.999 99.999 99.999 13.115 13.171 99.999 99.999 99.999  0.236 99.999 99.999 99.999 99.999  99.999  99.999  99.999  99.999  0.016  0.016  0.017  0.011  0.067  0.042   23   18 99.999 99.999   99  21.168639364 -16.465762936  2 54 12.36 2005  9 24 2453637.62097639    12  V                     n30083.fits                                        Triton                1020  1020
   0.022  -0.125  453.79  533.82 1.650    333.25    133.82 99.999 99.999 99.999 13.198 13.160 99.999 99.999 99.999  0.192 99.999 99.999 99.999 99.999  99.999  99.999  99.999  99.999  0.016  0.016  0.015  0.019  0.062  0.078   23   20 99.999 99.999   99  21.168639934 -16.465770362  2 55  3.60 2005  9 24 2453637.62156944    12  V                     n30085.fits                                        Triton                1020  1020
  -0.035  -0.091  453.74  533.86 1.556    354.97    138.77 99.999 99.999 99.999 13.160 13.247 99.999 99.999 99.999  0.238 99.999 99.999 99.999 99.999  99.999  99.999  99.999  99.999  0.027  0.027  0.013  0.013  0.054  0.054   25   20 99.999 99.999   99  21.168638569 -16.465761944  2 55 28.88 2005  9 24 2453637.62186204    12  V                     n30086.fits                                        Triton                1020  1020
  -0.004  -0.125  453.66  534.61 1.546    385.61    132.52 99.999 99.999 99.999 13.135 13.123 99.999 99.999 99.999  0.257 99.999 99.999 99.999 99.999  99.999  99.999  99.999  99.999  0.017  0.017  0.011  0.015  0.048  0.066   26   20 99.999 99.999   99  21.168638954 -16.465772510  2 55 54.07 2005  9 24 2453637.62215359    12  V                     n30087.fits                                        Triton                1020  1020
  -0.030  -0.094  453.53  535.68 1.613    349.36    139.03 99.999 99.999 99.999 13.140 13.080 99.999 99.999 99.999  0.217 99.999 99.999 99.999 99.999  99.999  99.999  99.999  99.999  0.027  0.027  0.013  0.013  0.055  0.053   28   20 99.999 99.999   99  21.168638189 -16.465764866  2 56 19.18 2005  9 24 2453637.62244421    12  V                     n30088.fits                                        Triton                1020  1020
  -0.012  -0.062  453.38  535.94 1.518    398.18    142.87 99.999 99.999 99.999 13.114 13.145 99.999 99.999 99.999  0.248 99.999 99.999 99.999 99.999  99.999  99.999  99.999  99.999  0.014  0.014  0.016  0.014  0.066  0.058   29   20 99.999 99.999   99  21.168638322 -16.465757099  2 56 45.18 2005  9 24 2453637.62274514    12  V                     n30089.fits                                        Triton                1020  1020
  -0.022  -0.065  453.33  536.01 1.357    434.89    154.92 99.999 99.999 99.999 13.093 13.098 99.999 99.999 99.999  0.250 99.999 99.999 99.999 99.999  99.999  99.999  99.999  99.999  0.016  0.016  0.012  0.015  0.054  0.066   27   21 99.999 99.999   99  21.168637885 -16.465759296  2 57 11.30 2005  9 24 2453637.62304745    12  V                     n30090.fits                                        Triton                1020  1020
   0.000  -0.083  453.32  536.98 1.569    381.30    142.91 99.999 99.999 99.999 13.139 13.142 99.999 99.999 99.999  0.210 99.999 99.999 99.999 99.999  99.999  99.999  99.999  99.999  0.017  0.017  0.013  0.017  0.057  0.071   26   20 99.999 99.999   99  21.168638056 -16.465765374  2 57 37.28 2005  9 24 2453637.62334815    12  V                     n30091.fits                                        Triton                1020  1020
  -0.023  -0.092  453.14  535.23 1.620    376.45    120.24 99.999 99.999 99.999 13.130 13.175 99.999 99.999 99.999  0.272 99.999 99.999 99.999 99.999  99.999  99.999  99.999  99.999  0.017  0.017  0.019  0.013  0.079  0.056   27   20 99.999 99.999   99  21.168636910 -16.465771118  2 58 52.59 2005  9 24 2453637.62421979    12  V                     n30094.fits                                        Triton                1020  1020
  -0.033  -0.074  453.03  534.81 1.452    420.83    138.93 99.999 99.999 99.999 13.135 13.104 99.999 99.999 99.999  0.210 99.999 99.999 99.999 99.999  99.999  99.999  99.999  99.999  0.026  0.026  0.012  0.014  0.048  0.055   23   18 99.999 99.999   99  21.168636494 -16.465767321  2 59 17.69 2005  9 24 2453637.62451030    12  V                     n30095.fits                                        Triton                1020  1020
  -0.015  -0.061  452.86  534.98 1.420    462.20    140.07 99.999 99.999 99.999 13.119 13.139 99.999 99.999 99.999  0.224 99.999 99.999 99.999 99.999  99.999  99.999  99.999  99.999  0.020  0.020  0.018  0.013  0.067  0.049   24   19 99.999 99.999   99  21.168636607 -16.465764693  2 59 42.80 2005  9 24 2453637.62480093    12  V                     n30096.fits                                        Triton                1020  1020
  -0.015  -0.076  452.88  536.31 1.541    422.04    129.60 99.999 99.999 99.999 13.071 13.102 99.999 99.999 99.999  0.225 99.999 99.999 99.999 99.999  99.999  99.999  99.999  99.999  0.025  0.025  0.010  0.016  0.043  0.064   25   18 99.999 99.999   99  21.168636383 -16.465770092  3  0  7.90 2005  9 24 2453637.62509144    12  V                     n30097.fits                                        Triton                1020  1020
  -0.002  -0.113  452.93  536.48 1.430    458.32    126.56 99.999 99.999 99.999 13.042 13.021 99.999 99.999 99.999  0.255 99.999 99.999 99.999 99.999  99.999  99.999  99.999  99.999  0.018  0.018  0.017  0.014  0.069  0.058   25   19 99.999 99.999   99  21.168636387 -16.465781333  3  0 32.95 2005  9 24 2453637.62538137    12  V                     n30098.fits                                        Triton                1020  1020
