  -0.457   0.134  966.09  854.72 1.028    371.32     68.41 99.999 99.999 99.999 13.322 13.179 99.999 99.999 99.999  0.128 99.999 99.999 99.999 99.999  99.999  99.999  99.999  99.999  0.013  0.013  0.000  0.000  0.000  0.000    3    3 99.999 99.999   99  22.308521317 -11.174570395  5 54  6.00 2012  7 21 2456129.74590278     2   'R       '           Netuno_0001.fits                                   Triton                2048  2048
  -0.239   0.324  964.36  852.06 1.373    258.54     47.49 99.999 99.999 99.999 13.431 13.250 99.999 99.999 99.999  0.245 99.999 99.999 99.999 99.999  99.999  99.999  99.999  99.999  0.005  0.005  0.000  0.000  0.000  0.000    3    3 99.999 99.999   99  22.308522344 -11.174540161  5 58  1.00 2012  7 21 2456129.74862269     2   'R       '           Netuno_0002.fits                                   Triton                2048  2048
  -0.150   0.125  965.41  852.11 1.545    216.57     46.28 99.999 99.999 99.999 13.297 13.170 99.999 99.999 99.999  0.144 99.999 99.999 99.999 99.999  99.999  99.999  99.999  99.999  0.022  0.022  0.018  0.143  0.016  0.129    4    4 99.999 99.999   99  22.308523945 -11.174595973  5 58  9.00 2012  7 21 2456129.74871528     2   'R       '           Netuno_0003.fits                                   Triton                2048  2048
  -0.161  -0.121  965.53  851.03 1.156    272.77     73.80 99.999 99.999 99.999 13.297 13.267 99.999 99.999 99.999  0.082 99.999 99.999 99.999 99.999  99.999  99.999  99.999  99.999  0.015  0.015  0.000  0.000  0.000  0.000    3    3 99.999 99.999   99  22.308523636 -11.174665237  5 58 16.00 2012  7 21 2456129.74879630     2   'R       '           Netuno_0004.fits                                   Triton                2048  2048
  -0.156  -0.149  965.69  846.68 0.961    360.33     84.05 99.999 99.999 99.999 13.403 13.429 99.999 99.999 99.999  0.150 99.999 99.999 99.999 99.999  99.999  99.999  99.999  99.999  0.014  0.014  0.000  0.000  0.000  0.000    3    3 99.999 99.999   99  22.308523341 -11.174676243  5 58 47.00 2012  7 21 2456129.74915509     2   'R       '           Netuno_0008.fits                                   Triton                2048  2048
  -0.398   0.033  965.22  847.23 1.009    354.49     75.01 99.999 99.999 99.999 13.394 13.138 99.999 99.999 99.999  0.178 99.999 99.999 99.999 99.999  99.999  99.999  99.999  99.999  0.011  0.011  0.000  0.000  0.000  0.000    3    3 99.999 99.999   99  22.308518650 -11.174626509  5 58 55.00 2012  7 21 2456129.74924769     2   'R       '           Netuno_0009.fits                                   Triton                2048  2048
  -0.149  -0.135  964.39  849.08 1.145    327.34     49.83 99.999 99.999 99.999 13.248 13.131 99.999 99.999 99.999  0.134 99.999 99.999 99.999 99.999  99.999  99.999  99.999  99.999  0.016  0.016  0.100  0.012  0.090  0.011    4    4 99.999 99.999   99  22.308522734 -11.174677362  5 59 42.00 2012  7 21 2456129.74979167     2   'R       '           Netuno_0015.fits                                   Triton                2048  2048
  -0.176  -0.145  965.44  851.20 1.429    215.46     57.05 99.999 99.999 99.999 13.371 13.347 99.999 99.999 99.999  0.211 99.999 99.999 99.999 99.999  99.999  99.999  99.999  99.999  0.026  0.026  0.000  0.000  0.000  0.000    3    3 99.999 99.999   99  22.308521815 -11.174683384  6  0 13.00 2012  7 21 2456129.75015046     2   'R       '           Netuno_0019.fits                                   Triton                2048  2048
  -0.103   0.045  964.37  854.16 1.096    322.25     67.34 99.999 99.999 99.999 13.209 13.171 99.999 99.999 99.999  0.228 99.999 99.999 99.999 99.999  99.999  99.999  99.999  99.999  0.016  0.016  0.027  0.026  0.034  0.032    5    5 99.999 99.999   99  22.308522310 -11.174637163  6  1 23.00 2012  7 21 2456129.75096065     2   'R       '           Netuno_0028.fits                                   Triton                2048  2048
  -0.155  -0.221  965.60  847.68 0.996    286.73     93.24 99.999 99.999 99.999 13.626 13.433 99.999 99.999 99.999  0.250 99.999 99.999 99.999 99.999  99.999  99.999  99.999  99.999  0.022  0.022  0.055  0.052  0.050  0.047    4    4 99.999 99.999   99  22.308520299 -11.174718539  6  2 41.00 2012  7 21 2456129.75186343     2   'R       '           Netuno_0038.fits                                   Triton                2048  2048
