  -0.067  -0.072  835.88 1065.22 2.051    776.72     20.52 99.999 99.999 99.999 13.465 13.264 99.999 99.999 99.999  0.156 99.999 99.999 99.999 99.999  99.999  99.999  99.999  99.999  0.011  0.011  0.009  0.013  0.044  0.062   31   24 99.999 99.999   99  21.475622328 -15.108150031  6 59 13.83 2006  6  7 2453893.79113229     5  Clear                 netuno0021.fits                                    Triton                2040  2050
   0.022  -0.173  834.95 1065.08 1.835    339.22     24.22 99.999 99.999 99.999 13.469 13.319 99.999 99.999 99.999  0.145 99.999 99.999 99.999 99.999  99.999  99.999  99.999  99.999  0.031  0.031  0.012  0.015  0.054  0.066   32   24 99.999 99.999   99  21.475623068 -15.108180376  7  0 51.95 2006  6  7 2453893.79226794     2  Clear                 netuno0023.fits                                    Triton                2040  2050
  -0.010  -0.115  833.34 1059.78 2.060    306.97     14.80 99.999 99.999 99.999 13.477 13.423 99.999 99.999 99.999  0.134 99.999 99.999 99.999 99.999  99.999  99.999  99.999  99.999  0.019  0.019  0.013  0.010  0.059  0.045   31   24 99.999 99.999   99  21.475621675 -15.108165820  7  2  9.10 2006  6  7 2453893.79316088     2  Clear                 netuno0024.fits                                    Triton                2040  2050
   0.041   0.064  831.58 1058.95 1.491    445.01     40.04 99.999 99.999 99.999 13.446 13.364 99.999 99.999 99.999  0.164 99.999 99.999 99.999 99.999  99.999  99.999  99.999  99.999  0.019  0.019  0.009  0.013  0.039  0.057   32   21 99.999 99.999   99  21.475620618 -15.108120520  7  5 34.27 2006  6  7 2453893.79553553     2  Clear                 netuno0027.fits                                    Triton                2040  2050
  -0.014   0.064  831.94 1056.20 1.482    461.59     39.88 99.999 99.999 99.999 13.501 13.398 99.999 99.999 99.999  0.186 99.999 99.999 99.999 99.999  99.999  99.999  99.999  99.999  0.018  0.018  0.013  0.014  0.063  0.065   33   25 99.999 99.999   99  21.475617846 -15.108124414  7  8 29.18 2006  6  7 2453893.79755995     2  Clear                 netuno0032.fits                                    Triton                2040  2050
   0.008   0.040  831.54 1054.94 2.506    266.37      0.24 99.999 99.999 99.999 13.638 13.522 99.999 99.999 99.999  0.210 99.999 99.999 99.999 99.999  99.999  99.999  99.999  99.999  0.024  0.024  0.014  0.014  0.063  0.064   33   24 99.999 99.999   99  21.475617900 -15.108131852  7  9  4.47 2006  6  7 2453893.79796840     2  Clear                 netuno0033.fits                                    Triton                2040  2050
   0.010   0.106  831.00 1053.31 1.606    374.15     39.93 99.999 99.999 99.999 13.429 13.377 99.999 99.999 99.999  0.188 99.999 99.999 99.999 99.999  99.999  99.999  99.999  99.999  0.026  0.026  0.013  0.013  0.058  0.061   33   24 99.999 99.999   99  21.475617238 -15.108115308  7 10 16.07 2006  6  7 2453893.79879711     2  Clear                 netuno0035.fits                                    Triton                2040  2050
   0.008  -0.118  831.85 1058.20 1.839    204.26      9.43 99.999 99.999 99.999 13.515 13.514 99.999 99.999 99.999  0.219 99.999 99.999 99.999 99.999  99.999  99.999  99.999  99.999  0.022  0.022  0.017  0.015  0.069  0.061   33   19 99.999 99.999   99  21.475616010 -15.108180086  7 12 16.97 2006  6  7 2453893.80019641     1  Clear                 netuno0037.fits                                    Triton                2040  2050
   0.086  -0.061  831.67 1057.47 2.000    196.38      3.05 99.999 99.999 99.999 13.359 13.415 99.999 99.999 99.999  0.205 99.999 99.999 99.999 99.999  99.999  99.999  99.999  99.999  0.015  0.015  0.016  0.014  0.069  0.060   33   23 99.999 99.999   99  21.475617179 -15.108164941  7 12 50.39 2006  6  7 2453893.80058322     1  Clear                 netuno0038.fits                                    Triton                2040  2050
  -0.061  -0.097  831.38 1056.88 1.929    179.96     10.33 99.999 99.999 99.999 13.507 13.464 99.999 99.999 99.999  0.186 99.999 99.999 99.999 99.999  99.999  99.999  99.999  99.999  0.029  0.029  0.012  0.013  0.054  0.062   32   22 99.999 99.999   99  21.475613993 -15.108175682  7 13 24.60 2006  6  7 2453893.80097917     1  Clear                 netuno0039.fits                                    Triton                2040  2050
   0.002  -0.122  831.76 1058.19 1.956    198.37      5.76 99.999 99.999 99.999 13.537 13.522 99.999 99.999 99.999  0.213 99.999 99.999 99.999 99.999  99.999  99.999  99.999  99.999  0.023  0.023  0.013  0.015  0.061  0.068   32   24 99.999 99.999   99  21.475614871 -15.108183283  7 13 59.09 2006  6  7 2453893.80137836     1  Clear                 netuno0040.fits                                    Triton                2040  2050
   0.009   0.022  835.22 1063.27 2.654    117.44      4.54 99.999 99.999 99.999 13.488 13.472 99.999 99.999 99.999  0.138 99.999 99.999 99.999 99.999  99.999  99.999  99.999  99.999  0.035  0.035  0.021  0.016  0.072  0.055   29   15 99.999 99.999   99  21.475613978 -15.108145584  7 15 43.77 2006  6  7 2453893.80258993     1  Clear                 netuno0043.fits                                    Triton                2040  2050
   0.015  -0.132  832.84 1062.27 2.102    164.63      6.88 99.999 99.999 99.999 13.491 13.526 99.999 99.999 99.999  0.158 99.999 99.999 99.999 99.999  99.999  99.999  99.999  99.999  0.022  0.022  0.013  0.014  0.062  0.068   31   23 99.999 99.999   99  21.475613408 -15.108190133  7 16 52.85 2006  6  7 2453893.80338947     1  Clear                 netuno0045.fits                                    Triton                2040  2050
  -0.073  -0.144  834.31 1063.36 1.052    257.09     59.18 99.999 99.999 99.999 13.449 13.406 99.999 99.999 99.999  0.220 99.999 99.999 99.999 99.999  99.999  99.999  99.999  99.999  0.032  0.032  0.011  0.014  0.049  0.063   28   22 99.999 99.999   99  21.475611385 -15.108194251  7 17 27.54 2006  6  7 2453893.80379097     1  Clear                 netuno0046.fits                                    Triton                2040  2050
  -0.065  -0.046  835.19 1063.01 1.393    282.94     18.71 99.999 99.999 99.999 13.449 13.462 99.999 99.999 99.999  0.186 99.999 99.999 99.999 99.999  99.999  99.999  99.999  99.999  0.018  0.018  0.016  0.014  0.066  0.061   30   18 99.999 99.999   99  21.475611110 -15.108167826  7 18 10.68 2006  6  7 2453893.80429028     1  Clear                 netuno0047.fits                                    Triton                2040  2050
   0.087  -0.115  836.67 1065.50 1.333    203.23     34.12 99.999 99.999 99.999 13.358 13.358 99.999 99.999 99.999  0.193 99.999 99.999 99.999 99.999  99.999  99.999  99.999  99.999  0.017  0.017  0.015  0.015  0.061  0.061   29   19 99.999 99.999   99  21.475612335 -15.108190681  7 21  0.91 2006  6  7 2453893.80626053     1  Clear                 netuno0052.fits                                    Triton                2040  2050
   0.028   0.050  834.71 1062.40 1.441    214.36     20.44 99.999 99.999 99.999 13.463 13.459 99.999 99.999 99.999  0.192 99.999 99.999 99.999 99.999  99.999  99.999  99.999  99.999  0.019  0.019  0.014  0.013  0.068  0.062   31   23 99.999 99.999   99  21.475610541 -15.108146202  7 22  8.47 2006  6  7 2453893.80704248     1  Clear                 netuno0054.fits                                    Triton                2040  2050
  -0.029  -0.152  832.35 1060.49 2.285    118.23      7.51 99.999 99.999 99.999 13.499 13.559 99.999 99.999 99.999  0.184 99.999 99.999 99.999 99.999  99.999  99.999  99.999  99.999  0.029  0.029  0.017  0.018  0.063  0.067   27   15 99.999 99.999   99  21.475609104 -15.108202945  7 22 42.67 2006  6  7 2453893.80743831     1  Clear                 netuno0055.fits                                    Triton                2040  2050
  -0.068  -0.022  835.13 1061.93 1.643    204.95      9.00 99.999 99.999 99.999 13.501 13.460 99.999 99.999 99.999  0.163 99.999 99.999 99.999 99.999  99.999  99.999  99.999  99.999  0.015  0.015  0.011  0.012  0.051  0.055   31   25 99.999 99.999   99  21.475608009 -15.108167857  7 23 16.87 2006  6  7 2453893.80783414     1  Clear                 netuno0056.fits                                    Triton                2040  2050
  -0.052  -0.140  832.14 1060.76 0.854    221.68     59.86 99.999 99.999 99.999 13.413 13.310 99.999 99.999 99.999  0.185 99.999 99.999 99.999 99.999  99.999  99.999  99.999  99.999  0.020  0.020  0.015  0.016  0.066  0.068   30   20 99.999 99.999   99  21.475607162 -15.108203013  7 25 12.37 2006  6  7 2453893.80917095     1  Clear                 netuno0059.fits                                    Triton                2040  2050
  -0.119  -0.234  830.28 1057.39 1.260    139.72     35.14 99.999 99.999 99.999 13.491 13.522 99.999 99.999 99.999  0.169 99.999 99.999 99.999 99.999  99.999  99.999  99.999  99.999  0.028  0.028  0.015  0.016  0.055  0.059   29   19 99.999 99.999   99  21.475605217 -15.108230532  7 26 20.78 2006  6  7 2453893.80996273     1  Clear                 netuno0061.fits                                    Triton                2040  2050
  -0.084  -0.030  834.06 1061.99 1.832    146.39      7.31 99.999 99.999 99.999 13.454 13.488 99.999 99.999 99.999  0.194 99.999 99.999 99.999 99.999  99.999  99.999  99.999  99.999  0.026  0.026  0.012  0.014  0.054  0.061   29   22 99.999 99.999   99  21.475605185 -15.108175331  7 27 30.22 2006  6  7 2453893.81076644     1  Clear                 netuno0063.fits                                    Triton                2040  2050
  -0.071  -0.091  833.35 1060.60 1.975    127.80      6.00 99.999 99.999 99.999 13.461 13.440 99.999 99.999 99.999  0.132 99.999 99.999 99.999 99.999  99.999  99.999  99.999  99.999  0.030  0.030  0.016  0.019  0.065  0.076   27   19 99.999 99.999   99  21.475605113 -15.108192926  7 28  4.45 2006  6  7 2453893.81116262     1  Clear                 netuno0064.fits                                    Triton                2040  2050
  -0.072  -0.017  834.00 1059.02 1.224    178.05     29.43 99.999 99.999 99.999 13.527 13.588 99.999 99.999 99.999  0.197 99.999 99.999 99.999 99.999  99.999  99.999  99.999  99.999  0.036  0.036  0.011  0.014  0.051  0.065   31   22 99.999 99.999   99  21.475604752 -15.108173323  7 28 38.79 2006  6  7 2453893.81156007     1  Clear                 netuno0065.fits                                    Triton                2040  2050
