  -0.160  -0.073  197.71 1012.79 1.802  99472.40   7124.77 99.999 99.999 99.999 13.182 12.834 99.999 99.999 99.999  0.399 99.999 99.999 99.999 99.999  99.999  99.999  99.999  99.999  0.028  0.031  0.086  0.070  0.072  0.058   12    9 99.999 99.999   99  22.117345218 -12.183353853  3 42 36.00 2011  8 19 2455792.65458333    80    I                   nereida_0001.fits                                  Triton                1024  1024
  -0.153  -0.014  199.52 1019.00 2.344  64887.96   4446.24 99.999 99.999 99.999 13.238 12.944 99.999 99.999 99.999  0.415 99.999 99.999 99.999 99.999  99.999  99.999  99.999  99.999  0.005  0.006  0.055  0.061  0.064  0.071   15   10 99.999 99.999   99  22.117331275 -12.183384786  3 53 30.00 2011  8 19 2455792.66215278    80    I                   nereida_0009.fits                                  Triton                1024  1024
   0.028   0.053  200.34 1016.83 2.042  75749.18   7231.21 99.999 99.999 99.999 13.199 12.806 99.999 99.999 99.999  0.265 99.999 99.999 99.999 99.999  99.999  99.999  99.999  99.999  0.044  0.048  0.043  0.057  0.054  0.072   13   11 99.999 99.999   99  22.117329388 -12.183383903  3 57 36.00 2011  8 19 2455792.66500000    80    I                   nereida_0012.fits                                  Triton                1024  1024
  -0.140  -0.038  200.53 1014.69 1.987  84139.01   6036.92 99.999 99.999 99.999 13.224 12.860 99.999 99.999 99.999  0.326 99.999 99.999 99.999 99.999  99.999  99.999  99.999  99.999  0.043  0.045  0.054  0.064  0.062  0.073   13    9 99.999 99.999   99  22.117324461 -12.183415388  3 58 58.00 2011  8 19 2455792.66594907    80    I                   nereida_0013.fits                                  Triton                1024  1024
   0.025  -0.035  200.77 1014.64 1.767  94898.14   8212.42 99.999 99.999 99.999 13.014 12.719 99.999 99.999 99.999  0.375 99.999 99.999 99.999 99.999  99.999  99.999  99.999  99.999  0.020  0.020  0.048  0.058  0.056  0.068   13   11 99.999 99.999   99  22.117322309 -12.183432048  4  3  3.00 2011  8 19 2455792.66878472    80    I                   nereida_0016.fits                                  Triton                1024  1024
  -0.247  -0.084  202.96 1020.39 2.232  69574.18   4566.58 99.999 99.999 99.999 13.160 12.909 99.999 99.999 99.999  0.482 99.999 99.999 99.999 99.999  99.999  99.999  99.999  99.999  0.000  0.000  0.042  0.076  0.048  0.088   15    9 99.999 99.999   99  22.117303506 -12.183491424  4 13 39.00 2011  8 19 2455792.67614583    80    I                   nereida_0022.fits                                  Triton                1024  1024
  -0.134  -0.035  203.93 1016.34 1.917  92200.76   6144.81 99.999 99.999 99.999 13.191 12.850 99.999 99.999 99.999  0.359 99.999 99.999 99.999 99.999  99.999  99.999  99.999  99.999  0.042  0.046  0.041  0.070  0.048  0.081   14   10 99.999 99.999   99  22.117298630 -12.183501238  4 19  6.00 2011  8 19 2455792.67993056    80    I                   nereida_0026.fits                                  Triton                1024  1024
  -0.186  -0.046  204.27 1016.67 1.802  75292.27   5908.49 99.999 99.999 99.999 13.233 12.954 99.999 99.999 99.999  0.299 99.999 99.999 99.999 99.999  99.999  99.999  99.999  99.999  0.028  0.028  0.085  0.023  0.070  0.019   12    8 99.999 99.999   99  22.117292400 -12.183521710  4 23 11.00 2011  8 19 2455792.68276620    80    I                   nereida_0029.fits                                  Triton                1024  1024
  -0.100  -0.063  204.55 1019.69 1.783  74981.18   7182.26 99.999 99.999 99.999 13.018 12.703 99.999 99.999 99.999  0.364 99.999 99.999 99.999 99.999  99.999  99.999  99.999  99.999  0.000  0.000  0.056  0.054  0.068  0.066   14   11 99.999 99.999   99  22.117292271 -12.183532178  4 24 33.00 2011  8 19 2455792.68371528    80    I                   nereida_0030.fits                                  Triton                1024  1024
  -0.017  -0.079  205.50 1022.20 1.637  78351.48  10562.25 99.999 99.999 99.999 12.996 12.722 99.999 99.999 99.999  0.393 99.999 99.999 99.999 99.999  99.999  99.999  99.999  99.999  0.018  0.017  0.041  0.055  0.047  0.062   14   10 99.999 99.999   99  22.117288603 -12.183554302  4 28 38.00 2011  8 19 2455792.68655093    80    I                   nereida_0033.fits                                  Triton                1024  1024
   0.162  -0.047  206.27 1024.35 1.768  58459.24   9317.84 99.999 99.999 99.999 13.290 12.931 99.999 99.999 99.999  0.195 99.999 99.999 99.999 99.999  99.999  99.999  99.999  99.999  0.007  0.019  0.037  0.057  0.041  0.064   13   10 99.999 99.999   99  22.117286717 -12.183562849  4 32 44.00 2011  8 19 2455792.68939815    80    I                   nereida_0036.fits                                  Triton                1024  1024
  -0.013  -0.072  209.01 1022.62 1.876  71560.91   8032.87 99.999 99.999 99.999 13.088 12.815 99.999 99.999 99.999  0.324 99.999 99.999 99.999 99.999  99.999  99.999  99.999  99.999  0.009  0.010  0.042  0.055  0.047  0.061   14   10 99.999 99.999   99  22.117266004 -12.183627565  4 46 18.00 2011  8 19 2455792.69881944    80    I                   nereida_0042.fits                                  Triton                1024  1024
   0.303  -0.025  209.79 1023.01 2.049  51107.88   6767.97 99.999 99.999 99.999 13.132 12.690 99.999 99.999 99.999  0.122 99.999 99.999 99.999 99.999  99.999  99.999  99.999  99.999  0.055  0.062  0.048  0.047  0.060  0.058   14   11 99.999 99.999   99  22.117270221 -12.183620142  4 47 40.00 2011  8 19 2455792.69976852    80    I                   nereida_0043.fits                                  Triton                1024  1024
   0.580  -0.098  211.58 1024.48 1.639  27292.33   6016.52 99.999 99.999 99.999 13.512 13.248 99.999 99.999 99.999  0.315 99.999 99.999 99.999 99.999  99.999  99.999  99.999  99.999  0.009  0.018  0.059  0.044  0.070  0.052   14   11 99.999 99.999   99  22.117263242 -12.183681120  4 57 13.00 2011  8 19 2455792.70640046    80    I                   nereida_0050.fits                                  Triton                1024  1024
   0.042  -0.026  211.57 1023.51 1.533  44155.30   9497.77 99.999 99.999 99.999 13.157 12.788 99.999 99.999 99.999  0.105 99.999 99.999 99.999 99.999  99.999  99.999  99.999  99.999  0.046  0.055  0.050  0.048  0.061  0.057   13   10 99.999 99.999   99  22.117251323 -12.183666560  4 58 34.00 2011  8 19 2455792.70733796    80    I                   nereida_0051.fits                                  Triton                1024  1024
   0.355  -0.098  211.95 1023.33 1.785  33305.74   6665.56 99.999 99.999 99.999 13.146 12.893 99.999 99.999 99.999  0.321 99.999 99.999 99.999 99.999  99.999  99.999  99.999  99.999  0.053  0.064  0.049  0.046  0.061  0.057   15   11 99.999 99.999   99  22.117255511 -12.183692388  4 59 56.00 2011  8 19 2455792.70828704    80    I                   nereida_0052.fits                                  Triton                1024  1024
   0.374   0.019  212.36 1023.83 1.632  37173.31   7450.24 99.999 99.999 99.999 13.222 12.940 99.999 99.999 99.999  0.274 99.999 99.999 99.999 99.999  99.999  99.999  99.999  99.999  0.018  0.030  0.065  0.042  0.068  0.044   15    9 99.999 99.999   99  22.117254105 -12.183665730  5  1 18.00 2011  8 19 2455792.70923611    80    I                   nereida_0053.fits                                  Triton                1024  1024
  -0.081  -0.086  212.40 1023.17 1.678  47360.06   7913.73 99.999 99.999 99.999 13.093 12.871 99.999 99.999 99.999  0.314 99.999 99.999 99.999 99.999  99.999  99.999  99.999  99.999  0.033  0.036  0.049  0.054  0.060  0.065   13   10 99.999 99.999   99  22.117243750 -12.183700716  5  2 40.00 2011  8 19 2455792.71018519    80    I                   nereida_0054.fits                                  Triton                1024  1024
   0.738  -0.239  212.38 1023.82 1.745  23480.25   6845.33 99.999 99.999 99.999 13.403 13.172 99.999 99.999 99.999  0.313 99.999 99.999 99.999 99.999  99.999  99.999  99.999  99.999  0.035  0.058  0.046  0.047  0.059  0.061   15   12 99.999 99.999   99  22.117257518 -12.183748755  5  4  2.00 2011  8 19 2455792.71113426    80    I                   nereida_0055.fits                                  Triton                1024  1024
   0.257  -0.154  213.25 1024.12 1.471  53083.19   9199.85 99.999 99.999 99.999 13.131 12.837 99.999 99.999 99.999  0.242 99.999 99.999 99.999 99.999  99.999  99.999  99.999  99.999  0.022  0.049  0.075  0.101  0.064  0.087    9    8 99.999 99.999   99  22.117244923 -12.183737063  5  6 45.00 2011  8 19 2455792.71302083    80    I                   nereida_0057.fits                                  Triton                1024  1024
