  -0.043  -0.080  489.92  532.54 1.667    173.16    115.51 99.999 99.999 99.999 13.228 13.194 99.999 99.999 99.999  0.183 99.999 99.999 99.999 99.999  99.999  99.999  99.999  99.999  0.025  0.025  0.018  0.025  0.050  0.070   12   11 99.999 99.999   99  21.168701640 -16.465477265  1  3 17.14 2005  9 24 2453637.54394838     5  V                     n30002.fits                                        Triton                1020  1020
  -0.065  -0.067  489.44  532.82 1.344    231.03    127.70 99.999 99.999 99.999 13.262 13.249 99.999 99.999 99.999  0.177 99.999 99.999 99.999 99.999  99.999  99.999  99.999  99.999  0.003  0.003  0.021  0.020  0.050  0.046    8    8 99.999 99.999   99  21.168700779 -16.465475537  1  4  5.32 2005  9 24 2453637.54450602     5  V                     n30003.fits                                        Triton                1020  1020
  -0.065  -0.112  489.93  534.17 1.200    241.59    127.84 99.999 99.999 99.999 13.222 13.316 99.999 99.999 99.999  0.168 99.999 99.999 99.999 99.999  99.999  99.999  99.999  99.999  0.030  0.030  0.026  0.028  0.066  0.071    9    9 99.999 99.999   99  21.168699942 -16.465491682  1  5 33.11 2005  9 24 2453637.54552211     5  V                     n30005.fits                                        Triton                1020  1020
  -0.049  -0.074  489.68  533.94 1.480    132.75    114.17 99.999 99.999 99.999 13.194 13.274 99.999 99.999 99.999  0.166 99.999 99.999 99.999 99.999  99.999  99.999  99.999  99.999  0.015  0.015  0.018  0.019  0.040  0.044    8    8 99.999 99.999   99  21.168699827 -16.465482687  1  6 16.16 2005  9 24 2453637.54602037     5  V                     n30006.fits                                        Triton                1020  1020
  -0.052  -0.078  488.99  528.55 1.549    105.55     98.34 99.999 99.999 99.999 13.204 13.186 99.999 99.999 99.999  0.228 99.999 99.999 99.999 99.999  99.999  99.999  99.999  99.999  0.000  0.000  0.021  0.030  0.052  0.074   11    9 99.999 99.999   99  21.168697046 -16.465495539  1 11  4.47 2005  9 24 2453637.54935729    20  V                     n30011.fits                                        Triton                1020  1020
  -0.051  -0.100  488.40  530.84 1.673    157.61    112.55 99.999 99.999 99.999 13.205 13.195 99.999 99.999 99.999  0.209 99.999 99.999 99.999 99.999  99.999  99.999  99.999  99.999  0.028  0.028  0.014  0.019  0.049  0.067   18   14 99.999 99.999   99  21.168694962 -16.465510970  1 14 49.07 2005  9 24 2453637.55195683    20  V                     n30014.fits                                        Triton                1020  1020
  -0.009  -0.077  488.02  528.94 1.476    271.19    109.57 99.999 99.999 99.999 13.149 13.203 99.999 99.999 99.999  0.229 99.999 99.999 99.999 99.999  99.999  99.999  99.999  99.999  0.027  0.027  0.015  0.013  0.061  0.054   22   18 99.999 99.999   99  21.168695186 -16.465507026  1 15 48.82 2005  9 24 2453637.55264838    20  V                     n30015.fits                                        Triton                1020  1020
   0.030  -0.079  487.72  532.61 1.424    148.97    118.48 99.999 99.999 99.999 13.137 13.142 99.999 99.999 99.999  0.255 99.999 99.999 99.999 99.999  99.999  99.999  99.999  99.999  0.000  0.000  0.011  0.021  0.038  0.073   17   13 99.999 99.999   99  21.168694746 -16.465512893  1 17 55.85 2005  9 24 2453637.55411863    20  V                     n30018.fits                                        Triton                1020  1020
  -0.001  -0.066  487.62  529.52 1.779     46.76    107.55 99.999 99.999 99.999 13.294 13.308 99.999 99.999 99.999  0.415 99.999 99.999 99.999 99.999  99.999  99.999  99.999  99.999  0.031  0.031  0.026  0.022  0.051  0.043    6    5 99.999 99.999   99  21.168693224 -16.465513017  1 19 32.50 2005  9 24 2453637.55523727    15  V                     n30019.fits                                        Triton                1020  1020
  -0.009  -0.034  486.64  530.34 1.651    112.09    112.29 99.999 99.999 99.999 13.197 13.234 99.999 99.999 99.999  0.166 99.999 99.999 99.999 99.999  99.999  99.999  99.999  99.999  0.038  0.038  0.020  0.016  0.057  0.046   10    9 99.999 99.999   99  21.168691237 -16.465511964  1 22 46.83 2005  9 24 2453637.55748646    30  V                     n30022.fits                                        Triton                1020  1020
  -0.030  -0.073  486.03  528.05 1.449    230.48    119.63 99.999 99.999 99.999 13.182 13.189 99.999 99.999 99.999  0.218 99.999 99.999 99.999 99.999  99.999  99.999  99.999  99.999  0.021  0.021  0.018  0.016  0.062  0.054   18   15 99.999 99.999   99  21.168688594 -16.465532685  1 26 45.77 2005  9 24 2453637.56025197    10  V                     n30023.fits                                        Triton                1020  1020
  -0.047  -0.064  485.61  526.72 1.089     99.74    143.92 99.999 99.999 99.999 13.369 13.444 99.999 99.999 99.999  0.149 99.999 99.999 99.999 99.999  99.999  99.999  99.999  99.999  0.038  0.039  0.017  0.039  0.037  0.082    6    6 99.999 99.999   99  21.168687488 -16.465533607  1 28  8.22 2005  9 24 2453637.56120625     6  V                     n30025.fits                                        Triton                1020  1020
  -0.029  -0.093  485.88  527.45 1.325    205.64    114.88 99.999 99.999 99.999 13.244 13.214 99.999 99.999 99.999  0.214 99.999 99.999 99.999 99.999  99.999  99.999  99.999  99.999  0.017  0.017  0.013  0.018  0.051  0.070   19   16 99.999 99.999   99  21.168687223 -16.465544509  1 29 13.89 2005  9 24 2453637.56196632     8  V                     n30026.fits                                        Triton                1020  1020
   0.003  -0.095  485.75  526.57 1.553    260.14    116.48 99.999 99.999 99.999 13.119 13.160 99.999 99.999 99.999  0.220 99.999 99.999 99.999 99.999  99.999  99.999  99.999  99.999  0.000  0.000  0.013  0.014  0.049  0.054   20   15 99.999 99.999   99  21.168687145 -16.465547647  1 30 26.47 2005  9 24 2453637.56280637     8  V                     n30027.fits                                        Triton                1020  1020
  -0.008  -0.118  485.24  524.00 1.595    201.74    121.86 99.999 99.999 99.999 13.198 13.280 99.999 99.999 99.999  0.220 99.999 99.999 99.999 99.999  99.999  99.999  99.999  99.999  0.028  0.028  0.014  0.017  0.050  0.061   17   14 99.999 99.999   99  21.168686068 -16.465558033  1 31 59.07 2005  9 24 2453637.56387813     6  V                     n30029.fits                                        Triton                1020  1020
  -0.004  -0.140  458.94  541.03 1.684    226.13    140.87 99.999 99.999 99.999 13.175 13.163 99.999 99.999 99.999  0.194 99.999 99.999 99.999 99.999  99.999  99.999  99.999  99.999  0.015  0.015  0.011  0.011  0.051  0.050   24   22 99.999 99.999   99  21.168654508 -16.465705040  2 28  6.94 2005  9 24 2453637.60285810    20  V                     n30031.fits                                        Triton                1020  1020
  -0.033  -0.069  458.71  541.03 1.615    235.35    128.50 99.999 99.999 99.999 13.249 13.171 99.999 99.999 99.999  0.205 99.999 99.999 99.999 99.999  99.999  99.999  99.999  99.999  0.013  0.013  0.016  0.016  0.063  0.063   19   17 99.999 99.999   99  21.168653368 -16.465688005  2 29  8.45 2005  9 24 2453637.60357002    15  V                     n30032.fits                                        Triton                1020  1020
  -0.063  -0.048  458.35  540.84 1.278    142.77    117.74 99.999 99.999 99.999 13.253 13.235 99.999 99.999 99.999  0.179 99.999 99.999 99.999 99.999  99.999  99.999  99.999  99.999  0.026  0.027  0.018  0.021  0.060  0.072   13   12 99.999 99.999   99  21.168652226 -16.465684634  2 30  6.69 2005  9 24 2453637.60424410    10  V                     n30033.fits                                        Triton                1020  1020
  -0.053  -0.101  458.03  538.34 1.544     96.93    118.27 99.999 99.999 99.999 13.217 13.115 99.999 99.999 99.999  0.192 99.999 99.999 99.999 99.999  99.999  99.999  99.999  99.999  0.016  0.016  0.019  0.020  0.062  0.067   15   12 99.999 99.999   99  21.168651948 -16.465701656  2 30 57.41 2005  9 24 2453637.60483113    12  V                     n30034.fits                                        Triton                1020  1020
  -0.009  -0.128  457.87  540.02 2.041    121.95    124.64 99.999 99.999 99.999 13.289 13.274 99.999 99.999 99.999  0.172 99.999 99.999 99.999 99.999  99.999  99.999  99.999  99.999  0.004  0.004  0.019  0.016  0.067  0.057   22   14 99.999 99.999   99  21.168651945 -16.465712934  2 32 30.63 2005  9 24 2453637.60591007    12  V                     n30036.fits                                        Triton                1020  1020
  -0.064  -0.073  457.63  541.21 1.822    148.37    152.25 99.999 99.999 99.999 13.243 13.337 99.999 99.999 99.999  0.179 99.999 99.999 99.999 99.999  99.999  99.999  99.999  99.999  0.016  0.016  0.015  0.014  0.062  0.056   23   18 99.999 99.999   99  21.168650427 -16.465699859  2 33 18.94 2005  9 24 2453637.60646921    12  V                     n30037.fits                                        Triton                1020  1020
   0.029  -0.106  457.36  540.52 1.812    263.83    155.55 99.999 99.999 99.999 13.190 13.180 99.999 99.999 99.999  0.190 99.999 99.999 99.999 99.999  99.999  99.999  99.999  99.999  0.009  0.009  0.016  0.014  0.071  0.063   28   22 99.999 99.999   99  21.168650979 -16.465714588  2 35 32.85 2005  9 24 2453637.60801910    12  V                     n30040.fits                                        Triton                1020  1020
  -0.042  -0.071  457.47  540.90 1.739    313.29    119.34 99.999 99.999 99.999 13.117 13.144 99.999 99.999 99.999  0.202 99.999 99.999 99.999 99.999  99.999  99.999  99.999  99.999  0.013  0.013  0.014  0.013  0.060  0.058   28   24 99.999 99.999   99  21.168649387 -16.465705898  2 35 56.32 2005  9 24 2453637.60829074    12  V                     n30041.fits                                        Triton                1020  1020
   0.028  -0.125  457.48  541.99 1.696    271.46    129.34 99.999 99.999 99.999 13.201 13.216 99.999 99.999 99.999  0.205 99.999 99.999 99.999 99.999  99.999  99.999  99.999  99.999  0.013  0.013  0.015  0.018  0.061  0.075   24   19 99.999 99.999   99  21.168650521 -16.465721868  2 36 20.66 2005  9 24 2453637.60857245    12  V                     n30042.fits                                        Triton                1020  1020
  -0.003  -0.102  457.28  542.43 1.769    292.68    141.32 99.999 99.999 99.999 13.203 13.246 99.999 99.999 99.999  0.228 99.999 99.999 99.999 99.999  99.999  99.999  99.999  99.999  0.014  0.014  0.009  0.014  0.038  0.058   27   18 99.999 99.999   99  21.168649693 -16.465716720  2 36 44.31 2005  9 24 2453637.60884618    12  V                     n30043.fits                                        Triton                1020  1020
  -0.002  -0.120  457.16  542.53 1.615    365.38    134.03 99.999 99.999 99.999 13.119 13.028 99.999 99.999 99.999  0.235 99.999 99.999 99.999 99.999  99.999  99.999  99.999  99.999  0.009  0.009  0.015  0.015  0.068  0.066   27   22 99.999 99.999   99  21.168649492 -16.465722855  2 37  8.65 2005  9 24 2453637.60912789    12  V                     n30044.fits                                        Triton                1020  1020
   0.014  -0.086  457.02  543.25 1.832    270.99    126.53 99.999 99.999 99.999 13.145 13.118 99.999 99.999 99.999  0.235 99.999 99.999 99.999 99.999  99.999  99.999  99.999  99.999  0.020  0.020  0.021  0.019  0.078  0.070   24   17 99.999 99.999   99  21.168649573 -16.465714120  2 37 32.13 2005  9 24 2453637.60939965    12  V                     n30045.fits                                        Triton                1020  1020
  -0.043  -0.097  457.29  543.25 1.673    306.04    151.76 99.999 99.999 99.999 13.174 13.158 99.999 99.999 99.999  0.195 99.999 99.999 99.999 99.999  99.999  99.999  99.999  99.999  0.016  0.016  0.014  0.014  0.056  0.058   28   20 99.999 99.999   99  21.168648188 -16.465718557  2 38  1.60 2005  9 24 2453637.60974074    12  V                     n30046.fits                                        Triton                1020  1020
   0.001  -0.102  457.06  542.50 1.720    322.48    145.39 99.999 99.999 99.999 13.147 13.194 99.999 99.999 99.999  0.197 99.999 99.999 99.999 99.999  99.999  99.999  99.999  99.999  0.013  0.013  0.017  0.020  0.066  0.078   26   20 99.999 99.999   99  21.168648834 -16.465720811  2 38 25.08 2005  9 24 2453637.61001250    12  V                     n30047.fits                                        Triton                1020  1020
  -0.018  -0.064  456.69  540.71 1.407    461.09    166.82 99.999 99.999 99.999 13.132 13.174 99.999 99.999 99.999  0.196 99.999 99.999 99.999 99.999  99.999  99.999  99.999  99.999  0.011  0.011  0.014  0.017  0.050  0.063   24   17 99.999 99.999   99  21.168648182 -16.465711551  2 38 54.56 2005  9 24 2453637.61035370    12  V                     n30048.fits                                        Triton                1020  1020
  -0.003  -0.070  456.61  539.96 1.345    474.61    157.66 99.999 99.999 99.999 13.079 13.100 99.999 99.999 99.999  0.220 99.999 99.999 99.999 99.999  99.999  99.999  99.999  99.999  0.006  0.006  0.013  0.018  0.051  0.069   21   17 99.999 99.999   99  21.168648200 -16.465714323  2 39 23.19 2005  9 24 2453637.61068507    12  V                     n30049.fits                                        Triton                1020  1020
  -0.001  -0.100  456.40  540.94 1.624    395.19    126.11 99.999 99.999 99.999 13.101 13.092 99.999 99.999 99.999  0.238 99.999 99.999 99.999 99.999  99.999  99.999  99.999  99.999  0.009  0.009  0.012  0.013  0.054  0.057   28   23 99.999 99.999   99  21.168648009 -16.465723884  2 39 47.52 2005  9 24 2453637.61096667    12  V                     n30050.fits                                        Triton                1020  1020
  -0.041  -0.066  456.14  541.84 1.608    396.67    134.15 99.999 99.999 99.999 13.068 13.150 99.999 99.999 99.999  0.255 99.999 99.999 99.999 99.999  99.999  99.999  99.999  99.999  0.018  0.018  0.009  0.016  0.036  0.062   27   19 99.999 99.999   99  21.168647022 -16.465715579  2 40 11.86 2005  9 24 2453637.61124838    12  V                     n30051.fits                                        Triton                1020  1020
   0.001  -0.103  456.59  542.20 1.564    395.00    132.32 99.999 99.999 99.999 13.068 13.063 99.999 99.999 99.999  0.241 99.999 99.999 99.999 99.999  99.999  99.999  99.999  99.999  0.011  0.011  0.014  0.017  0.059  0.068   25   19 99.999 99.999   99  21.168647599 -16.465726917  2 40 36.90 2005  9 24 2453637.61153819    12  V                     n30052.fits                                        Triton                1020  1020
  -0.022  -0.046  456.46  541.93 1.679    334.45    140.28 99.999 99.999 99.999 13.121 13.205 99.999 99.999 99.999  0.277 99.999 99.999 99.999 99.999  99.999  99.999  99.999  99.999  0.012  0.012  0.016  0.018  0.062  0.072   25   19 99.999 99.999   99  21.168646917 -16.465712146  2 41  1.95 2005  9 24 2453637.61182813    12  V                     n30053.fits                                        Triton                1020  1020
  -0.053  -0.047  456.40  542.01 1.608    326.16    142.17 99.999 99.999 99.999 13.108 13.147 99.999 99.999 99.999  0.191 99.999 99.999 99.999 99.999  99.999  99.999  99.999  99.999  0.015  0.015  0.011  0.013  0.045  0.056   25   20 99.999 99.999   99  21.168646096 -16.465713413  2 41 26.97 2005  9 24 2453637.61211771    12  V                     n30054.fits                                        Triton                1020  1020
  -0.007  -0.095  456.52  543.05 1.690    298.18    147.94 99.999 99.999 99.999 13.100 13.161 99.999 99.999 99.999  0.214 99.999 99.999 99.999 99.999  99.999  99.999  99.999  99.999  0.014  0.014  0.012  0.017  0.053  0.075   27   21 99.999 99.999   99  21.168646721 -16.465727833  2 41 52.03 2005  9 24 2453637.61240775    12  V                     n30055.fits                                        Triton                1020  1020
  -0.019  -0.107  456.49  542.11 1.567    199.77    132.71 99.999 99.999 99.999 13.185 13.249 99.999 99.999 99.999  0.170 99.999 99.999 99.999 99.999  99.999  99.999  99.999  99.999  0.011  0.011  0.014  0.015  0.059  0.064   24   21 99.999 99.999   99  21.168646273 -16.465732299  2 42 17.13 2005  9 24 2453637.61269826    12  V                     n30056.fits                                        Triton                1020  1020
  -0.023  -0.083  456.45  539.88 1.520    200.51    119.83 99.999 99.999 99.999 13.204 13.161 99.999 99.999 99.999  0.201 99.999 99.999 99.999 99.999  99.999  99.999  99.999  99.999  0.018  0.018  0.014  0.015  0.062  0.063   21   19 99.999 99.999   99  21.168645925 -16.465726942  2 42 47.40 2005  9 24 2453637.61304861    12  V                     n30057.fits                                        Triton                1020  1020
  -0.011  -0.108  456.61  539.17 1.449    303.46    140.34 99.999 99.999 99.999 13.167 13.174 99.999 99.999 99.999  0.204 99.999 99.999 99.999 99.999  99.999  99.999  99.999  99.999  0.014  0.014  0.013  0.015  0.056  0.064   27   21 99.999 99.999   99  21.168645864 -16.465735349  2 43 17.61 2005  9 24 2453637.61339826    12  V                     n30058.fits                                        Triton                1020  1020
   0.017  -0.078  455.92  539.68 1.747    266.98    127.41 99.999 99.999 99.999 13.114 13.129 99.999 99.999 99.999  0.230 99.999 99.999 99.999 99.999  99.999  99.999  99.999  99.999  0.018  0.018  0.012  0.013  0.048  0.053   24   18 99.999 99.999   99  21.168646164 -16.465727852  2 43 42.72 2005  9 24 2453637.61368889    12  V                     n30059.fits                                        Triton                1020  1020
  -0.031  -0.140  456.06  539.20 1.884    267.90    121.06 99.999 99.999 99.999 13.148 13.138 99.999 99.999 99.999  0.231 99.999 99.999 99.999 99.999  99.999  99.999  99.999  99.999  0.011  0.011  0.012  0.016  0.050  0.063   26   17 99.999 99.999   99  21.168645005 -16.465746027  2 44  7.84 2005  9 24 2453637.61397963    12  V                     n30060.fits                                        Triton                1020  1020
  -0.041  -0.028  455.95  540.48 2.138    167.29    116.88 99.999 99.999 99.999 13.166 13.182 99.999 99.999 99.999  0.219 99.999 99.999 99.999 99.999  99.999  99.999  99.999  99.999  0.020  0.020  0.013  0.019  0.050  0.072   22   15 99.999 99.999   99  21.168644515 -16.465716456  2 44 39.81 2005  9 24 2453637.61434965    12  V                     n30061.fits                                        Triton                1020  1020
   0.026  -0.141  455.94  539.59 1.777    270.15    113.61 99.999 99.999 99.999 13.117 13.080 99.999 99.999 99.999  0.233 99.999 99.999 99.999 99.999  99.999  99.999  99.999  99.999  0.015  0.015  0.017  0.021  0.061  0.073   25   16 99.999 99.999   99  21.168645252 -16.465750642  2 45 40.22 2005  9 24 2453637.61504884    12  V                     n30063.fits                                        Triton                1020  1020
  -0.029  -0.097  455.62  539.13 1.573    311.32    129.71 99.999 99.999 99.999 13.133 13.060 99.999 99.999 99.999  0.256 99.999 99.999 99.999 99.999  99.999  99.999  99.999  99.999  0.018  0.018  0.016  0.014  0.058  0.050   21   15 99.999 99.999   99  21.168643948 -16.465739535  2 46  6.26 2005  9 24 2453637.61535023    12  V                     n30064.fits                                        Triton                1020  1020
  -0.006  -0.062  455.13  535.94 1.504    380.22    157.08 99.999 99.999 99.999 13.047 13.128 99.999 99.999 99.999  0.280 99.999 99.999 99.999 99.999  99.999  99.999  99.999  99.999  0.012  0.012  0.014  0.015  0.053  0.058   26   19 99.999 99.999   99  21.168643908 -16.465731668  2 46 56.58 2005  9 24 2453637.61593264    12  V                     n30066.fits                                        Triton                1020  1020
   0.001  -0.050  454.69  536.16 1.690    331.51    152.80 99.999 99.999 99.999 13.154 13.185 99.999 99.999 99.999  0.214 99.999 99.999 99.999 99.999  99.999  99.999  99.999  99.999  0.010  0.010  0.014  0.016  0.059  0.068   28   19 99.999 99.999   99  21.168642880 -16.465734017  2 49  2.18 2005  9 24 2453637.61738634    12  V                     n30071.fits                                        Triton                1020  1020
   0.018  -0.052  454.21  532.68 2.412    167.15    120.99 99.999 99.999 99.999 13.246 13.361 99.999 99.999 99.999  0.241 99.999 99.999 99.999 99.999  99.999  99.999  99.999  99.999  0.025  0.025  0.016  0.017  0.061  0.066   24   18 99.999 99.999   99  21.168642205 -16.465739067  2 50 48.77 2005  9 24 2453637.61862002    12  V                     n30075.fits                                        Triton                1020  1020
  -0.043  -0.064  453.94  532.92 1.824    275.87    122.91 99.999 99.999 99.999 13.084 13.113 99.999 99.999 99.999  0.223 99.999 99.999 99.999 99.999  99.999  99.999  99.999  99.999  0.005  0.005  0.011  0.012  0.045  0.052   26   20 99.999 99.999   99  21.168640343 -16.465745567  2 52  4.00 2005  9 24 2453637.61949074    12  V                     n30078.fits                                        Triton                1020  1020
   0.006  -0.101  454.28  533.68 1.872    275.90    132.54 99.999 99.999 99.999 13.186 13.135 99.999 99.999 99.999  0.181 99.999 99.999 99.999 99.999  99.999  99.999  99.999  99.999  0.014  0.014  0.011  0.017  0.047  0.073   25   20 99.999 99.999   99  21.168641057 -16.465757008  2 52 29.08 2005  9 24 2453637.61978102    12  V                     n30079.fits                                        Triton                1020  1020
   0.012  -0.093  453.88  534.41 1.597    340.60    133.56 99.999 99.999 99.999 13.103 13.164 99.999 99.999 99.999  0.165 99.999 99.999 99.999 99.999  99.999  99.999  99.999  99.999  0.013  0.013  0.012  0.015  0.046  0.058   25   19 99.999 99.999   99  21.168640930 -16.465755861  2 52 54.25 2005  9 24 2453637.62007234    12  V                     n30080.fits                                        Triton                1020  1020
  -0.005  -0.110  454.29  534.80 2.038    182.62    156.32 99.999 99.999 99.999 13.256 13.288 99.999 99.999 99.999  0.207 99.999 99.999 99.999 99.999  99.999  99.999  99.999  99.999  0.016  0.016  0.011  0.021  0.043  0.081   23   16 99.999 99.999   99  21.168640344 -16.465761551  2 53 20.26 2005  9 24 2453637.62037338    12  V                     n30081.fits                                        Triton                1020  1020
  -0.029  -0.107  453.85  535.89 2.023    224.01    119.88 99.999 99.999 99.999 13.178 13.213 99.999 99.999 99.999  0.185 99.999 99.999 99.999 99.999  99.999  99.999  99.999  99.999  0.019  0.019  0.018  0.018  0.064  0.064   23   17 99.999 99.999   99  21.168639658 -16.465761865  2 53 46.27 2005  9 24 2453637.62067442    12  V                     n30082.fits                                        Triton                1020  1020
  -0.031  -0.107  453.63  535.85 1.804    282.83    142.73 99.999 99.999 99.999 13.115 13.171 99.999 99.999 99.999  0.236 99.999 99.999 99.999 99.999  99.999  99.999  99.999  99.999  0.016  0.016  0.017  0.011  0.067  0.042   23   18 99.999 99.999   99  21.168639364 -16.465762936  2 54 12.36 2005  9 24 2453637.62097639    12  V                     n30083.fits                                        Triton                1020  1020
  -0.035  -0.035  453.98  534.58 1.673    293.78    135.76 99.999 99.999 99.999 13.110 13.136 99.999 99.999 99.999  0.258 99.999 99.999 99.999 99.999  99.999  99.999  99.999  99.999  0.028  0.028  0.014  0.016  0.062  0.071   28   22 99.999 99.999   99  21.168639039 -16.465744167  2 54 38.38 2005  9 24 2453637.62127755    12  V                     n30084.fits                                        Triton                1020  1020
   0.022  -0.125  453.79  533.82 1.650    333.25    133.82 99.999 99.999 99.999 13.198 13.160 99.999 99.999 99.999  0.192 99.999 99.999 99.999 99.999  99.999  99.999  99.999  99.999  0.016  0.016  0.015  0.019  0.062  0.078   23   20 99.999 99.999   99  21.168639934 -16.465770362  2 55  3.60 2005  9 24 2453637.62156944    12  V                     n30085.fits                                        Triton                1020  1020
  -0.035  -0.091  453.74  533.86 1.556    354.97    138.77 99.999 99.999 99.999 13.160 13.247 99.999 99.999 99.999  0.238 99.999 99.999 99.999 99.999  99.999  99.999  99.999  99.999  0.027  0.027  0.013  0.013  0.054  0.054   25   20 99.999 99.999   99  21.168638569 -16.465761944  2 55 28.88 2005  9 24 2453637.62186204    12  V                     n30086.fits                                        Triton                1020  1020
  -0.004  -0.125  453.66  534.61 1.546    385.61    132.52 99.999 99.999 99.999 13.135 13.123 99.999 99.999 99.999  0.257 99.999 99.999 99.999 99.999  99.999  99.999  99.999  99.999  0.017  0.017  0.011  0.015  0.048  0.066   26   20 99.999 99.999   99  21.168638954 -16.465772510  2 55 54.07 2005  9 24 2453637.62215359    12  V                     n30087.fits                                        Triton                1020  1020
  -0.030  -0.094  453.53  535.68 1.613    349.36    139.03 99.999 99.999 99.999 13.140 13.080 99.999 99.999 99.999  0.217 99.999 99.999 99.999 99.999  99.999  99.999  99.999  99.999  0.027  0.027  0.013  0.013  0.055  0.053   28   20 99.999 99.999   99  21.168638189 -16.465764866  2 56 19.18 2005  9 24 2453637.62244421    12  V                     n30088.fits                                        Triton                1020  1020
  -0.012  -0.062  453.38  535.94 1.518    398.18    142.87 99.999 99.999 99.999 13.114 13.145 99.999 99.999 99.999  0.248 99.999 99.999 99.999 99.999  99.999  99.999  99.999  99.999  0.014  0.014  0.016  0.014  0.066  0.058   29   20 99.999 99.999   99  21.168638322 -16.465757099  2 56 45.18 2005  9 24 2453637.62274514    12  V                     n30089.fits                                        Triton                1020  1020
  -0.022  -0.065  453.33  536.01 1.357    434.89    154.92 99.999 99.999 99.999 13.093 13.098 99.999 99.999 99.999  0.250 99.999 99.999 99.999 99.999  99.999  99.999  99.999  99.999  0.016  0.016  0.012  0.015  0.054  0.066   27   21 99.999 99.999   99  21.168637885 -16.465759296  2 57 11.30 2005  9 24 2453637.62304745    12  V                     n30090.fits                                        Triton                1020  1020
   0.000  -0.083  453.32  536.98 1.569    381.30    142.91 99.999 99.999 99.999 13.139 13.142 99.999 99.999 99.999  0.210 99.999 99.999 99.999 99.999  99.999  99.999  99.999  99.999  0.017  0.017  0.013  0.017  0.057  0.071   26   20 99.999 99.999   99  21.168638056 -16.465765374  2 57 37.28 2005  9 24 2453637.62334815    12  V                     n30091.fits                                        Triton                1020  1020
  -0.023  -0.092  453.14  535.23 1.620    376.45    120.24 99.999 99.999 99.999 13.130 13.175 99.999 99.999 99.999  0.272 99.999 99.999 99.999 99.999  99.999  99.999  99.999  99.999  0.017  0.017  0.019  0.013  0.079  0.056   27   20 99.999 99.999   99  21.168636910 -16.465771118  2 58 52.59 2005  9 24 2453637.62421979    12  V                     n30094.fits                                        Triton                1020  1020
  -0.033  -0.074  453.03  534.81 1.452    420.83    138.93 99.999 99.999 99.999 13.135 13.104 99.999 99.999 99.999  0.210 99.999 99.999 99.999 99.999  99.999  99.999  99.999  99.999  0.026  0.026  0.012  0.014  0.048  0.055   23   18 99.999 99.999   99  21.168636494 -16.465767321  2 59 17.69 2005  9 24 2453637.62451030    12  V                     n30095.fits                                        Triton                1020  1020
  -0.015  -0.061  452.86  534.98 1.420    462.20    140.07 99.999 99.999 99.999 13.119 13.139 99.999 99.999 99.999  0.224 99.999 99.999 99.999 99.999  99.999  99.999  99.999  99.999  0.020  0.020  0.018  0.013  0.067  0.049   24   19 99.999 99.999   99  21.168636607 -16.465764693  2 59 42.80 2005  9 24 2453637.62480093    12  V                     n30096.fits                                        Triton                1020  1020
  -0.015  -0.076  452.88  536.31 1.541    422.04    129.60 99.999 99.999 99.999 13.071 13.102 99.999 99.999 99.999  0.225 99.999 99.999 99.999 99.999  99.999  99.999  99.999  99.999  0.025  0.025  0.010  0.016  0.043  0.064   25   18 99.999 99.999   99  21.168636383 -16.465770092  3  0  7.90 2005  9 24 2453637.62509144    12  V                     n30097.fits                                        Triton                1020  1020
  -0.002  -0.113  452.93  536.48 1.430    458.32    126.56 99.999 99.999 99.999 13.042 13.021 99.999 99.999 99.999  0.255 99.999 99.999 99.999 99.999  99.999  99.999  99.999  99.999  0.018  0.018  0.017  0.014  0.069  0.058   25   19 99.999 99.999   99  21.168636387 -16.465781333  3  0 32.95 2005  9 24 2453637.62538137    12  V                     n30098.fits                                        Triton                1020  1020
  -0.051  -0.040  451.79  531.40 1.818    209.12    132.39 99.999 99.999 99.999 13.131 13.194 99.999 99.999 99.999  0.253 99.999 99.999 99.999 99.999  99.999  99.999  99.999  99.999  0.024  0.024  0.016  0.014  0.058  0.050   21   15 99.999 99.999   99  21.168631655 -16.465778902  3  7 21.43 2005  9 24 2453637.63010914    10  V                     n30099.fits                                        Triton                1020  1020
  -0.036  -0.082  451.31  532.17 1.893    173.83    115.56 99.999 99.999 99.999 13.232 13.245 99.999 99.999 99.999  0.196 99.999 99.999 99.999 99.999  99.999  99.999  99.999  99.999  0.020  0.020  0.013  0.018  0.053  0.070   20   17 99.999 99.999   99  21.168630999 -16.465794997  3  9  3.72 2005  9 24 2453637.63129306     9  V                     n30101.fits                                        Triton                1020  1020
  -0.059  -0.116  451.29  529.48 1.745     89.76    122.67 99.999 99.999 99.999 13.180 13.267 99.999 99.999 99.999  0.243 99.999 99.999 99.999 99.999  99.999  99.999  99.999  99.999  0.028  0.028  0.021  0.021  0.055  0.055   12    9 99.999 99.999   99  21.168629591 -16.465808806  3 10 47.22 2005  9 24 2453637.63249097     9  V                     n30104.fits                                        Triton                1020  1020
  -0.004  -0.113  451.24  528.67 1.534    181.30    133.02 99.999 99.999 99.999 13.156 13.192 99.999 99.999 99.999  0.204 99.999 99.999 99.999 99.999  99.999  99.999  99.999  99.999  0.020  0.021  0.017  0.014  0.064  0.052   21   15 99.999 99.999   99  21.168630459 -16.465808943  3 11  7.71 2005  9 24 2453637.63272812     9  V                     n30105.fits                                        Triton                1020  1020
  -0.044  -0.079  450.80  528.68 1.521    170.03    116.21 99.999 99.999 99.999 13.156 13.132 99.999 99.999 99.999  0.149 99.999 99.999 99.999 99.999  99.999  99.999  99.999  99.999  0.036  0.036  0.016  0.016  0.062  0.063   18   16 99.999 99.999   99  21.168629484 -16.465800271  3 11 29.04 2005  9 24 2453637.63297500     9  V                     n30106.fits                                        Triton                1020  1020
  -0.058  -0.036  450.99  529.38 1.614    229.57    116.91 99.999 99.999 99.999 13.199 13.201 99.999 99.999 99.999  0.183 99.999 99.999 99.999 99.999  99.999  99.999  99.999  99.999  0.026  0.026  0.014  0.018  0.052  0.065   23   17 99.999 99.999   99  21.168629010 -16.465789324  3 11 50.50 2005  9 24 2453637.63322338     9  V                     n30107.fits                                        Triton                1020  1020
   0.006  -0.079  450.88  531.16 1.615    151.42    114.12 99.999 99.999 99.999 13.156 13.146 99.999 99.999 99.999  0.256 99.999 99.999 99.999 99.999  99.999  99.999  99.999  99.999  0.028  0.028  0.018  0.019  0.054  0.058   15   11 99.999 99.999   99  21.168629861 -16.465803307  3 12 33.18 2005  9 24 2453637.63371736     9  V                     n30109.fits                                        Triton                1020  1020
  -0.039  -0.095  451.10  531.19 1.596    201.66    127.19 99.999 99.999 99.999 13.222 13.224 99.999 99.999 99.999  0.192 99.999 99.999 99.999 99.999  99.999  99.999  99.999  99.999  0.020  0.020  0.012  0.015  0.050  0.065   21   19 99.999 99.999   99  21.168628793 -16.465808529  3 12 53.64 2005  9 24 2453637.63395417     9  V                     n30110.fits                                        Triton                1020  1020
  -0.008  -0.087  450.76  532.13 1.680    160.54    130.65 99.999 99.999 99.999 13.281 13.227 99.999 99.999 99.999  0.164 99.999 99.999 99.999 99.999  99.999  99.999  99.999  99.999  0.031  0.031  0.012  0.017  0.045  0.064   20   16 99.999 99.999   99  21.168629197 -16.465807162  3 13 15.04 2005  9 24 2453637.63420185     9  V                     n30111.fits                                        Triton                1020  1020
   0.003  -0.125  450.57  533.08 1.384    267.64    143.49 99.999 99.999 99.999 13.143 13.182 99.999 99.999 99.999  0.192 99.999 99.999 99.999 99.999  99.999  99.999  99.999  99.999  0.022  0.022  0.015  0.013  0.058  0.050   20   16 99.999 99.999   99  21.168628982 -16.465820084  3 14  2.88 2005  9 24 2453637.63475556     9  V                     n30113.fits                                        Triton                1020  1020
  -0.002  -0.078  450.32  533.21 1.637    117.58    104.93 99.999 99.999 99.999 13.306 13.337 99.999 99.999 99.999  0.222 99.999 99.999 99.999 99.999  99.999  99.999  99.999  99.999  0.024  0.024  0.016  0.020  0.050  0.065   18   12 99.999 99.999   99  21.168627480 -16.465813307  3 16 31.30 2005  9 24 2453637.63647338     9  V                     n30120.fits                                        Triton                1020  1020
  -0.023  -0.143  450.07  533.07 1.452    104.30    129.28 99.999 99.999 99.999 13.335 13.297 99.999 99.999 99.999  0.205 99.999 99.999 99.999 99.999  99.999  99.999  99.999  99.999  0.021  0.021  0.017  0.017  0.060  0.060   15   14 99.999 99.999   99  21.168626894 -16.465832340  3 16 51.87 2005  9 24 2453637.63671146     9  V                     n30121.fits                                        Triton                1020  1020
  -0.034  -0.126  449.72  533.79 1.939     46.90    109.37 99.999 99.999 99.999 13.357 13.283 99.999 99.999 99.999  0.152 99.999 99.999 99.999 99.999  99.999  99.999  99.999  99.999  0.023  0.023  0.011  0.037  0.020  0.067    8    7 99.999 99.999   99  21.168624612 -16.465837361  3 20 33.44 2005  9 24 2453637.63927593     9  V                     n30126.fits                                        Triton                1020  1020
  -0.049  -0.042  449.20  531.51 1.511     26.91    104.57 99.999 99.999 99.999 13.463 13.175 99.999 99.999 99.999  0.154 99.999 99.999 99.999 99.999  99.999  99.999  99.999  99.999  0.054  0.054  0.000  0.000  0.000  0.000    3    3 99.999 99.999   99  21.168623140 -16.465819615  3 22 43.15 2005  9 24 2453637.64077720     9  V                     n30132.fits                                        Triton                1020  1020
   0.000  -0.114  447.67  525.54 1.901    138.99    121.41 99.999 99.999 99.999 13.162 13.172 99.999 99.999 99.999  0.266 99.999 99.999 99.999 99.999  99.999  99.999  99.999  99.999  0.033  0.033  0.020  0.016  0.073  0.059   26   14 99.999 99.999   99  21.168619057 -16.465863505  3 31 47.14 2005  9 24 2453637.64707338     8  V                     n30145.fits                                        Triton                1020  1020
  -0.015  -0.067  447.16  527.85 1.614    207.53    135.47 99.999 99.999 99.999 13.062 13.188 99.999 99.999 99.999  0.269 99.999 99.999 99.999 99.999  99.999  99.999  99.999  99.999  0.035  0.035  0.012  0.019  0.048  0.076   22   18 99.999 99.999   99  21.168617233 -16.465857981  3 34 32.47 2005  9 24 2453637.64898692     8  V                     n30149.fits                                        Triton                1020  1020
  -0.018  -0.109  447.32  526.54 1.640    199.39    140.21 99.999 99.999 99.999 13.166 13.261 99.999 99.999 99.999  0.300 99.999 99.999 99.999 99.999  99.999  99.999  99.999  99.999  0.029  0.029  0.013  0.013  0.055  0.055   26   20 99.999 99.999   99  21.168616799 -16.465871499  3 35 12.33 2005  9 24 2453637.64944826     8  V                     n30151.fits                                        Triton                1020  1020
   0.030  -0.063  447.28  527.35 1.464    242.01    146.39 99.999 99.999 99.999 13.091 13.109 99.999 99.999 99.999  0.275 99.999 99.999 99.999 99.999  99.999  99.999  99.999  99.999  0.019  0.019  0.018  0.017  0.075  0.070   28   20 99.999 99.999   99  21.168617552 -16.465859520  3 35 32.66 2005  9 24 2453637.64968356     8  V                     n30152.fits                                        Triton                1020  1020
  -0.014  -0.037  447.03  527.95 1.504    237.00    141.41 99.999 99.999 99.999 13.120 13.141 99.999 99.999 99.999  0.245 99.999 99.999 99.999 99.999  99.999  99.999  99.999  99.999  0.022  0.022  0.016  0.014  0.062  0.053   24   19 99.999 99.999   99  21.168616499 -16.465853286  3 35 52.13 2005  9 24 2453637.64990891     8  V                     n30153.fits                                        Triton                1020  1020
  -0.049  -0.103  446.95  529.15 1.555    244.31    123.84 99.999 99.999 99.999 13.110 13.037 99.999 99.999 99.999  0.205 99.999 99.999 99.999 99.999  99.999  99.999  99.999  99.999  0.030  0.030  0.015  0.013  0.060  0.053   25   18 99.999 99.999   99  21.168615477 -16.465873444  3 36 32.85 2005  9 24 2453637.65038021     8  V                     n30155.fits                                        Triton                1020  1020
  -0.051  -0.082  446.83  529.68 1.527    238.40    134.97 99.999 99.999 99.999 13.123 13.091 99.999 99.999 99.999  0.243 99.999 99.999 99.999 99.999  99.999  99.999  99.999  99.999  0.035  0.035  0.016  0.019  0.071  0.081   24   20 99.999 99.999   99  21.168615242 -16.465868350  3 36 52.36 2005  9 24 2453637.65060602     8  V                     n30156.fits                                        Triton                1020  1020
  -0.014  -0.074  446.99  529.86 1.664    203.49    121.32 99.999 99.999 99.999 13.105 13.201 99.999 99.999 99.999  0.229 99.999 99.999 99.999 99.999  99.999  99.999  99.999  99.999  0.000  0.000  0.021  0.024  0.066  0.075   21   14 99.999 99.999   99  21.168615762 -16.465867013  3 37 12.69 2005  9 24 2453637.65084132     8  V                     n30157.fits                                        Triton                1020  1020
   0.008  -0.030  446.90  530.87 1.770    162.69    121.28 99.999 99.999 99.999 13.188 13.166 99.999 99.999 99.999  0.213 99.999 99.999 99.999 99.999  99.999  99.999  99.999  99.999  0.020  0.020  0.014  0.015  0.054  0.060   23   17 99.999 99.999   99  21.168615823 -16.465856639  3 37 52.52 2005  9 24 2453637.65130231     8  V                     n30159.fits                                        Triton                1020  1020
  -0.012  -0.044  446.81  530.28 1.754    154.79    112.40 99.999 99.999 99.999 13.251 13.252 99.999 99.999 99.999  0.183 99.999 99.999 99.999 99.999  99.999  99.999  99.999  99.999  0.021  0.021  0.015  0.014  0.064  0.058   22   18 99.999 99.999   99  21.168615250 -16.465861335  3 38 12.86 2005  9 24 2453637.65153773     8  V                     n30160.fits                                        Triton                1020  1020
  -0.039  -0.124  447.09  529.25 1.615    145.22    116.03 99.999 99.999 99.999 13.142 13.165 99.999 99.999 99.999  0.201 99.999 99.999 99.999 99.999  99.999  99.999  99.999  99.999  0.026  0.026  0.019  0.015  0.067  0.052   23   16 99.999 99.999   99  21.168614553 -16.465884441  3 38 32.32 2005  9 24 2453637.65176296     8  V                     n30161.fits                                        Triton                1020  1020
  -0.044  -0.096  447.06  529.01 1.694    130.52    115.62 99.999 99.999 99.999 13.221 13.191 99.999 99.999 99.999  0.133 99.999 99.999 99.999 99.999  99.999  99.999  99.999  99.999  0.028  0.028  0.013  0.022  0.047  0.076   20   15 99.999 99.999   99  21.168614252 -16.465877456  3 38 52.72 2005  9 24 2453637.65199907     8  V                     n30162.fits                                        Triton                1020  1020
  -0.041  -0.032  447.04  529.62 1.897    107.83    114.83 99.999 99.999 99.999 13.237 13.178 99.999 99.999 99.999  0.152 99.999 99.999 99.999 99.999  99.999  99.999  99.999  99.999  0.020  0.020  0.016  0.026  0.036  0.056   15    9 99.999 99.999   99  21.168613955 -16.465861719  3 39 32.63 2005  9 24 2453637.65246100     8  V                     n30164.fits                                        Triton                1020  1020
  -0.003  -0.143  446.62  531.13 1.773    117.66    138.32 99.999 99.999 99.999 13.217 13.141 99.999 99.999 99.999  0.243 99.999 99.999 99.999 99.999  99.999  99.999  99.999  99.999  0.023  0.023  0.013  0.018  0.051  0.071   26   18 99.999 99.999   99  21.168614266 -16.465894400  3 40 17.72 2005  9 24 2453637.65298287     8  V                     n30166.fits                                        Triton                1020  1020
  -0.034  -0.098  446.73  531.14 1.760    139.78    117.89 99.999 99.999 99.999 13.177 13.182 99.999 99.999 99.999  0.188 99.999 99.999 99.999 99.999  99.999  99.999  99.999  99.999  0.026  0.026  0.013  0.013  0.051  0.051   19   15 99.999 99.999   99  21.168613483 -16.465882877  3 40 37.25 2005  9 24 2453637.65320891     8  V                     n30167.fits                                        Triton                1020  1020
  -0.007  -0.122  447.18  531.62 1.857    120.48    106.77 99.999 99.999 99.999 13.166 13.099 99.999 99.999 99.999  0.214 99.999 99.999 99.999 99.999  99.999  99.999  99.999  99.999  0.023  0.023  0.021  0.018  0.071  0.064   26   17 99.999 99.999   99  21.168613846 -16.465890150  3 40 57.61 2005  9 24 2453637.65344456     8  V                     n30168.fits                                        Triton                1020  1020
  -0.022  -0.065  446.78  529.30 1.855    120.40    132.56 99.999 99.999 99.999 13.158 13.136 99.999 99.999 99.999  0.205 99.999 99.999 99.999 99.999  99.999  99.999  99.999  99.999  0.023  0.023  0.015  0.018  0.054  0.065   23   13 99.999 99.999   99  21.168612499 -16.465879848  3 42 51.58 2005  9 24 2453637.65476366     8  V                     n30172.fits                                        Triton                1020  1020
  -0.038  -0.059  447.22  530.27 2.058    108.04    113.53 99.999 99.999 99.999 13.273 13.361 99.999 99.999 99.999  0.242 99.999 99.999 99.999 99.999  99.999  99.999  99.999  99.999  0.030  0.030  0.022  0.019  0.073  0.063   20   13 99.999 99.999   99  21.168611627 -16.465880459  3 43 51.73 2005  9 24 2453637.65545984     8  V                     n30175.fits                                        Triton                1020  1020
   0.021  -0.054  446.45  531.01 2.279    100.11    122.19 99.999 99.999 99.999 13.182 13.246 99.999 99.999 99.999  0.197 99.999 99.999 99.999 99.999  99.999  99.999  99.999  99.999  0.017  0.017  0.016  0.019  0.059  0.067   24   16 99.999 99.999   99  21.168612575 -16.465880362  3 44 11.28 2005  9 24 2453637.65568611     8  V                     n30176.fits                                        Triton                1020  1020
  -0.024  -0.121  446.79  530.94 1.721    166.71    125.21 99.999 99.999 99.999 13.124 13.171 99.999 99.999 99.999  0.232 99.999 99.999 99.999 99.999  99.999  99.999  99.999  99.999  0.000  0.000  0.016  0.020  0.055  0.071   24   16 99.999 99.999   99  21.168611348 -16.465900651  3 44 51.18 2005  9 24 2453637.65614792     8  V                     n30178.fits                                        Triton                1020  1020
  -0.003  -0.093  447.44  531.09 1.930    118.65    122.72 99.999 99.999 99.999 13.156 13.203 99.999 99.999 99.999  0.201 99.999 99.999 99.999 99.999  99.999  99.999  99.999  99.999  0.015  0.015  0.035  0.030  0.078  0.067   21   10 99.999 99.999   99  21.168611554 -16.465893531  3 45 11.54 2005  9 24 2453637.65638356     8  V                     n30179.fits                                        Triton                1020  1020
  -0.014  -0.048  447.22  531.60 2.249    105.23    114.13 99.999 99.999 99.999 13.178 13.183 99.999 99.999 99.999  0.189 99.999 99.999 99.999 99.999  99.999  99.999  99.999  99.999  0.019  0.019  0.014  0.017  0.053  0.065   21   15 99.999 99.999   99  21.168611177 -16.465882264  3 45 31.88 2005  9 24 2453637.65661898     8  V                     n30180.fits                                        Triton                1020  1020
   0.003  -0.072  446.75  530.98 1.955    105.72    119.35 99.999 99.999 99.999 13.333 13.332 99.999 99.999 99.999  0.185 99.999 99.999 99.999 99.999  99.999  99.999  99.999  99.999  0.027  0.027  0.018  0.019  0.058  0.062   21   14 99.999 99.999   99  21.168611316 -16.465889662  3 45 52.70 2005  9 24 2453637.65685995     8  V                     n30181.fits                                        Triton                1020  1020
   0.019  -0.119  447.09  530.16 2.014    115.19    125.58 99.999 99.999 99.999 13.255 13.326 99.999 99.999 99.999  0.231 99.999 99.999 99.999 99.999  99.999  99.999  99.999  99.999  0.024  0.024  0.026  0.025  0.090  0.086   21   16 99.999 99.999   99  21.168611424 -16.465903695  3 46 12.32 2005  9 24 2453637.65708704     8  V                     n30182.fits                                        Triton                1020  1020
   0.027  -0.031  446.85  529.15 2.069    110.49    136.51 99.999 99.999 99.999 13.311 13.237 99.999 99.999 99.999  0.258 99.999 99.999 99.999 99.999  99.999  99.999  99.999  99.999  0.021  0.021  0.010  0.013  0.041  0.051   25   18 99.999 99.999   99  21.168611373 -16.465880005  3 46 32.65 2005  9 24 2453637.65732234     8  V                     n30183.fits                                        Triton                1020  1020
  -0.048  -0.124  446.66  527.41 2.003    115.86    128.32 99.999 99.999 99.999 13.193 13.270 99.999 99.999 99.999  0.179 99.999 99.999 99.999 99.999  99.999  99.999  99.999  99.999  0.024  0.024  0.016  0.023  0.065  0.092   24   16 99.999 99.999   99  21.168609759 -16.465906641  3 46 52.27 2005  9 24 2453637.65754942     8  V                     n30184.fits                                        Triton                1020  1020
