  -0.042   0.036  894.43  883.98 0.884    366.72    133.25 99.999 99.999 99.999 13.607 13.509 99.999 99.999 99.999  0.390 99.999 99.999 99.999 99.999  99.999  99.999  99.999  99.999  0.015  0.015  0.012  0.018  0.043  0.064   21   14 99.999 99.999   99  21.874832637 -13.327466376  3 38  0.84 2009  7 18 2455030.65139861    70  Dark                  netuno0003.fits                                    Triton                2045  2050
  -0.099   0.017  886.46  884.08 1.152    239.89    106.80 99.999 99.999 99.999 13.562 13.531 99.999 99.999 99.999  0.321 99.999 99.999 99.999 99.999  99.999  99.999  99.999  99.999  0.034  0.034  0.014  0.022  0.044  0.067   21   16 99.999 99.999   99  21.874825890 -13.327508103  3 44 53.88 2009  7 18 2455030.65617917    70  Dark                  netuno0007.fits                                    Triton                2045  2050
  -0.067   0.031  873.50  884.02 1.260    279.33    210.17 99.999 99.999 99.999 13.577 13.539 99.999 99.999 99.999  0.328 99.999 99.999 99.999 99.999  99.999  99.999  99.999  99.999  0.017  0.017  0.012  0.014  0.042  0.051   21   16 99.999 99.999   99  21.874808060 -13.327623756  4  7 18.71 2009  7 18 2455030.67174433    70  Dark                  netuno0020.fits                                    Triton                2045  2050
  -0.085   0.054  877.94  880.80 1.335    253.55     17.21 99.999 99.999 99.999 13.463 13.480 99.999 99.999 99.999  0.371 99.999 99.999 99.999 99.999  99.999  99.999  99.999  99.999  0.036  0.036  0.025  0.025  0.060  0.060   23   14 99.999 99.999   99  21.874793086 -13.327712860  4 25  3.93 2009  7 18 2455030.68407326    70  Dark                  netuno0030.fits                                    Triton                2045  2050
  -0.043  -0.030 1001.02 1033.97 2.517    104.35    490.58 99.999 99.999 99.999 13.441 13.487 99.999 99.999 99.999  0.285 99.999 99.999 99.999 99.999  99.999  99.999  99.999  99.999  0.058  0.058  0.018  0.016  0.057  0.051   26   15 99.999 99.999   99  21.871868516 -13.350397443  5 48 46.80 2009  7 20 2455032.74220833    80  Dark                  netuno0007.fits                                    Triton                2045  2050
   0.023   0.086 1003.62 1032.66 1.639    188.46   1293.31 99.999 99.999 99.999 13.438 13.491 99.999 99.999 99.999  0.427 99.999 99.999 99.999 99.999  99.999  99.999  99.999  99.999  0.043  0.044  0.018  0.019  0.056  0.056   15   10 99.999 99.999   99  21.871865164 -13.350395914  5 52 33.80 2009  7 20 2455032.74483565    80  Dark                  netuno0009.fits                                    Triton                2045  2050
  -0.056   0.181  998.27 1031.77 1.416    251.84   1204.20 99.999 99.999 99.999 13.419 13.461 99.999 99.999 99.999  0.370 99.999 99.999 99.999 99.999  99.999  99.999  99.999  99.999  0.018  0.018  0.013  0.019  0.044  0.068   20   13 99.999 99.999   99  21.871859024 -13.350399962  5 56 20.79 2009  7 20 2455032.74746285    80  Dark                  netuno0011.fits                                    Triton                2045  2050
   0.006   0.143  998.16 1028.69 1.425    226.95   1223.02 99.999 99.999 99.999 13.373 13.385 99.999 99.999 99.999  0.382 99.999 99.999 99.999 99.999  99.999  99.999  99.999  99.999  0.008  0.008  0.020  0.016  0.065  0.050   17   11 99.999 99.999   99  21.871846281 -13.350502040  6  7 40.86 2009  7 20 2455032.75533403    80  Dark                  netuno0017.fits                                    Triton                2045  2050
  -0.098   0.119 1005.83 1024.62 1.276    211.77   1159.97 99.999 99.999 99.999 13.421 13.535 99.999 99.999 99.999  0.375 99.999 99.999 99.999 99.999  99.999  99.999  99.999  99.999  0.036  0.036  0.015  0.019  0.059  0.073   20   15 99.999 99.999   99  21.871828050 -13.350615342  6 20 56.10 2009  7 20 2455032.76453819    80  Dark                  netuno0024.fits                                    Triton                2045  2050
  -0.098   0.137 1007.63 1022.33 1.687    145.09   1220.86 99.999 99.999 99.999 13.403 13.558 99.999 99.999 99.999  0.239 99.999 99.999 99.999 99.999  99.999  99.999  99.999  99.999  0.054  0.054  0.020  0.022  0.057  0.064   15    9 99.999 99.999   99  21.871818770 -13.350670780  6 28 29.93 2009  7 20 2455032.76979086    80  Dark                  netuno0028.fits                                    Triton                2045  2050
