  -0.154   0.065  544.62  432.11 2.286    101.18      9.78 99.999 99.999 99.999 13.316 13.293 99.999 99.999 99.999  0.183 99.999 99.999 99.999 99.999  99.999  99.999  99.999  99.999  0.000  0.000  0.014  0.014  0.057  0.058   20   17 99.999 99.999   99  20.961290653 -17.205157275  6 17 19.29 2003  7 27 2452847.76202882     5  Clear                 net0001.fits                                       Triton                1004  1024
   0.113  -0.016  544.64  434.63 2.099    107.63     13.06 99.999 99.999 99.999 13.259 13.233 99.999 99.999 99.999  0.138 99.999 99.999 99.999 99.999  99.999  99.999  99.999  99.999  0.017  0.017  0.020  0.018  0.071  0.063   18   13 99.999 99.999   99  20.961294610 -17.205183258  6 18  9.32 2003  7 27 2452847.76260787     5  Clear                 net0002.fits                                       Triton                1004  1024
   0.027   0.018  544.53  435.29 2.322     89.11     11.42 99.999 99.999 99.999 13.233 13.184 99.999 99.999 99.999  0.179 99.999 99.999 99.999 99.999  99.999  99.999  99.999  99.999  0.025  0.025  0.016  0.010  0.060  0.037   19   16 99.999 99.999   99  20.961291689 -17.205177592  6 18 59.41 2003  7 27 2452847.76318762     5  Clear                 net0003.fits                                       Triton                1004  1024
  -0.114   0.130  545.41  440.91 2.066    107.56     13.22 99.999 99.999 99.999 13.234 13.209 99.999 99.999 99.999  0.215 99.999 99.999 99.999 99.999  99.999  99.999  99.999  99.999  0.024  0.024  0.016  0.010  0.060  0.036   20   14 99.999 99.999   99  20.961287455 -17.205150886  6 20  0.68 2003  7 27 2452847.76389676     5  Clear                 net0004.fits                                       Triton                1004  1024
  -0.128   0.056  544.47  438.80 2.227    106.36     10.45 99.999 99.999 99.999 13.232 13.187 99.999 99.999 99.999  0.145 99.999 99.999 99.999 99.999  99.999  99.999  99.999  99.999  0.025  0.025  0.015  0.021  0.056  0.077   18   15 99.999 99.999   99  20.961285995 -17.205175012  6 20 49.93 2003  7 27 2452847.76446678     5  Clear                 net0005.fits                                       Triton                1004  1024
  -0.066   0.135  544.87  439.90 1.645    137.25     22.57 99.999 99.999 99.999 13.222 13.193 99.999 99.999 99.999  0.187 99.999 99.999 99.999 99.999  99.999  99.999  99.999  99.999  0.016  0.016  0.012  0.015  0.047  0.055   22   15 99.999 99.999   99  20.961285948 -17.205156602  6 21 40.16 2003  7 27 2452847.76504815     5  Clear                 net0006.fits                                       Triton                1004  1024
   0.039   0.021  543.06  446.02 1.912    107.97     17.41 99.999 99.999 99.999 13.238 13.197 99.999 99.999 99.999  0.142 99.999 99.999 99.999 99.999  99.999  99.999  99.999  99.999  0.042  0.042  0.011  0.014  0.041  0.051   19   15 99.999 99.999   99  20.961285812 -17.205195125  6 23  8.72 2003  7 27 2452847.76607315     5  Clear                 net0007.fits                                       Triton                1004  1024
   0.020   0.017  541.67  446.31 1.859    124.36     15.29 99.999 99.999 99.999 13.254 13.246 99.999 99.999 99.999  0.218 99.999 99.999 99.999 99.999  99.999  99.999  99.999  99.999  0.022  0.022  0.018  0.017  0.066  0.064   22   15 99.999 99.999   99  20.961284251 -17.205199705  6 23 57.89 2003  7 27 2452847.76664225     5  Clear                 net0008.fits                                       Triton                1004  1024
  -0.027   0.003  541.95  444.26 2.388     80.27     12.04 99.999 99.999 99.999 13.225 13.122 99.999 99.999 99.999  0.210 99.999 99.999 99.999 99.999  99.999  99.999  99.999  99.999  0.022  0.022  0.025  0.019  0.079  0.059   17   11 99.999 99.999   99  20.961282114 -17.205206873  6 24 47.06 2003  7 27 2452847.76721134     5  Clear                 net0009.fits                                       Triton                1004  1024
  -0.071   0.080  542.68  443.14 1.994    106.33     15.48 99.999 99.999 99.999 13.245 13.178 99.999 99.999 99.999  0.169 99.999 99.999 99.999 99.999  99.999  99.999  99.999  99.999  0.025  0.025  0.019  0.014  0.071  0.050   21   14 99.999 99.999   99  20.961280042 -17.205189421  6 25 37.05 2003  7 27 2452847.76778993     5  Clear                 net0010.fits                                       Triton                1004  1024
  -0.156  -0.019  538.24  497.88 2.308     11.70      6.80 99.999 99.999 99.999 13.374 13.189 99.999 99.999 99.999  0.099 99.999 99.999 99.999 99.999  99.999  99.999  99.999  99.999  0.057  0.057  0.000  0.000  0.000  0.000    3    3 99.999 99.999   99  20.961250143 -17.205300202  6 44 50.54 2003  7 27 2452847.78114051     1  Clear                 net0011.fits                                       Triton                1004  1024
  -0.015   0.003  524.31  491.41 1.536     40.18      6.46 99.999 99.999 99.999 13.138 13.190 99.999 99.999 99.999  0.175 99.999 99.999 99.999 99.999  99.999  99.999  99.999  99.999  0.030  0.030  0.035  0.029  0.076  0.062   10    8 99.999 99.999   99  20.961186239 -17.205488239  7 30 19.04 2003  7 27 2452847.81272037     1  Clear                 net0021.fits                                       Triton                1004  1024
   0.013   0.157  523.64  492.18 1.463     30.11      8.78 99.999 99.999 99.999 13.291 13.310 99.999 99.999 99.999  0.266 99.999 99.999 99.999 99.999  99.999  99.999  99.999  99.999  0.029  0.029  0.030  0.021  0.068  0.048   10    6 99.999 99.999   99  20.961185315 -17.205449927  7 31 19.58 2003  7 27 2452847.81342106     1  Clear                 net0022.fits                                       Triton                1004  1024
  -0.129  -0.081  523.61  490.10 1.799     25.34      6.87 99.999 99.999 99.999 13.331 13.263 99.999 99.999 99.999  0.253 99.999 99.999 99.999 99.999  99.999  99.999  99.999  99.999  0.031  0.031  0.015  0.026  0.035  0.059    8    6 99.999 99.999   99  20.961181446 -17.205519178  7 32  5.68 2003  7 27 2452847.81395463     1  Clear                 net0023.fits                                       Triton                1004  1024
  -0.002   0.081  522.98  493.22 1.968     24.07      6.61 99.999 99.999 99.999 13.319 13.354 99.999 99.999 99.999  0.205 99.999 99.999 99.999 99.999  99.999  99.999  99.999  99.999  0.044  0.044  0.047  0.039  0.100  0.084   11    7 99.999 99.999   99  20.961182518 -17.205478316  7 33  1.99 2003  7 27 2452847.81460637     1  Clear                 net0024.fits                                       Triton                1004  1024
  -0.074  -0.085  524.19  499.08 1.954     24.51      5.19 99.999 99.999 99.999 13.225 13.241 99.999 99.999 99.999  0.268 99.999 99.999 99.999 99.999  99.999  99.999  99.999  99.999  0.027  0.027  0.038  0.024  0.088  0.055   10    6 99.999 99.999   99  20.961178401 -17.205532146  7 34 54.62 2003  7 27 2452847.81590995     1  Clear                 net0026.fits                                       Triton                1004  1024
   0.073   0.037  519.97  506.40 2.298     86.97     10.68 99.999 99.999 99.999 13.341 13.300 99.999 99.999 99.999  0.182 99.999 99.999 99.999 99.999  99.999  99.999  99.999  99.999  0.018  0.018  0.018  0.014  0.077  0.057   27   19 99.999 99.999   99  20.961171851 -17.205525534  7 41 20.53 2003  7 27 2452847.82037650     5  Clear                 net0031.fits                                       Triton                1004  1024
   0.080   0.034  519.55  507.77 1.945     68.61     19.66 99.999 99.999 99.999 13.361 13.377 99.999 99.999 99.999  0.177 99.999 99.999 99.999 99.999  99.999  99.999  99.999  99.999  0.025  0.025  0.016  0.014  0.065  0.054   26   16 99.999 99.999   99  20.961170773 -17.205529859  7 42 10.50 2003  7 27 2452847.82095486     5  Clear                 net0032.fits                                       Triton                1004  1024
  -0.092   0.171  519.31  508.27 2.319     85.17     10.16 99.999 99.999 99.999 13.236 13.273 99.999 99.999 99.999  0.218 99.999 99.999 99.999 99.999  99.999  99.999  99.999  99.999  0.023  0.023  0.023  0.018  0.073  0.057   27   12 99.999 99.999   99  20.961166216 -17.205495203  7 43  0.60 2003  7 27 2452847.82153472     5  Clear                 net0033.fits                                       Triton                1004  1024
  -0.125  -0.019  512.99  505.96 2.795     53.94      9.68 99.999 99.999 99.999 13.289 13.394 99.999 99.999 99.999  0.198 99.999 99.999 99.999 99.999  99.999  99.999  99.999  99.999  0.022  0.022  0.021  0.019  0.065  0.057   20   12 99.999 99.999   99  20.961163929 -17.205552692  7 44  7.90 2003  7 27 2452847.82231366     5  Clear                 net0034.fits                                       Triton                1004  1024
   0.041   0.065  513.56  505.57 3.085     43.92      9.59 99.999 99.999 99.999 13.291 13.287 99.999 99.999 99.999  0.164 99.999 99.999 99.999 99.999  99.999  99.999  99.999  99.999  0.024  0.024  0.021  0.019  0.065  0.060   18   10 99.999 99.999   99  20.961165953 -17.205532781  7 44 57.03 2003  7 27 2452847.82288229     5  Clear                 net0035.fits                                       Triton                1004  1024
  -0.138  -0.091  513.50  505.85 2.427     71.04     10.25 99.999 99.999 99.999 13.166 13.123 99.999 99.999 99.999  0.261 99.999 99.999 99.999 99.999  99.999  99.999  99.999  99.999  0.022  0.022  0.020  0.022  0.071  0.079   26   13 99.999 99.999   99  20.961161305 -17.205579441  7 45 46.13 2003  7 27 2452847.82345058     5  Clear                 net0036.fits                                       Triton                1004  1024
  -0.066  -0.003  504.53  506.80 2.163    117.98     16.77 99.999 99.999 99.999 13.245 13.187 99.999 99.999 99.999  0.171 99.999 99.999 99.999 99.999  99.999  99.999  99.999  99.999  0.014  0.014  0.015  0.017  0.061  0.068   31   21 99.999 99.999   99  20.961160924 -17.205560162  7 46 59.35 2003  7 27 2452847.82429803     7  Clear                 net0037.fits                                       Triton                1004  1024
  -0.032   0.019  504.61  506.05 2.163    139.61     13.00 99.999 99.999 99.999 13.391 13.343 99.999 99.999 99.999  0.152 99.999 99.999 99.999 99.999  99.999  99.999  99.999  99.999  0.014  0.014  0.012  0.013  0.058  0.060   30   23 99.999 99.999   99  20.961160329 -17.205557715  7 47 51.35 2003  7 27 2452847.82489988     7  Clear                 net0038.fits                                       Triton                1004  1024
  -0.026   0.073  504.72  503.57 2.492    105.43     10.88 99.999 99.999 99.999 13.288 13.309 99.999 99.999 99.999  0.213 99.999 99.999 99.999 99.999  99.999  99.999  99.999  99.999  0.013  0.013  0.017  0.010  0.079  0.050   32   23 99.999 99.999   99  20.961159170 -17.205546370  7 48 43.42 2003  7 27 2452847.82550255     7  Clear                 net0039.fits                                       Triton                1004  1024
  -0.036   0.067  504.88  504.14 2.139    134.74     14.89 99.999 99.999 99.999 13.284 13.194 99.999 99.999 99.999  0.207 99.999 99.999 99.999 99.999  99.999  99.999  99.999  99.999  0.014  0.014  0.014  0.013  0.062  0.057   32   19 99.999 99.999   99  20.961157727 -17.205551730  7 49 35.40 2003  7 27 2452847.82610417     7  Clear                 net0040.fits                                       Triton                1004  1024
