  -0.081  -0.081  489.90  535.49 1.443    159.76    116.32 99.999 99.999 99.999 13.181 13.155 99.999 99.999 99.999  0.226 99.999 99.999 99.999 99.999  99.999  99.999  99.999  99.999  0.020  0.021  0.010  0.009  0.022  0.019    7    7 99.999 99.999   99  21.168701570 -16.465474745  1  2  8.02 2005  9 24 2453637.54314838     4  V                     n30001.fits                                        Triton                1020  1020
   0.023  -0.152  451.68  532.93 1.828    150.34    131.49 99.999 99.999 99.999 13.175 13.185 99.999 99.999 99.999  0.149 99.999 99.999 99.999 99.999  99.999  99.999  99.999  99.999  0.038  0.038  0.019  0.022  0.067  0.079   19   14 99.999 99.999   99  21.168632665 -16.465811688  3  8  4.68 2005  9 24 2453637.63060972     9  V                     n30100.fits                                        Triton                1020  1020
   0.031  -0.208  451.08  530.08 1.617    171.35    119.66 99.999 99.999 99.999 13.170 13.149 99.999 99.999 99.999  0.179 99.999 99.999 99.999 99.999  99.999  99.999  99.999  99.999  0.028  0.028  0.020  0.017  0.067  0.058   20   12 99.999 99.999   99  21.168630540 -16.465838071  3 12 11.84 2005  9 24 2453637.63347037     9  V                     n30108.fits                                        Triton                1020  1020
  -0.001  -0.195  450.67  532.63 1.754    112.29    119.04 99.999 99.999 99.999 13.309 13.244 99.999 99.999 99.999  0.172 99.999 99.999 99.999 99.999  99.999  99.999  99.999  99.999  0.032  0.032  0.025  0.025  0.078  0.079   14   11 99.999 99.999   99  21.168628671 -16.465840303  3 14 24.37 2005  9 24 2453637.63500428     9  V                     n30114.fits                                        Triton                1020  1020
  -0.093  -0.161  450.33  531.00 1.752     85.11    126.24 99.999 99.999 99.999 13.281 13.220 99.999 99.999 99.999  0.142 99.999 99.999 99.999 99.999  99.999  99.999  99.999  99.999  0.033  0.033  0.018  0.021  0.052  0.062   11   10 99.999 99.999   99  21.168626698 -16.465831825  3 14 45.85 2005  9 24 2453637.63525289     9  V                     n30115.fits                                        Triton                1020  1020
  -0.114  -0.021  450.30  530.32 1.602     61.56    122.99 99.999 99.999 99.999 13.298 13.130 99.999 99.999 99.999  0.238 99.999 99.999 99.999 99.999  99.999  99.999  99.999  99.999  0.034  0.034  0.031  0.034  0.055  0.060    6    6 99.999 99.999   99  21.168626097 -16.465794017  3 15  7.36 2005  9 24 2453637.63550185     9  V                     n30116.fits                                        Triton                1020  1020
  -0.132  -0.153  450.69  530.91 2.072     22.71    136.53 99.999 99.999 99.999 13.132 12.858 99.999 99.999 99.999  0.235 99.999 99.999 99.999 99.999  99.999  99.999  99.999  99.999  0.050  0.050  0.000  0.000  0.000  0.000    3    3 99.999 99.999   99  21.168625564 -16.465831474  3 15 27.90 2005  9 24 2453637.63573958     9  V                     n30117.fits                                        Triton                1020  1020
   0.030   0.023  450.31  531.66 1.703     38.08    113.21 99.999 99.999 99.999 13.414 13.192 99.999 99.999 99.999  0.168 99.999 99.999 99.999 99.999  99.999  99.999  99.999  99.999  0.036  0.036  0.025  0.010  0.035  0.014    4    4 99.999 99.999   99  21.168628494 -16.465783504  3 15 49.42 2005  9 24 2453637.63598866     9  V                     n30118.fits                                        Triton                1020  1020
   0.038  -0.169  450.39  532.29 1.784     90.92    101.27 99.999 99.999 99.999 13.264 13.243 99.999 99.999 99.999  0.272 99.999 99.999 99.999 99.999  99.999  99.999  99.999  99.999  0.024  0.024  0.021  0.009  0.066  0.027   14   10 99.999 99.999   99  21.168628449 -16.465837797  3 16  9.86 2005  9 24 2453637.63622523     9  V                     n30119.fits                                        Triton                1020  1020
  -0.099  -0.123  449.73  531.74 1.682     58.25    108.11 99.999 99.999 99.999 13.260 13.073 99.999 99.999 99.999  0.062 99.999 99.999 99.999 99.999  99.999  99.999  99.999  99.999  0.032  0.032  0.045  0.032  0.069  0.050    6    6 99.999 99.999   99  21.168624178 -16.465832680  3 19  8.31 2005  9 24 2453637.63829063     9  V                     n30122.fits                                        Triton                1020  1020
   0.081  -0.516  449.69  532.58 1.627     39.66    119.21 99.999 99.999 99.999 13.351 12.952 99.999 99.999 99.999  0.170 99.999 99.999 99.999 99.999  99.999  99.999  99.999  99.999  0.040  0.040  0.000  0.000  0.000  0.000    3    3 99.999 99.999   99  21.168627260 -16.465943758  3 19 50.35 2005  9 24 2453637.63877720     9  V                     n30124.fits                                        Triton                1020  1020
   0.114  -0.242  449.34  534.26 1.600     72.97    105.07 99.999 99.999 99.999 13.336 13.509 99.999 99.999 99.999  0.353 99.999 99.999 99.999 99.999  99.999  99.999  99.999  99.999  0.032  0.032  0.028  0.023  0.078  0.065   12    9 99.999 99.999   99  21.168626894 -16.465872561  3 21 37.88 2005  9 24 2453637.64002176     9  V                     n30129.fits                                        Triton                1020  1020
  -0.055   0.066  449.56  533.81 1.517     34.03    114.89 99.999 99.999 99.999 13.098 12.962 99.999 99.999 99.999  0.287 99.999 99.999 99.999 99.999  99.999  99.999  99.999  99.999  0.060  0.060  0.040  0.066  0.058  0.095    5    4 99.999 99.999   99  21.168623446 -16.465787897  3 21 59.39 2005  9 24 2453637.64027072     9  V                     n30130.fits                                        Triton                1020  1020
  -0.121   0.078  449.03  532.07 1.946     55.01     98.35 99.999 99.999 99.999 13.353 13.271 99.999 99.999 99.999  0.207 99.999 99.999 99.999 99.999  99.999  99.999  99.999  99.999  0.027  0.027  0.033  0.027  0.073  0.060   11    8 99.999 99.999   99  21.168620572 -16.465791854  3 24 50.17 2005  9 24 2453637.64224734     9  V                     n30138.fits                                        Triton                1020  1020
   0.033  -0.162  449.12  532.17 2.058     83.05    130.04 99.999 99.999 99.999 13.253 13.294 99.999 99.999 99.999  0.233 99.999 99.999 99.999 99.999  99.999  99.999  99.999  99.999  0.028  0.028  0.014  0.022  0.044  0.071   20   12 99.999 99.999   99  21.168623334 -16.465859806  3 25 11.91 2005  9 24 2453637.64249896     9  V                     n30139.fits                                        Triton                1020  1020
   0.047  -0.254  448.85  531.95 2.297     87.56    128.59 99.999 99.999 99.999 13.326 13.421 99.999 99.999 99.999  0.284 99.999 99.999 99.999 99.999  99.999  99.999  99.999  99.999  0.029  0.029  0.026  0.017  0.082  0.055   18   11 99.999 99.999   99  21.168623400 -16.465886127  3 25 33.64 2005  9 24 2453637.64275046     9  V                     n30140.fits                                        Triton                1020  1020
   0.068  -0.042  447.48  524.90 1.929    190.45    132.70 99.999 99.999 99.999 13.212 13.269 99.999 99.999 99.999  0.230 99.999 99.999 99.999 99.999  99.999  99.999  99.999  99.999  0.020  0.020  0.021  0.015  0.075  0.056   28   16 99.999 99.999   99  21.168620752 -16.465842036  3 31  4.40 2005  9 24 2453637.64657870    10  V                     n30144.fits                                        Triton                1020  1020
   0.017  -0.222  447.40  526.81 1.967    141.64    132.22 99.999 99.999 99.999 13.200 13.293 99.999 99.999 99.999  0.226 99.999 99.999 99.999 99.999  99.999  99.999  99.999  99.999  0.025  0.025  0.017  0.014  0.067  0.057   27   16 99.999 99.999   99  21.168618974 -16.465895882  3 32 31.49 2005  9 24 2453637.64758669     8  V                     n30146.fits                                        Triton                1020  1020
   0.113  -0.186  447.50  528.08 1.827    159.13    114.12 99.999 99.999 99.999 13.221 13.276 99.999 99.999 99.999  0.219 99.999 99.999 99.999 99.999  99.999  99.999  99.999  99.999  0.004  0.004  0.025  0.017  0.075  0.051   22   10 99.999 99.999   99  21.168620458 -16.465887572  3 33  9.81 2005  9 24 2453637.64803021     8  V                     n30147.fits                                        Triton                1020  1020
   0.108  -0.196  447.79  529.31 1.852    166.43    119.29 99.999 99.999 99.999 13.194 13.151 99.999 99.999 99.999  0.262 99.999 99.999 99.999 99.999  99.999  99.999  99.999  99.999  0.021  0.021  0.015  0.025  0.044  0.073   21    9 99.999 99.999   99  21.168620058 -16.465891795  3 33 43.85 2005  9 24 2453637.64842419     8  V                     n30148.fits                                        Triton                1020  1020
  -0.076  -0.036  447.36  527.20 1.647    222.49    123.53 99.999 99.999 99.999 13.104 13.106 99.999 99.999 99.999  0.259 99.999 99.999 99.999 99.999  99.999  99.999  99.999  99.999  0.022  0.022  0.013  0.016  0.059  0.070   29   21 99.999 99.999   99  21.168615857 -16.465850336  3 34 52.81 2005  9 24 2453637.64922234     8  V                     n30150.fits                                        Triton                1020  1020
   0.030  -0.063  447.28  527.35 1.464    242.01    146.39 99.999 99.999 99.999 13.091 13.109 99.999 99.999 99.999  0.275 99.999 99.999 99.999 99.999  99.999  99.999  99.999  99.999  0.019  0.019  0.018  0.017  0.075  0.070   28   20 99.999 99.999   99  21.168617552 -16.465859520  3 35 32.66 2005  9 24 2453637.64968356     8  V                     n30152.fits                                        Triton                1020  1020
  -0.084  -0.044  446.87  528.53 1.513    249.26    118.32 99.999 99.999 99.999 13.135 13.198 99.999 99.999 99.999  0.204 99.999 99.999 99.999 99.999  99.999  99.999  99.999  99.999  0.000  0.000  0.013  0.019  0.051  0.073   24   16 99.999 99.999   99  21.168614961 -16.465856140  3 36 12.46 2005  9 24 2453637.65014421     8  V                     n30154.fits                                        Triton                1020  1020
  -0.106  -0.003  447.06  530.26 1.646    189.62    118.11 99.999 99.999 99.999 13.114 13.107 99.999 99.999 99.999  0.289 99.999 99.999 99.999 99.999  99.999  99.999  99.999  99.999  0.026  0.026  0.019  0.019  0.066  0.068   27   15 99.999 99.999   99  21.168613815 -16.465848366  3 37 32.19 2005  9 24 2453637.65106701     8  V                     n30158.fits                                        Triton                1020  1020
  -0.086  -0.015  446.72  528.66 1.850     88.09    120.29 99.999 99.999 99.999 13.339 13.349 99.999 99.999 99.999  0.195 99.999 99.999 99.999 99.999  99.999  99.999  99.999  99.999  0.019  0.019  0.020  0.020  0.062  0.062   19   11 99.999 99.999   99  21.168613293 -16.465856022  3 39 12.26 2005  9 24 2453637.65222523     8  V                     n30163.fits                                        Triton                1020  1020
   0.068  -0.143  447.05  530.38 2.246     89.34    126.12 99.999 99.999 99.999 13.262 13.321 99.999 99.999 99.999  0.181 99.999 99.999 99.999 99.999  99.999  99.999  99.999  99.999  0.029  0.029  0.020  0.025  0.067  0.084   19   12 99.999 99.999   99  21.168615877 -16.465893378  3 39 52.18 2005  9 24 2453637.65268727     8  V                     n30165.fits                                        Triton                1020  1020
  -0.098  -0.060  446.94  531.96 1.865    139.94    118.73 99.999 99.999 99.999 13.268 13.214 99.999 99.999 99.999  0.198 99.999 99.999 99.999 99.999  99.999  99.999  99.999  99.999  0.022  0.022  0.021  0.017  0.075  0.061   21   15 99.999 99.999   99  21.168611583 -16.465875648  3 41 51.42 2005  9 24 2453637.65406736     8  V                     n30169.fits                                        Triton                1020  1020
   0.020  -0.002  446.57  531.52 1.762    140.16    134.66 99.999 99.999 99.999 13.218 13.364 99.999 99.999 99.999  0.206 99.999 99.999 99.999 99.999  99.999  99.999  99.999  99.999  0.021  0.021  0.018  0.016  0.059  0.053   25   13 99.999 99.999   99  21.168613660 -16.465860281  3 42 11.77 2005  9 24 2453637.65430289     8  V                     n30170.fits                                        Triton                1020  1020
   0.065  -0.176  446.60  530.23 2.002    108.16    118.08 99.999 99.999 99.999 13.207 13.293 99.999 99.999 99.999  0.230 99.999 99.999 99.999 99.999  99.999  99.999  99.999  99.999  0.024  0.024  0.016  0.011  0.061  0.042   23   17 99.999 99.999   99  21.168614363 -16.465909577  3 42 31.24 2005  9 24 2453637.65452824     8  V                     n30171.fits                                        Triton                1020  1020
   0.021  -0.054  446.45  531.01 2.279    100.11    122.19 99.999 99.999 99.999 13.182 13.246 99.999 99.999 99.999  0.197 99.999 99.999 99.999 99.999  99.999  99.999  99.999  99.999  0.017  0.017  0.016  0.019  0.059  0.067   24   16 99.999 99.999   99  21.168612575 -16.465880362  3 44 11.28 2005  9 24 2453637.65568611     8  V                     n30176.fits                                        Triton                1020  1020
   0.019  -0.119  447.09  530.16 2.014    115.19    125.58 99.999 99.999 99.999 13.255 13.326 99.999 99.999 99.999  0.231 99.999 99.999 99.999 99.999  99.999  99.999  99.999  99.999  0.024  0.024  0.026  0.025  0.090  0.086   21   16 99.999 99.999   99  21.168611424 -16.465903695  3 46 12.32 2005  9 24 2453637.65708704     8  V                     n30182.fits                                        Triton                1020  1020
   0.027  -0.031  446.85  529.15 2.069    110.49    136.51 99.999 99.999 99.999 13.311 13.237 99.999 99.999 99.999  0.258 99.999 99.999 99.999 99.999  99.999  99.999  99.999  99.999  0.021  0.021  0.010  0.013  0.041  0.051   25   18 99.999 99.999   99  21.168611373 -16.465880005  3 46 32.65 2005  9 24 2453637.65732234     8  V                     n30183.fits                                        Triton                1020  1020
  -0.040  -0.275  447.03  528.90 2.463     92.65    132.89 99.999 99.999 99.999 13.258 13.329 99.999 99.999 99.999  0.275 99.999 99.999 99.999 99.999  99.999  99.999  99.999  99.999  0.020  0.020  0.019  0.016  0.073  0.059   23   15 99.999 99.999   99  21.168609366 -16.465951380  3 47 52.40 2005  9 24 2453637.65824537     8  V                     n30187.fits                                        Triton                1020  1020
  -0.088  -0.011  446.27  529.05 2.373     96.86    113.24 99.999 99.999 99.999 13.244 13.318 99.999 99.999 99.999  0.195 99.999 99.999 99.999 99.999  99.999  99.999  99.999  99.999  0.023  0.023  0.015  0.016  0.054  0.058   22   14 99.999 99.999   99  21.168608244 -16.465878991  3 48 12.73 2005  9 24 2453637.65848067     8  V                     n30188.fits                                        Triton                1020  1020
