   0.012   0.069  977.72 1839.62 5.332    967.01   -179.34 99.999 99.999 99.999 13.421 13.349 99.999 99.999 99.999  0.251 99.999 99.999 99.999 99.999  99.999  99.999  99.999  99.999  0.045  0.046  0.011  0.014  0.044  0.053   20   16 99.999 99.999   99  21.297114728 -15.970528537 21 56 12.94 2006 10 25 2454034.41403866    10  Clear                 net0004.fits                                       Triton                2040  3501
   0.030   0.042  973.88 1838.87 4.128    824.94    -18.91 99.999 99.999 99.999 13.373 13.336 99.999 99.999 99.999  0.184 99.999 99.999 99.999 99.999  99.999  99.999  99.999  99.999  0.030  0.029  0.012  0.012  0.061  0.061   31   28 99.999 99.999   99  21.297113853 -15.970539656 21 59 55.79 2006 10 25 2454034.41661794    10  Clear                 net0006.fits                                       Triton                2040  3501
   0.006   0.022  973.20 1840.08 2.135   1564.80    103.41 99.999 99.999 99.999 13.173 13.095 99.999 99.999 99.999  0.203 99.999 99.999 99.999 99.999  99.999  99.999  99.999  99.999  0.014  0.014  0.008  0.011  0.045  0.059   41   30 99.999 99.999   99  21.297112034 -15.970549269 22  3 57.45 2006 10 25 2454034.41941493    10  Clear                 net0008.fits                                       Triton                2040  3501
   0.017   0.069  973.30 1840.08 2.253   1671.67     34.66 99.999 99.999 99.999 13.168 13.097 99.999 99.999 99.999  0.220 99.999 99.999 99.999 99.999  99.999  99.999  99.999  99.999  0.024  0.024  0.009  0.012  0.048  0.068   40   31 99.999 99.999   99  21.297111573 -15.970538047 22  6  2.55 2006 10 25 2454034.42086285    10  Clear                 net0009.fits                                       Triton                2040  3501
  -0.014   0.019  973.23 1840.30 1.240   3278.87    333.28 99.999 99.999 99.999 13.019 12.954 99.999 99.999 99.999  0.424 99.999 99.999 99.999 99.999  99.999  99.999  99.999  99.999  0.006  0.006  0.011  0.012  0.060  0.065   47   30 99.999 99.999   99  21.297110000 -15.970554706 22  8 57.50 2006 10 25 2454034.42288773    10  Clear                 net0010.fits                                       Triton                2040  3501
   0.018  -0.029  980.07 1839.99 1.225   3215.41    352.47 99.999 99.999 99.999 13.048 12.993 99.999 99.999 99.999  0.490 99.999 99.999 99.999 99.999  99.999  99.999  99.999  99.999  0.006  0.006  0.010  0.011  0.056  0.059   47   30 99.999 99.999   99  21.297109932 -15.970569862 22 11  4.38 2006 10 25 2454034.42435625    10  Clear                 net0011.fits                                       Triton                2040  3501
  -0.013  -0.003  977.65 1840.36 1.168   3301.49    418.66 99.999 99.999 99.999 13.096 13.125 99.999 99.999 99.999  0.469 99.999 99.999 99.999 99.999  99.999  99.999  99.999  99.999  0.013  0.013  0.010  0.009  0.061  0.053   51   36 99.999 99.999   99  21.297108554 -15.970564913 22 13 21.68 2006 10 25 2454034.42594537    10  Clear                 net0012.fits                                       Triton                2040  3501
  -0.018   0.042  976.75 1839.99 1.334   2856.75    309.43 99.999 99.999 99.999 13.218 13.205 99.999 99.999 99.999  0.441 99.999 99.999 99.999 99.999  99.999  99.999  99.999  99.999  0.013  0.013  0.010  0.009  0.058  0.049   52   32 99.999 99.999   99  21.297107494 -15.970555144 22 16 18.72 2006 10 25 2454034.42799444    10  Clear                 net0013.fits                                       Triton                2040  3501
   0.024  -0.002  975.90 1840.32 1.179   1851.51    175.35 99.999 99.999 99.999 13.030 13.019 99.999 99.999 99.999  0.444 99.999 99.999 99.999 99.999  99.999  99.999  99.999  99.999  0.006  0.006  0.009  0.011  0.051  0.062   47   32 99.999 99.999   99  21.297107269 -15.970570337 22 19 27.54 2006 10 25 2454034.43017986     5  Clear                 net0014.fits                                       Triton                2040  3501
  -0.015   0.059  973.53 1838.36 1.295   1496.12    156.36 99.999 99.999 99.999 13.072 13.073 99.999 99.999 99.999  0.417 99.999 99.999 99.999 99.999  99.999  99.999  99.999  99.999  0.010  0.010  0.010  0.013  0.054  0.069   47   31 99.999 99.999   99  21.297105040 -15.970557374 22 23 54.13 2006 10 25 2454034.43326539     5  Clear                 net0016.fits                                       Triton                2040  3501
   0.018  -0.012  972.59 1838.39 1.230   1592.06    168.31 99.999 99.999 99.999 13.113 13.186 99.999 99.999 99.999  0.494 99.999 99.999 99.999 99.999  99.999  99.999  99.999  99.999  0.008  0.008  0.012  0.011  0.068  0.061   49   33 99.999 99.999   99  21.297105355 -15.970577930 22 24 54.31 2006 10 25 2454034.43396192     5  Clear                 net0017.fits                                       Triton                2040  3501
  -0.016   0.037  979.14 1839.01 1.266   1281.99    146.29 99.999 99.999 99.999 13.055 13.074 99.999 99.999 99.999  0.467 99.999 99.999 99.999 99.999  99.999  99.999  99.999  99.999  0.008  0.008  0.011  0.010  0.059  0.054   50   32 99.999 99.999   99  21.297104022 -15.970566456 22 26 54.88 2006 10 25 2454034.43535741     5  Clear                 net0019.fits                                       Triton                2040  3501
  -0.034   0.091  974.77 1837.63 1.297   1495.43    156.61 99.999 99.999 99.999 13.054 13.059 99.999 99.999 99.999  0.393 99.999 99.999 99.999 99.999  99.999  99.999  99.999  99.999  0.005  0.005  0.010  0.013  0.054  0.072   49   34 99.999 99.999   99  21.297103006 -15.970553007 22 28 55.16 2006 10 25 2454034.43674954     5  Clear                 net0021.fits                                       Triton                2040  3501
  -0.007   0.006  978.17 1837.86 1.189   1645.75    192.94 99.999 99.999 99.999 13.121 13.148 99.999 99.999 99.999  0.442 99.999 99.999 99.999 99.999  99.999  99.999  99.999  99.999  0.001  0.001  0.012  0.012  0.068  0.067   49   33 99.999 99.999   99  21.297103208 -15.970577779 22 29 55.33 2006 10 25 2454034.43744595     5  Clear                 net0022.fits                                       Triton                2040  3501
