  -0.019  -0.049  490.82  432.03 1.197   2144.28     15.55 99.999 99.999 99.999 13.213 13.133 99.999 99.999 99.999  0.179 99.999 99.999 99.999 99.999  99.999  99.999  99.999  99.999  0.000  0.000  0.010  0.011  0.052  0.058   34   27 99.999 99.999   99  21.069077152 -16.821218668  1 49  9.81 2004  8 20 2453237.57580799     3  Dark                  net1908040001.fits                                 Triton                1020  1020
  -0.014  -0.052  490.39  430.64 1.053   1928.28    196.51 99.999 99.999 99.999 13.143 13.037 99.999 99.999 99.999  0.161 99.999 99.999 99.999 99.999  99.999  99.999  99.999  99.999  0.050  0.053  0.009  0.011  0.054  0.066   39   34 99.999 99.999   99  21.069076259 -16.821222766  1 50  6.81 2004  8 20 2453237.57646771     3  Dark                  net1908040002.fits                                 Triton                1020  1020
  -0.018  -0.021  490.62  429.76 1.120   2257.05     78.53 99.999 99.999 99.999 13.222 13.138 99.999 99.999 99.999  0.204 99.999 99.999 99.999 99.999  99.999  99.999  99.999  99.999  0.018  0.018  0.009  0.012  0.048  0.060   34   27 99.999 99.999   99  21.069075202 -16.821217314  1 51  2.91 2004  8 20 2453237.57711701     3  Dark                  net1908040003.fits                                 Triton                1020  1020
  -0.060  -0.010  490.73  431.78 0.857   3097.79    234.74 99.999 99.999 99.999 13.177 13.049 99.999 99.999 99.999  0.171 99.999 99.999 99.999 99.999  99.999  99.999  99.999  99.999  0.015  0.016  0.012  0.012  0.057  0.059   28   25 99.999 99.999   99  21.069071470 -16.821223941  1 53 50.95 2004  8 20 2453237.57906192     3  Dark                  net1908040006.fits                                 Triton                1020  1020
  -0.029  -0.027  490.44  429.37 0.961   2755.17    142.30 99.999 99.999 99.999 13.317 13.160 99.999 99.999 99.999  0.158 99.999 99.999 99.999 99.999  99.999  99.999  99.999  99.999  0.030  0.035  0.012  0.014  0.057  0.067   26   24 99.999 99.999   99  21.069071097 -16.821231936  1 54 47.36 2004  8 20 2453237.57971481     3  Dark                  net1908040007.fits                                 Triton                1020  1020
   0.041  -0.054  490.14  430.48 1.109   2267.41     85.65 99.999 99.999 99.999 13.152 13.070 99.999 99.999 99.999  0.140 99.999 99.999 99.999 99.999  99.999  99.999  99.999  99.999  0.018  0.017  0.012  0.018  0.054  0.079   27   22 99.999 99.999   99  21.069071507 -16.821242366  1 55 42.72 2004  8 20 2453237.58035556     3  Dark                  net1908040008.fits                                 Triton                1020  1020
   0.013  -0.055  483.71  390.95 1.125   2040.92    100.03 99.999 99.999 99.999 13.306 13.180 99.999 99.999 99.999  0.183 99.999 99.999 99.999 99.999  99.999  99.999  99.999  99.999  0.022  0.022  0.013  0.011  0.065  0.053   33   24 99.999 99.999   99  21.068983084 -16.821541215  3 20 40.59 2004  8 20 2453237.63935868     3  Dark                  net1908040031.fits                                 Triton                1020  1020
  -0.025  -0.034  483.13  391.01 1.124   1984.47     68.87 99.999 99.999 99.999 13.206 13.057 99.999 99.999 99.999  0.152 99.999 99.999 99.999 99.999  99.999  99.999  99.999  99.999  0.056  0.056  0.009  0.012  0.044  0.060   31   28 99.999 99.999   99  21.068977596 -16.821551647  3 25 17.82 2004  8 20 2453237.64256736     3  Dark                  net1908040034.fits                                 Triton                1020  1020
  -0.011  -0.055  482.78  389.08 1.161   2149.43     28.58 99.999 99.999 99.999 13.228 13.162 99.999 99.999 99.999  0.192 99.999 99.999 99.999 99.999  99.999  99.999  99.999  99.999  0.029  0.029  0.011  0.011  0.056  0.054   34   26 99.999 99.999   99  21.068976899 -16.821560775  3 26 13.71 2004  8 20 2453237.64321424     3  Dark                  net1908040035.fits                                 Triton                1020  1020
  -0.011  -0.029  482.30  390.25 1.251   1709.36     71.43 99.999 99.999 99.999 13.260 13.157 99.999 99.999 99.999  0.175 99.999 99.999 99.999 99.999  99.999  99.999  99.999  99.999  0.036  0.036  0.012  0.013  0.060  0.063   34   26 99.999 99.999   99  21.068975035 -16.821560143  3 28  3.36 2004  8 20 2453237.64448333     3  Dark                  net1908040037.fits                                 Triton                1020  1020
   0.018  -0.038  482.61  392.13 1.256   2027.17     -8.62 99.999 99.999 99.999 13.210 13.069 99.999 99.999 99.999  0.184 99.999 99.999 99.999 99.999  99.999  99.999  99.999  99.999  0.024  0.025  0.011  0.013  0.060  0.072   35   31 99.999 99.999   99  21.068974626 -16.821566174  3 28 59.11 2004  8 20 2453237.64512859     3  Dark                  net1908040038.fits                                 Triton                1020  1020
  -0.027  -0.002  482.18  390.35 1.075   1915.22    171.19 99.999 99.999 99.999 13.219 13.070 99.999 99.999 99.999  0.178 99.999 99.999 99.999 99.999  99.999  99.999  99.999  99.999  0.025  0.023  0.013  0.013  0.058  0.062   28   22 99.999 99.999   99  21.068972820 -16.821559390  3 29 54.79 2004  8 20 2453237.64577303     3  Dark                  net1908040039.fits                                 Triton                1020  1020
  -0.009  -0.014  417.83  472.26 1.115   1903.01    131.16 99.999 99.999 99.999 13.402 13.208 99.999 99.999 99.999  0.132 99.999 99.999 99.999 99.999  99.999  99.999  99.999  99.999  0.022  0.022  0.010  0.014  0.037  0.051   23   16 99.999 99.999   99  21.068851962 -16.821995206  5 28 35.90 2004  8 20 2453237.72819329     3  Dark                  net1908040041.fits                                 Triton                1020  1020
   0.036  -0.073  418.02  469.95 0.989   2105.88    198.89 99.999 99.999 99.999 13.320 13.249 99.999 99.999 99.999  0.172 99.999 99.999 99.999 99.999  99.999  99.999  99.999  99.999  0.046  0.046  0.012  0.017  0.051  0.069   23   18 99.999 99.999   99  21.068851867 -16.822015200  5 29 32.62 2004  8 20 2453237.72884977     3  Dark                  net1908040042.fits                                 Triton                1020  1020
   0.017  -0.031  416.61  469.01 1.200   1788.48     47.37 99.999 99.999 99.999 13.301 13.209 99.999 99.999 99.999  0.167 99.999 99.999 99.999 99.999  99.999  99.999  99.999  99.999  0.000  0.000  0.013  0.011  0.054  0.046   30   17 99.999 99.999   99  21.068844029 -16.822031113  5 36 55.27 2004  8 20 2453237.73397303     3  Dark                  net1908040050.fits                                 Triton                1020  1020
