  -0.005  -0.058 1038.09 1244.21 1.528    819.19     92.30 99.999 99.999 99.999 13.376 13.307 99.999 99.999 99.999  0.066 99.999 99.999 99.999 99.999  99.999  99.999  99.999  99.999  0.010  0.010  0.024  0.017  0.069  0.050   13   10 99.999 99.999   99  22.215195066 -11.716364932 23 27 58.51 2012  9 15 2456186.47776052    10                        Netuno_23.28.09_0001.fits                          Triton                2048  2048
   0.052  -0.038 1038.41 1244.11 1.427    847.62    112.51 99.999 99.999 99.999 13.424 13.280 99.999 99.999 99.999  0.073 99.999 99.999 99.999 99.999  99.999  99.999  99.999  99.999  0.017  0.017  0.022  0.021  0.059  0.058   13   10 99.999 99.999   99  22.215194734 -11.716363846 23 29 11.93 2012  9 15 2456186.47861034    10                        Netuno_23.29.22_0002.fits                          Triton                2048  2048
   0.050  -0.067 1038.46 1245.53 1.654    740.79     72.84 99.999 99.999 99.999 13.378 13.281 99.999 99.999 99.999  0.076 99.999 99.999 99.999 99.999  99.999  99.999  99.999  99.999  0.014  0.014  0.016  0.016  0.045  0.047   13   10 99.999 99.999   99  22.215194384 -11.716373139 23 29 27.79 2012  9 15 2456186.47879390    10                        Netuno_23.29.38_0003.fits                          Triton                2048  2048
  -0.000  -0.050 1038.15 1245.57 1.631    845.95     64.42 99.999 99.999 99.999 13.412 13.259 99.999 99.999 99.999  0.083 99.999 99.999 99.999 99.999  99.999  99.999  99.999  99.999  0.008  0.008  0.019  0.019  0.054  0.054   13   10 99.999 99.999   99  22.215193132 -11.716369119 23 29 43.70 2012  9 15 2456186.47897800    10                        Netuno_23.29.54_0004.fits                          Triton                2048  2048
  -0.012  -0.065 1038.40 1244.10 1.698    727.70     75.64 99.999 99.999 99.999 13.350 13.305 99.999 99.999 99.999  0.079 99.999 99.999 99.999 99.999  99.999  99.999  99.999  99.999  0.011  0.011  0.021  0.015  0.062  0.046   13   11 99.999 99.999   99  22.215192597 -11.716374354 23 29 59.56 2012  9 15 2456186.47916156    10                        Netuno_23.30.10_0005.fits                          Triton                2048  2048
   0.003  -0.024 1039.16 1241.86 1.722    702.17     71.58 99.999 99.999 99.999 13.469 13.265 99.999 99.999 99.999  0.082 99.999 99.999 99.999 99.999  99.999  99.999  99.999  99.999  0.012  0.012  0.012  0.022  0.034  0.064   13   10 99.999 99.999   99  22.215192285 -11.716364865 23 30 31.31 2012  9 15 2456186.47952905    10                        Netuno_23.30.42_0007.fits                          Triton                2048  2048
  -0.015  -0.044 1037.58 1240.28 1.535    912.25     79.34 99.999 99.999 99.999 13.346 13.167 99.999 99.999 99.999  0.058 99.999 99.999 99.999 99.999  99.999  99.999  99.999  99.999  0.010  0.010  0.013  0.014  0.039  0.039   13   10 99.999 99.999   99  22.215191325 -11.716372307 23 31  3.09 2012  9 15 2456186.47989690    10                        Netuno_23.31.14_0009.fits                          Triton                2048  2048
  -0.021  -0.025 1039.12 1239.47 1.419    971.56    102.21 99.999 99.999 99.999 13.381 13.208 99.999 99.999 99.999  0.085 99.999 99.999 99.999 99.999  99.999  99.999  99.999  99.999  0.019  0.019  0.018  0.023  0.050  0.064   13   11 99.999 99.999   99  22.215190910 -11.716367945 23 31 18.98 2012  9 15 2456186.48008082    10                        Netuno_23.31.29_0010.fits                          Triton                2048  2048
   0.007  -0.038 1039.05 1238.56 1.667    786.34     71.30 99.999 99.999 99.999 13.420 13.329 99.999 99.999 99.999  0.086 99.999 99.999 99.999 99.999  99.999  99.999  99.999  99.999  0.017  0.017  0.011  0.017  0.033  0.050   13   10 99.999 99.999   99  22.215191135 -11.716372444 23 31 34.86 2012  9 15 2456186.48026456    10                        Netuno_23.31.45_0011.fits                          Triton                2048  2048
  -0.027  -0.045 1039.11 1237.56 1.526    794.15    104.27 99.999 99.999 99.999 13.353 13.289 99.999 99.999 99.999  0.060 99.999 99.999 99.999 99.999  99.999  99.999  99.999  99.999  0.018  0.018  0.025  0.018  0.072  0.054   13   10 99.999 99.999   99  22.215190183 -11.716375471 23 31 50.77 2012  9 15 2456186.48044867    10                        Netuno_23.32.01_0012.fits                          Triton                2048  2048
   0.022  -0.038 1038.60 1235.87 1.792    634.33     75.09 99.999 99.999 99.999 13.376 13.328 99.999 99.999 99.999  0.102 99.999 99.999 99.999 99.999  99.999  99.999  99.999  99.999  0.020  0.020  0.014  0.019  0.037  0.052   13   10 99.999 99.999   99  22.215190804 -11.716374368 23 32  6.62 2012  9 15 2456186.48063222    10                        Netuno_23.32.17_0013.fits                          Triton                2048  2048
  -0.022  -0.056 1038.71 1233.97 1.599    869.01     67.66 99.999 99.999 99.999 13.420 13.244 99.999 99.999 99.999  0.070 99.999 99.999 99.999 99.999  99.999  99.999  99.999  99.999  0.009  0.009  0.016  0.015  0.048  0.046   13   11 99.999 99.999   99  22.215189675 -11.716380492 23 32 22.47 2012  9 15 2456186.48081560    10                        Netuno_23.32.33_0014.fits                          Triton                2048  2048
   0.034  -0.044 1038.68 1233.93 1.468    826.88    108.44 99.999 99.999 99.999 13.367 13.247 99.999 99.999 99.999  0.107 99.999 99.999 99.999 99.999  99.999  99.999  99.999  99.999  0.021  0.021  0.021  0.016  0.062  0.049   12   11 99.999 99.999   99  22.215190427 -11.716378084 23 32 38.33 2012  9 15 2456186.48099917    10                        Netuno_23.32.49_0015.fits                          Triton                2048  2048
   0.029  -0.046 1038.83 1234.31 1.508    828.85     97.97 99.999 99.999 99.999 13.384 13.239 99.999 99.999 99.999  0.092 99.999 99.999 99.999 99.999  99.999  99.999  99.999  99.999  0.018  0.018  0.020  0.015  0.057  0.044   13   10 99.999 99.999   99  22.215190026 -11.716379656 23 32 54.17 2012  9 15 2456186.48118255    10                        Netuno_23.33.05_0016.fits                          Triton                2048  2048
   0.027  -0.033 1038.92 1237.97 1.537    755.55    104.47 99.999 99.999 99.999 13.380 13.328 99.999 99.999 99.999  0.081 99.999 99.999 99.999 99.999  99.999  99.999  99.999  99.999  0.018  0.018  0.015  0.014  0.040  0.038   13   10 99.999 99.999   99  22.215189371 -11.716377725 23 33 25.99 2012  9 15 2456186.48155075    10                        Netuno_23.33.36_0018.fits                          Triton                2048  2048
  -0.023  -0.042 1038.86 1237.65 1.448    833.91    117.22 99.999 99.999 99.999 13.383 13.254 99.999 99.999 99.999  0.085 99.999 99.999 99.999 99.999  99.999  99.999  99.999  99.999  0.008  0.008  0.019  0.014  0.056  0.041   13   11 99.999 99.999   99  22.215188127 -11.716381346 23 33 41.85 2012  9 15 2456186.48173432    10                        Netuno_23.33.52_0019.fits                          Triton                2048  2048
  -0.004  -0.066 1038.16 1236.96 1.576    874.78     75.21 99.999 99.999 99.999 13.437 13.346 99.999 99.999 99.999  0.090 99.999 99.999 99.999 99.999  99.999  99.999  99.999  99.999  0.010  0.010  0.019  0.021  0.055  0.062   13   11 99.999 99.999   99  22.215188167 -11.716389020 23 33 57.71 2012  9 15 2456186.48191788    10                        Netuno_23.34.08_0020.fits                          Triton                2048  2048
  -0.029  -0.037 1039.04 1235.93 1.774    696.65     64.47 99.999 99.999 99.999 13.442 13.367 99.999 99.999 99.999  0.080 99.999 99.999 99.999 99.999  99.999  99.999  99.999  99.999  0.012  0.012  0.018  0.020  0.054  0.060   13   12 99.999 99.999   99  22.215187388 -11.716381995 23 34 13.55 2012  9 15 2456186.48210126    10                        Netuno_23.34.24_0021.fits                          Triton                2048  2048
  -0.022  -0.036 1039.47 1235.36 1.720    711.12     74.16 99.999 99.999 99.999 13.348 13.291 99.999 99.999 99.999  0.093 99.999 99.999 99.999 99.999  99.999  99.999  99.999  99.999  0.021  0.021  0.015  0.020  0.042  0.057   13   10 99.999 99.999   99  22.215187226 -11.716382544 23 34 29.41 2012  9 15 2456186.48228482    10                        Netuno_23.34.40_0022.fits                          Triton                2048  2048
  -0.034  -0.068 1038.39 1233.88 1.669    727.89     79.59 99.999 99.999 99.999 13.379 13.340 99.999 99.999 99.999  0.068 99.999 99.999 99.999 99.999  99.999  99.999  99.999  99.999  0.011  0.011  0.022  0.019  0.066  0.057   13   12 99.999 99.999   99  22.215186384 -11.716393240 23 35  1.18 2012  9 15 2456186.48265249    10                        Netuno_23.35.12_0024.fits                          Triton                2048  2048
   0.049  -0.049 1038.67 1232.94 1.475    777.71    117.76 99.999 99.999 99.999 13.422 13.278 99.999 99.999 99.999  0.081 99.999 99.999 99.999 99.999  99.999  99.999  99.999  99.999  0.010  0.010  0.022  0.017  0.065  0.050   13   10 99.999 99.999   99  22.215187336 -11.716389950 23 35 33.00 2012  9 15 2456186.48302088    10                        Netuno_23.35.43_0026.fits                          Triton                2048  2048
   0.030  -0.045 1038.59 1230.87 2.028    521.58     57.03 99.999 99.999 99.999 13.372 13.298 99.999 99.999 99.999  0.079 99.999 99.999 99.999 99.999  99.999  99.999  99.999  99.999  0.010  0.010  0.029  0.015  0.087  0.046   13   11 99.999 99.999   99  22.215186074 -11.716391796 23 36 20.57 2012  9 15 2456186.48357138    10                        Netuno_23.36.31_0029.fits                          Triton                2048  2048
   0.012  -0.072 1038.55 1229.64 1.658    706.72     85.49 99.999 99.999 99.999 13.327 13.203 99.999 99.999 99.999  0.118 99.999 99.999 99.999 99.999  99.999  99.999  99.999  99.999  0.011  0.011  0.014  0.019  0.040  0.054   13   10 99.999 99.999   99  22.215185425 -11.716400176 23 36 36.44 2012  9 15 2456186.48375512    10                        Netuno_23.36.47_0030.fits                          Triton                2048  2048
