   0.017   0.027 1091.80  781.46 1.135    742.14     62.79 99.999 99.999 99.999 13.484 13.509 99.999 99.999 99.999  0.251 99.999 99.999 99.999 99.999  99.999  99.999  99.999  99.999  0.016  0.016  0.013  0.015  0.049  0.059   24   16 99.999 99.999   99  22.468782021 -10.287551460  8 24 28.14 2013  5  9 2456421.85032575    15    I                   NetunoTritao_08.24.40_0001.fits                    Triton                2048  2048
   0.014  -0.007 1092.06  780.67 1.101    749.99     69.59 99.999 99.999 99.999 13.535 13.577 99.999 99.999 99.999  0.244 99.999 99.999 99.999 99.999  99.999  99.999  99.999  99.999  0.017  0.017  0.012  0.012  0.043  0.045   24   17 99.999 99.999   99  22.468782177 -10.287558876  8 24 48.08 2013  5  9 2456421.85055652    15    I                   NetunoTritao_08.25.00_0002.fits                    Triton                2048  2048
   0.003   0.020 1091.42  781.55 1.247    640.54     50.50 99.999 99.999 99.999 13.531 13.580 99.999 99.999 99.999  0.253 99.999 99.999 99.999 99.999  99.999  99.999  99.999  99.999  0.015  0.015  0.011  0.016  0.041  0.057   24   18 99.999 99.999   99  22.468782192 -10.287549260  8 25  8.02 2013  5  9 2456421.85078728    15    I                   NetunoTritao_08.25.20_0003.fits                    Triton                2048  2048
   0.018  -0.022 1091.71  782.17 1.212    652.22     58.51 99.999 99.999 99.999 13.444 13.506 99.999 99.999 99.999  0.259 99.999 99.999 99.999 99.999  99.999  99.999  99.999  99.999  0.014  0.014  0.013  0.016  0.051  0.064   23   18 99.999 99.999   99  22.468782699 -10.287558629  8 25 27.96 2013  5  9 2456421.85101803    15    I                   NetunoTritao_08.25.40_0004.fits                    Triton                2048  2048
   0.018  -0.005 1090.60  784.96 1.279    653.75     42.80 99.999 99.999 99.999 13.461 13.549 99.999 99.999 99.999  0.257 99.999 99.999 99.999 99.999  99.999  99.999  99.999  99.999  0.015  0.015  0.011  0.014  0.040  0.050   25   17 99.999 99.999   99  22.468782949 -10.287551954  8 25 47.88 2013  5  9 2456421.85124861    15    I                   NetunoTritao_08.26.00_0005.fits                    Triton                2048  2048
   0.011   0.019 1091.31  784.85 1.212    696.01     50.75 99.999 99.999 99.999 13.501 13.548 99.999 99.999 99.999  0.242 99.999 99.999 99.999 99.999  99.999  99.999  99.999  99.999  0.017  0.017  0.012  0.016  0.044  0.061   25   18 99.999 99.999   99  22.468783045 -10.287543078  8 26  7.83 2013  5  9 2456421.85147956    15    I                   NetunoTritao_08.26.20_0006.fits                    Triton                2048  2048
   0.017   0.001 1091.33  785.10 1.205    649.47     57.24 99.999 99.999 99.999 13.505 13.556 99.999 99.999 99.999  0.238 99.999 99.999 99.999 99.999  99.999  99.999  99.999  99.999  0.015  0.015  0.010  0.016  0.038  0.058   25   17 99.999 99.999   99  22.468783378 -10.287545836  8 26 27.76 2013  5  9 2456421.85171014    15    I                   NetunoTritao_08.26.40_0007.fits                    Triton                2048  2048
   0.032   0.009 1091.36  785.15 1.319    584.86     51.13 99.999 99.999 99.999 13.484 13.551 99.999 99.999 99.999  0.250 99.999 99.999 99.999 99.999  99.999  99.999  99.999  99.999  0.020  0.020  0.011  0.015  0.041  0.057   24   18 99.999 99.999   99  22.468784125 -10.287539505  8 27  7.63 2013  5  9 2456421.85217166    15    I                   NetunoTritao_08.27.20_0009.fits                    Triton                2048  2048
   0.005  -0.022 1091.07  786.00 1.246    658.95     51.98 99.999 99.999 99.999 13.468 13.527 99.999 99.999 99.999  0.254 99.999 99.999 99.999 99.999  99.999  99.999  99.999  99.999  0.012  0.012  0.013  0.016  0.050  0.065   25   19 99.999 99.999   99  22.468783843 -10.287545756  8 27 27.57 2013  5  9 2456421.85240241    15    I                   NetunoTritao_08.27.40_0010.fits                    Triton                2048  2048
   0.010   0.022 1091.27  786.16 1.359    606.07     36.48 99.999 99.999 99.999 13.502 13.560 99.999 99.999 99.999  0.268 99.999 99.999 99.999 99.999  99.999  99.999  99.999  99.999  0.008  0.008  0.010  0.015  0.037  0.054   25   17 99.999 99.999   99  22.468784160 -10.287531620  8 27 47.52 2013  5  9 2456421.85263336    15    I                   NetunoTritao_08.28.00_0011.fits                    Triton                2048  2048
   0.030   0.025 1090.58  783.52 1.326    590.77     44.09 99.999 99.999 99.999 13.501 13.575 99.999 99.999 99.999  0.250 99.999 99.999 99.999 99.999  99.999  99.999  99.999  99.999  0.013  0.013  0.013  0.016  0.049  0.062   25   18 99.999 99.999   99  22.468784758 -10.287528673  8 28  7.44 2013  5  9 2456421.85286394    15    I                   NetunoTritao_08.28.20_0012.fits                    Triton                2048  2048
   0.012   0.005 1090.06  779.07 1.358    610.35     32.47 99.999 99.999 99.999 13.556 13.580 99.999 99.999 99.999  0.241 99.999 99.999 99.999 99.999  99.999  99.999  99.999  99.999  0.011  0.011  0.011  0.014  0.043  0.055   24   16 99.999 99.999   99  22.468784894 -10.287530110  8 28 47.32 2013  5  9 2456421.85332545    15    I                   NetunoTritao_08.28.59_0014.fits                    Triton                2048  2048
   0.009   0.003 1090.29  779.91 1.372    586.36     32.81 99.999 99.999 99.999 13.473 13.506 99.999 99.999 99.999  0.272 99.999 99.999 99.999 99.999  99.999  99.999  99.999  99.999  0.017  0.017  0.014  0.015  0.053  0.056   25   18 99.999 99.999   99  22.468785058 -10.287528335  8 29  7.24 2013  5  9 2456421.85355603    15    I                   NetunoTritao_08.29.19_0015.fits                    Triton                2048  2048
   0.018   0.036 1090.94  780.62 1.441    535.14     35.05 99.999 99.999 99.999 13.447 13.539 99.999 99.999 99.999  0.276 99.999 99.999 99.999 99.999  99.999  99.999  99.999  99.999  0.018  0.018  0.010  0.013  0.037  0.046   25   17 99.999 99.999   99  22.468785448 -10.287517055  8 29 27.18 2013  5  9 2456421.85378679    15    I                   NetunoTritao_08.29.39_0016.fits                    Triton                2048  2048
   0.034   0.023 1090.36  782.42 1.395    559.88     37.25 99.999 99.999 99.999 13.466 13.542 99.999 99.999 99.999  0.258 99.999 99.999 99.999 99.999  99.999  99.999  99.999  99.999  0.009  0.009  0.010  0.016  0.035  0.059   25   17 99.999 99.999   99  22.468786001 -10.287518587  8 29 47.10 2013  5  9 2456421.85401737    15    I                   NetunoTritao_08.29.59_0017.fits                    Triton                2048  2048
   0.000   0.012 1090.04  783.88 1.462    581.87     19.76 99.999 99.999 99.999 13.512 13.568 99.999 99.999 99.999  0.261 99.999 99.999 99.999 99.999  99.999  99.999  99.999  99.999  0.019  0.019  0.014  0.016  0.053  0.061   25   19 99.999 99.999   99  22.468785592 -10.287519454  8 30  7.04 2013  5  9 2456421.85424813    15    I                   NetunoTritao_08.30.19_0018.fits                    Triton                2048  2048
   0.019   0.031 1089.84  783.84 1.649    494.31     10.47 99.999 99.999 99.999 13.520 13.563 99.999 99.999 99.999  0.263 99.999 99.999 99.999 99.999  99.999  99.999  99.999  99.999  0.018  0.018  0.008  0.015  0.027  0.053   23   17 99.999 99.999   99  22.468786169 -10.287511809  8 30 26.96 2013  5  9 2456421.85447870    15    I                   NetunoTritao_08.30.39_0019.fits                    Triton                2048  2048
   0.011   0.036 1089.82  783.60 1.270    648.88     46.82 99.999 99.999 99.999 13.512 13.605 99.999 99.999 99.999  0.252 99.999 99.999 99.999 99.999  99.999  99.999  99.999  99.999  0.011  0.011  0.014  0.018  0.053  0.069   25   18 99.999 99.999   99  22.468786244 -10.287508517  8 30 46.90 2013  5  9 2456421.85470947    15    I                   NetunoTritao_08.30.59_0020.fits                    Triton                2048  2048
