  -0.099  -0.077  547.41  483.82 1.448    116.82     37.35 99.999 99.999 99.999 13.188 13.468 99.999 99.999 99.999  0.226 99.999 99.999 99.999 99.999  99.999  99.999  99.999  99.999  0.024  0.024  0.038  0.045  0.069  0.082    7    5 99.999 99.999   99  22.584800526  -9.719302944  4  2 54.98 2014  7 30 2456868.66869186    10    R                   Triton_001.fits                                    Triton                1024  1024
  -0.045   0.005  548.06  483.52 2.243     97.14     18.34 99.999 99.999 99.999 13.110 13.371 99.999 99.999 99.999  0.206 99.999 99.999 99.999 99.999  99.999  99.999  99.999  99.999  0.014  0.014  0.044  0.043  0.091  0.089    6    6 99.999 99.999   99  22.584801353  -9.719280926  4  3  7.86 2014  7 30 2456868.66884097    10    R                   Triton_002.fits                                    Triton                1024  1024
  -0.070  -0.044  546.33  483.44 1.691    110.29     29.57 99.999 99.999 99.999 13.110 13.426 99.999 99.999 99.999  0.273 99.999 99.999 99.999 99.999  99.999  99.999  99.999  99.999  0.007  0.007  0.057  0.034  0.104  0.062    7    5 99.999 99.999   99  22.584800656  -9.719294895  4  3 20.67 2014  7 30 2456868.66898922    10    R                   Triton_003.fits                                    Triton                1024  1024
  -0.080  -0.008  543.45  483.60 1.478    126.66     35.77 99.999 99.999 99.999 13.089 13.268 99.999 99.999 99.999  0.239 99.999 99.999 99.999 99.999  99.999  99.999  99.999  99.999  0.016  0.016  0.005  0.023  0.009  0.042    7    5 99.999 99.999   99  22.584799664  -9.719287837  4  4 11.91 2014  7 30 2456868.66958234    10    R                   Triton_007.fits                                    Triton                1024  1024
  -0.083  -0.062  544.59  483.70 2.118    112.17     18.60 99.999 99.999 99.999 13.114 13.457 99.999 99.999 99.999  0.285 99.999 99.999 99.999 99.999  99.999  99.999  99.999  99.999  0.014  0.014  0.017  0.015  0.030  0.028    7    5 99.999 99.999   99  22.584799404  -9.719303223  4  4 24.72 2014  7 30 2456868.66973061    10    R                   Triton_008.fits                                    Triton                1024  1024
  -0.083  -0.101  542.43  483.74 2.134     91.31     22.44 99.999 99.999 99.999 13.271 13.428 99.999 99.999 99.999  0.196 99.999 99.999 99.999 99.999  99.999  99.999  99.999  99.999  0.022  0.022  0.019  0.017  0.035  0.031    6    5 99.999 99.999   99  22.584799214  -9.719315125  4  4 37.54 2014  7 30 2456868.66987889    10    R                   Triton_009.fits                                    Triton                1024  1024
  -0.122  -0.115  543.60  483.47 2.710     84.75     15.09 99.999 99.999 99.999 13.226 13.391 99.999 99.999 99.999  0.258 99.999 99.999 99.999 99.999  99.999  99.999  99.999  99.999  0.020  0.020  0.027  0.023  0.049  0.042    6    5 99.999 99.999   99  22.584797688  -9.719321520  4  5 28.78 2014  7 30 2456868.67047204    10    R                   Triton_013.fits                                    Triton                1024  1024
  -0.104  -0.099  543.53  482.82 1.402    110.61     41.69 99.999 99.999 99.999 13.151 13.509 99.999 99.999 99.999  0.182 99.999 99.999 99.999 99.999  99.999  99.999  99.999  99.999  0.007  0.007  0.029  0.002  0.045  0.003    5    4 99.999 99.999   99  22.584797792  -9.719317583  4  5 41.59 2014  7 30 2456868.67062030    10    R                   Triton_014.fits                                    Triton                1024  1024
  -0.135  -0.034  547.06  483.08 2.077    101.43     23.06 99.999 99.999 99.999 13.221 13.448 99.999 99.999 99.999  0.204 99.999 99.999 99.999 99.999  99.999  99.999  99.999  99.999  0.016  0.016  0.019  0.019  0.035  0.035    6    5 99.999 99.999   99  22.584796821  -9.719300783  4  6  7.21 2014  7 30 2456868.67091683    10    R                   Triton_016.fits                                    Triton                1024  1024
  -0.070  -0.003  546.72  482.86 2.304     94.34     20.25 99.999 99.999 99.999 13.150 13.557 99.999 99.999 99.999  0.203 99.999 99.999 99.999 99.999  99.999  99.999  99.999  99.999  0.012  0.012  0.003  0.067  0.004  0.102    6    4 99.999 99.999   99  22.584797633  -9.719293529  4  6 32.83 2014  7 30 2456868.67121336    10    R                   Triton_018.fits                                    Triton                1024  1024
  -0.110  -0.007  543.73  483.51 1.671    118.38     29.81 99.999 99.999 99.999 13.128 13.368 99.999 99.999 99.999  0.213 99.999 99.999 99.999 99.999  99.999  99.999  99.999  99.999  0.011  0.011  0.039  0.037  0.080  0.075    6    6 99.999 99.999   99  22.584796292  -9.719296550  4  7 11.27 2014  7 30 2456868.67165823    10    R                   Triton_021.fits                                    Triton                1024  1024
  -0.091   0.002  544.77  483.70 2.157    103.76     20.05 99.999 99.999 99.999 13.211 13.369 99.999 99.999 99.999  0.186 99.999 99.999 99.999 99.999  99.999  99.999  99.999  99.999  0.015  0.015  0.032  0.018  0.058  0.033    6    5 99.999 99.999   99  22.584796434  -9.719294703  4  7 24.08 2014  7 30 2456868.67180649    10    R                   Triton_022.fits                                    Triton                1024  1024
  -0.137  -0.140  542.36  483.41 1.724    120.58     27.10 99.999 99.999 99.999 13.198 13.452 99.999 99.999 99.999  0.277 99.999 99.999 99.999 99.999  99.999  99.999  99.999  99.999  0.019  0.019  0.065  0.020  0.120  0.036    6    5 99.999 99.999   99  22.584795372  -9.719335119  4  7 36.89 2014  7 30 2456868.67195479    10    R                   Triton_023.fits                                    Triton                1024  1024
  -0.085  -0.040  542.64  483.35 1.649    119.51     28.25 99.999 99.999 99.999 13.224 13.441 99.999 99.999 99.999  0.249 99.999 99.999 99.999 99.999  99.999  99.999  99.999  99.999  0.012  0.012  0.028  0.018  0.052  0.032    6    5 99.999 99.999   99  22.584795936  -9.719308251  4  8  2.52 2014  7 30 2456868.67225134    10    R                   Triton_025.fits                                    Triton                1024  1024
  -0.080  -0.075  542.11  482.47 2.391     87.77     16.21 99.999 99.999 99.999 13.183 13.376 99.999 99.999 99.999  0.199 99.999 99.999 99.999 99.999  99.999  99.999  99.999  99.999  0.018  0.018  0.023  0.051  0.043  0.093    6    5 99.999 99.999   99  22.584795837  -9.719318817  4  8 15.33 2014  7 30 2456868.67239961    10    R                   Triton_026.fits                                    Triton                1024  1024
