  -0.155   0.250  481.30  503.87 0.998    322.96    117.67 99.999 99.999 99.999 13.605 13.544 99.999 99.999 99.999  0.152 99.999 99.999 99.999 99.999  99.999  99.999  99.999  99.999  0.041  0.043  0.022  0.022  0.063  0.065   20   13 99.999 99.999   99  21.018132662 -17.044827183  0 23 12.58 2004  9 24 2453272.51611782     1  R                     net2309040001.fits                                 Triton                1020  1020
  -0.090  -0.074  481.23  504.58 1.987    167.89     42.15 99.999 99.999 99.999 13.373 13.536 99.999 99.999 99.999  0.173 99.999 99.999 99.999 99.999  99.999  99.999  99.999  99.999  0.025  0.025  0.024  0.025  0.065  0.068   13    8 99.999 99.999   99  21.018132671 -17.044918616  0 25 17.99 2004  9 24 2453272.51756933     1  R                     net2309040003.fits                                 Triton                1020  1020
  -0.015  -0.097  481.80  504.82 2.428    190.78     22.90 99.999 99.999 99.999 13.562 13.618 99.999 99.999 99.999  0.146 99.999 99.999 99.999 99.999  99.999  99.999  99.999  99.999  0.048  0.048  0.020  0.022  0.068  0.073   20   12 99.999 99.999   99  21.018133543 -17.044925779  0 26 14.82 2004  9 24 2453272.51822708     1  R                     net2309040004.fits                                 Triton                1020  1020
  -0.178   0.176  481.19  507.18 1.288    312.73     72.14 99.999 99.999 99.999 13.342 13.337 99.999 99.999 99.999  0.227 99.999 99.999 99.999 99.999  99.999  99.999  99.999  99.999  0.033  0.033  0.024  0.017  0.080  0.056   23   11 99.999 99.999   99  21.018129284 -17.044851448  0 28  5.90 2004  9 24 2453272.51951273     1  R                     net2309040006.fits                                 Triton                1020  1020
   0.015  -0.086  480.04  503.21 1.230    871.48    594.21 99.999 99.999 99.999 13.633 13.647 99.999 99.999 99.999  0.141 99.999 99.999 99.999 99.999  99.999  99.999  99.999  99.999  0.044  0.044  0.015  0.027  0.044  0.080   13   10 99.999 99.999   99  21.018125480 -17.044933128  0 40 39.09 2004  9 24 2453272.52823021     2  R                     net2309040015.fits                                 Triton                1020  1020
  -0.082   0.309  479.57  502.22 1.427    382.80    288.47 99.999 99.999 99.999 13.727 13.823 99.999 99.999 99.999  0.212 99.999 99.999 99.999 99.999  99.999  99.999  99.999  99.999  0.027  0.027  0.012  0.019  0.041  0.066   15   12 99.999 99.999   99  21.018122134 -17.044825230  0 43  5.97 2004  9 24 2453272.52993021     1  R                     net2309040017.fits                                 Triton                1020  1020
  -0.021  -0.055  479.65  504.33 1.267    461.19    296.00 99.999 99.999 99.999 13.496 13.608 99.999 99.999 99.999  0.206 99.999 99.999 99.999 99.999  99.999  99.999  99.999  99.999  0.030  0.030  0.015  0.018  0.051  0.059   20   12 99.999 99.999   99  21.018122168 -17.044927752  0 45  0.65 2004  9 24 2453272.53125752     1  R                     net2309040019.fits                                 Triton                1020  1020
   0.014  -0.077  479.22  503.40 1.365    412.39    286.44 99.999 99.999 99.999 13.471 13.520 99.999 99.999 99.999  0.159 99.999 99.999 99.999 99.999  99.999  99.999  99.999  99.999  0.034  0.034  0.018  0.027  0.051  0.077   16   12 99.999 99.999   99  21.018122240 -17.044934537  0 46  0.99 2004  9 24 2453272.53195590     1  R                     net2309040020.fits                                 Triton                1020  1020
   0.033  -0.116  413.85  401.35 2.127    325.17    334.16 99.999 99.999 99.999 13.527 13.544 99.999 99.999 99.999  0.188 99.999 99.999 99.999 99.999  99.999  99.999  99.999  99.999  0.039  0.039  0.020  0.020  0.072  0.072   24   14 99.999 99.999   99  21.018037394 -17.045058083  3 11 45.15 2004  9 24 2453272.63316146     2  R                     net2309040046.fits                                 Triton                1020  1020
  -0.111   0.139  412.44  398.53 2.078    370.22    174.63 99.999 99.999 99.999 13.445 13.463 99.999 99.999 99.999  0.213 99.999 99.999 99.999 99.999  99.999  99.999  99.999  99.999  0.036  0.036  0.021  0.014  0.083  0.057   25   17 99.999 99.999   99  21.018032570 -17.044990334  3 15 17.35 2004  9 24 2453272.63561748     2  R                     net2309040048.fits                                 Triton                1020  1020
  -0.253  -0.244  412.43  394.87 2.209    322.14    111.80 99.999 99.999 99.999 13.581 13.501 99.999 99.999 99.999  0.160 99.999 99.999 99.999 99.999  99.999  99.999  99.999  99.999  0.024  0.024  0.022  0.024  0.065  0.072   18   10 99.999 99.999   99  21.018028741 -17.045098279  3 17 12.10 2004  9 24 2453272.63694560     2  R                     net2309040050.fits                                 Triton                1020  1020
  -0.145   0.071  412.15  395.72 2.241    390.57     73.01 99.999 99.999 99.999 13.515 13.487 99.999 99.999 99.999  0.206 99.999 99.999 99.999 99.999  99.999  99.999  99.999  99.999  0.029  0.029  0.015  0.024  0.057  0.091   23   15 99.999 99.999   99  21.018030282 -17.045011574  3 18 10.81 2004  9 24 2453272.63762512     2  R                     net2309040051.fits                                 Triton                1020  1020
   0.300  -0.020  412.01  396.77 2.208    332.83     58.30 99.999 99.999 99.999 13.369 13.375 99.999 99.999 99.999  0.178 99.999 99.999 99.999 99.999  99.999  99.999  99.999  99.999  0.009  0.009  0.018  0.016  0.076  0.068   24   18 99.999 99.999   99  21.018037758 -17.045038602  3 20 10.85 2004  9 24 2453272.63901447     2  R                     net2309040053.fits                                 Triton                1020  1020
  -0.004   0.361  410.27  394.13 1.578    566.32     63.37 99.999 99.999 99.999 13.438 13.404 99.999 99.999 99.999  0.148 99.999 99.999 99.999 99.999  99.999  99.999  99.999  99.999  0.023  0.023  0.027  0.018  0.084  0.056   22   12 99.999 99.999   99  21.018030639 -17.044934424  3 22 19.41 2004  9 24 2453272.64050243     2  R                     net2309040055.fits                                 Triton                1020  1020
   0.192  -0.084  410.11  398.45 1.989    363.79     45.34 99.999 99.999 99.999 13.428 13.374 99.999 99.999 99.999  0.160 99.999 99.999 99.999 99.999  99.999  99.999  99.999  99.999  0.028  0.028  0.013  0.016  0.053  0.062   26   19 99.999 99.999   99  21.018032192 -17.045061476  3 26 18.47 2004  9 24 2453272.64326933     2  R                     net2309040059.fits                                 Triton                1020  1020
