   0.022  -0.021 1037.21 1085.74 1.936    315.82     20.47 99.999 99.999 99.999 13.246 12.852 99.999 99.999 99.999  0.138 99.999 99.999 99.999 99.999  99.999  99.999  99.999  99.999  0.009  0.009  0.011  0.020  0.037  0.070   13   12 99.999 99.999   99  21.940799669 -13.070152637  1 57 47.00 2010  9  5 2455444.58179398    20    R                   netuno_01.57.59_0004.fits                          Triton                2048  2048
   0.020  -0.086 1036.12 1080.04 2.080    307.93     13.04 99.999 99.999 99.999 13.214 13.015 99.999 99.999 99.999  0.218 99.999 99.999 99.999 99.999  99.999  99.999  99.999  99.999  0.010  0.010  0.012  0.019  0.041  0.068   14   13 99.999 99.999   99  21.940797462 -13.070182484  1 59 20.00 2010  9  5 2455444.58287037    20    R                   netuno_01.59.32_0008.fits                          Triton                2048  2048
   0.013  -0.097 1038.22 1084.83 1.640    404.35     39.86 99.999 99.999 99.999 13.283 13.105 99.999 99.999 99.999  0.126 99.999 99.999 99.999 99.999  99.999  99.999  99.999  99.999  0.012  0.012  0.011  0.018  0.036  0.063   13   12 99.999 99.999   99  21.940794086 -13.070203195  2  1 40.00 2010  9  5 2455444.58449074    20    R                   netuno_02.01.52_0014.fits                          Triton                2048  2048
  -0.016  -0.070 1040.84 1077.96 1.988    328.75     19.72 99.999 99.999 99.999 13.312 13.054 99.999 99.999 99.999  0.119 99.999 99.999 99.999 99.999  99.999  99.999  99.999  99.999  0.013  0.013  0.013  0.017  0.043  0.056   12   11 99.999 99.999   99  21.940785802 -13.070238311  2  7 12.00 2010  9  5 2455444.58833333    20    R                   netuno_02.07.25_0022.fits                          Triton                2048  2048
   0.040  -0.077 1040.78 1080.42 1.608    392.91     41.73 99.999 99.999 99.999 13.301 13.130 99.999 99.999 99.999  0.124 99.999 99.999 99.999 99.999  99.999  99.999  99.999  99.999  0.014  0.014  0.012  0.011  0.041  0.039   13   12 99.999 99.999   99  21.940784140 -13.070254942  2  9  9.00 2010  9  5 2455444.58968750    20    R                   netuno_02.09.21_0027.fits                          Triton                2048  2048
   0.011  -0.050 1043.42 1088.68 2.406    217.05     17.20 99.999 99.999 99.999 13.268 13.101 99.999 99.999 99.999  0.141 99.999 99.999 99.999 99.999  99.999  99.999  99.999  99.999  0.012  0.012  0.008  0.017  0.026  0.056   13   11 99.999 99.999   99  21.940777631 -13.070279907  2 13 25.00 2010  9  5 2455444.59265046    20    R                   netuno_02.13.37_0038.fits                          Triton                2048  2048
   0.003  -0.055 1042.88 1090.16 2.273    230.80     21.42 99.999 99.999 99.999 13.257 13.000 99.999 99.999 99.999  0.141 99.999 99.999 99.999 99.999  99.999  99.999  99.999  99.999  0.015  0.015  0.015  0.022  0.050  0.072   13   11 99.999 99.999   99  21.940776947 -13.070284470  2 13 48.00 2010  9  5 2455444.59291667    20    R                   netuno_02.14.00_0039.fits                          Triton                2048  2048
   0.040  -0.050 1048.00 1089.33 2.012    322.78     18.69 99.999 99.999 99.999 13.249 13.064 99.999 99.999 99.999  0.161 99.999 99.999 99.999 99.999  99.999  99.999  99.999  99.999  0.011  0.011  0.011  0.014  0.040  0.050   13   13 99.999 99.999   99  21.940752394 -13.070420242  2 31 53.00 2010  9  5 2455444.60547454    20    R                   netuno_02.32.06_0041.fits                          Triton                2048  2048
   0.016  -0.091 1048.37 1088.06 1.997    333.41     19.08 99.999 99.999 99.999 13.275 13.073 99.999 99.999 99.999  0.161 99.999 99.999 99.999 99.999  99.999  99.999  99.999  99.999  0.020  0.020  0.010  0.015  0.032  0.049   12   11 99.999 99.999   99  21.940751396 -13.070434654  2 32 17.00 2010  9  5 2455444.60575231    20    R                   netuno_02.32.29_0042.fits                          Triton                2048  2048
   0.011  -0.056 1048.72 1089.79 2.376    280.43      8.32 99.999 99.999 99.999 13.263 12.962 99.999 99.999 99.999  0.144 99.999 99.999 99.999 99.999  99.999  99.999  99.999  99.999  0.016  0.016  0.012  0.015  0.041  0.050   13   12 99.999 99.999   99  21.940750741 -13.070427900  2 32 40.00 2010  9  5 2455444.60601852    20    R                   netuno_02.32.52_0043.fits                          Triton                2048  2048
   0.041  -0.052 1048.87 1097.60 2.036    329.16     22.36 99.999 99.999 99.999 13.262 13.066 99.999 99.999 99.999  0.187 99.999 99.999 99.999 99.999  99.999  99.999  99.999  99.999  0.015  0.015  0.012  0.015  0.042  0.054   14   13 99.999 99.999   99  21.940749699 -13.070435689  2 33 50.00 2010  9  5 2455444.60682870    20    R                   netuno_02.34.02_0046.fits                          Triton                2048  2048
   0.020  -0.101 1049.00 1094.31 2.024    332.20     16.72 99.999 99.999 99.999 13.254 13.051 99.999 99.999 99.999  0.171 99.999 99.999 99.999 99.999  99.999  99.999  99.999  99.999  0.009  0.009  0.009  0.022  0.029  0.074   14   12 99.999 99.999   99  21.940747136 -13.070460844  2 35 23.00 2010  9  5 2455444.60790509    20    R                   netuno_02.35.36_0050.fits                          Triton                2048  2048
   0.012  -0.082 1051.82 1087.90 1.947    609.69      4.55 99.999 99.999 99.999 13.230 12.900 99.999 99.999 99.999  0.157 99.999 99.999 99.999 99.999  99.999  99.999  99.999  99.999  0.003  0.003  0.013  0.016  0.044  0.055   14   12 99.999 99.999   99  21.940736146 -13.070514182  2 43  8.00 2010  9  5 2455444.61328704    30    R                   tritao_02.43.25_0001.fits                          Triton                2048  2048
   0.026  -0.083 1057.64 1090.83 1.940    504.46     30.35 99.999 99.999 99.999 13.274 13.045 99.999 99.999 99.999  0.135 99.999 99.999 99.999 99.999  99.999  99.999  99.999  99.999  0.013  0.013  0.016  0.014  0.055  0.048   13   12 99.999 99.999   99  21.940714016 -13.070635242  2 59 10.00 2010  9  5 2455444.62442130    30    R                   tritao_02.59.27_0027.fits                          Triton                2048  2048
   0.018  -0.101 1061.51 1091.99 2.185    381.97     14.55 99.999 99.999 99.999 13.308 13.049 99.999 99.999 99.999  0.128 99.999 99.999 99.999 99.999  99.999  99.999  99.999  99.999  0.010  0.010  0.014  0.018  0.050  0.064   13   13 99.999 99.999   99  21.940700671 -13.070711237  3  8 36.00 2010  9  5 2455444.63097222    30    R                   tritao_03.08.53_0044.fits                          Triton                2048  2048
