   0.086  -0.063 1022.08 1177.45 2.829    228.22     10.16 99.999 99.999 99.999 13.457 13.344 99.999 99.999 99.999  0.080 99.999 99.999 99.999 99.999  99.999  99.999  99.999  99.999  0.026  0.026  0.020  0.015  0.068  0.052   15   12 99.999 99.999   99  22.216728090 -11.710551863  2 33  7.66 2012  9 15 2456185.60633866     6                        Netuno_02.33.16_0002.fits                          Triton                2048  2048
   0.096  -0.084 1022.59 1176.86 1.985    231.23     50.51 99.999 99.999 99.999 13.500 13.358 99.999 99.999 99.999  0.143 99.999 99.999 99.999 99.999  99.999  99.999  99.999  99.999  0.004  0.004  0.023  0.025  0.065  0.071   14    9 99.999 99.999   99  22.216728017 -11.710558841  2 33 19.50 2012  9 15 2456185.60647574     6                        Netuno_02.33.28_0003.fits                          Triton                2048  2048
   0.056  -0.082 1023.82 1176.31 1.570    358.94     68.99 99.999 99.999 99.999 13.483 13.383 99.999 99.999 99.999  0.144 99.999 99.999 99.999 99.999  99.999  99.999  99.999  99.999  0.018  0.018  0.017  0.015  0.058  0.051   15   11 99.999 99.999   99  22.216727000 -11.710559386  2 33 31.38 2012  9 15 2456185.60661318     6                        Netuno_02.33.40_0004.fits                          Triton                2048  2048
   0.024  -0.046 1022.85 1176.24 2.129    339.08     21.92 99.999 99.999 99.999 13.436 13.326 99.999 99.999 99.999  0.101 99.999 99.999 99.999 99.999  99.999  99.999  99.999  99.999  0.008  0.008  0.018  0.021  0.058  0.069   15   11 99.999 99.999   99  22.216726121 -11.710550600  2 33 43.25 2012  9 15 2456185.60675063     6                        Netuno_02.33.52_0005.fits                          Triton                2048  2048
   0.043  -0.079 1021.38 1174.42 2.476    268.63     14.85 99.999 99.999 99.999 13.463 13.431 99.999 99.999 99.999  0.091 99.999 99.999 99.999 99.999  99.999  99.999  99.999  99.999  0.021  0.021  0.020  0.017  0.070  0.059   15   13 99.999 99.999   99  22.216726221 -11.710561198  2 33 55.08 2012  9 15 2456185.60688753     6                        Netuno_02.34.04_0006.fits                          Triton                2048  2048
   0.075  -0.046 1022.64 1173.23 3.086    205.68      9.04 99.999 99.999 99.999 13.471 13.390 99.999 99.999 99.999  0.118 99.999 99.999 99.999 99.999  99.999  99.999  99.999  99.999  0.024  0.024  0.017  0.017  0.054  0.055   14   11 99.999 99.999   99  22.216726588 -11.710553169  2 34  6.94 2012  9 15 2456185.60702479     6                        Netuno_02.34.15_0007.fits                          Triton                2048  2048
   0.063  -0.101 1021.77 1173.15 3.105    218.62      5.42 99.999 99.999 99.999 13.475 13.542 99.999 99.999 99.999  0.089 99.999 99.999 99.999 99.999  99.999  99.999  99.999  99.999  0.000  0.000  0.018  0.022  0.061  0.075   15   12 99.999 99.999   99  22.216726085 -11.710569548  2 34 18.82 2012  9 15 2456185.60716225     6                        Netuno_02.34.27_0008.fits                          Triton                2048  2048
   0.011  -0.091 1022.99 1171.84 2.672    205.68     22.46 99.999 99.999 99.999 13.487 13.497 99.999 99.999 99.999  0.106 99.999 99.999 99.999 99.999  99.999  99.999  99.999  99.999  0.026  0.026  0.017  0.019  0.058  0.067   14   12 99.999 99.999   99  22.216724845 -11.710567726  2 34 30.74 2012  9 15 2456185.60730023     6                        Netuno_02.34.39_0009.fits                          Triton                2048  2048
   0.016  -0.058 1023.68 1172.72 3.196    198.57      9.42 99.999 99.999 99.999 13.452 13.359 99.999 99.999 99.999  0.086 99.999 99.999 99.999 99.999  99.999  99.999  99.999  99.999  0.027  0.027  0.015  0.023  0.052  0.079   14   12 99.999 99.999   99  22.216724696 -11.710559820  2 34 42.66 2012  9 15 2456185.60743822     6                        Netuno_02.34.51_0010.fits                          Triton                2048  2048
   0.051  -0.089 1023.08 1170.78 2.569    230.53     21.80 99.999 99.999 99.999 13.438 13.324 99.999 99.999 99.999  0.079 99.999 99.999 99.999 99.999  99.999  99.999  99.999  99.999  0.021  0.021  0.018  0.014  0.057  0.046   15   11 99.999 99.999   99  22.216724817 -11.710570969  2 35  6.36 2012  9 15 2456185.60771256     6                        Netuno_02.35.15_0012.fits                          Triton                2048  2048
   0.016  -0.039 1023.34 1171.34 2.757    220.85     16.23 99.999 99.999 99.999 13.475 13.337 99.999 99.999 99.999  0.086 99.999 99.999 99.999 99.999  99.999  99.999  99.999  99.999  0.023  0.023  0.021  0.020  0.070  0.068   14   12 99.999 99.999   99  22.216723629 -11.710559305  2 35 30.09 2012  9 15 2456185.60798710     6                        Netuno_02.35.39_0014.fits                          Triton                2048  2048
   0.061  -0.091 1022.69 1170.09 2.439    219.33     29.25 99.999 99.999 99.999 13.482 13.475 99.999 99.999 99.999  0.090 99.999 99.999 99.999 99.999  99.999  99.999  99.999  99.999  0.026  0.026  0.020  0.014  0.069  0.050   15   12 99.999 99.999   99  22.216724238 -11.710574722  2 35 41.96 2012  9 15 2456185.60812454     6                        Netuno_02.35.50_0015.fits                          Triton                2048  2048
   0.011  -0.103 1022.18 1170.67 2.188    283.88     30.24 99.999 99.999 99.999 13.409 13.395 99.999 99.999 99.999  0.083 99.999 99.999 99.999 99.999  99.999  99.999  99.999  99.999  0.032  0.032  0.019  0.024  0.064  0.079   14   12 99.999 99.999   99  22.216723046 -11.710579353  2 35 53.82 2012  9 15 2456185.60826179     6                        Netuno_02.36.02_0016.fits                          Triton                2048  2048
   0.060  -0.071 1022.92 1171.29 3.176    204.20      7.89 99.999 99.999 99.999 13.473 13.355 99.999 99.999 99.999  0.093 99.999 99.999 99.999 99.999  99.999  99.999  99.999  99.999  0.027  0.027  0.020  0.016  0.068  0.055   15   12 99.999 99.999   99  22.216723685 -11.710571548  2 36  5.74 2012  9 15 2456185.60839979     6                        Netuno_02.36.14_0017.fits                          Triton                2048  2048
   0.002  -0.092 1023.46 1171.46 2.552    238.87     20.32 99.999 99.999 99.999 13.442 13.416 99.999 99.999 99.999  0.109 99.999 99.999 99.999 99.999  99.999  99.999  99.999  99.999  0.028  0.028  0.012  0.023  0.042  0.080   15   12 99.999 99.999   99  22.216722335 -11.710578654  2 36 17.62 2012  9 15 2456185.60853723     6                        Netuno_02.36.26_0018.fits                          Triton                2048  2048
   0.002  -0.046 1021.78 1172.80 1.630    317.21     69.31 99.999 99.999 99.999 13.402 13.408 99.999 99.999 99.999  0.083 99.999 99.999 99.999 99.999  99.999  99.999  99.999  99.999  0.033  0.033  0.015  0.032  0.043  0.094   15   10 99.999 99.999   99  22.216722097 -11.710566934  2 36 29.46 2012  9 15 2456185.60867432     6                        Netuno_02.36.38_0019.fits                          Triton                2048  2048
  -0.008  -0.057 1023.93 1173.85 2.956    208.56     13.19 99.999 99.999 99.999 13.525 13.409 99.999 99.999 99.999  0.111 99.999 99.999 99.999 99.999  99.999  99.999  99.999  99.999  0.030  0.030  0.015  0.019  0.053  0.065   15   12 99.999 99.999   99  22.216721624 -11.710571153  2 36 41.34 2012  9 15 2456185.60881176     6                        Netuno_02.36.50_0020.fits                          Triton                2048  2048
  -0.025  -0.092 1023.35 1176.31 2.969    222.90      8.90 99.999 99.999 99.999 13.439 13.394 99.999 99.999 99.999  0.087 99.999 99.999 99.999 99.999  99.999  99.999  99.999  99.999  0.030  0.030  0.014  0.017  0.046  0.056   15   11 99.999 99.999   99  22.216721060 -11.710582220  2 36 53.21 2012  9 15 2456185.60894920     6                        Netuno_02.37.02_0021.fits                          Triton                2048  2048
  -0.034  -0.046 1023.43 1176.95 2.270    236.88     36.44 99.999 99.999 99.999 13.475 13.465 99.999 99.999 99.999  0.112 99.999 99.999 99.999 99.999  99.999  99.999  99.999  99.999  0.031  0.031  0.016  0.021  0.055  0.073   15   12 99.999 99.999   99  22.216720631 -11.710570674  2 37  5.04 2012  9 15 2456185.60908611     6                        Netuno_02.37.14_0022.fits                          Triton                2048  2048
   0.113  -0.077 1023.84 1176.12 2.676    227.23     17.86 99.999 99.999 99.999 13.462 13.361 99.999 99.999 99.999  0.104 99.999 99.999 99.999 99.999  99.999  99.999  99.999  99.999  0.025  0.025  0.016  0.020  0.056  0.067   15   12 99.999 99.999   99  22.216723130 -11.710580416  2 37 16.93 2012  9 15 2456185.60922374     6                        Netuno_02.37.25_0023.fits                          Triton                2048  2048
   0.096  -0.099 1021.70 1176.37 3.498    168.84      8.07 99.999 99.999 99.999 13.483 13.436 99.999 99.999 99.999  0.091 99.999 99.999 99.999 99.999  99.999  99.999  99.999  99.999  0.040  0.040  0.019  0.021  0.066  0.073   14   12 99.999 99.999   99  22.216722558 -11.710587369  2 37 28.79 2012  9 15 2456185.60936100     6                        Netuno_02.37.37_0024.fits                          Triton                2048  2048
  -0.026  -0.078 1024.57 1175.04 3.206    186.38     10.28 99.999 99.999 99.999 13.461 13.337 99.999 99.999 99.999  0.098 99.999 99.999 99.999 99.999  99.999  99.999  99.999  99.999  0.022  0.022  0.015  0.018  0.048  0.060   14   12 99.999 99.999   99  22.216719732 -11.710584057  2 37 52.59 2012  9 15 2456185.60963644     6                        Netuno_02.38.01_0026.fits                          Triton                2048  2048
  -0.018  -0.115 1022.92 1171.20 2.304    269.09     25.29 99.999 99.999 99.999 13.424 13.327 99.999 99.999 99.999  0.097 99.999 99.999 99.999 99.999  99.999  99.999  99.999  99.999  0.032  0.032  0.019  0.018  0.065  0.061   15   12 99.999 99.999   99  22.216719362 -11.710596591  2 38 16.34 2012  9 15 2456185.60991132     6                        Netuno_02.38.25_0028.fits                          Triton                2048  2048
   0.064  -0.110 1023.30 1170.95 2.229    260.28     31.93 99.999 99.999 99.999 13.481 13.364 99.999 99.999 99.999  0.077 99.999 99.999 99.999 99.999  99.999  99.999  99.999  99.999  0.022  0.022  0.014  0.019  0.048  0.067   15   13 99.999 99.999   99  22.216720660 -11.710596427  2 38 28.20 2012  9 15 2456185.61004859     6                        Netuno_02.38.37_0029.fits                          Triton                2048  2048
   0.025  -0.044 1023.99 1169.90 2.661    232.74     16.59 99.999 99.999 99.999 13.486 13.416 99.999 99.999 99.999  0.148 99.999 99.999 99.999 99.999  99.999  99.999  99.999  99.999  0.033  0.033  0.016  0.017  0.057  0.060   14   13 99.999 99.999   99  22.216719669 -11.710579227  2 38 40.03 2012  9 15 2456185.61018549     6                        Netuno_02.38.48_0030.fits                          Triton                2048  2048
