   0.015   0.075  686.49    8.32 2.735   3315.63    185.74 99.999 99.999 99.999 13.162 12.856 99.999 99.999 99.999  0.114 99.999 99.999 99.999 99.999  99.999  99.999  99.999  99.999  0.033  0.033  0.026  0.023  0.062  0.056   34   25 99.999 99.999   99  20.963817092 -17.194634889  1 39 13.90 2003  7 26 2452846.56891088   210  Clear                 net0021.fits                                       Triton                1004  1024
  -0.010   0.047  687.06   14.69 1.946   4211.61    289.24 99.999 99.999 99.999 13.261 12.758 99.999 99.999 99.999  0.122 99.999 99.999 99.999 99.999  99.999  99.999  99.999  99.999  0.046  0.046  0.020  0.020  0.050  0.050   35   28 99.999 99.999   99  20.963809331 -17.194681340  1 44 18.48 2003  7 26 2452846.57243611   180  Clear                 net0022.fits                                       Triton                1004  1024
   0.077   0.068  687.05   16.46 2.082   1906.31    144.30 99.999 99.999 99.999 13.249 12.843 99.999 99.999 99.999  0.118 99.999 99.999 99.999 99.999  99.999  99.999  99.999  99.999  0.034  0.034  0.021  0.021  0.051  0.053   37   27 99.999 99.999   99  20.963805651 -17.194703871  1 48  2.12 2003  7 26 2452846.57502454   180  Clear                 net0023.fits                                       Triton                1004  1024
   0.105   0.104  687.76   17.47 1.858   2506.74    166.40 99.999 99.999 99.999 13.317 12.878 99.999 99.999 99.999  0.112 99.999 99.999 99.999 99.999  99.999  99.999  99.999  99.999  0.025  0.025  0.022  0.021  0.056  0.052   36   28 99.999 99.999   99  20.963800205 -17.194725815  1 52 13.18 2003  7 26 2452846.57793032   180  Clear                 net0024.fits                                       Triton                1004  1024
   0.118   0.074  687.84   15.59 1.585    140.15     31.42 99.999 99.999 99.999 13.347 13.307 99.999 99.999 99.999  0.156 99.999 99.999 99.999 99.999  99.999  99.999  99.999  99.999  0.026  0.026  0.034  0.032  0.073  0.069   27   21 99.999 99.999   99  20.963796086 -17.194757241  1 55 14.58 2003  7 26 2452846.58002986   180  Clear                 net0025.fits                                       Triton                1004  1024
  -0.007   0.057  688.00   18.90 2.055    927.86    109.96 99.999 99.999 99.999 13.285 13.170 99.999 99.999 99.999  0.120 99.999 99.999 99.999 99.999  99.999  99.999  99.999  99.999  0.048  0.048  0.021  0.021  0.051  0.053   36   29 99.999 99.999   99  20.963788279 -17.194790339  1 58 59.26 2003  7 26 2452846.58263032   180  Clear                 net0026.fits                                       Triton                1004  1024
   0.060   0.079  688.30   21.97 2.183    875.14     96.62 99.999 99.999 99.999 13.264 13.013 99.999 99.999 99.999  0.127 99.999 99.999 99.999 99.999  99.999  99.999  99.999  99.999  0.017  0.017  0.025  0.024  0.062  0.058   37   28 99.999 99.999   99  20.963784226 -17.194812674  2  2 43.77 2003  7 26 2452846.58522882   180  Clear                 net0027.fits                                       Triton                1004  1024
   0.049   0.030  691.24   24.83 2.050   1967.84    210.22 99.999 99.999 99.999 13.256 12.825 99.999 99.999 99.999  0.126 99.999 99.999 99.999 99.999  99.999  99.999  99.999  99.999  0.035  0.035  0.025  0.019  0.061  0.045   36   26 99.999 99.999   99  20.963778585 -17.194854723  2  6 28.60 2003  7 26 2452846.58783102    90  Clear                 net0028.fits                                       Triton                1004  1024
   0.020   0.061  691.66   28.14 1.906    881.66    105.43 99.999 99.999 99.999 13.295 13.057 99.999 99.999 99.999  0.128 99.999 99.999 99.999 99.999  99.999  99.999  99.999  99.999  0.017  0.017  0.022  0.022  0.059  0.059   35   28 99.999 99.999   99  20.963774831 -17.194863180  2  8 42.28 2003  7 26 2452846.58937824    90  Clear                 net0029.fits                                       Triton                1004  1024
   0.045   0.047  691.87   25.71 2.025    307.38     34.23 99.999 99.999 99.999 13.239 13.161 99.999 99.999 99.999  0.105 99.999 99.999 99.999 99.999  99.999  99.999  99.999  99.999  0.021  0.021  0.020  0.022  0.050  0.054   34   28 99.999 99.999   99  20.963772097 -17.194883779  2 10 55.93 2003  7 26 2452846.59092512    90  Clear                 net0030.fits                                       Triton                1004  1024
