   0.752   0.003  671.99    2.49 1.929   2797.41     23.41 99.999 99.999 99.999 12.959 12.822 99.999 99.999 99.999  0.124 99.999 99.999 99.999 99.999  99.999  99.999  99.999  99.999  0.071  0.075  0.024  0.025  0.050  0.053   27   20 99.999 99.999   99  20.965727193 -17.183092294  1 23  7.27 2003  7 25 2452845.55772303   120  Clear                 net0026.fits                                       Triton                1004  1024     1   0.000   0.000
   0.061   0.020  672.42    5.47 1.564   5065.71    275.34 99.999 99.999 99.999 13.286 12.931 99.999 99.999 99.999  0.123 99.999 99.999 99.999 99.999  99.999  99.999  99.999  99.999  0.043  0.043  0.026  0.024  0.057  0.052   29   22 99.999 99.999   99  20.965710516 -17.183109197  1 25 51.77 2003  7 25 2452845.55962697   120  Clear                 net0027.fits                                       Triton                1004  1024     1   0.000   0.000
   0.014   0.017  672.76   10.29 1.437   5206.63    507.59 99.999 99.999 99.999 13.218 13.011 99.999 99.999 99.999  0.121 99.999 99.999 99.999 99.999  99.999  99.999  99.999  99.999  0.061  0.061  0.023  0.022  0.051  0.049   31   22 99.999 99.999   99  20.965706351 -17.183131401  1 28 35.39 2003  7 25 2452845.56152072   120  Clear                 net0028.fits                                       Triton                1004  1024     1   0.000   0.000
   0.039   0.024  673.21    7.61 1.667   6890.90    408.01 99.999 99.999 99.999 13.164 12.843 99.999 99.999 99.999  0.137 99.999 99.999 99.999 99.999  99.999  99.999  99.999  99.999  0.071  0.071  0.024  0.024  0.052  0.052   32   22 99.999 99.999   99  20.965702225 -17.183159424  1 32 25.80 2003  7 25 2452845.56418750   180  Clear                 net0029.fits                                       Triton                1004  1024     1   0.000   0.000
   0.012   0.034  673.69    7.65 1.437   9079.73    413.59 99.999 99.999 99.999 13.202 12.794 99.999 99.999 99.999  0.124 99.999 99.999 99.999 99.999  99.999  99.999  99.999  99.999  0.032  0.032  0.022  0.024  0.049  0.054   29   21 99.999 99.999   99  20.965697232 -17.183185989  1 36  9.40 2003  7 25 2452845.56677546   180  Clear                 net0030.fits                                       Triton                1004  1024     1   0.000   0.000
   0.015   0.075  686.49    8.32 2.735   3315.63    185.74 99.999 99.999 99.999 13.162 12.856 99.999 99.999 99.999  0.114 99.999 99.999 99.999 99.999  99.999  99.999  99.999  99.999  0.033  0.033  0.026  0.023  0.062  0.056   34   25 99.999 99.999   99  20.963817092 -17.194634889  1 39 13.90 2003  7 26 2452846.56891088   210  Clear                 net0021.fits                                       Triton                1004  1024     1   0.000   0.000
  -0.010   0.047  687.06   14.69 1.946   4211.61    289.24 99.999 99.999 99.999 13.261 12.758 99.999 99.999 99.999  0.122 99.999 99.999 99.999 99.999  99.999  99.999  99.999  99.999  0.046  0.046  0.020  0.020  0.050  0.050   35   28 99.999 99.999   99  20.963809331 -17.194681340  1 44 18.48 2003  7 26 2452846.57243611   180  Clear                 net0022.fits                                       Triton                1004  1024     1   0.000   0.000
   0.077   0.068  687.05   16.46 2.082   1906.31    144.30 99.999 99.999 99.999 13.249 12.843 99.999 99.999 99.999  0.118 99.999 99.999 99.999 99.999  99.999  99.999  99.999  99.999  0.034  0.034  0.021  0.021  0.051  0.053   37   27 99.999 99.999   99  20.963805651 -17.194703871  1 48  2.12 2003  7 26 2452846.57502454   180  Clear                 net0023.fits                                       Triton                1004  1024     1   0.000   0.000
   0.105   0.104  687.76   17.47 1.858   2506.74    166.40 99.999 99.999 99.999 13.317 12.878 99.999 99.999 99.999  0.112 99.999 99.999 99.999 99.999  99.999  99.999  99.999  99.999  0.025  0.025  0.022  0.021  0.056  0.052   36   28 99.999 99.999   99  20.963800205 -17.194725815  1 52 13.18 2003  7 26 2452846.57793032   180  Clear                 net0024.fits                                       Triton                1004  1024     1   0.000   0.000
   0.118   0.074  687.84   15.59 1.585    140.15     31.42 99.999 99.999 99.999 13.347 13.307 99.999 99.999 99.999  0.156 99.999 99.999 99.999 99.999  99.999  99.999  99.999  99.999  0.026  0.026  0.034  0.032  0.073  0.069   27   21 99.999 99.999   99  20.963796086 -17.194757241  1 55 14.58 2003  7 26 2452846.58002986   180  Clear                 net0025.fits                                       Triton                1004  1024     1   0.000   0.000
  -0.007   0.057  688.00   18.90 2.055    927.86    109.96 99.999 99.999 99.999 13.285 13.170 99.999 99.999 99.999  0.120 99.999 99.999 99.999 99.999  99.999  99.999  99.999  99.999  0.048  0.048  0.021  0.021  0.051  0.053   36   29 99.999 99.999   99  20.963788279 -17.194790339  1 58 59.26 2003  7 26 2452846.58263032   180  Clear                 net0026.fits                                       Triton                1004  1024     1   0.000   0.000
   0.060   0.079  688.30   21.97 2.183    875.14     96.62 99.999 99.999 99.999 13.264 13.013 99.999 99.999 99.999  0.127 99.999 99.999 99.999 99.999  99.999  99.999  99.999  99.999  0.017  0.017  0.025  0.024  0.062  0.058   37   28 99.999 99.999   99  20.963784226 -17.194812674  2  2 43.77 2003  7 26 2452846.58522882   180  Clear                 net0027.fits                                       Triton                1004  1024     1   0.000   0.000
   0.049   0.030  691.24   24.83 2.050   1967.84    210.22 99.999 99.999 99.999 13.256 12.825 99.999 99.999 99.999  0.126 99.999 99.999 99.999 99.999  99.999  99.999  99.999  99.999  0.035  0.035  0.025  0.019  0.061  0.045   36   26 99.999 99.999   99  20.963778585 -17.194854723  2  6 28.60 2003  7 26 2452846.58783102    90  Clear                 net0028.fits                                       Triton                1004  1024     1   0.000   0.000
   0.020   0.061  691.66   28.14 1.906    881.66    105.43 99.999 99.999 99.999 13.295 13.057 99.999 99.999 99.999  0.128 99.999 99.999 99.999 99.999  99.999  99.999  99.999  99.999  0.017  0.017  0.022  0.022  0.059  0.059   35   28 99.999 99.999   99  20.963774831 -17.194863180  2  8 42.28 2003  7 26 2452846.58937824    90  Clear                 net0029.fits                                       Triton                1004  1024     1   0.000   0.000
   0.045   0.047  691.87   25.71 2.025    307.38     34.23 99.999 99.999 99.999 13.239 13.161 99.999 99.999 99.999  0.105 99.999 99.999 99.999 99.999  99.999  99.999  99.999  99.999  0.021  0.021  0.020  0.022  0.050  0.054   34   28 99.999 99.999   99  20.963772097 -17.194883779  2 10 55.93 2003  7 26 2452846.59092512    90  Clear                 net0030.fits                                       Triton                1004  1024     1   0.000   0.000
  -0.177  -0.011  548.65  540.02 1.801     34.09     12.22 99.999 99.999 99.999 13.213 13.170 99.999 99.999 99.999  0.303 99.999 99.999 99.999 99.999  99.999  99.999  99.999  99.999  0.009  0.009  0.014  0.017  0.037  0.044   12    9 99.999 99.999   99  20.963303678 -17.197224334  7 29 28.26 2003  7 26 2452846.81213264    30  Clear                 net0061.fits                                       Triton                1004  1024     1   0.000   0.000
  -0.178  -0.028  548.47  536.77 1.351     55.18     14.43 99.999 99.999 99.999 13.169 13.034 99.999 99.999 99.999  0.204 99.999 99.999 99.999 99.999  99.999  99.999  99.999  99.999  0.022  0.022  0.040  0.025  0.077  0.048   14    9 99.999 99.999   99  20.963298412 -17.197254423  7 33  4.35 2003  7 26 2452846.81463368    40  Clear                 net0062.fits                                       Triton                1004  1024     1   0.000   0.000
  -0.158  -0.017  549.43  541.98 2.670     24.58      9.36 99.999 99.999 99.999 13.390 13.295 99.999 99.999 99.999  0.209 99.999 99.999 99.999 99.999  99.999  99.999  99.999  99.999  0.047  0.047  0.025  0.034  0.062  0.084   11    8 99.999 99.999   99  20.963286641 -17.197309235  7 41 21.77 2003  7 26 2452846.82039086    40  Clear                 net0067.fits                                       Triton                1004  1024     1   0.000   0.000
  -0.104  -0.100  558.51  542.48 2.902    125.37     18.97 99.999 99.999 99.999 13.195 13.059 99.999 99.999 99.999  0.215 99.999 99.999 99.999 99.999  99.999  99.999  99.999  99.999  0.033  0.033  0.027  0.025  0.074  0.067   20   13 99.999 99.999   99  20.963282263 -17.197358080  7 45  4.15 2003  7 26 2452846.82296470    40  Clear                 net0069.fits                                       Triton                1004  1024     1   0.000   0.000
   0.251   0.045  653.70    1.43 1.998   2996.35    382.37 99.999 99.999 99.999 13.285 12.812 99.999 99.999 99.999  0.113 99.999 99.999 99.999 99.999  99.999  99.999  99.999  99.999  0.023  0.035  0.028  0.027  0.055  0.052   34   25 99.999 99.999   99  20.963256301 -17.197473917  8  7 29.22 2003  7 26 2452846.83853264   180  Clear                 net0081.fits                                       Triton                1004  1024     1   0.000   0.000
  -0.067   0.008  485.81  439.74 2.180    308.81     22.88 99.999 99.999 99.999 13.261 13.229 99.999 99.999 99.999  0.189 99.999 99.999 99.999 99.999  99.999  99.999  99.999  99.999  0.013  0.013  0.016  0.013  0.069  0.054   33   21 99.999 99.999   99  20.959794193 -17.209003584  0 19 50.65 2003  7 28 2452848.51378067    30  Clear                 net0011.fits                                       Triton                1004  1024     1   0.000   0.000
  -0.062  -0.017  485.36  439.33 2.443    261.09     18.09 99.999 99.999 99.999 13.208 13.227 99.999 99.999 99.999  0.174 99.999 99.999 99.999 99.999  99.999  99.999  99.999  99.999  0.021  0.021  0.012  0.016  0.055  0.070   33   22 99.999 99.999   99  20.959792358 -17.209014815  0 21 18.53 2003  7 28 2452848.51479780    30  Clear                 net0012.fits                                       Triton                1004  1024     1   0.000   0.000
  -0.047   0.105  485.26  439.84 2.477    155.12     19.47 99.999 99.999 99.999 13.237 13.229 99.999 99.999 99.999  0.210 99.999 99.999 99.999 99.999  99.999  99.999  99.999  99.999  0.014  0.014  0.014  0.018  0.053  0.069   30   17 99.999 99.999   99  20.959790969 -17.208984536  0 22 33.57 2003  7 28 2452848.51566632    30  Clear                 net0013.fits                                       Triton                1004  1024     1   0.000   0.000
  -0.070  -0.016  485.57  440.72 2.268    313.68     25.66 99.999 99.999 99.999 13.224 13.174 99.999 99.999 99.999  0.196 99.999 99.999 99.999 99.999  99.999  99.999  99.999  99.999  0.014  0.014  0.011  0.012  0.050  0.055   33   21 99.999 99.999   99  20.959788897 -17.209021757  0 23 48.58 2003  7 28 2452848.51653449    30  Clear                 net0014.fits                                       Triton                1004  1024     1   0.000   0.000
  -0.093   0.045  485.55  444.89 2.363    326.75     21.88 99.999 99.999 99.999 13.254 13.218 99.999 99.999 99.999  0.185 99.999 99.999 99.999 99.999  99.999  99.999  99.999  99.999  0.021  0.021  0.014  0.011  0.069  0.053   33   24 99.999 99.999   99  20.959786688 -17.209008704  0 25  7.04 2003  7 28 2452848.51744259    30  Clear                 net0015.fits                                       Triton                1004  1024     1   0.000   0.000
  -0.066   0.024  485.61  444.19 2.011    381.20     34.89 99.999 99.999 99.999 13.246 13.180 99.999 99.999 99.999  0.193 99.999 99.999 99.999 99.999  99.999  99.999  99.999  99.999  0.013  0.013  0.014  0.011  0.069  0.055   33   25 99.999 99.999   99  20.959785562 -17.209018105  0 26 22.09 2003  7 28 2452848.51831123    30  Clear                 net0016.fits                                       Triton                1004  1024     1   0.000   0.000
  -0.050   0.065  485.48  445.83 2.461    307.75     19.72 99.999 99.999 99.999 13.262 13.150 99.999 99.999 99.999  0.180 99.999 99.999 99.999 99.999  99.999  99.999  99.999  99.999  0.015  0.015  0.014  0.012  0.068  0.063   32   26 99.999 99.999   99  20.959784223 -17.209010274  0 27 37.15 2003  7 28 2452848.51917998    30  Clear                 net0017.fits                                       Triton                1004  1024     1   0.000   0.000
  -0.084   0.012  485.70  454.66 2.184    459.44     28.67 99.999 99.999 99.999 13.270 13.233 99.999 99.999 99.999  0.184 99.999 99.999 99.999 99.999  99.999  99.999  99.999  99.999  0.018  0.018  0.014  0.012  0.061  0.053   32   21 99.999 99.999   99  20.959781696 -17.209029288  0 29  0.86 2003  7 28 2452848.52014884    30  Clear                 net0018.fits                                       Triton                1004  1024     1   0.000   0.000
  -0.110   0.034  485.58  452.99 2.248    435.47     31.42 99.999 99.999 99.999 13.206 13.194 99.999 99.999 99.999  0.195 99.999 99.999 99.999 99.999  99.999  99.999  99.999  99.999  0.014  0.014  0.011  0.014  0.052  0.062   31   21 99.999 99.999   99  20.959779532 -17.209026692  0 30 15.86 2003  7 28 2452848.52101690    30  Clear                 net0019.fits                                       Triton                1004  1024     1   0.000   0.000
  -0.079   0.058  485.47  456.69 1.992    594.71     33.41 99.999 99.999 99.999 13.249 13.148 99.999 99.999 99.999  0.185 99.999 99.999 99.999 99.999  99.999  99.999  99.999  99.999  0.016  0.016  0.012  0.013  0.055  0.064   32   23 99.999 99.999   99  20.959778504 -17.209023535  0 31 30.85 2003  7 28 2452848.52188484    30  Clear                 net0020.fits                                       Triton                1004  1024     1   0.000   0.000
  -0.076  -0.003  506.14  479.26 1.391    553.20     61.25 99.999 99.999 99.999 13.232 13.170 99.999 99.999 99.999  0.178 99.999 99.999 99.999 99.999  99.999  99.999  99.999  99.999  0.005  0.005  0.016  0.010  0.059  0.038   26   18 99.999 99.999   99  20.959430935 -17.209769290  4 56 58.54 2003  7 28 2452848.70623310    30  Clear                 net0021.fits                                       Triton                1004  1024     1   0.000   0.000
  -0.091  -0.001  505.79  480.08 1.221    297.46     34.13 99.999 99.999 99.999 13.153 13.098 99.999 99.999 99.999  0.204 99.999 99.999 99.999 99.999  99.999  99.999  99.999  99.999  0.004  0.004  0.014  0.020  0.044  0.063   22   14 99.999 99.999   99  20.959429047 -17.209771979  4 58 13.59 2003  7 28 2452848.70710174    30  Clear                 net0022.fits                                       Triton                1004  1024     1   0.000   0.000
  -0.067   0.020  505.44  481.10 1.493    276.93     22.30 99.999 99.999 99.999 13.254 13.299 99.999 99.999 99.999  0.221 99.999 99.999 99.999 99.999  99.999  99.999  99.999  99.999  0.011  0.011  0.017  0.013  0.067  0.051   25   19 99.999 99.999   99  20.959427886 -17.209769158  4 59 28.76 2003  7 28 2452848.70797176    30  Clear                 net0023.fits                                       Triton                1004  1024     1   0.000   0.000
  -0.066   0.025  505.43  484.95 1.625    391.95     21.40 99.999 99.999 99.999 13.300 13.275 99.999 99.999 99.999  0.217 99.999 99.999 99.999 99.999  99.999  99.999  99.999  99.999  0.020  0.020  0.014  0.014  0.059  0.059   27   20 99.999 99.999   99  20.959425923 -17.209771818  5  1  0.87 2003  7 28 2452848.70903785    30  Clear                 net0024.fits                                       Triton                1004  1024     1   0.000   0.000
  -0.074  -0.017  505.61  485.27 1.409    403.15     40.66 99.999 99.999 99.999 13.231 13.175 99.999 99.999 99.999  0.192 99.999 99.999 99.999 99.999  99.999  99.999  99.999  99.999  0.009  0.009  0.011  0.014  0.042  0.054   27   16 99.999 99.999   99  20.959424167 -17.209786561  5  2 15.87 2003  7 28 2452848.70990590    30  Clear                 net0025.fits                                       Triton                1004  1024     1   0.000   0.000
  -0.038   0.004  505.01  485.91 1.947    139.41     18.80 99.999 99.999 99.999 13.337 13.385 99.999 99.999 99.999  0.159 99.999 99.999 99.999 99.999  99.999  99.999  99.999  99.999  0.016  0.016  0.018  0.009  0.070  0.034   26   17 99.999 99.999   99  20.959423262 -17.209784169  5  3 30.88 2003  7 28 2452848.71077407    30  Clear                 net0026.fits                                       Triton                1004  1024     1   0.000   0.000
   0.012   0.202  504.48  491.00 3.152     34.91     11.33 99.999 99.999 99.999 13.295 13.361 99.999 99.999 99.999  0.132 99.999 99.999 99.999 99.999  99.999  99.999  99.999  99.999  0.003  0.003  0.024  0.024  0.069  0.069   11    9 99.999 99.999   99  20.959419730 -17.209738293  5  7  1.07 2003  7 28 2452848.71320683    30  Clear                 net0027.fits                                       Triton                1004  1024     1   0.000   0.000
   0.070   0.122  503.69  491.15 3.823     11.25      7.65 99.999 99.999 99.999 13.576 13.664 99.999 99.999 99.999  0.343 99.999 99.999 99.999 99.999  99.999  99.999  99.999  99.999  0.068  0.068  0.026  0.036  0.055  0.077    6    5 99.999 99.999   99  20.959419254 -17.209763851  5  8 15.18 2003  7 28 2452848.71406458    30  Clear                 net0028.fits                                       Triton                1004  1024     1   0.000   0.000
  -0.094   0.068  504.38  488.90 2.603     22.92     11.29 99.999 99.999 99.999 13.531 13.544 99.999 99.999 99.999  0.145 99.999 99.999 99.999 99.999  99.999  99.999  99.999  99.999  0.046  0.045  0.020  0.024  0.052  0.061    9    8 99.999 99.999   99  20.959414485 -17.209781883  5  9 29.30 2003  7 28 2452848.71492245    30  Clear                 net0029.fits                                       Triton                1004  1024     1   0.000   0.000
  -0.101   0.052  504.13  490.41 2.658     26.59      8.04 99.999 99.999 99.999 13.279 13.280 99.999 99.999 99.999  0.115 99.999 99.999 99.999 99.999  99.999  99.999  99.999  99.999  0.044  0.044  0.025  0.021  0.059  0.050    8    6 99.999 99.999   99  20.959412770 -17.209789620  5 10 43.43 2003  7 28 2452848.71578044    30  Clear                 net0030.fits                                       Triton                1004  1024     1   0.000   0.000
  -0.047  -0.042  837.68    2.76 1.603  22720.67    973.04 99.999 99.999 99.999 13.041 12.757 99.999 99.999 99.999  0.268 99.999 99.999 99.999 99.999  99.999  99.999  99.999  99.999  0.025  0.025  0.028  0.032  0.053  0.060   24   20 99.999 99.999   99  21.351812072 -15.708383342  3  0 45.30 2006  9  1 2453979.62552431    80  Clear                 nereida0001.fits                                   Triton                1020  1020     1   0.000   0.000
  -0.151  -0.039  837.06    0.52 1.687  25893.03    918.56 99.999 99.999 99.999 12.994 12.680 99.999 99.999 99.999  0.275 99.999 99.999 99.999 99.999  99.999  99.999  99.999  99.999  0.006  0.017  0.025  0.029  0.048  0.055   25   20 99.999 99.999   99  21.351807846 -15.708398271  3  2 48.98 2006  9  1 2453979.62695579    80  Clear                 nereida0002.fits                                   Triton                1020  1020     1   0.000   0.000
  -0.057  -0.057  836.65    2.61 1.619  23258.44    839.48 99.999 99.999 99.999 13.081 12.779 99.999 99.999 99.999  0.274 99.999 99.999 99.999 99.999  99.999  99.999  99.999  99.999  0.009  0.009  0.028  0.030  0.053  0.056   24   20 99.999 99.999   99  21.351807430 -15.708418822  3  4 51.81 2006  9  1 2453979.62837743    80  Clear                 nereida0003.fits                                   Triton                1020  1020     1   0.000   0.000
  -0.105  -0.073  836.13    0.87 1.557  30818.19    610.78 99.999 99.999 99.999 13.014 12.697 99.999 99.999 99.999  0.307 99.999 99.999 99.999 99.999  99.999  99.999  99.999  99.999  0.011  0.024  0.029  0.030  0.053  0.054   23   19 99.999 99.999   99  21.351802113 -15.708454782  3  8 57.47 2006  9  1 2453979.63122072    80  Clear                 nereida0005.fits                                   Triton                1020  1020     1   0.000   0.000
  -0.075  -0.150  982.02  536.02 5.021   4306.50   -240.33 99.999 99.999 99.999 13.470 12.994 99.999 99.999 99.999  0.108 99.999 99.999 99.999 99.999  99.999  99.999  99.999  99.999  0.058  0.058  0.064  0.039  0.061  0.038   15   14 99.999 99.999   99  21.452292677 -15.221668372  6  1 41.58 2006  7  2 2453918.75117569    60  Clear                 ner0001.fits                                       Triton                1020  1020     1   0.000   0.000
  -0.038  -0.050  979.94  536.80 4.737   7092.06   -428.14 99.999 99.999 99.999 13.383 13.011 99.999 99.999 99.999  0.208 99.999 99.999 99.999 99.999  99.999  99.999  99.999  99.999  0.050  0.049  0.038  0.028  0.054  0.039   16   14 99.999 99.999   99  21.452289068 -15.221649094  6  7  2.47 2006  7  2 2453918.75488970    90  Clear                 ner0003.fits                                       Triton                1020  1020     1   0.000   0.000
   0.031  -0.094  980.23  536.44 5.420   7363.02  -1124.05 99.999 99.999 99.999 13.283 13.012 99.999 99.999 99.999  0.342 99.999 99.999 99.999 99.999  99.999  99.999  99.999  99.999  0.067  0.068  0.036  0.027  0.053  0.040   20   15 99.999 99.999   99  21.452288599 -15.221665199  6  9 16.58 2006  7  2 2453918.75644190    90  Clear                 ner0004.fits                                       Triton                1020  1020     1   0.000   0.000
  -0.016  -0.113  980.34  535.63 4.670   6343.96    -94.80 99.999 99.999 99.999 13.340 13.083 99.999 99.999 99.999  0.228 99.999 99.999 99.999 99.999  99.999  99.999  99.999  99.999  0.044  0.044  0.034  0.021  0.059  0.038   23   20 99.999 99.999   99  21.452285918 -15.221674092  6 11 29.24 2006  7  2 2453918.75797731    90  Clear                 ner0005.fits                                       Triton                1020  1020     1   0.000   0.000
  -0.043  -0.082  980.35  535.29 5.396   7309.98  -1037.23 99.999 99.999 99.999 13.207 13.041 99.999 99.999 99.999  0.251 99.999 99.999 99.999 99.999  99.999  99.999  99.999  99.999  0.067  0.064  0.034  0.023  0.048  0.033   17   13 99.999 99.999   99  21.452283610 -15.221669048  6 13 42.50 2006  7  2 2453918.75951968    90  Clear                 ner0006.fits                                       Triton                1020  1020     1   0.000   0.000
  -0.015  -0.069  982.77  533.49 4.751   6938.66   -296.31 99.999 99.999 99.999 13.342 13.092 99.999 99.999 99.999  0.234 99.999 99.999 99.999 99.999  99.999  99.999  99.999  99.999  0.047  0.047  0.029  0.031  0.047  0.050   22   18 99.999 99.999   99  21.452282344 -15.221669284  6 15 56.62 2006  7  2 2453918.76107199    90  Clear                 ner0007.fits                                       Triton                1020  1020     1   0.000   0.000
  -0.025  -0.081  981.97  533.76 5.017   7607.20   -847.89 99.999 99.999 99.999 13.264 13.023 99.999 99.999 99.999  0.369 99.999 99.999 99.999 99.999  99.999  99.999  99.999  99.999  0.068  0.067  0.041  0.030  0.059  0.043   20   15 99.999 99.999   99  21.452280372 -15.221676016  6 18 10.73 2006  7  2 2453918.76262419    90  Clear                 ner0008.fits                                       Triton                1020  1020     1   0.000   0.000
  -0.052  -0.038  984.17  531.89 4.900   7035.91   -601.33 99.999 99.999 99.999 13.320 12.990 99.999 99.999 99.999  0.328 99.999 99.999 99.999 99.999  99.999  99.999  99.999  99.999  0.059  0.065  0.032  0.022  0.059  0.040   23   21 99.999 99.999   99  21.452278051 -15.221667848  6 20 24.86 2006  7  2 2453918.76417662    90  Clear                 ner0009.fits                                       Triton                1020  1020     1   0.000   0.000
   0.035  -0.011  981.37  533.23 4.770   6575.52   -331.88 99.999 99.999 99.999 13.299 13.119 99.999 99.999 99.999  0.359 99.999 99.999 99.999 99.999  99.999  99.999  99.999  99.999  0.058  0.058  0.035  0.031  0.055  0.049   18   16 99.999 99.999   99  21.452277942 -15.221663879  6 22 38.11 2006  7  2 2453918.76571887    90  Clear                 ner0010.fits                                       Triton                1020  1020     1   0.000   0.000
  -0.059  -0.090  981.25  532.92 4.930   6805.16   -378.44 99.999 99.999 99.999 13.335 13.140 99.999 99.999 99.999  0.216 99.999 99.999 99.999 99.999  99.999  99.999  99.999  99.999  0.056  0.056  0.042  0.030  0.058  0.041   15   11 99.999 99.999   99  21.452274367 -15.221689633  6 24 51.36 2006  7  2 2453918.76726111    90  Clear                 ner0011.fits                                       Triton                1020  1020     1   0.000   0.000
  -0.025  -0.045  979.94  533.16 5.235   7477.30   -885.29 99.999 99.999 99.999 13.223 12.946 99.999 99.999 99.999  0.386 99.999 99.999 99.999 99.999  99.999  99.999  99.999  99.999  0.068  0.069  0.034  0.037  0.047  0.051   18   14 99.999 99.999   99  21.452271468 -15.221684350  6 29 18.73 2006  7  2 2453918.77035567    90  Clear                 ner0013.fits                                       Triton                1020  1020     1   0.000   0.000
  -0.098  -0.025  980.31  532.52 5.375   6299.76   -514.05 99.999 99.999 99.999 13.410 13.111 99.999 99.999 99.999  0.283 99.999 99.999 99.999 99.999  99.999  99.999  99.999  99.999  0.015  0.016  0.032  0.035  0.049  0.052   21   15 99.999 99.999   99  21.452268257 -15.221682499  6 31 32.85 2006  7  2 2453918.77190799    90  Clear                 ner0014.fits                                       Triton                1020  1020     1   0.000   0.000
  -0.001  -0.054  980.50  532.40 4.738   7243.47   -360.59 99.999 99.999 99.999 13.357 13.083 99.999 99.999 99.999  0.178 99.999 99.999 99.999 99.999  99.999  99.999  99.999  99.999  0.006  0.006  0.026  0.030  0.042  0.049   19   16 99.999 99.999   99  21.452268346 -15.221694273  6 33 46.96 2006  7  2 2453918.77346019    90  Clear                 ner0015.fits                                       Triton                1020  1020     1   0.000   0.000
   0.004  -0.069  982.12  530.41 4.768   6967.36   -316.82 99.999 99.999 99.999 13.337 13.037 99.999 99.999 99.999  0.252 99.999 99.999 99.999 99.999  99.999  99.999  99.999  99.999  0.053  0.053  0.033  0.030  0.054  0.049   20   16 99.999 99.999   99  21.452264883 -15.221705714  6 38 13.49 2006  7  2 2453918.77654502    90  Clear                 ner0017.fits                                       Triton                1020  1020     1   0.000   0.000
  -0.001  -0.070  979.84  530.25 4.754   6602.52   -246.17 99.999 99.999 99.999 13.373 13.102 99.999 99.999 99.999  0.170 99.999 99.999 99.999 99.999  99.999  99.999  99.999  99.999  0.045  0.045  0.027  0.022  0.045  0.038   22   19 99.999 99.999   99  21.452259449 -15.221716965  6 44 53.60 2006  7  2 2453918.78117593    90  Clear                 ner0020.fits                                       Triton                1020  1020     1   0.000   0.000
   0.000  -0.090  978.12  530.75 4.880   6240.66   -254.78 99.999 99.999 99.999 13.361 13.014 99.999 99.999 99.999  0.209 99.999 99.999 99.999 99.999  99.999  99.999  99.999  99.999  0.050  0.050  0.039  0.027  0.058  0.041   19   16 99.999 99.999   99  21.452257700 -15.221726176  6 47  7.72 2006  7  2 2453918.78272824    90  Clear                 ner0021.fits                                       Triton                1020  1020     1   0.000   0.000
   0.001  -0.041  977.68  530.74 4.895   7028.48   -699.92 99.999 99.999 99.999 13.292 12.959 99.999 99.999 99.999  0.247 99.999 99.999 99.999 99.999  99.999  99.999  99.999  99.999  0.063  0.063  0.032  0.031  0.046  0.044   18   14 99.999 99.999   99  21.452255938 -15.221716446  6 49 21.83 2006  7  2 2453918.78428044    90  Clear                 ner0022.fits                                       Triton                1020  1020     1   0.000   0.000
  -0.003  -0.067  978.51  529.63 4.379   6360.21   -121.06 99.999 99.999 99.999 13.305 13.053 99.999 99.999 99.999  0.312 99.999 99.999 99.999 99.999  99.999  99.999  99.999  99.999  0.048  0.048  0.026  0.023  0.050  0.044   28   21 99.999 99.999   99  21.452254059 -15.221727317  6 51 35.95 2006  7  2 2453918.78583275    90  Clear                 ner0023.fits                                       Triton                1020  1020     1   0.000   0.000
  -0.006  -0.075  977.89  529.37 4.374   6582.90   -303.22 99.999 99.999 99.999 13.326 13.038 99.999 99.999 99.999  0.221 99.999 99.999 99.999 99.999  99.999  99.999  99.999  99.999  0.072  0.071  0.032  0.018  0.061  0.034   25   21 99.999 99.999   99  21.452252246 -15.221733179  6 53 49.22 2006  7  2 2453918.78737523    90  Clear                 ner0024.fits                                       Triton                1020  1020     1   0.000   0.000
  -0.006  -0.099  980.70  527.04 4.388   6228.47   -284.27 99.999 99.999 99.999 13.297 13.047 99.999 99.999 99.999  0.319 99.999 99.999 99.999 99.999  99.999  99.999  99.999  99.999  0.072  0.072  0.036  0.023  0.064  0.041   27   21 99.999 99.999   99  21.452250459 -15.221743224  6 56  2.48 2006  7  2 2453918.78891759    90  Clear                 ner0025.fits                                       Triton                1020  1020     1   0.000   0.000
  -0.015  -0.059  979.73  526.71 3.907   6806.70   -207.36 99.999 99.999 99.999 13.380 12.963 99.999 99.999 99.999  0.164 99.999 99.999 99.999 99.999  99.999  99.999  99.999  99.999  0.083  0.083  0.034  0.021  0.064  0.039   24   21 99.999 99.999   99  21.452248511 -15.221735901  6 58 16.59 2006  7  2 2453918.79046979    90  Clear                 ner0026.fits                                       Triton                1020  1020     1   0.000   0.000
   0.054  -0.031  982.20  524.74 4.046   6146.16   -225.94 99.999 99.999 99.999 13.306 13.080 99.999 99.999 99.999  0.320 99.999 99.999 99.999 99.999  99.999  99.999  99.999  99.999  0.080  0.081  0.027  0.020  0.055  0.042   27   22 99.999 99.999   99  21.452248055 -15.221731933  7  0 30.71 2006  7  2 2453918.79202211    90  Clear                 ner0027.fits                                       Triton                1020  1020     1   0.000   0.000
   0.005  -0.048  978.91  525.63 3.570   6542.32    -61.68 99.999 99.999 99.999 13.328 12.996 99.999 99.999 99.999  0.322 99.999 99.999 99.999 99.999  99.999  99.999  99.999  99.999  0.074  0.074  0.027  0.024  0.049  0.043   26   20 99.999 99.999   99  21.452245340 -15.221740256  7  2 44.83 2006  7  2 2453918.79357442    90  Clear                 ner0028.fits                                       Triton                1020  1020     1   0.000   0.000
   0.063  -0.035  979.12  525.10 3.933   5460.41   -131.62 99.999 99.999 99.999 13.321 13.044 99.999 99.999 99.999  0.303 99.999 99.999 99.999 99.999  99.999  99.999  99.999  99.999  0.077  0.077  0.022  0.030  0.042  0.057   27   20 99.999 99.999   99  21.452244673 -15.221740405  7  4 58.95 2006  7  2 2453918.79512674    90  Clear                 ner0029.fits                                       Triton                1020  1020     1   0.000   0.000
   0.027  -0.056  978.20  525.02 3.613   5330.13     37.34 99.999 99.999 99.999 13.349 13.028 99.999 99.999 99.999  0.211 99.999 99.999 99.999 99.999  99.999  99.999  99.999  99.999  0.071  0.071  0.025  0.021  0.046  0.038   26   19 99.999 99.999   99  21.452242219 -15.221749758  7  7 12.20 2006  7  2 2453918.79666898    90  Clear                 ner0030.fits                                       Triton                1020  1020     1   0.000   0.000
  -0.035  -0.033 1098.49 1616.68 1.364  10384.22   1434.20 99.999 99.999 99.999 13.315 12.879 99.999 99.999 99.999  0.124 99.999 99.999 99.999 99.999  99.999  99.999  99.999  99.999  0.033  0.033  0.012  0.016  0.041  0.054   31   24 99.999 99.999   99  21.474878934 -15.108363284  8  7 24.07 2006  6  8 2453894.83847303    45  Clear                 nereida0001.fits                                   Triton                2040  2050     1   0.000   0.000
  -0.021  -0.029 1102.80 1614.55 1.226  19978.01   1581.41 99.999 99.999 99.999 13.304 12.879 99.999 99.999 99.999  0.135 99.999 99.999 99.999 99.999  99.999  99.999  99.999  99.999  0.012  0.012  0.013  0.016  0.043  0.054   31   23 99.999 99.999   99  21.474872435 -15.108351776  8 23 48.51 2006  6  8 2453894.84986701    55  Clear                 nereida0010.fits                                   Triton                2040  2050     1   0.000   0.000
   0.022  -0.023 1061.08 1064.92 2.275    190.23     26.81 99.999 99.999 99.999 13.537 13.558 99.999 99.999 99.999  0.123 99.999 99.999 99.999 99.999  99.999  99.999  99.999  99.999  0.018  0.018  0.011  0.007  0.044  0.031   20   19 99.999 99.999   99  21.317768477 -15.870339803  1 19  2.63 2006  9 25 2454003.55489155    15  Clear                 netuno0002.fits                                    Triton                2045  2050     1   0.000   0.000
   0.010  -0.018 1057.88 1063.61 2.173    296.54     37.61 99.999 99.999 99.999 13.508 13.518 99.999 99.999 99.999  0.106 99.999 99.999 99.999 99.999  99.999  99.999  99.999  99.999  0.020  0.020  0.012  0.010  0.052  0.042   24   22 99.999 99.999   99  21.317766865 -15.870349038  1 20 42.50 2006  9 25 2454003.55604745    15  Clear                 netuno0003.fits                                    Triton                2045  2050     1   0.000   0.000
   0.031   0.008 1061.62 1063.45 2.339    147.03     24.71 99.999 99.999 99.999 13.507 13.529 99.999 99.999 99.999  0.119 99.999 99.999 99.999 99.999  99.999  99.999  99.999  99.999  0.015  0.015  0.008  0.011  0.031  0.045   17   16 99.999 99.999   99  21.317765964 -15.870352252  1 22 18.11 2006  9 25 2454003.55715405    15  Clear                 netuno0004.fits                                    Triton                2045  2050     1   0.000   0.000
   0.016   0.016 1058.74 1062.56 2.107    126.49     29.00 99.999 99.999 99.999 13.467 13.429 99.999 99.999 99.999  0.092 99.999 99.999 99.999 99.999  99.999  99.999  99.999  99.999  0.019  0.019  0.008  0.009  0.028  0.032   13   13 99.999 99.999   99  21.317764642 -15.870357840  1 23 32.27 2006  9 25 2454003.55801238    15  Clear                 netuno0005.fits                                    Triton                2045  2050     1   0.000   0.000
   0.006  -0.044 1059.60 1062.53 1.586    407.24     76.73 99.999 99.999 99.999 13.509 13.522 99.999 99.999 99.999  0.098 99.999 99.999 99.999 99.999  99.999  99.999  99.999  99.999  0.019  0.019  0.011  0.010  0.048  0.044   22   21 99.999 99.999   99  21.317763148 -15.870384601  1 25  6.30 2006  9 25 2454003.55910069    20  Clear                 netuno0006.fits                                    Triton                2045  2050     1   0.000   0.000
   0.025  -0.020 1061.49 1062.35 2.231   1656.23     47.99 99.999 99.999 99.999 13.495 13.464 99.999 99.999 99.999  0.212 99.999 99.999 99.999 99.999  99.999  99.999  99.999  99.999  0.012  0.012  0.010  0.011  0.050  0.055   38   27 99.999 99.999   99  21.317762505 -15.870385697  1 26 18.72 2006  9 25 2454003.55993889    15  Clear                 netuno0007.fits                                    Triton                2045  2050     1   0.000   0.000
   0.022   0.005 1062.34 1059.18 2.475   1102.16     25.60 99.999 99.999 99.999 13.522 13.554 99.999 99.999 99.999  0.164 99.999 99.999 99.999 99.999  99.999  99.999  99.999  99.999  0.011  0.011  0.009  0.010  0.047  0.049   37   26 99.999 99.999   99  21.317757917 -15.870414087  1 31 47.01 2006  9 25 2454003.56373854    15  Clear                 netuno0010.fits                                    Triton                2045  2050     1   0.000   0.000
   0.000   0.015 1069.57 1056.20 2.597    186.06     18.74 99.999 99.999 99.999 13.518 13.527 99.999 99.999 99.999  0.108 99.999 99.999 99.999 99.999  99.999  99.999  99.999  99.999  0.015  0.015  0.011  0.012  0.047  0.050   22   20 99.999 99.999   99  21.317749615 -15.870473070  1 41 18.57 2006  9 25 2454003.57035382    15  Clear                 netuno0018.fits                                    Triton                2045  2050     1   0.000   0.000
   0.015  -0.037 1067.66 1057.31 2.259   1042.33     58.21 99.999 99.999 99.999 13.515 13.570 99.999 99.999 99.999  0.165 99.999 99.999 99.999 99.999  99.999  99.999  99.999  99.999  0.013  0.013  0.009  0.009  0.045  0.045   37   26 99.999 99.999   99  21.317748920 -15.870495030  1 42 30.09 2006  9 25 2454003.57118160    15  Clear                 netuno0019.fits                                    Triton                2045  2050     1   0.000   0.000
   0.020  -0.066 1984.48 1370.57 1.793  12180.77    803.59 99.999 99.999 99.999 13.158 12.763 99.999 99.999 99.999  0.319 99.999 99.999 99.999 99.999  99.999  99.999  99.999  99.999  0.016  0.016  0.021  0.035  0.039  0.064   28   23 99.999 99.999   99  21.874773431 -13.327888171  4 51 15.35 2009  7 18 2455030.70226100   120  Clear                 nereida0005.fits                                   Triton                2045  2050     1   0.000   0.000
  -0.035  -0.086 2008.60 1492.87 1.717  19567.61    486.27 99.999 99.999 99.999 13.087 12.817 99.999 99.999 99.999  0.149 99.999 99.999 99.999 99.999  99.999  99.999  99.999  99.999  0.024  0.024  0.017  0.014  0.047  0.039   33   29 99.999 99.999   99  21.868517331 -13.365891245  3 46 33.36 2009  7 22 2455034.65733056    80  Clear                 nereida0001.fits                                   Triton                2045  2050     1   0.000   0.000
  -0.030  -0.049 2026.57 1491.90 1.497  35294.36   1974.73 99.999 99.999 99.999 13.031 12.767 99.999 99.999 99.999  0.235 99.999 99.999 99.999 99.999  99.999  99.999  99.999  99.999  0.018  0.018  0.017  0.015  0.042  0.036   26   24 99.999 99.999   99  21.868511732 -13.365897144  3 51 36.38 2009  7 22 2455034.66083773   120  Clear                 nereida0002.fits                                   Triton                2045  2050     1   0.000   0.000
   0.071  -0.005  378.40  994.85 1.499  96048.46  11605.33 99.999 99.999 99.999 13.103 12.785 99.999 99.999 99.999  0.632 99.999 99.999 99.999 99.999  99.999  99.999  99.999  99.999  0.028  0.025  0.027  0.030  0.058  0.066   29   20 99.999 99.999   99  22.038025994 -12.525314740  6 59 53.00 2010  7  5 2455382.79158565    60    Clear               Nereida_07.00.25_0001.fits                         Triton                1024  1024     1   0.000   0.000
   0.067  -0.053  378.93  993.50 1.980  72275.48   4122.69 99.999 99.999 99.999 13.323 12.956 99.999 99.999 99.999  0.632 99.999 99.999 99.999 99.999  99.999  99.999  99.999  99.999  0.046  0.049  0.022  0.022  0.053  0.052   30   19 99.999 99.999   99  22.038024445 -12.525334929  7  2 26.00 2010  7  5 2455382.79335648    60    Clear               Nereida_07.02.57_0001.fits                         Triton                1024  1024     1   0.000   0.000
   0.078  -0.041  378.87  996.50 1.916  73347.99   5222.16 99.999 99.999 99.999 13.250 12.842 99.999 99.999 99.999  0.553 99.999 99.999 99.999 99.999  99.999  99.999  99.999  99.999  0.022  0.023  0.020  0.022  0.051  0.054   31   21 99.999 99.999   99  22.038024033 -12.525334333  7  3 28.00 2010  7  5 2455382.79407407    60    Clear               Nereida_07.03.59_0002.fits                         Triton                1024  1024     1   0.000   0.000
   0.089  -0.018  379.23  995.60 2.090  70183.11   3183.34 99.999 99.999 99.999 13.234 12.880 99.999 99.999 99.999  0.537 99.999 99.999 99.999 99.999  99.999  99.999  99.999  99.999  0.034  0.034  0.019  0.018  0.049  0.046   32   21 99.999 99.999   99  22.038023661 -12.525330704  7  4 30.00 2010  7  5 2455382.79479167    60    Clear               Nereida_07.05.01_0003.fits                         Triton                1024  1024     1   0.000   0.000
   0.033  -0.023  379.31  993.77 1.418 105700.65  13081.38 99.999 99.999 99.999 12.945 12.576 99.999 99.999 99.999  0.590 99.999 99.999 99.999 99.999  99.999  99.999  99.999  99.999  0.059  0.055  0.023  0.022  0.059  0.057   32   20 99.999 99.999   99  22.038022008 -12.525334921  7  5 31.00 2010  7  5 2455382.79549769    60    Clear               Nereida_07.06.03_0004.fits                         Triton                1024  1024     1   0.000   0.000
   0.113  -0.021  379.71  992.42 1.844  75808.30   5830.24 99.999 99.999 99.999 13.219 12.860 99.999 99.999 99.999  0.622 99.999 99.999 99.999 99.999  99.999  99.999  99.999  99.999  0.024  0.024  0.021  0.028  0.046  0.062   26   19 99.999 99.999   99  22.038022924 -12.525337266  7  6 33.00 2010  7  5 2455382.79621528    60    Clear               Nereida_07.07.05_0005.fits                         Triton                1024  1024     1   0.000   0.000
   0.039  -0.018  379.89  994.06 1.749  85619.22   5748.01 99.999 99.999 99.999 13.153 12.822 99.999 99.999 99.999  0.683 99.999 99.999 99.999 99.999  99.999  99.999  99.999  99.999  0.017  0.019  0.032  0.036  0.051  0.057   23   15 99.999 99.999   99  22.038020941 -12.525339179  7  7 35.00 2010  7  5 2455382.79693287    60    Clear               Nereida_07.08.06_0006.fits                         Triton                1024  1024     1   0.000   0.000
   0.136  -0.077  379.72  992.86 1.814  79262.14   5510.29 99.999 99.999 99.999 13.223 12.893 99.999 99.999 99.999  0.655 99.999 99.999 99.999 99.999  99.999  99.999  99.999  99.999  0.011  0.012  0.027  0.023  0.066  0.057   27   18 99.999 99.999   99  22.038022157 -12.525358594  7  8 37.00 2010  7  5 2455382.79765046    60    Clear               Nereida_07.09.08_0007.fits                         Triton                1024  1024     1   0.000   0.000
   0.094  -0.037  380.14  991.82 1.756  85357.03   6218.60 99.999 99.999 99.999 13.194 12.801 99.999 99.999 99.999  0.615 99.999 99.999 99.999 99.999  99.999  99.999  99.999  99.999  0.029  0.031  0.023  0.022  0.058  0.057   29   20 99.999 99.999   99  22.038020785 -12.525350236  7  9 39.00 2010  7  5 2455382.79836806    60    Clear               Nereida_07.10.10_0008.fits                         Triton                1024  1024     1   0.000   0.000
   0.079  -0.060  380.53  991.56 1.305 169373.10  11935.72 99.999 99.999 99.999 12.486 12.172 99.999 99.999 99.999  0.599 99.999 99.999 99.999 99.999  99.999  99.999  99.999  99.999  0.040  0.046  0.021  0.022  0.053  0.055   31   22 99.999 99.999   99  22.038018691 -12.525364967  7 12 45.00 2010  7  5 2455382.80052083    60    Clear               Nereida_07.13.16_0011.fits                         Triton                1024  1024     1   0.000   0.000
   0.056  -0.030  381.16  991.62 2.249  61800.09   3452.84 99.999 99.999 99.999 13.212 12.768 99.999 99.999 99.999  0.519 99.999 99.999 99.999 99.999  99.999  99.999  99.999  99.999  0.064  0.065  0.022  0.023  0.055  0.060   34   22 99.999 99.999   99  22.038017089 -12.525362501  7 14 48.00 2010  7  5 2455382.80194444    60    Clear               Nereida_07.15.20_0013.fits                         Triton                1024  1024     1   0.000   0.000
   0.186  -0.065  381.40  993.19 2.079  55854.29   4397.80 99.999 99.999 99.999 13.592 13.221 99.999 99.999 99.999  0.583 99.999 99.999 99.999 99.999  99.999  99.999  99.999  99.999  0.030  0.033  0.026  0.019  0.066  0.048   30   21 99.999 99.999   99  22.038018946 -12.525375040  7 15 50.00 2010  7  5 2455382.80266204    60    Clear               Nereida_07.16.22_0014.fits                         Triton                1024  1024     1   0.000   0.000
   0.084  -0.036  381.41  992.23 1.792  73214.55   7701.45 99.999 99.999 99.999 13.224 12.903 99.999 99.999 99.999  0.514 99.999 99.999 99.999 99.999  99.999  99.999  99.999  99.999  0.007  0.007  0.020  0.022  0.054  0.059   34   24 99.999 99.999   99  22.038016436 -12.525369838  7 16 52.00 2010  7  5 2455382.80337963    60    Clear               Nereida_07.17.23_0015.fits                         Triton                1024  1024     1   0.000   0.000
   0.062   0.017  381.67  991.55 1.814  76633.08   6402.46 99.999 99.999 99.999 13.210 12.815 99.999 99.999 99.999  0.582 99.999 99.999 99.999 99.999  99.999  99.999  99.999  99.999  0.013  0.014  0.023  0.028  0.050  0.063   29   21 99.999 99.999   99  22.038015401 -12.525357740  7 17 54.00 2010  7  5 2455382.80409722    60    Clear               Nereida_07.18.25_0016.fits                         Triton                1024  1024     1   0.000   0.000
   0.107  -0.039  381.90  993.30 2.119  65313.15   3635.79 99.999 99.999 99.999 13.309 12.916 99.999 99.999 99.999  0.517 99.999 99.999 99.999 99.999  99.999  99.999  99.999  99.999  0.040  0.043  0.019  0.018  0.049  0.046   33   21 99.999 99.999   99  22.038015675 -12.525376358  7 18 56.00 2010  7  5 2455382.80481481    60    Clear               Nereida_07.19.27_0017.fits                         Triton                1024  1024     1   0.000   0.000
   0.072   0.002  382.30  994.70 1.449 122334.11   7726.86 99.999 99.999 99.999 12.993 12.687 99.999 99.999 99.999  0.723 99.999 99.999 99.999 99.999  99.999  99.999  99.999  99.999  0.038  0.038  0.028  0.025  0.061  0.054   25   19 99.999 99.999   99  22.038014400 -12.525367785  7 19 58.00 2010  7  5 2455382.80553241    60    Clear               Nereida_07.20.29_0018.fits                         Triton                1024  1024     1   0.000   0.000
   0.066  -0.024  382.30  993.88 1.230 124740.59  18257.52 99.999 99.999 99.999 12.745 12.407 99.999 99.999 99.999  0.622 99.999 99.999 99.999 99.999  99.999  99.999  99.999  99.999  0.019  0.016  0.020  0.026  0.048  0.063   28   21 99.999 99.999   99  22.038013692 -12.525377663  7 20 60.00 2010  7  5 2455382.80625000    60    Clear               Nereida_07.21.31_0019.fits                         Triton                1024  1024     1   0.000   0.000
   0.053  -0.023  382.39  993.62 1.472 128936.65   5648.29 99.999 99.999 99.999 12.841 12.514 99.999 99.999 99.999  0.741 99.999 99.999 99.999 99.999  99.999  99.999  99.999  99.999  0.048  0.051  0.034  0.028  0.062  0.052   23   17 99.999 99.999   99  22.038012838 -12.525380616  7 22  2.00 2010  7  5 2455382.80696759    60    Clear               Nereida_07.22.33_0020.fits                         Triton                1024  1024     1   0.000   0.000
   0.080  -0.029  382.72  995.84 2.074  57512.70   6923.98 99.999 99.999 99.999 13.234 12.784 99.999 99.999 99.999  0.485 99.999 99.999 99.999 99.999  99.999  99.999  99.999  99.999  0.078  0.079  0.023  0.019  0.059  0.048   33   21 99.999 99.999   99  22.038012759 -12.525385056  7 23  4.00 2010  7  5 2455382.80768519    60    Clear               Nereida_07.23.35_0021.fits                         Triton                1024  1024     1   0.000   0.000
   0.071  -0.022  383.05  996.73 1.767  84136.14   5814.99 99.999 99.999 99.999 13.206 12.858 99.999 99.999 99.999  0.606 99.999 99.999 99.999 99.999  99.999  99.999  99.999  99.999  0.021  0.024  0.021  0.027  0.052  0.065   29   20 99.999 99.999   99  22.038011983 -12.525385936  7 24  6.00 2010  7  5 2455382.80840278    60    Clear               Nereida_07.24.37_0022.fits                         Triton                1024  1024     1   0.000   0.000
   0.076  -0.042  383.26  995.27 1.831  70957.61   7074.00 99.999 99.999 99.999 13.231 12.879 99.999 99.999 99.999  0.554 99.999 99.999 99.999 99.999  99.999  99.999  99.999  99.999  0.022  0.022  0.018  0.019  0.045  0.046   30   20 99.999 99.999   99  22.038011489 -12.525394216  7 25  8.00 2010  7  5 2455382.80912037    60    Clear               Nereida_07.25.39_0023.fits                         Triton                1024  1024     1   0.000   0.000
   0.083  -0.030  383.31  993.42 1.968  63299.17   6634.46 99.999 99.999 99.999 13.246 12.856 99.999 99.999 99.999  0.495 99.999 99.999 99.999 99.999  99.999  99.999  99.999  99.999  0.018  0.018  0.020  0.018  0.053  0.048   33   22 99.999 99.999   99  22.038011040 -12.525393848  7 26  9.00 2010  7  5 2455382.80982639    60    Clear               Nereida_07.26.41_0024.fits                         Triton                1024  1024     1   0.000   0.000
   0.063  -0.024  384.03  993.92 1.812  84152.07   4396.86 99.999 99.999 99.999 13.248 12.902 99.999 99.999 99.999  0.627 99.999 99.999 99.999 99.999  99.999  99.999  99.999  99.999  0.029  0.034  0.021  0.022  0.053  0.057   31   21 99.999 99.999   99  22.038008893 -12.525400444  7 29 15.00 2010  7  5 2455382.81197917    60    Clear               Nereida_07.29.47_0027.fits                         Triton                1024  1024     1   0.000   0.000
   0.110  -0.026  384.12  992.61 1.720  90732.50   5385.36 99.999 99.999 99.999 13.171 12.832 99.999 99.999 99.999  0.631 99.999 99.999 99.999 99.999  99.999  99.999  99.999  99.999  0.022  0.024  0.020  0.027  0.050  0.066   29   20 99.999 99.999   99  22.038009165 -12.525404259  7 30 17.00 2010  7  5 2455382.81269676    60    Clear               Nereida_07.30.48_0028.fits                         Triton                1024  1024     1   0.000   0.000
   0.002   0.124  230.75   25.60 3.387  27645.01   2485.84 99.999 99.999 99.999 13.264 12.967 99.999 99.999 99.999  0.184 99.999 99.999 99.999 99.999  99.999  99.999  99.999  99.999  0.017  0.017  0.036  0.046  0.049  0.063   18   14 99.999 99.999   99  20.824564118 -17.680620461  2 13 59.12 2002  7 18 2452473.59304537   300  CLEAR                 net0021.fits                                       Triton                 745  1050     1   0.000   0.000
