  -133.5   -44.8  16.4   7.8     4  -133.5   -44.8  16.4   7.8     4   0.00 120.0  2.0   19 06 20.71890 -22 28 17.4122 02 38 01.7500 22 06 1996 2450256.6097424775 1996.473948644  19.1057552508 -22.4715034022 18.1  43.3  40.3    48 Lysithea              0.0000 160/LNA              Varios               Altair               PRAIA V.0.1.0        1rd degree           UCAC4                JUP300               23 Sep 2013                                                  
   163.6    28.8  51.7  51.8     5   163.6    28.8  51.7  51.8     5   0.00 120.0  2.0   18 45 37.82035 -22 43  6.8798 01 17 34.1819 25 07 1996 2450289.5538678458 1996.564144744  18.7605056536 -22.7185777146 18.3  49.8  49.4    93 Lysithea              0.0000 160/LNA              Varios               Altair               PRAIA V.0.1.0        1rd degree           UCAC4                JUP300               23 Sep 2013                                                  
   204.0    49.9  63.2  40.0     7   184.2    41.6  98.6  81.4     9  22.22 120.0  2.0   18 44 58.34080 -22 43 45.0998 03 30 24.7743 26 07 1996 2450290.6461200728 1996.567135167  18.7495391116 -22.7291944010 17.8  47.4  43.9    63 Lysithea              0.0000 160/LNA              Varios               Altair               PRAIA V.0.1.0        1rd degree           UCAC4                JUP300               23 Sep 2013                                                  
   176.0  -131.7  56.0  53.0     4   176.0  -131.7  56.0  53.0     4   0.00 120.0  2.0   21 13 25.22830 -17 36 52.9917 04 04 56.5000 14 08 1997 2450674.6700983802 1997.618535519  21.2236745267 -17.6147199042 17.4  75.8  26.5     5 Lysithea              0.0000 160/LNA              Varios               Altair               PRAIA V.0.1.0        1rd degree           UCAC4                JUP300               23 Sep 2013                                                  
    73.8   -79.2  40.0  20.3     4    73.8   -79.2  40.0  20.3     4   0.00 120.0  2.0   21 12 57.97751 -17 39 13.8967 04 10 47.5000 15 08 1997 2450675.6741608800 1997.621284492  21.2161048635 -17.6538601847 18.1  74.5  21.3     5 Lysithea              0.0000 160/LNA              Varios               Altair               PRAIA V.0.1.0        1rd degree           UCAC4                JUP300               23 Sep 2013                                                  
  -101.9   -92.7  44.6   5.6     8   -89.5   -80.8  63.5  28.9    12  33.33 120.0  2.0   23 52  7.63421 -02 08 57.1632 00 22 34.5824 17 08 1998 2451042.5156780374 1998.625641829  23.8687872809  -2.1492119963 18.2  52.0  43.0    19 Lysithea              0.6900 OHP                  Varios               Altair               PRAIA V.0.1.1        1rd degree           UCAC4                SAT359               10 Dec 2013                                                  
   -10.0   -78.1  76.3  41.8     7   -10.0   -78.1  76.3  41.8     7   0.00 120.0  2.0   23 22 42.13446 -05 42 36.5029 18 11 39.4042 15 12 1998 2451163.2580949557 1998.956216550  23.3783706821  -5.7101396920 18.7  55.4  43.6    13 Lysithea              0.6900 OHP                  Varios               Altair               PRAIA V.0.1.1        1rd degree           UCAC4                SAT359               10 Dec 2013                                                  
    78.0   -19.4 111.2  58.4     9    13.3   -48.2 229.9 106.3    10  10.00 120.0  2.0   01 57 34.70265 +09 44 19.1300 22 58 57.1399 10 10 1999 2451462.4576057857 1999.775380166   1.9596396248   9.7386472173 17.4  48.7  49.7    14 Lysithea              0.6900 OHP                  Varios               Altair               PRAIA V.0.1.1        1rd degree           UCAC4                SAT359               10 Dec 2013                                                  
    42.9   -99.2  43.0  66.2     9    65.8   -72.6  66.9  99.0    11  18.18 120.0  2.0   01 55 22.42757 +09 31 45.1850 23 54 35.8355 14 10 1999 2451466.4962480958 1999.786437366   1.9228965467   9.5292180448 17.9  38.2  64.8    11 Lysithea              0.6900 OHP                  Varios               Altair               PRAIA V.0.1.1        1rd degree           UCAC4                SAT359               10 Dec 2013                                                  
   -32.1   -37.7  16.4  17.0     7   -20.6   -44.5  35.9  24.8     8  12.50 120.0  2.0   01 41 23.32336 +08 21 36.5030 21 09 44.4786 10 11 1999 2451493.3817647984 1999.860045899   1.6898120437   8.3601397347 18.3  51.6  48.3    16 Lysithea              0.6900 OHP                  Varios               Altair               PRAIA V.0.1.1        1rd degree           UCAC4                SAT359               10 Dec 2013                                                  
    67.5  -133.3  94.7  75.6     4    67.5  -133.3  94.7  75.6     4   0.00 120.0  2.0   01 34 29.61540 +08 00 19.4665 23 06 33.3975 01 12 1999 2451514.4628865449 1999.917762865   1.5748931665   8.0054073490 18.3  44.3  49.0    14 Lysithea              0.6900 OHP                  Varios               Altair               PRAIA V.0.1.1        1rd degree           UCAC4                SAT359               10 Dec 2013                                                  
  -111.3    49.7  55.7  21.0     6  -111.3    49.7  55.7  21.0     6   0.00 120.0  2.0   04 08 51.05256 +20 13 53.5391 18 57 59.3533 22 12 2000 2451901.2902702931 2000.976838522   4.1475145990  20.2315386352 17.7  56.8  53.5    37 Lysithea              0.6900 OHP                  Varios               Altair               PRAIA V.0.1.1        1rd degree           UCAC4                SAT359               10 Dec 2013                                                  
   -51.3   -83.2  27.0  21.5     4   -51.3   -83.2  27.0  21.5     4   0.00 120.0  2.0   07 07 15.20826 +21 56 26.8732 01 44 51.8850 21 11 2001 2452234.5728227426 2001.889316420   7.1208911838  21.9407981010 17.8  43.3  47.5    80 Lysithea              0.6900 OHP                  Varios               Altair               PRAIA V.0.1.1        1rd degree           UCAC4                SAT359               10 Dec 2013                                                  
     3.5  -101.6  39.4  26.2    10     3.5  -101.6  39.4  26.2    10   0.00 120.0  2.0   07 06 54.29362 +21 56 55.0850 01 18 28.2241 22 11 2001 2452235.5544933341 2001.892004088   7.1150815601  21.9486347171 18.1  45.2  44.2    81 Lysithea              0.6900 OHP                  Varios               Altair               PRAIA V.0.1.1        1rd degree           UCAC4                SAT359               10 Dec 2013                                                  
    70.3   -62.0  46.3  24.5     3    70.3   -62.0  46.3  24.5     3   0.00 120.0  2.0   06 52 34.01147 +22 21  1.1750 02 06 21.3500 19 12 2001 2452262.5877471068 2001.966017103   6.8761142967  22.3503263780 18.0  49.0  49.0   128 Lysithea              0.6900 OHP                  Varios               Altair               PRAIA V.0.1.1        1rd degree           UCAC4                SAT359               10 Dec 2013                                                  
    33.0   -60.5  27.8  16.1     4    33.0   -60.5  27.8  16.1     4   0.00 120.0  2.0   06 51 53.04203 +22 22 15.4552 02 58 13.7775 20 12 2001 2452263.6237705722 2001.968853581   6.8647338975  22.3709597743 17.3  48.3  45.8   125 Lysithea              0.6900 OHP                  Varios               Altair               PRAIA V.0.1.1        1rd degree           UCAC4                SAT359               10 Dec 2013                                                  
   -38.0   -70.5  46.6  25.2    10   -26.2   -70.4  59.1  23.9    11   9.09 120.0  2.0   06 38 33.30917 +22 47 23.0390 21 33 44.9319 08 01 2002 2452283.3984367121 2002.022993666   6.6425858805  22.7897330634 18.0  47.1  45.0   165 Lysithea              0.6900 OHP                  Varios               Altair               PRAIA V.0.1.1        1rd degree           UCAC4                SAT359               10 Dec 2013                                                  
   -42.3    18.3  60.4  26.5     3   -42.3    18.3  60.4  26.5     3   0.00 120.0  2.0   08 47  1.66128 +18 28 39.2952 23 27 08.1265 24 03 2003 2452723.4771773899 2003.227863593   8.7837947997  18.4775820037 18.4  47.3  43.0    25 Lysithea              0.6900 OHP                  Varios               Altair               PRAIA V.0.1.1        1rd degree           UCAC4                SAT359               10 Dec 2013                                                  
    17.6  -114.3  57.9  61.1    18    17.6  -114.3  57.9  61.1    18   0.00 120.0  2.0   16 43 20.80326 -22 09 26.9077 01 41 45.1654 10 09 2007 2454353.5706616361 2007.690816322  16.7224453492 -22.1574743603 19.3  33.6  33.7  1139 Lysithea              0.2800 ESO                  Varios               Altair               PRAIA V.0.1.1        1rd degree           UCAC4                jup300+de421         22 Nov 2014                                                  
    -2.5  -113.0   6.4   9.9     2    -2.5  -113.0   6.4   9.9     2   0.00 120.0  2.0   19 34 34.44293 -22 01  9.6955 08 52 12.9458 04 06 2008 2454621.8695942797 2008.425378766  19.5762341470 -22.0193598670 18.2  16.5  12.0  1696 Lysithea              0.2800 ESO                  Varios               Altair               PRAIA V.0.1.1        1rd degree           UCAC4                jup300+de421         22 Nov 2014                                                  
    49.0   -16.7 108.5  43.8     3   -14.5   -12.0 154.8  37.0     4  25.00 120.0  2.0   19 00 36.99619 -22 34 21.4934 01 50 42.6131 12 08 2008 2454690.5768820965 2008.613489068  19.0102767183 -22.5726370483 18.4  52.7  56.7   106 Lysithea              0.0000 IAG/LNA              Varios               Altair               PRAIA V.0.1.0        1rd degree           UCAC4                JUP300               23 Sep 2013                                                  
    24.7    46.7  20.5   6.3     7     3.7    49.6  64.6  11.4     9  22.22 120.0  2.0   18 52 26.14612 -22 59 21.1779 23 58 59.6387 19 09 2008 2454729.4993013744 2008.720052844  18.8739294770 -22.9892160969 18.9  55.9  51.6    48 Lysithea              0.0000 160/LNA              Varios               Altair               PRAIA V.0.1.0        1rd degree           UCAC4                JUP300               23 Sep 2013                                                  
    93.6    68.0  22.9  17.1     5    93.6    68.0  22.9  17.1     5   0.00 120.0  2.0   18 52 55.10368 -23 01 13.4649 23 39 54.3141 23 09 2008 2454733.4860453019 2008.730967954  18.8819732434 -23.0204069250 18.4  58.2  55.2    60 Lysithea              0.0000 160/LNA              Varios               Altair               PRAIA V.0.1.0        1rd degree           UCAC4                JUP300               23 Sep 2013                                                  
    46.4  -176.7  24.0  23.7    11    55.8  -178.1  39.8  23.0    12   8.33 120.0  2.0   21 54 23.67911 -13 10 49.3323 10 12 54.3146 20 05 2009 2454971.9256286407 2009.383779955  21.9065775315 -13.1803700925 18.7  34.5  33.9   165 Lysithea              0.2800 ESO                  Varios               Altair               PRAIA V.0.1.1        1rd degree           UCAC4                jup300+de421         22 Nov 2014                                                  
    78.0    20.1  31.4  20.1    13    81.4    24.9  32.8  26.3    14   7.14 120.0  2.0   21 54 50.44710 -13 09 25.9867 06 33 18.0944 22 05 2009 2454973.7731260923 2009.388838127  21.9140130822 -13.1572185355 18.9  19.6  17.6   674 Lysithea              0.2800 ESO                  Varios               Altair               PRAIA V.0.1.1        1rd degree           UCAC4                jup300+de421         22 Nov 2014                                                  
   204.3     3.2  18.1  17.1    17   209.6     7.1  24.8  20.0    20  15.00 120.0  2.0   21 55  3.85544 -13 08 48.3076 06 34 11.3187 23 05 2009 2454974.7737421151 2009.391577664  21.9177376232 -13.1467521151 18.6  24.7  20.1   270 Lysithea              0.2800 ESO                  Varios               Altair               PRAIA V.0.1.1        1rd degree           UCAC4                jup300+de421         22 Nov 2014                                                  
    13.9    36.7  36.3  16.5    29     5.5    31.7  77.7  36.4    37  21.62 120.0  2.0   21 55 16.82633 -13 08 14.8968 07 15 04.1866 24 05 2009 2454975.8021317897 2009.394393242  21.9213406468 -13.1374713213 18.5  30.2  29.2   229 Lysithea              0.2800 ESO                  Varios               Altair               PRAIA V.0.1.1        1rd degree           UCAC4                jup300+de421         22 Nov 2014                                                  
    82.5    43.8  85.4  23.2     4   212.6    57.9 419.6  65.3     7  42.86 120.0  2.0   21 48  4.45335 -14 35 30.1505 08 40 26.8375 18 07 2009 2455030.8614217299 2009.545137362  21.8012370407 -14.5917084860 17.8  62.0  71.8    14 Lysithea              0.0000 IAG/LNA              Varios               Altair               PRAIA V.0.1.0        1rd degree           UCAC4                JUP300               23 Sep 2013                                                  
    79.8  -110.1  14.0  16.3    17    84.0  -109.3  18.2  36.6    20  15.00 120.0  2.0   00 05  4.70109 -01 15  2.6343 07 11 03.8824 20 06 2010 2455367.7993504913 2010.467623136   0.0846391903  -1.2507317475 18.7  47.0 112.1     4 Lysithea              0.0000 160/LNA              Varios               Altair               PRAIA V.0.1.0        1rd degree           UCAC4                JUP300               23 Sep 2013                                                  
