OBSERVATORIO (?=LISTA SITIOS, X=PROMPT, G=GEOCENTRICO, H=HELIOCENTRICO, OU CODIGO IAU): NOME/ID DO OBJETO DO SISTEMA SOLAR: EFEMERIDE DE/LE (EX: de421, <ENTER>=CANONICO JPL): Arquivo com datas: Alvo: LYSITHEA (    510)     Efemerides: jup300+de421   Sitio: 874 (OPD/LNA) (314°25'02.5"E 22°32'07.8"S  1810.7 m)

     Data Cal. UTC                  JD_UTC         JD_TT (Obs.)      R.A.__(ICRF//J2000.0)__DEC     R.A.__(ap./sem atms.)__DEC            DIST (km)           APmag        S-O-A (°)     X_(sat-primario)_Y      AZ (°)   EL (°)       Hour Angle       AZ__SOL__EL (°)    L-O-A (°)    JD_TT (El. Orb.)    Semi-eixo maior (km)       Excentricidade          Inclinacao (°)      Long. Nodo Ascend. (°)    Arg. Periastro (°)       Anom. Media (°)       Anom. Verdadeira (°)      Per. Orbital (s)       Pass. Periast. (JD_TT)
1996-JUN-22 02:38:01.750      2450256.609742477 2450256.610462199   19 06 20.7285  -22 28 17.368   19 06 09.6574  -22 28 25.640    0.6279085884259870E+09      n.d.       165.7109 G    3275.586     827.167    94.0941  69.6462     -01 28 12.376    279.7296 -83.8938     128.8      2450256.586220329   0.1166491017161349E+08  0.1105060579939473E+00  0.5024243600244466E+02  0.7577959451335571E+01  0.6035073199721588E+02  0.3302995336588336E+03  0.3231939153020625E+03  0.2224010000737138E+08      2450277.822760379
1996-JUL-25 01:17:34.182      2450289.553867847 2450289.554587570   18 45 37.8086  -22 43 06.909   18 45 26.9852  -22 43 09.465    0.6253217355244809E+09      n.d.       158.0830 S     680.730    1562.842    93.3934  85.8264     -00 18 04.190    268.8191 -63.9250      52.7      2450289.530445556   0.1173283144152803E+08  0.1158579662974098E+00  0.5018218999431019E+02  0.7448884016621232E+01  0.5964188955558746E+02  0.1686778714402091E+02  0.2133056102624737E+02  0.2243462863100217E+08      2450277.364083017
1996-JUL-26 03:30:24.774      2450290.646120070 2450290.646839792   18 44 58.3260  -22 43 45.150   18 44 47.5011  -22 43 47.572    0.6261733702090576E+09      n.d.       156.8865 S     564.265    1565.924   263.7322  62.4177     +01 59 44.266    121.0030 -84.0579      37.8      2450290.622664927   0.1174217681444023E+08  0.1163616276572316E+00  0.5018322211377362E+02  0.7457962925859012E+01  0.6001180150641429E+02  0.1806262517970910E+02  0.2284964927885951E+02  0.2246143823559602E+08      2450277.578923291
1997-AUG-14 04:04:56.500      2450674.670098379 2450674.670829676   21 13 25.2127  -17 36 52.899   21 13 18.3215  -17 37 17.127    0.6113490083555409E+09      n.d.       173.8160 S   -2882.141   -2762.485   281.0897  70.6474     +01 19 48.047    118.2841 -74.0325      53.3      2450674.647227120   0.1164950921374354E+08  0.1114144881455169E+00  0.5070273695770388E+02  0.6262637238698090E+01  0.5333071827503760E+02  0.2000730263515803E+03  0.1962028013017606E+03  0.2219606978021492E+08      2450788.772428600
1997-AUG-15 04:10:47.500      2450675.674160880 2450675.674892176   21 12 57.9701  -17 39 13.841   21 12 51.0872  -17 39 37.980    0.6117891470015914E+09      n.d.       172.7622 S   -2828.773   -2757.402   278.9003  68.3252     +01 30 03.801    116.4801 -72.6274      39.4      2450675.651272631   0.1164891027770317E+08  0.1114625598060991E+00  0.5070174288382112E+02  0.6259047705781469E+01  0.5334975370458736E+02  0.2014613049386207E+03  0.1973300663199147E+03  0.2219435805291861E+08      2450788.777062350
1998-AUG-17 00:22:34.582      2451042.515678032 2451042.516409329   23 52 07.7290  -02 08 54.762   23 52 04.0747  -02 09 17.956    0.6186862498658899E+09      n.d.       146.5739 G    1842.882    1976.500    85.2855  16.7271     -04 51 04.715    264.1883 -50.1415      85.3      2451042.492523665   0.1168797051728807E+08  0.1011406729222684E+00  0.5132615363350222E+02  0.5674138355081199E+01  0.4619260958976299E+02  0.3575014287671968E+03  0.3569236395936879E+03  0.2230608222753984E+08      2451044.284361865
1998-DEC-15 18:11:39.404      2451163.258094954 2451163.258826250   23 22 42.2240  -05 42 34.501   23 22 38.2114  -05 42 59.164    0.7278833070214092E+09      n.d.        85.6135 S   -2024.822   -1876.361    72.0203  48.6821     -02 36 32.109    259.1490  45.4989     121.8      2451163.230724707   0.1172432368741068E+08  0.1132365892133495E+00  0.5142741997227709E+02  0.5656360828773201E+01  0.5445794227532473E+02  0.1559604210505936E+03  0.1606339580125117E+03  0.2241023123382327E+08      2451050.862248014
1999-OCT-10 22:58:57.140      2451462.457605787 2451462.458348657   01 57 34.7928  +09 44 21.367   01 57 34.4763  +09 44 16.805    0.5887790852320840E+09      n.d.       166.2632 G   -2201.654   -3081.608    73.3824  13.2671     -04 44 32.906    249.5533 -26.5267     176.2      2451462.435617632   0.1165383885940181E+08  0.1294400528603185E+00  0.5120358383491761E+02  0.5536485612126842E+01  0.5721024791028864E+02  0.2083029875370653E+03  0.2021622333597192E+03  0.2220844498556274E+08      2451570.748206231
1999-OCT-14 23:54:35.835      2451466.496248091 2451466.496990961   01 55 22.5332  +09 31 47.590   01 55 22.2708  +09 31 43.199    0.5879836584086884E+09      n.d.       170.7581 G   -2384.157   -3178.994    64.0368  29.2500     -03 30 46.656    239.0348 -37.4984     128.5      2451466.474290581   0.1164445780778192E+08  0.1300182322866560E+00  0.5119984967022698E+02  0.5502847126609942E+01  0.5756768969117218E+02  0.2135739328374413E+03  0.2063398943131113E+03  0.2218163451063944E+08      2451570.897178462
1999-NOV-10 21:09:44.479      2451493.381764804 2451493.382507674   01 41 23.4245  +08 21 38.761   01 41 23.2829  +08 21 34.785    0.6025632669897046E+09      n.d.       158.4233 S   -2856.643   -3058.318    71.2854  20.2501     -04 15 39.188    251.9015   1.3182     129.6      2451493.359244456   0.1161019902152304E+08  0.1345911495403313E+00  0.5120448839719790E+02  0.5494433829031556E+01  0.5771353297796581E+02  0.2516042502111169E+03  0.2378410734876959E+03  0.2208381673122481E+08      2451570.320145715
1999-DEC-01 23:06:33.397      2451514.462886540 2451514.463629410   01 34 29.7014  +08 00 21.896   01 34 29.5082  +08 00 17.525    0.6351956011678290E+09      n.d.       135.4834 S   -2280.399   -2069.827    22.7400  57.2028     -00 48 49.640    234.9290 -19.5301     158.0      2451514.439106234   0.1165241400476260E+08  0.1356202762717099E+00  0.5118909135101386E+02  0.5515875485928404E+01  0.5617133998664129E+02  0.2829572297648791E+03  0.2674084476876454E+03  0.2220437214239944E+08      2451569.438024096
2000-DEC-22 18:57:59.353      2451901.290270289 2451901.291013160   04 08 51.1297  +20 13 55.209   04 08 54.7135  +20 14 01.683    0.6168027731173543E+09      n.d.       152.8193 G    3551.723    1060.682    71.7703  -9.0883     -06 06 43.205    256.6376  35.9050     172.7      2451901.267200321   0.1165331313512693E+08  0.1350025904446995E+00  0.5053443038629853E+02  0.4673605867192401E+01  0.5776279875588922E+02  0.9924726062970230E+02  0.1139504643955081E+03  0.2220694221204315E+08      2451830.408848292
2001-NOV-21 01:44:51.885      2452234.572822743 2452234.573565613   07 07 15.3079  +21 56 28.721   07 07 21.8210  +21 56 18.277    0.6511888428485342E+09      n.d.       133.2167 G    1445.720   -1995.519    60.0145  11.7854     -04 24 18.276    201.1934 -44.8493     158.0      2452234.548425144   0.1176117943320433E+08  0.1240228375410124E+00  0.5009846567920456E+02  0.3252627918447430E+01  0.6570790957575088E+02  0.1953957944354833E+03  0.1921171032202207E+03  0.2251598503642105E+08      2452353.704348158
2001-NOV-22 01:18:28.224      2452235.554493333 2452235.555236204   07 06 54.3848  +21 56 56.910   07 07 00.9285  +21 56 46.489    0.6494889556578306E+09      n.d.       134.2891 G    1373.859   -1998.995    62.5474   7.2904     -04 46 28.824    208.9114 -42.0442     146.1      2452235.530161381   0.1175778546816733E+08  0.1242863908370237E+00  0.5009697401969873E+02  0.3243006493746118E+01  0.6582835460505349E+02  0.1966156452031511E+03  0.1930751838665801E+03  0.2250623946374238E+08      2452353.751850350
2001-DEC-19 02:06:21.350      2452262.587747107 2452262.588489977   06 52 34.1172  +22 21 03.455   06 52 41.4483  +22 20 54.182    0.6185555913563632E+09      n.d.       165.0532 G    -924.234   -1752.659    34.5453  36.7525     -01 57 41.307    196.4952 -42.2884     146.6      2452262.564609281   0.1176755705766099E+08  0.1212256116049431E+00  0.5010960174735163E+02  0.2961301862566410E+01  0.6740575709920529E+02  0.2320465929722876E+03  0.2220794176934915E+03  0.2253430181700116E+08      2452355.264605824
2001-DEC-20 02:58:13.777      2452263.623770567 2452263.624513438   06 51 53.1420  +22 22 17.875   06 52 00.4973  +22 22 08.762    0.6180666867221040E+09      n.d.       166.2671 G   -1016.398   -1730.679    19.3433  42.7001     -01 01 02.851    180.5002 -44.0368     134.0      2452263.600651597   0.1176164671693542E+08  0.1217596521368871E+00  0.5010978286400128E+02  0.2960581246960102E+01  0.6753533642666343E+02  0.2333723380998490E+03  0.2231633372713567E+03  0.2251732692454488E+08      2452355.271062499
2002-JAN-08 21:33:44.932      2452283.398436713 2452283.399179583   06 38 33.4062  +22 47 24.875   06 38 41.0415  +22 47 17.957    0.6196871557051010E+09      n.d.       170.4726 S   -2587.166   -1167.162    62.6307   5.3104     -04 54 14.423    247.2262   3.0383     133.6      2452283.375255326   0.1172342725885046E+08  0.1217469187099211E+00  0.5017931167912989E+02  0.2813722089172188E+01  0.6940991183763860E+02  0.2587315451284906E+03  0.2455613093556465E+03  0.2240766109146142E+08      2452356.330155532
2003-MAR-24 23:27:08.126      2452723.477177384 2452723.477920255   08 47 01.7420  +18 28 41.441   08 47 12.6327  +18 28 02.820    0.7021342094229326E+09      n.d.       125.3123 S    3115.756   -2135.025     5.1683  48.8478     -00 14 19.961    256.8123 -32.3562     143.9      2452723.450812805   0.1163610125456691E+08  0.1242992081355471E+00  0.5076134034749257E+02  0.1691757821936521E+01  0.6809933960374849E+02  0.1531786725725968E+03  0.1588109567036662E+03  0.2215776108273463E+08      2452614.329914212
2007-SEP-10 01:41:45.165      2454353.570661632 2454353.571416076   16 43 20.7768  -22 09 26.746   16 43 48.6962  -22 10 26.407    0.7958509346209470E+09      n.d.        85.4192 S    2571.163   -1402.859   253.2321  19.1449     +05 10 29.927    230.1160 -64.3868     102.2      2454353.540690614   0.1168593223491421E+08  0.1370411179291000E+00  0.5005005509279756E+02  0.3592560565192879E+03  0.7586880192700886E+02  0.2510296109699802E+03  0.2371009794130605E+03  0.2230024749619559E+08      2454431.667833268
2008-JUN-04 08:52:12.946      2454621.869594283 2454621.870348727   19 34 34.3927  -22 01 09.642   19 35 06.3618  -22 00 03.745    0.6596933008478513E+09      n.d.       142.1588 G    2314.046    -531.037   261.3392  46.8115     +03 07 27.471     69.7687 -10.2674     150.9      2454621.844879798   0.1171165348709976E+08  0.1274993012160675E+00  0.5011340108053805E+02  0.3581940974575161E+03  0.7897047143895755E+02  0.2616349658602779E+03  0.2476476293581796E+03  0.2237391373695481E+08      2454692.601399492
2008-AUG-12 01:50:42.613      2454690.576882095 2454690.577636539   19 00 36.9926  -22 34 21.477   19 01 10.2158  -22 33 39.784    0.6372291646456302E+09      n.d.       144.3597 S    1357.225    1579.918   266.4952  73.6684     +01 10 46.496    250.4930 -70.3323      20.0      2454690.553034825   0.1170662499691416E+08  0.1337613694810740E+00  0.5016601679221518E+02  0.3581123882656132E+03  0.8131600296483947E+02  0.3557146297109617E+03  0.3543424765526851E+03  0.2235950566104245E+08      2454693.633627715
2008-SEP-19 23:58:59.639      2454729.499301377 2454729.500055822   18 52 26.1443  -22 59 21.225   18 52 59.0016  -22 58 46.974    0.7094200313979155E+09      n.d.       104.7773 S   -2141.948     585.202   263.1528  62.2201     +02 00 41.961    249.6818 -41.9932     136.6      2454729.472667057   0.1172965981587567E+08  0.1375758193964817E+00  0.5022900594881018E+02  0.3579127461894137E+03  0.7979190822805940E+02  0.5087970968081490E+02  0.6446102860280544E+02  0.2242553243348267E+08      2454692.789135046
2008-SEP-23 23:39:54.314      2454733.486045301 2454733.486799745   18 52 55.0969  -23 01 13.533   18 53 27.9309  -23 00 38.933    0.7189218390737649E+09      n.d.       100.9851 S   -2367.594     427.381   263.2508  63.1061     +01 56 50.812    250.7706 -37.3838     167.4      2454733.459044143   0.1172526721171914E+08  0.1374386146969284E+00  0.5023714518873857E+02  0.3579055293865678E+03  0.7966639777911476E+02  0.5653681177246758E+02  0.7089063921304304E+02  0.2241293651012225E+08      2454692.719718888
2009-MAY-20 10:12:54.315      2454971.925628646 2454971.926394664   21 54 23.6270  -13 10 49.349   21 54 54.9721  -13 08 06.515    0.7250300734712511E+09      n.d.        93.1913 G     875.427    1563.776   297.1154  71.2120     +01 08 28.757     64.1793   8.2849      40.3      2454971.898403227   0.1173282904291975E+08  0.1212837763457949E+00  0.5054875322839546E+02  0.3573080712151716E+03  0.8316817605205256E+02  0.2537520076936475E+02  0.3225253043442681E+02  0.2243462175134782E+08      2454953.595836640
2009-MAY-22 06:33:18.094      2454973.773126088 2454973.773892106   21 54 50.4141  -13 09 26.329   21 55 21.7955  -13 06 42.911    0.7203459362951677E+09      n.d.        94.8582 G     775.484    1499.415    80.8692  54.4925     -02 24 17.260     81.7694 -40.3625      65.8      2454973.746081542   0.1173157099346478E+08  0.1215451832054345E+00  0.5055824394638702E+02  0.3572841154706501E+03  0.8284325157715665E+02  0.2819725877463102E+02  0.3576598906240105E+02  0.2243101352860257E+08      2454953.411298458
2009-MAY-23 06:34:11.319      2454974.773742118 2454974.774508136   21 55 03.8130  -13 08 48.632   21 55 35.2211  -13 06 04.902    0.7178217845638490E+09      n.d.        95.7657 G     719.941    1462.353    80.1598  55.5384     -02 19 40.759     81.4681 -40.2209      79.9      2454974.746795020   0.1173091326750271E+08  0.1216293994361067E+00  0.5056214915205742E+02  0.3572751227083086E+03  0.8272874008211110E+02  0.2967755946300586E+02  0.3759545706966382E+02  0.2242912717597689E+08      2454953.346275618
2009-MAY-24 07:15:04.187      2454975.802131793 2454975.802897812   21 55 16.7906  -13 08 15.236   21 55 48.2332  -13 05 31.178    0.7152378713796296E+09      n.d.        96.7019 G     661.876    1422.684    71.3316  65.5499     -01 34 57.627     78.4960 -30.9923      94.8      2454975.775284431   0.1173932414790148E+08  0.1222512271563583E+00  0.5056329665429849E+02  0.3572726404251821E+03  0.8282817287040629E+02  0.3098493273630830E+02  0.3924730602075169E+02  0.2245325349662085E+08      2454953.407982820
2009-JUL-18 08:40:26.837      2455030.861421725 2455030.862187743   21 48 04.4476  -14 35 30.194   21 48 37.8125  -14 32 40.757    0.6119591820102822E+09      n.d.       151.4103 G   -2774.103   -1890.050   269.1060  38.7516     +03 34 40.134     72.8034 -14.0488      99.9      2455030.838561708   0.1166008867718305E+08  0.1287354630530372E+00  0.5074167490879061E+02  0.3572135565692826E+03  0.7846816018502608E+02  0.1111790757849932E+03  0.1240687134236914E+03  0.2222631257538591E+08      2454951.392159630
2010-JUN-20 07:11:03.882      2455367.799350486 2455367.800116505   00 05 04.6958  -01 15 02.524   00 05 37.8427  -01 11 25.977    0.7389588974260292E+09      n.d.        88.0601 G   -2206.900   -2602.325    58.8363  53.2197     -02 03 18.595     76.0295 -33.5616     166.4      2455367.771587354   0.1167753277040754E+08  0.1256287155113403E+00  0.5101859480274469E+02  0.3570392451939050E+03  0.7213120543630710E+02  0.2267681740261707E+03  0.2173434031712598E+03  0.2227620878818647E+08      2455463.190182153
