OBSERVATORIO (?=LISTA SITIOS, X=PROMPT, G=GEOCENTRICO, H=HELIOCENTRICO, OU CODIGO IAU): NOME/ID DO OBJETO DO SISTEMA SOLAR: EFEMERIDE DE/LE (EX: de421, <ENTER>=CANONICO JPL): Arquivo com datas: Alvo: PASIPHAE (    508)     Efemerides: jup300+de421   Sitio: 874 (OPD/LNA) (314°25'02.5"E 22°32'07.8"S  1810.7 m)

     Data Cal. UTC                  JD_UTC         JD_TT (Obs.)      R.A.__(ICRF//J2000.0)__DEC     R.A.__(ap./sem atms.)__DEC            DIST (km)           APmag        S-O-A (°)     X_(sat-primario)_Y      AZ (°)   EL (°)       Hour Angle       AZ__SOL__EL (°)    L-O-A (°)    JD_TT (El. Orb.)    Semi-eixo maior (km)       Excentricidade          Inclinacao (°)      Long. Nodo Ascend. (°)    Arg. Periastro (°)       Anom. Media (°)       Anom. Verdadeira (°)      Per. Orbital (s)       Pass. Periast. (JD_TT)
1996-JUN-21 01:54:12.250      2450255.579308449 2450255.580028171   19 04 29.9723  -23 15 47.126   19 04 18.8189  -23 15 54.807    0.6139264776085527E+09      n.d.       165.2249 G    1297.617   -2078.740    98.0062  59.1442     -02 14 14.789    276.6173 -73.9099     140.4      2450255.556326128   0.2389765493386747E+08  0.3840835458547610E+00  0.1539114398900836E+03  0.2682753384939227E+03  0.9876013510289206E+02  0.3645921728994244E+02  0.7514973215206055E+02  0.6521501020191919E+08      2450179.113160377
1996-JUN-22 01:35:25.250      2450256.566264467 2450256.566984190   19 04 03.7911  -23 17 21.435   19 03 52.6489  -23 17 28.996    0.6133152422801907E+09      n.d.       166.2672 G    1360.460   -2118.707    98.6798  55.8441     -02 28 42.152    276.8674 -69.5532     128.7      2450256.543305752   0.2388992927538325E+08  0.3840970966266928E+00  0.1539141590225675E+03  0.2682747276894374E+03  0.9870246973916893E+02  0.3696629067745202E+02  0.7592534243064810E+02  0.6518338859449680E+08      2450179.074552855
1996-JUN-26 03:00:38.000      2450260.625439815 2450260.626159537   19 02 12.9855  -23 23 46.792   19 02 01.8835  -23 23 53.834    0.6112579812582765E+09      n.d.       170.5607 G    1615.172   -2280.253    96.9124  79.4617     -00 45 38.436    308.4067 -88.6820      77.8      2450260.602560486   0.2388206584996201E+08  0.3850594521040042E+00  0.1539522164578813E+03  0.2682683033496765E+03  0.9846705833432154E+02  0.3896970996335418E+02  0.7904583826863390E+02  0.6515120834845697E+08      2450178.975641340
1996-JUL-27 02:20:35.055      2450291.597627952 2450291.598347674   18 47 51.7531  -24 05 12.491   18 47 40.8316  -24 05 15.821    0.6199771761865730E+09      n.d.       156.5083 S    3319.391   -3287.191   259.9250  78.2446     +00 50 46.304    255.5992 -78.2467      25.0      2450291.574412002   0.2356548032341646E+08  0.3881679138420252E+00  0.1541493278212243E+03  0.2683269190584573E+03  0.9613476726568041E+02  0.5546121949713385E+02  0.1004471780686291E+03  0.6386002466877007E+08      2450177.706264971
1996-AUG-26 01:07:28.478      2450321.546857384 2450321.547577107   18 40 18.8159  -24 24 46.011   18 40 07.6445  -24 24 48.325    0.6648288548797063E+09      n.d.       126.0366 S    4566.164   -3745.439   260.3252  66.2738     +01 43 17.505    251.2356 -59.5817      16.9      2450321.521909864   0.2315754634352391E+08  0.3914272507665821E+00  0.1543264326268760E+03  0.2685095821617443E+03  0.9368475312468557E+02  0.7253385343850591E+02  0.1174604961028481E+03  0.6220903298366363E+08      2450176.451794091
1997-AUG-14 03:44:38.500      2450674.656001158 2450674.656732454   21 14 53.2692  -16 52 49.627   21 14 46.4136  -16 53 14.032    0.6341381766369303E+09      n.d.       174.4905 S   -1623.940    -121.439   289.9113  75.2432     +00 57 58.620    130.8880 -77.9119      54.0      2450674.632250072   0.2470084262004130E+08  0.2134733791475531E+00  0.1542662684679703E+03  0.2682274017729300E+03  0.1001315372914151E+03  0.2331477532337883E+03  0.2165156272650586E+03  0.6853024596783960E+08      2450954.120922669
1998-AUG-13 23:54:19.124      2451039.496054676 2451039.496785973   23 58 05.6013  -02 32 16.636   23 58 01.8544  -02 32 40.367    0.6141225819337008E+09      n.d.       142.4269 G    6347.952     156.208    90.1721   6.2371     -05 37 12.262    268.7124 -43.7883      42.3      2451039.473076543   0.2272320389646795E+08  0.2547015887269251E+00  0.1533755689570433E+03  0.2705639564886484E+03  0.1138343653516062E+03  0.3893322914430074E+02  0.6250576614650554E+02  0.6046707848619421E+08      2450963.785749434
1999-OCT-09 01:09:42.292      2451460.548406157 2451460.549149028   01 49 27.0858  +10 21 40.624   01 49 26.7807  +10 21 36.108    0.5955770584599657E+09      n.d.       166.1721 G  -10201.837   -1145.424    52.8467  40.1003     -02 33 11.674    223.5696 -52.3789     160.4      2451460.526155451   0.2266542259679865E+08  0.3825598297648582E+00  0.1515531130221922E+03  0.2845252582870744E+03  0.1414710762053158E+03  0.2282125713900680E+03  0.2041405374233302E+03  0.6023658869413002E+08      2451715.748156873
1999-OCT-11 23:30:12.603      2451463.479312535 2451463.480055405   01 48 02.3603  +10 15 11.544   01 48 02.0713  +10 15 07.096    0.5938301245236189E+09      n.d.       169.4254 G  -10201.291   -1067.133    67.4653  22.7798     -03 59 43.354    244.5208 -33.0309     162.6      2451463.457129336   0.2269893158518807E+08  0.3814809664098419E+00  0.1516181967488915E+03  0.2844910426719093E+03  0.1412199123028556E+03  0.2300415622631137E+03  0.2051780095217285E+03  0.6037022041843181E+08      2451715.695411596
1999-NOV-09 20:43:13.116      2451492.363346250 2451492.364089121   01 34 07.5801  +09 10 46.328   01 34 07.4221  +09 10 42.601    0.5974330041419846E+09      n.d.       158.1518 S   -9721.628    -256.232    73.2681  14.7579     -04 38 55.604    254.5742   7.0519     140.1      2451492.341023989   0.2285965695215552E+08  0.3832791729140176E+00  0.1517331664156253E+03  0.2844654780256954E+03  0.1396349912848109E+03  0.2477620701469829E+03  0.2151492935966564E+03  0.6101255341169955E+08      2451712.503147509
1999-DEC-01 21:46:53.552      2451514.407564259 2451514.408307130   01 27 08.9813  +08 41 03.238   01 27 08.7596  +08 40 59.176    0.6238300241515914E+09      n.d.       134.1230 S   -8830.364     368.145    46.9536  46.8981     -02 01 21.823    244.5470  -3.6253     158.2      2451514.384222772   0.2307536802557084E+08  0.3821407747388124E+00  0.1519759321563478E+03  0.2844566018999629E+03  0.1381005730038972E+03  0.2612112001961016E+03  0.2236940213399668E+03  0.6187818863174803E+08      2451710.914315009
1999-DEC-03 23:12:42.250      2451516.467155671 2451516.467898542   01 26 46.7940  +08 39 50.145   01 26 46.5497  +08 39 45.944    0.6271523138987809E+09      n.d.       131.9415 S   -8729.079     424.851    12.7339  58.1055     -00 27 03.718    233.8992 -20.3668     173.5      2451516.443685891   0.2306455800390969E+08  0.3822962014550553E+00  0.1519972780248813E+03  0.2844581758976303E+03  0.1381729604773755E+03  0.2621591351658735E+03  0.2243130954837999E+03  0.6183471199816612E+08      2451710.951199351
1999-DEC-04 23:02:03.146      2451517.459758634 2451517.460501505   01 26 37.2949  +08 39 21.354   01 26 37.0404  +08 39 17.079    0.6287987287466831E+09      n.d.       130.8951 S   -8679.326     452.047    15.7180  57.7399     -00 33 38.510    235.3589 -18.2075     163.2      2451517.436225291   0.2306422881744662E+08  0.3825673327672865E+00  0.1519942679944211E+03  0.2844578795090132E+03  0.1381713515816049E+03  0.2626932466966591E+03  0.2246490709357063E+03  0.6183338820881548E+08      2451710.877784330
1999-DEC-08 19:25:38.658      2451521.309475208 2451521.310218079   01 26 07.8529  +08 38 10.136   01 26 07.5654  +08 38 05.650    0.6354483514142392E+09      n.d.       126.8656 G   -8480.766     556.680    68.2816  24.7271     -03 54 22.843    255.3300  27.9719     118.1      2451521.285685249   0.2313570732924702E+08  0.3819743458271933E+00  0.1520543274128737E+03  0.2844663126634911E+03  0.1377072183363689E+03  0.2652467090823882E+03  0.2264335401503093E+03  0.6212105322223536E+08      2451710.527397829
2000-NOV-24 23:00:44.338      2451873.458846505 2451873.459589375   04 14 42.1463  +18 57 42.180   04 14 45.5249  +18 57 47.871    0.6207323595915468E+09      n.d.       176.8481 G   -4059.560   -5526.944    59.4943  18.2831     -03 59 32.748    236.4010 -19.4522     165.2      2451873.435624711   0.2370915978619120E+08  0.3819516543766773E+00  0.1551934450178265E+03  0.2914398483529981E+03  0.1385835793178421E+03  0.7840699105311694E+02  0.1213686033808464E+03  0.6444494880567635E+08      2451710.982740052
2001-NOV-22 00:26:01.758      2452235.518075902 2452235.518818773   07 05 28.7313  +23 26 55.691   07 05 35.3490  +23 26 45.094    0.6370737389908471E+09      n.d.       134.7455 G     179.600    3400.972    66.2504  -4.0107     -05 37 38.326    221.8514 -35.0090     146.2      2452235.494223312   0.2430007523106075E+08  0.2835715543786460E+00  0.1592681330235757E+03  0.2898892260991713E+03  0.1210978834535805E+03  0.2758528788624038E+03  0.2440375995530075E+03  0.6686919036262954E+08      2452416.398604158
2001-DEC-17 22:32:30.192      2452261.439238333 2452261.439981204   06 55 50.3958  +23 53 25.924   06 55 57.7585  +23 53 15.857    0.6096433725208887E+09      n.d.       163.2533 G    1270.205    3847.801    65.9930  -4.5411     -05 39 20.466    238.9740 -10.6779     161.5      2452261.416444748   0.2402652925490515E+08  0.2756514959531045E+00  0.1597837935815850E+03  0.2901593277497724E+03  0.1232952438442834E+03  0.2849229583036928E+03  0.2531656680371406E+03  0.6574325414080444E+08      2452420.103720738
2001-DEC-21 02:27:43.908      2452264.602591528 2452264.603334398   06 54 14.7090  +23 56 43.790   06 54 22.1590  +23 56 34.145    0.6082472745690999E+09      n.d.       166.8329 G    1393.079    3885.145    26.6121  38.6312     -01 30 02.838    190.2888 -43.3530     123.0      2452264.579851668   0.2403283820977203E+08  0.2749732306954356E+00  0.1598433830003531E+03  0.2902130553321007E+03  0.1232531070983056E+03  0.2864342264986418E+03  0.2546949508587985E+03  0.6576915041855255E+08      2452420.134070517
2002-JAN-10 22:09:18.428      2452285.423129953 2452285.423872824   06 43 08.3849  +24 14 57.115   06 43 16.1338  +24 14 49.402    0.6109672430266938E+09      n.d.       169.2959 S    2162.676    3999.035    56.8966  12.3657     -04 15 17.056    244.1229  -4.3934     159.1      2452285.400285186   0.2371771593231218E+08  0.2697950562125676E+00  0.1601626441560747E+03  0.2906103937737068E+03  0.1259151389707846E+03  0.2934822302121909E+03  0.2623814708047734E+03  0.6447983722947391E+08      2452423.294284954
2002-FEB-07 23:45:11.260      2452313.489713658 2452313.490456528   06 31 30.7960  +24 24 54.350   06 31 38.5537  +24 24 49.806    0.6460091048507580E+09      n.d.       138.1618 S    3119.183    3748.792    11.4322  42.1936     -00 37 07.321    238.8734 -26.0339     172.9      2452313.465515918   0.2327575699585794E+08  0.2652516945932634E+00  0.1604146884292587E+03  0.2911438170516699E+03  0.1298975930124419E+03  0.3035233582192153E+03  0.2739627880076182E+03  0.6268597126915392E+08      2452427.286668954
2002-FEB-08 21:55:52.557      2452314.413802743 2452314.414545613   06 31 16.4474  +24 24 55.878   06 31 24.1995  +24 24 51.358    0.6476929056649146E+09      n.d.       137.1723 S    3148.709    3732.867    38.5674  31.6767     -02 22 33.067    252.5357  -3.1285     175.7      2452314.389540032   0.2327005924876918E+08  0.2647145653357243E+00  0.1604375762497138E+03  0.2912101449215897E+03  0.1299379442616542E+03  0.3039435542903340E+03  0.2745166764798269E+03  0.6266295502839196E+08      2452427.322363353
2002-MAR-28 20:28:28.905      2452362.353112326 2452362.353855197   06 34 39.6487  +24 06 08.035   06 34 46.6522  +24 06 04.626    0.7617310339785893E+09      n.d.        89.9567 S    4214.221    2402.572    13.6832  42.1372     -00 44 19.013    276.6959   7.7219      91.9      2452362.324446915   0.2283018823798524E+08  0.2628967340270023E+00  0.1605630857574916E+03  0.2917511453899565E+03  0.1347634330066462E+03  0.3245487340750699E+03  0.3014725571174018E+03  0.6089461319510158E+08      2452431.730025805
2002-DEC-29 03:13:20.700      2452637.634267361 2452637.635010231   09 10 38.2184  +15 56 41.826   09 10 48.2999  +15 55 59.399    0.6645344401067121E+09      n.d.       141.8781 G   -7294.287   -1784.195    47.0312  36.8009     -02 30 09.636    177.0471 -44.1685      80.4      2452637.609354432   0.2262273187105549E+08  0.2729229483536045E+00  0.1613319613500273E+03  0.2913796312036062E+03  0.1227151152868447E+03  0.1149134603469433E+03  0.1389909050172659E+03  0.6006648383004246E+08      2452415.694246800
2002-DEC-30 03:59:57.071      2452638.666632766 2452638.667375636   09 10 17.8928  +15 58 27.604   09 10 28.0074  +15 57 45.098    0.6628649464845576E+09      n.d.       143.0173 G   -7308.163   -1780.685    34.4060  44.4930     -01 39 08.760    162.7031 -42.3461      95.3      2452638.641784266   0.2263265880399683E+08  0.2726853112213269E+00  0.1613334001697733E+03  0.2914115587406785E+03  0.1228352037123677E+03  0.1153453334776941E+03  0.1392791613727179E+03  0.6010602423795651E+08      2452415.746034210
2003-JAN-14 23:14:13.716      2452654.468214306 2452654.468957176   09 03 51.0557  +16 31 21.387   09 04 01.6084  +16 30 38.462    0.6426323221740843E+09      n.d.       160.7597 G   -7452.468   -1697.756    70.5493   3.4149     -05 16 07.727    237.1759 -17.4938      60.5      2452654.444147083   0.2276324735026227E+08  0.2654621984486554E+00  0.1613294901885968E+03  0.2912483763831216E+03  0.1234304502592985E+03  0.1231148744975296E+03  0.1441964553663195E+03  0.6062698400082237E+08      2452414.472325889
2003-MAR-25 20:48:02.512      2452724.366695741 2452724.367438611   08 36 03.5404  +18 53 12.998   08 36 14.4357  +18 52 36.927    0.6856624182418060E+09      n.d.       121.8166 S   -6120.474    -683.971    46.3171  33.2346     -02 38 56.953    273.7076   3.9463     157.7      2452724.340967137   0.2376280265342021E+08  0.2216374949997126E+00  0.1613895886439445E+03  0.2901549839307738E+03  0.1291498849616371E+03  0.1510089318860220E+03  0.1608584791117843E+03  0.6466378615788721E+08      2452410.400339584
2003-MAR-27 21:56:50.223      2452726.414470173 2452726.415213044   08 35 56.2573  +18 54 35.595   08 36 07.1402  +18 53 59.716    0.6895766340713249E+09      n.d.       119.7550 S   -6034.531    -645.678    27.4019  43.9810     -01 21 57.531    267.7792 -12.3809     174.0      2452726.388590418   0.2378982680931225E+08  0.2200993862577046E+00  0.1614009736500865E+03  0.2900593686880792E+03  0.1290656306666274E+03  0.1520627058950324E+03  0.1615155427255804E+03  0.6477412547680066E+08      2452409.717783063
2004-MAR-26 01:53:14.522      2453090.578640301 2453090.579383171   11 00 17.2947  +09 05 24.271   11 00 31.0890  +09 04 01.731    0.6795075153405031E+09      n.d.       156.9346 S    6657.041    1463.122   357.2700  58.3656     +00 05 47.904    224.5042 -62.8079      99.3      2453090.553149245   0.2281975823894053E+08  0.3052974593665651E+00  0.1614804278409039E+03  0.2888803111053430E+03  0.1627620479037972E+03  0.2834687579504975E+03  0.2484723703447390E+03  0.6085288829525108E+08      2453240.281387527
2004-APR-19 21:09:35.056      2453115.381655741 2453115.382398611   10 51 23.9267  +09 45 35.227   10 51 37.6115  +09 44 15.141    0.7183179049776323E+09      n.d.       130.3565 S    5436.622    1329.434    57.0869  37.0973     -02 51 10.853    279.8991  -6.2753     127.4      2453115.354666396   0.2313268168218227E+08  0.3057271999955720E+00  0.1615186541440117E+03  0.2890776429223910E+03  0.1605356936048906E+03  0.2985085875794101E+03  0.2633275928273218E+03  0.6210886749773718E+08      2453238.141510090
2004-APR-20 20:40:19.037      2453116.361331447 2453116.362074317   10 51 10.0449  +09 46 18.423   10 51 23.7170  +09 44 58.430    0.7202580102399019E+09      n.d.       129.3442 S    5381.705    1321.732    61.5369  32.0900     -03 16 21.233    282.9265   0.1755     115.3      2453116.334267218   0.2314561085942159E+08  0.3056973813991077E+00  0.1615210766466678E+03  0.2890934002766935E+03  0.1604458164762019E+03  0.2990924925754045E+03  0.2639627569062141E+03  0.6216094503640351E+08      2453238.057139559
2004-MAY-17 22:11:43.557      2453143.424809687 2453143.425552558   10 48 55.3726  +09 38 58.187   10 49 08.7719  +09 37 40.201    0.7813299453206152E+09      n.d.       102.6789 S    3717.112    1072.248   358.1466  57.8218     +00 04 00.245    282.3646 -23.6342     117.3      2453143.395387579   0.2350025997921081E+08  0.3075200721950505E+00  0.1615435839872733E+03  0.2893152970464365E+03  0.1579994729478627E+03  0.3148911827880852E+03  0.2826595729740988E+03  0.6359509756133915E+08      2453235.624670998
2004-MAY-21 20:51:33.182      2453147.369134051 2453147.369876922   10 49 15.6635  +09 33 41.532   10 49 29.0253  +09 32 23.605    0.7909742811306753E+09      n.d.        98.9944 S    3455.056    1033.175    26.5948  54.6194     -01 00 57.317    289.5847  -6.0597      70.6      2453147.339339612   0.2359193114525772E+08  0.3085658431118787E+00  0.1615438101813481E+03  0.2892866883280172E+03  0.1573677044337002E+03  0.3173621605153814E+03  0.2858475148889630E+03  0.6396757333840913E+08      2453235.027068657
2005-MAR-08 00:58:10.136      2453437.540395093 2453437.541137963   13 07 22.0244  -06 07 30.618   13 07 38.8355  -06 09 17.082    0.6603404413475839E+09      n.d.       149.5977 G    1937.355   -3133.509    84.8524  28.0696     -04 08 28.333    234.3812 -47.0740     117.7      2453437.515644113   0.2431994862666048E+08  0.3076853578533426E+00  0.1613800621646542E+03  0.2944482671617242E+03  0.1690715738277031E+03  0.8872298817396995E+02  0.1222605959901995E+03  0.6695123884593445E+08      2453246.539757656
2005-MAR-11 01:17:48.982      2453440.554039143 2453440.554782014   13 06 24.6037  -06 00 04.521   13 06 41.4532  -06 01 51.385    0.6567787062479628E+09      n.d.       152.8752 G    2081.313   -3131.935    81.0294  35.4651     -03 35 59.233    230.4051 -51.6104     161.5      2453440.529425645   0.2432944688306627E+08  0.3084655092432225E+00  0.1613665122920141E+03  0.2945528410776112E+03  0.1692391012667918E+03  0.8994338232485829E+02  0.1233205149513813E+03  0.6699046479965243E+08      2453246.813215910
2005-APR-03 01:34:48.011      2453463.565833461 2453463.566576331   12 57 19.2322  -04 52 17.668   12 57 36.3384  -04 54 07.054    0.6426288505589755E+09      n.d.       177.8981 G    3070.633   -2991.016    57.3549  60.2452     -01 39 11.574    235.2498 -62.0859     102.8      2453463.541766174   0.2427867829288594E+08  0.3187931031019564E+00  0.1611636257632688E+03  0.2957744403687245E+03  0.1701242372216930E+03  0.9977051070352090E+02  0.1317672241639915E+03  0.6678088934457296E+08      2453249.332550795
2005-APR-04 02:54:56.750      2453464.621490162 2453464.622233033   12 56 51.7269  -04 48 56.848   12 57 08.8450  -04 50 46.365    0.6425582468157214E+09      n.d.       178.6962 G    3111.158   -2979.560    11.6845  71.9703     -00 14 25.618    188.9060 -72.9703     118.0      2453464.597425581   0.2425821793716310E+08  0.3187806865631550E+00  0.1611581005268898E+03  0.2958018062178696E+03  0.1699893309423732E+03  0.1004852424978357E+03  0.1322855033636408E+03  0.6669648980520375E+08      2453249.126330164
2005-APR-13 01:21:03.602      2453473.556291690 2453473.557034560   12 53 00.5153  -04 20 51.592   12 53 17.6403  -04 22 41.456    0.6440449225110724E+09      n.d.       170.6579 S    3438.364   -2868.454    45.2256  65.2991     -01 09 14.029    245.1359 -62.0876     120.7      2453473.532169722   0.2422417737251154E+08  0.3232828385099878E+00  0.1610605519141365E+03  0.2962454230072460E+03  0.1702879084744130E+03  0.1043102885830351E+03  0.1353773206166206E+03  0.6655615038449218E+08      2453250.329647424
2005-MAY-03 23:06:01.084      2453494.462512547 2453494.463255417   12 45 09.8682  -03 23 45.637   12 45 26.9799  -03 25 35.941    0.6613465385567298E+09      n.d.       148.1674 S    4107.422   -2540.384    59.4630  56.4243     -01 54 00.413    274.1660 -34.9021     157.1      2453494.437722635   0.2405782345941443E+08  0.3338566084339818E+00  0.1608016427013678E+03  0.2972056403820756E+03  0.1703775006837354E+03  0.1141928219582419E+03  0.1427824025524536E+03  0.6587174040285216E+08      2453252.601305329
2005-MAY-12 21:59:26.940      2453503.416284028 2453503.417026898   12 42 45.8063  -03 06 00.675   12 43 02.8713  -03 07 50.728    0.6740471306690791E+09      n.d.       138.8426 S    4362.144   -2387.188    65.9412  50.3283     -02 22 52.387    282.0292 -20.5133      87.3      2453503.391003801   0.2399664174387744E+08  0.3384363205512987E+00  0.1606939295240350E+03  0.2975362447180819E+03  0.1704956427861543E+03  0.1182632900700166E+03  0.1456583793322469E+03  0.6562062150638754E+08      2453253.888991334
2006-MAR-02 06:01:36.995      2453796.751122627 2453796.751877072   15 11 14.0069  -15 22 54.948   15 11 34.9702  -15 24 27.492    0.7613879191019752E+09      n.d.       111.8062 G    3950.434    2953.546    76.0510  66.9829     -01 32 43.207    121.1919 -39.4253     143.3      2453796.722481976   0.2368806044702848E+08  0.3941496059647924E+00  0.1598295755282718E+03  0.3016422584472384E+03  0.1613881650185594E+03  0.2832340141641434E+03  0.2387031939610687E+03  0.6435894133332617E+08      2453955.563067714
2006-MAR-10 06:01:22.146      2453804.750950764 2453804.751705208   15 10 44.2371  -15 18 39.327   15 11 05.4482  -15 20 12.984    0.7441012337166842E+09      n.d.       119.9412 G    3634.115    3094.080    66.0950  73.9081     -01 00 56.131    117.6068 -40.9280     111.9      2453804.722977489   0.2370844152436499E+08  0.3930662336391581E+00  0.1599260572013492E+03  0.3018951316649000E+03  0.1614615610318971E+03  0.2871563110509521E+03  0.2420946453498971E+03  0.6444202031750161E+08      2453955.642296009
2006-MAR-14 05:31:59.891      2453808.730554294 2453808.731308739   15 10 11.0982  -15 15 28.132   15 10 32.3991  -15 17 02.518    0.7359596225157517E+09      n.d.       124.0489 G    3470.665    3156.807    70.7327  71.0634     -01 14 03.959    121.7156 -47.5400      64.7      2453808.702895346   0.2383901495353540E+08  0.3933795538733962E+00  0.1599076205429074E+03  0.3018401710455962E+03  0.1606894102008640E+03  0.2899335842919517E+03  0.2444815505087957E+03  0.6497512097369444E+08      2453955.069080943
2006-MAY-24 22:10:28.042      2453880.423935671 2453880.424690116   14 37 21.0011  -13 10 12.647   14 37 42.9679  -13 12 02.271    0.6834679153630481E+09      n.d.       157.5098 S    -244.341    3080.903    87.7918  41.6966     -03 20 07.037    283.8600 -23.6252     170.5      2453880.398303337   0.2394207684330675E+08  0.3825088343369255E+00  0.1603843362227620E+03  0.3044933066442603E+03  0.1614274961608619E+03  0.3244404294124991E+03  0.2864545807956319E+03  0.6539693105074260E+08      2453955.163181999
2006-JUL-03 23:44:06.602      2453920.488965301 2453920.489719746   14 24 38.3876  -12 49 56.890   14 25 00.0924  -12 51 49.816    0.7394208155065261E+09      n.d.       116.2411 S   -2526.506    1976.187   299.6502  71.9314     +01 04 12.108    280.7818 -43.5405      23.8      2453920.461172726   0.2351593128513000E+08  0.3724275039612223E+00  0.1602990166815288E+03  0.3055757269169471E+03  0.1634972950013779E+03  0.3424880944790839E+03  0.3204931549629241E+03  0.6365872139113835E+08      2453956.301756400
2006-AUG-30 23:15:43.207      2453978.469250081 2453978.470004526   14 39 53.5805  -15 02 04.424   14 40 15.0101  -15 03 50.436    0.8543213046865230E+09      n.d.        64.9129 S   -3544.334    -392.090   265.4548  30.9541     +04 09 09.383    265.3999 -33.9588      13.9      2453978.437021655   0.2344638150580675E+08  0.3707326044389535E+00  0.1602757567120877E+03  0.3057562577439127E+03  0.1647905178464891E+03  0.1036797644448199E+02  0.2393606466061883E+02  0.6337651856808286E+08      2453957.311563461
2006-AUG-31 22:08:48.145      2453979.422779456 2453979.423533900   14 40 27.0992  -15 05 23.673   14 40 48.5382  -15 07 09.447    0.8560489258414900E+09      n.d.        64.1362 S   -3526.314    -431.962   271.1829  45.6703     +03 05 26.358    271.6567 -18.4645      25.8      2453979.390484282   0.2343502080031560E+08  0.3704480067994083E+00  0.1602749626907142E+03  0.3057558479222639E+03  0.1647669430677944E+03  0.1085468178857284E+02  0.2500409120833892E+02  0.6333046147791666E+08      2453957.289403814
2007-APR-18 03:35:51.333      2454208.649899688 2454208.650654132   17 24 49.1990  -22 47 25.063   17 25 16.7366  -22 47 57.222    0.6985556596292531E+09      n.d.       125.7357 G    8737.212   -1814.164    99.8538  46.7682     -03 08 13.898    144.1905 -75.6161     135.1      2454208.623684845   0.2282771017666510E+08  0.4007840496084948E+00  0.1600270156271821E+03  0.3131816617566097E+03  0.1650611520268849E+03  0.1300731457456842E+03  0.1557803892556976E+03  0.6088469892134862E+08      2453954.011277551
2007-AUG-18 01:56:08.111      2454330.580649433 2454330.581403877   16 43 38.2115  -21 19 25.685   16 44 06.3045  -21 20 25.232    0.7484092384948127E+09      n.d.       107.5894 S    8264.488     568.174   259.3355  36.0967     +03 53 56.853    243.9103 -70.9218      50.5      2454330.552509930   0.2325403063943756E+08  0.3655670385373981E+00  0.1611787204731883E+03  0.3120015736596662E+03  0.1599147081709681E+03  0.2005749094246721E+03  0.1903337031671387E+03  0.6259822203596445E+08      2454651.402793429
2007-AUG-20 00:43:01.055      2454332.529873322 2454332.530627766   16 43 50.5004  -21 19 39.521   16 44 18.5681  -21 20 38.804    0.7529427966821102E+09      n.d.       105.7628 S    8183.243     614.761   263.4903  51.0808     +02 48 18.626    259.8854 -54.6391      27.8      2454332.501558746   0.2328296962866691E+08  0.3637527466085825E+00  0.1612625177730783E+03  0.3119578521355187E+03  0.1598788395268900E+03  0.2014607905292823E+03  0.1908214500032213E+03  0.6271511098204949E+08      2454652.164756951
2007-SEP-07 23:52:27.126      2454351.494758403 2454351.495512847   16 48 12.4580  -21 26 22.254   16 48 40.3462  -21 27 18.498    0.7983390735637209E+09      n.d.        88.4655 S    7338.514    1066.606   262.0801  46.5551     +03 08 09.179    257.2174 -41.8046     129.7      2454351.464691228   0.2345167367878024E+08  0.3550530669081882E+00  0.1616557282290154E+03  0.3118067346796371E+03  0.1591174882159249E+03  0.2115772554059997E+03  0.1963138782584648E+03  0.6339797721559331E+08      2454653.988539609
2007-SEP-10 00:13:33.880      2454353.509419907 2454353.510174352   16 48 54.7743  -21 27 30.245   16 49 22.6356  -21 28 26.100    0.8032035552770466E+09      n.d.        86.6737 S    7243.594    1114.073   260.2829  40.0899     +03 36 30.216    252.9228 -46.3340     104.5      2454353.479164950   0.2348497502884979E+08  0.3533219767871810E+00  0.1617281199811330E+03  0.3117896769822423E+03  0.1589841874993677E+03  0.2126828538567910E+03  0.1969577876479607E+03  0.6353306272634893E+08      2454654.389320769
2008-APR-18 07:05:53.226      2454574.795754930 2454574.796509374   19 27 25.8253  -21 05 24.781   19 27 56.1998  -21 04 28.582    0.7533819314855113E+09      n.d.        98.1806 G   -4784.038    2242.538    90.9319  67.3941     -01 37 17.662     90.4019 -30.7856     106.8      2454574.767423364   0.2310919456014612E+08  0.2919380775660312E+00  0.1655583339302079E+03  0.3196683659204145E+03  0.1720658627987155E+03  0.3086942168834264E+03  0.2767652417096259E+03  0.6201430075681414E+08      2454677.059484345
2008-MAY-26 05:52:09.030      2454612.744548959 2454612.745303403   19 27 43.4057  -21 24 52.238   19 28 15.0747  -21 23 52.211    0.6638489188172411E+09      n.d.       134.8867 G   -5505.064    1225.042    78.3021  84.8357     -00 21 43.740     83.4341 -50.0323      23.3      2454612.719673972   0.2292449356228989E+08  0.2926502499767762E+00  0.1655346028362534E+03  0.3203996388925107E+03  0.1747547834391090E+03  0.3264469181092153E+03  0.3008856405043135E+03  0.6127231129901662E+08      2454678.816474340
2008-JUN-03 05:04:08.511      2454620.711209618 2454620.711964062   19 25 35.8785  -21 35 27.177   19 26 07.8103  -21 34 27.993    0.6492592275851742E+09      n.d.       143.0412 G   -5496.787     945.196    85.1818  81.5570     -00 36 12.449     84.3186 -61.4834     134.8      2454620.686897897   0.2290658795763453E+08  0.2930292976349896E+00  0.1655247046732867E+03  0.3204680589697643E+03  0.1751508861824240E+03  0.3303085429883016E+03  0.3068177953938434E+03  0.6120053849057028E+08      2454679.108102812
2008-AUG-12 01:03:43.159      2454690.544249525 2454690.545003970   18 55 50.1649  -23 32 45.366   18 56 23.6363  -23 32 07.607    0.6321871415246891E+09      n.d.       143.1940 S   -2609.624   -1929.071   259.9264  83.3836     +00 28 25.902    260.8310 -59.8097      18.9      2454690.520596905   0.2361069580465208E+08  0.3147127916579340E+00  0.1658713536031104E+03  0.3199439017120773E+03  0.1736912789409658E+03  0.6127073769458014E+01  0.1233818670311414E+02  0.6404390674883936E+08      2454677.904800186
2008-SEP-20 01:25:43.569      2454729.559532048 2454729.560286493   18 55 31.2610  -23 55 07.857   18 56 04.3453  -23 54 31.564    0.7024794983071005E+09      n.d.       105.3334 S     406.933   -2760.077   257.7531  43.2398     +03 24 34.794    228.5751 -59.3078     137.0      2454729.533165730   0.2360037333170507E+08  0.3174466478037192E+00  0.1662189946404219E+03  0.3206080255402675E+03  0.1725509974620764E+03  0.2592676684089821E+02  0.4964660401111961E+02  0.6400191184712609E+08      2454676.184315233
2009-MAY-20 10:06:54.976      2454971.921469630 2454971.922235648   21 56 02.3539  -13 20 20.936   21 56 33.6914  -13 17 37.296    0.7610240610153164E+09      n.d.        92.8647 G    2315.975     993.342   300.0257  72.8515     +01 00 49.715     64.8340   7.0370      39.9      2454971.892854590   0.2427004670692082E+08  0.2357969158417577E+00  0.1675641883549141E+03  0.3180845471112606E+03  0.1777177218638384E+03  0.1403661636211206E+03  0.1542652980485225E+03  0.6674527947254557E+08      2454670.684687815
2009-MAY-22 08:23:59.546      2454973.849994746 2454973.850760764   21 56 31.7908  -13 17 23.232   21 57 03.1661  -13 14 39.015    0.7566192660919256E+09      n.d.        94.5909 G    2234.897    1017.519    43.2902  77.5346     -00 34 58.995     73.8655 -15.3949      66.5      2454973.821549757   0.2426718167066504E+08  0.2362509505368973E+00  0.1675576562660457E+03  0.3181003537817117E+03  0.1778111031840047E+03  0.1411182074936470E+03  0.1547939726907516E+03  0.6673346107736894E+08      2454671.053211052
2009-MAY-24 08:48:10.713      2454975.866790660 2454975.867556678   21 56 59.8264  -13 14 31.100   21 57 31.2573  -13 11 46.237    0.7520195878483956E+09      n.d.        96.4068 G    2150.014    1043.193     4.9589  80.6277     -00 03 18.829     71.5680 -10.2289      95.5      2454975.838523248   0.2429307860022580E+08  0.2354232588594377E+00  0.1675856102928644E+03  0.3180342100903067E+03  0.1779834796631579E+03  0.1417619270057183E+03  0.1551896866198134E+03  0.6684031234337015E+08      2454671.202094510
2009-JUN-21 07:01:01.985      2455003.792384085 2455003.793150104   21 58 32.3688  -13 00 16.084   21 59 04.6406  -12 57 25.591    0.6918267492070135E+09      n.d.       122.6923 G     990.750    1452.362     2.8028  80.4109     -00 01 54.937     76.6188 -35.8694     102.2      2455003.766440536   0.2465603410418857E+08  0.2271709838749182E+00  0.1680419007679782E+03  0.3171146237367835E+03  0.1817298299041115E+03  0.1482231415087726E+03  0.1591880474389463E+03  0.6834385482188596E+08      2454678.080327351
2009-JUN-24 07:19:57.399      2455006.805525451 2455006.806291470   21 58 08.4120  -13 01 39.697   21 58 40.8139  -12 58 48.754    0.6860420048420091E+09      n.d.       125.6672 G     871.231    1503.487   322.6910  78.1778     +00 29 17.115     75.5850 -31.7681     147.4      2455006.779805236   0.2469989659133727E+08  0.2265190645673358E+00  0.1681126831577354E+03  0.3169993430895636E+03  0.1823648958598641E+03  0.1485167396532661E+03  0.1593603927225914E+03  0.6852630899937136E+08      2454679.577387764
2009-JUL-18 07:12:39.820      2455030.800460879 2455030.801226898   21 51 16.2835  -13 31 20.524   21 51 49.4530  -13 28 29.669    0.6487554709266058E+09      n.d.       150.2837 G      -5.492    1953.200   281.8533  59.3541     +02 03 27.056     79.0912 -33.7117      98.1      2455030.776180212   0.2482504379292941E+08  0.2271002592452749E+00  0.1684594650654248E+03  0.3165453616219089E+03  0.1853330305628626E+03  0.1542262733087114E+03  0.1631911421206503E+03  0.6904777248933630E+08      2454688.409261767
2010-JUL-06 08:13:50.500      2455383.842945602 2455383.843711620   00 09 17.5070  +00 09 14.593   00 09 51.1344  +00 12 53.755    0.6810578462321019E+09      n.d.       101.8286 G   -2673.596     909.533     0.9700  67.2467     -00 01 30.038     72.9802 -20.1155      32.8      2455383.817417822   0.2357770500265679E+08  0.3893954265359599E+00  0.1706136535456722E+03  0.3192081013816947E+03  0.1961871559038921E+03  0.3155107684983010E+03  0.2726633018600567E+03  0.6390972254519942E+08      2455475.229919157
2010-OCT-20 03:38:45.572      2455489.651916342 2455489.652682361   23 48 33.8143  -03 39 24.912   23 49 09.1471  -03 35 35.929    0.6050187218015529E+09      n.d.       149.3641 S    4692.008    -552.395   289.8987  46.6245     +02 41 16.605    157.5983 -54.8436       8.1      2455489.629324251   0.2287899572895079E+08  0.3570718797684340E+00  0.1705353493396574E+03  0.3194337643589693E+03  0.1929210462389414E+03  0.8396629360424305E+01  0.1879546316531508E+02  0.6108999274053423E+08      2455473.137875348
2013-NOV-10 05:25:02.019      2456606.725717813 2456606.726495405   07 24 18.4673  +23 11 13.360   07 25 09.8043  +23 09 22.874    0.6678272742019218E+09      n.d.       118.4671 G   -2926.714    4613.912    30.7343  37.7401     -01 44 18.120    132.2676 -34.4538     151.5      2456606.700712476   0.2408531003587951E+08  0.3867072909595974E+00  0.1708256119643334E+03  0.3592423815942786E+03  0.2087593342225651E+03  0.2238339744747577E+03  0.2016412190732253E+03  0.6598466244418664E+08      2456895.566106980
