  -326.5  -111.3  31.9   9.4     4  -326.5  -111.3  31.9   9.4     4   0.00 120.0  2.0   19 04 29.94854 -23 15 47.2368 01 54 12.2501 21 06 1996 2450255.5793084502 1996.471127470  19.0749857050 -23.2631213330 17.2  40.3  41.5    50 Pasiphae              0.0000 160/LNA              Varios               Altair               PRAIA V.0.1.0        1rd degree           UCAC4                JUP300               23 Sep 2013                                                  
   -31.5   -35.0  23.7   6.0     4   -31.5   -35.0  23.7   6.0     4   0.00 120.0  2.0   19 04  3.78884 -23 17 21.4701 01 35 25.2500 22 06 1996 2450256.5662644673 1996.473829608  19.0677191235 -23.2892972550 17.0  46.5  39.5    42 Pasiphae              0.0000 160/LNA              Varios               Altair               PRAIA V.0.1.0        1rd degree           UCAC4                JUP300               23 Sep 2013                                                  
     5.8   -13.8  66.3  16.2     4     5.8   -13.8  66.3  16.2     4   0.00 120.0  2.0   19 02 12.98594 -23 23 46.8063 03 00 38.0000 26 06 1996 2450260.6254398152 1996.484943024  19.0369405383 -23.3963350695 16.8  35.3  49.8    48 Pasiphae              0.0000 160/LNA              Varios               Altair               PRAIA V.0.1.0        1rd degree           UCAC4                JUP300               23 Sep 2013                                                  
   156.1   -53.1   8.4  10.6     8   156.1   -53.1   8.4  10.6     8   0.00 120.0  2.0   18 47 51.76447 -24 05 12.5441 02 20 35.0550 27 07 1996 2450291.5976279513 1996.569740254  18.7977123520 -24.0868177991 17.1  44.5  53.1    36 Pasiphae              0.0000 160/LNA              Varios               Altair               PRAIA V.0.1.0        1rd degree           UCAC4                JUP300               23 Sep 2013                                                  
   138.2   -58.0   4.3  22.2     5   138.2   -58.0   4.3  22.2     5   0.00 120.0  2.0   18 40 18.82641 -24 24 46.0655 01 07 28.4781 26 08 1996 2450321.5468573859 1996.651736775  18.6718962262 -24.4127959604 17.8  51.2  53.2    54 Pasiphae              0.0000 160/LNA              Varios               Altair               PRAIA V.0.1.0        1rd degree           UCAC4                JUP300               23 Sep 2013                                                  
   300.0  -184.5  50.4  15.0     4   300.0  -184.5  50.4  15.0     4   0.00 120.0  2.0   21 14 53.29231 -16 52 49.7773 03 44 38.5000 14 08 1997 2450674.6560011576 1997.618496923  21.2481367535 -16.8804936845 17.0  73.0  79.5     5 Pasiphae              0.0000 160/LNA              Varios               Altair               PRAIA V.0.1.0        1rd degree           UCAC4                JUP300               23 Sep 2013                                                  
   112.1    -6.2  25.5  43.1    11   130.8    -5.3  69.3  41.2    12   8.33 120.0  2.0   23 58  5.53320 -02 32 18.9844 23 54 19.1244 13 08 1998 2451039.4960546801 1998.617374550  23.9682036655  -2.5386067867 17.2  44.3  42.1    11 Pasiphae              0.6900 OHP                  Varios               Altair               PRAIA V.0.1.1        1rd degree           UCAC4                SAT359               10 Dec 2013                                                  
    70.5  -187.6 115.2  39.1     8    46.0  -197.3 130.5  46.7     9  11.11 120.0  2.0   01 49 26.98054 +10 21 38.0990 01 09 42.2924 09 10 1999 2451460.5484061623 1999.770153062   1.8241612609  10.3605830499 16.4  46.4  48.5    14 Pasiphae              0.6900 OHP                  Varios               Altair               PRAIA V.0.1.1        1rd degree           UCAC4                SAT359               10 Dec 2013                                                  
    44.1   -89.3  55.0  16.6    10    44.1   -89.3  55.0  16.6    10   0.00 120.0  2.0   01 48  2.25931 +10 15  9.2153 23 30 12.6029 11 10 1999 2451463.4793125340 1999.778177447   1.8006275862  10.2525598132 16.3  36.9  45.2    14 Pasiphae              0.6900 OHP                  Varios               Altair               PRAIA V.0.1.1        1rd degree           UCAC4                SAT359               10 Dec 2013                                                  
   100.8   -72.7  29.9  28.8    12   101.3   -78.9  28.6  35.6    13   7.69 120.0  2.0   01 34  7.49176 +09 10 44.0537 20 43 13.1158 09 11 1999 2451492.3633462475 1999.857257621   1.5687477119   9.1789038163 16.8  58.4  58.1    11 Pasiphae              0.6900 OHP                  Varios               Altair               PRAIA V.0.1.1        1rd degree           UCAC4                SAT359               10 Dec 2013                                                  
   141.2  -201.4 100.9  57.7     5    75.6  -182.0 139.7  64.3     7  28.57 120.0  2.0   01 27  8.88773 +08 41  0.7640 21 46 53.5519 01 12 1999 2451514.4075642577 1999.917611401   1.4524688132   8.6835455626 16.9  72.4  35.8    11 Pasiphae              0.6900 OHP                  Varios               Altair               PRAIA V.0.1.1        1rd degree           UCAC4                SAT359               10 Dec 2013                                                  
   -22.0  -106.1  27.9  87.8     9   -22.0  -106.1  27.9  87.8     9   0.00 120.0  2.0   01 26 46.70560 +08 39 47.6896 23 12 42.2501 03 12 1999 2451516.4671556721 1999.923250255   1.4463071101   8.6632471139 16.7  36.1  55.6     7 Pasiphae              0.6900 OHP                  Varios               Altair               PRAIA V.0.1.1        1rd degree           UCAC4                SAT359               10 Dec 2013                                                  
   -30.2  -118.7  26.8  39.3     9   -30.2  -118.7  26.8  39.3     9   0.00 120.0  2.0   01 26 37.20469 +08 39 18.8973 23 02 03.1456 04 12 1999 2451517.4597586300 1999.925967853   1.4436679701   8.6552492404 16.9  38.8  34.4    10 Pasiphae              0.6900 OHP                  Varios               Altair               PRAIA V.0.1.1        1rd degree           UCAC4                SAT359               10 Dec 2013                                                  
    -1.0  -135.2  29.2  10.8     5    -1.0  -135.2  29.2  10.8     5   0.00 120.0  2.0   01 26  7.75551 +08 38  7.8801 19 25 38.6580 08 12 1999 2451521.3094752082 1999.936507803   1.4354876424   8.6355222614 16.9  45.0  56.6    15 Pasiphae              0.6900 OHP                  Varios               Altair               PRAIA V.0.1.1        1rd degree           UCAC4                SAT359               10 Dec 2013                                                  
   114.4   -36.0  23.2  10.6     5   114.4   -36.0  23.2  10.6     5   0.00 120.0  2.0   04 14 42.05101 +18 57 40.1681 23 00 44.3380 24 11 2000 2451873.4588465039 2000.900640236   4.2450141706  18.9611577934 16.9  60.2  37.6    25 Pasiphae              0.6900 OHP                  Varios               Altair               PRAIA V.0.1.1        1rd degree           UCAC4                SAT359               10 Dec 2013                                                  
   -59.3   -91.7  15.6  10.2    10   -59.3   -91.7  15.6  10.2    10   0.00 120.0  2.0   07 05 28.64798 +23 26 53.9913 00 26 01.7581 22 11 2001 2452235.5180759039 2001.891904383   7.0912911048  23.4483309185 17.3  48.3  47.9    96 Pasiphae              0.6900 OHP                  Varios               Altair               PRAIA V.0.1.1        1rd degree           UCAC4                SAT359               10 Dec 2013                                                  
   -79.9   -63.1  13.1  12.0    10   -81.4   -59.8  13.4  15.7    11   9.09 120.0  2.0   06 55 50.30772 +23 53 24.1985 22 32 30.1919 17 12 2001 2452261.4392383322 2001.962872658   6.9306410340  23.8900551510 17.0  49.1  53.1   134 Pasiphae              0.6900 OHP                  Varios               Altair               PRAIA V.0.1.1        1rd degree           UCAC4                SAT359               10 Dec 2013                                                  
   -75.5   -72.8  36.6  12.8     6   -75.5   -72.8  36.6  12.8     6   0.00 120.0  2.0   06 54 14.59288 +23 56 41.4048 02 27 43.9082 21 12 2001 2452264.6025915300 2001.971533447   6.9040535768  23.9448346752 16.8  49.7  47.7   129 Pasiphae              0.6900 OHP                  Varios               Altair               PRAIA V.0.1.1        1rd degree           UCAC4                SAT359               10 Dec 2013                                                  
   -92.6   -49.6  24.9  18.4    10   -92.6   -49.6  24.9  18.4    10   0.00 120.0  2.0   06 43  8.27212 +24 14 55.2232 22 09 18.4279 10 01 2002 2452285.4231299530 2002.028536974   6.7189644776  24.2486731009 16.8  47.4  41.8   146 Pasiphae              0.6900 OHP                  Varios               Altair               PRAIA V.0.1.1        1rd degree           UCAC4                SAT359               10 Dec 2013                                                  
   -28.0   -31.0  31.4  55.8     5   -28.0   -31.0  31.4  55.8     5   0.00 120.0  2.0   06 31 30.69979 +24 24 52.0153 23 45 11.2599 07 02 2002 2452313.4897136563 2002.105379092   6.5251943866  24.4144486962 17.2  49.0  52.2   121 Pasiphae              0.6900 OHP                  Varios               Altair               PRAIA V.0.1.1        1rd degree           UCAC4                SAT359               10 Dec 2013                                                  
   -28.7   -70.3  15.8  35.1     3   -28.7   -70.3  15.8  35.1     3   0.00 120.0  2.0   06 31 16.33625 +24 24 53.7779 21 55 52.5567 08 02 2002 2452314.4138027397 2002.107909110   6.5212045130  24.4149382977 17.0  51.0  52.0   145 Pasiphae              0.6900 OHP                  Varios               Altair               PRAIA V.0.1.1        1rd degree           UCAC4                SAT359               10 Dec 2013                                                  
   -38.0    -5.8  63.8  21.9     4   -38.0    -5.8  63.8  21.9     4   0.00 120.0  2.0   06 34 39.56480 +24 06  6.0886 20 28 28.9051 28 03 2002 2452362.3531123274 2002.239159787   6.5776568880  24.1016912838 17.5  49.0  48.3   137 Pasiphae              0.6900 OHP                  Varios               Altair               PRAIA V.0.1.1        1rd degree           UCAC4                SAT359               10 Dec 2013                                                  
   -87.8  -115.6  32.3  25.3     5   -87.8  -115.6  32.3  25.3     5   0.00 120.0  2.0   09 10 38.11150 +15 56 39.6526 03 13 20.6999 29 12 2002 2452637.6342673600 2002.992838514   9.1772531938  15.9443479346 17.0  50.0  41.4    12 Pasiphae              0.6900 OHP                  Varios               Altair               PRAIA V.0.1.1        1rd degree           UCAC4                SAT359               10 Dec 2013                                                  
   -40.2  -134.1  38.4  18.0    10   -41.8  -129.3  36.8  23.4    11   9.09 120.0  2.0   09 10 17.79245 +15 58 25.3187 03 59 57.0712 30 12 2002 2452638.6666327678 2002.995664976   9.1716090149  15.9736996370 16.9  40.9  68.3    13 Pasiphae              0.6900 OHP                  Varios               Altair               PRAIA V.0.1.1        1rd degree           UCAC4                SAT359               10 Dec 2013                                                  
   -69.6  -151.3  23.8  26.7     7   -69.6  -151.3  23.8  26.7     7   0.00 120.0  2.0   09 03 50.96948 +16 31 19.4012 23 14 13.7158 14 01 2003 2452654.4682143028 2003.038927349   9.0641581881  16.5220559011 17.4  48.9  58.7    21 Pasiphae              0.6900 OHP                  Varios               Altair               PRAIA V.0.1.1        1rd degree           UCAC4                SAT359               10 Dec 2013                                                  
   -72.0  -158.8  12.0  14.2     6   -52.6  -170.0  52.6  32.3     7  14.29 120.0  2.0   08 36  3.43687 +18 53 10.8777 20 48 02.5116 25 03 2003 2452724.3666957365 2003.230298961   8.6009546865  18.8863549173 17.3  50.8  58.5    20 Pasiphae              0.6900 OHP                  Varios               Altair               PRAIA V.0.1.1        1rd degree           UCAC4                SAT359               10 Dec 2013                                                  
   -79.1  -219.9  20.4  53.2    10   -84.3  -215.5  25.8  52.6    11   9.09 120.0  2.0   08 35 56.15903 +18 54 33.2860 21 56 50.2230 27 03 2003 2452726.4144701739 2003.235905462   8.5989330649  18.9092461178 17.2  51.5  56.6    18 Pasiphae              0.6900 OHP                  Varios               Altair               PRAIA V.0.1.1        1rd degree           UCAC4                SAT359               10 Dec 2013                                                  
   -58.0    -5.2  57.8  77.0     8   -58.0    -5.2  57.8  77.0     8   0.00 120.0  2.0   11 00 17.21900 +09 05 22.0683 01 53 14.5225 26 03 2004 2453090.5786403064 2004.232932622  11.0047830550   9.0894634090 17.5  54.8  60.3    13 Pasiphae              0.6900 OHP                  Varios               Altair               PRAIA V.0.1.1        1rd degree           UCAC4                SAT359               10 Dec 2013                                                  
  -200.1    20.8  25.2  14.4     8  -212.0    12.2  42.7  28.9     9  11.11 120.0  2.0   10 51 23.82220 +09 45 33.3240 21 09 35.0563 19 04 2004 2453115.3816557438 2004.300839577  10.8566172790   9.7592566617 16.4  22.7  46.5    11 Pasiphae              0.6900 OHP                  Varios               Altair               PRAIA V.0.1.1        1rd degree           UCAC4                SAT359               10 Dec 2013                                                  
  -194.6    41.1  18.8  34.6     9  -194.6    41.1  18.8  34.6     9   0.00 120.0  2.0   10 51  9.94204 +09 46 16.5703 20 40 19.0367 20 04 2004 2453116.3613314433 2004.303521783  10.8527616771   9.7712695231 16.5  39.8  37.6    12 Pasiphae              0.6900 OHP                  Varios               Altair               PRAIA V.0.1.1        1rd degree           UCAC4                SAT359               10 Dec 2013                                                  
   -81.3    64.9  54.4  74.2    11   -81.3    64.9  54.4  74.2    11   0.00 120.0  2.0   10 48 55.30414 +09 38 56.3369 22 11 43.5573 17 05 2004 2453143.4248096910 2004.377617548  10.8153622615   9.6489824748 17.4  64.5  34.2    12 Pasiphae              0.6900 OHP                  Varios               Altair               PRAIA V.0.1.1        1rd degree           UCAC4                SAT359               10 Dec 2013                                                  
  -185.1    39.4  91.5  77.2     8  -185.1    39.4  91.5  77.2     8   0.00 120.0  2.0   10 49 15.57634 +09 33 39.7270 20 51 33.1825 21 05 2004 2453147.3691340564 2004.388416520  10.8209934269   9.5610352866 17.3  66.9  52.1    13 Pasiphae              0.6900 OHP                  Varios               Altair               PRAIA V.0.1.1        1rd degree           UCAC4                SAT359               10 Dec 2013                                                  
  -138.9  -158.1  39.5  26.5     9  -138.9  -158.1  39.5  26.5     9   0.00 120.0  2.0   13 07 21.92393 -06 07 32.9568 00 58 10.1356 08 03 2005 2453437.5403950880 2005.182862135  13.1227566459  -6.1258213324 17.5  32.4  49.4    12 Pasiphae              0.6900 OHP                  Varios               Altair               PRAIA V.0.1.1        1rd degree           UCAC4                SAT359               10 Dec 2013                                                  
  -171.7   -79.4  37.8  32.4     9  -171.7   -79.4  37.8  32.4     9   0.00 120.0  2.0   13 06 24.49632 -06 00  6.7712 01 17 48.9823 11 03 2005 2453440.5540391468 2005.191113043  13.1068045343  -6.0018808903 17.5  51.6  50.7    17 Pasiphae              0.6900 OHP                  Varios               Altair               PRAIA V.0.1.1        1rd degree           UCAC4                SAT359               10 Dec 2013                                                  
  -170.6  -161.6  20.5  16.1     8  -157.3  -161.7  44.3  15.1     9  11.11 120.0  2.0   12 57 19.22074 -04 52 17.8297 01 34 48.0113 03 04 2005 2453463.5658334638 2005.254115902  12.9553390953  -4.8716193640 16.9  66.3  48.9    10 Pasiphae              0.0000 IAG/LNA              Varios               Altair               PRAIA V.0.1.0        1rd degree           UCAC4                JUP300               23 Sep 2013                                                  
  -140.4  -171.4  15.8  23.4     9  -140.4  -171.4  15.8  23.4     9   0.00 120.0  2.0   12 56 51.71753 -04 48 57.0197 02 54 56.7499 04 04 2005 2453464.6214901609 2005.257006133  12.9476993141  -4.8158388024 16.9  52.2  56.2    14 Pasiphae              0.0000 IAG/LNA              Varios               Altair               PRAIA V.0.1.0        1rd degree           UCAC4                JUP300               23 Sep 2013                                                  
  -118.4  -194.0 100.2  45.3     5  -118.4  -194.0 100.2  45.3     5   0.00 120.0  2.0   12 53  0.41481 -04 20 53.9234 01 21 03.6018 13 04 2005 2453473.5562916878 2005.281468286  12.8834485578  -4.3483120556 16.2  54.2  58.8    10 Pasiphae              0.6900 OHP                  Varios               Altair               PRAIA V.0.1.1        1rd degree           UCAC4                SAT359               10 Dec 2013                                                  
  -172.4  -179.0  31.8  15.6     8  -172.4  -179.0  31.8  15.6     8   0.00 120.0  2.0   12 45  9.76103 -03 23 47.9257 23 06 01.0836 03 05 2005 2453494.4625125411 2005.338706399  12.7527113964  -3.3966460373 17.0  58.3  49.7    15 Pasiphae              0.6900 OHP                  Varios               Altair               PRAIA V.0.1.1        1rd degree           UCAC4                SAT359               10 Dec 2013                                                  
  -232.0  -109.0  29.2  28.6     8  -186.9  -146.1 138.1 114.5     9  11.11 120.0  2.0   12 42 45.69536 -03 06  2.8659 21 59 26.9400 12 05 2005 2453503.4162840275 2005.363220490  12.7126931559  -3.1007960779 17.7  44.6  65.4    12 Pasiphae              0.6900 OHP                  Varios               Altair               PRAIA V.0.1.1        1rd degree           UCAC4                SAT359               10 Dec 2013                                                  
   -93.5   -22.5  20.6  11.5    10   -93.5   -22.5  20.6  11.5    10   0.00 120.0  2.0   15 11 14.00037 -15 22 54.9704 06 01 36.9950 02 03 2006 2453796.7511226269 2006.166327508  15.1872223261 -15.3819362331 18.0  57.2  49.2    34 Pasiphae              0.0000 IAG/LNA              Varios               Altair               PRAIA V.0.1.0        1rd degree           UCAC4                JUP300               23 Sep 2013                                                  
   -54.7   -61.0  24.0  31.6    12   -75.8   -67.6  75.1  53.5    19  36.84 120.0  2.0   15 10 44.23320 -15 18 39.3871 06 01 22.1459 10 03 2006 2453804.7509507625 2006.188229844  15.1789536673 -15.3109408476 17.7  54.3  48.8    29 Pasiphae              0.0000 IAG/LNA              Varios               Altair               PRAIA V.0.1.0        1rd degree           UCAC4                JUP300               23 Sep 2013                                                  
  -127.6   -24.1  28.9  16.6     8  -127.6   -24.1  28.9  16.6     8   0.00 120.0  2.0   15 10 11.08936 -15 15 28.1557 05 31 59.8913 14 03 2006 2453808.7305542976 2006.199125405  15.1697470455 -15.2578210190 17.8  51.4  60.1    19 Pasiphae              0.0000 IAG/LNA              Varios               Altair               PRAIA V.0.1.0        1rd degree           UCAC4                JUP300               23 Sep 2013                                                  
  -240.8   -51.0 119.0  57.4     5  -240.8   -51.0 119.0  57.4     5   0.00 120.0  2.0   14 37 20.88918 -13 10 14.7599 22 10 28.0421 24 05 2006 2453880.4239356718 2006.395411186  14.6224692154 -13.1707666476 16.3  47.8  54.4    25 Pasiphae              0.6900 OHP                  Varios               Altair               PRAIA V.0.1.1        1rd degree           UCAC4                SAT359               10 Dec 2013                                                  
  -241.0   -26.0  18.9  10.6    21  -243.4   -24.1  37.1  17.8    33  36.36 120.0  2.0   14 24 38.37165 -12 49 56.9137 23 44 06.6023 03 07 2006 2453920.4889653046 2006.505103258  14.4106587927 -12.8324760184 17.8  49.1  44.0    26 Pasiphae              0.0000 IAG/LNA              Varios               Altair               PRAIA V.0.1.0        1rd degree           UCAC4                JUP300               23 Sep 2013                                                  
   -15.1   -70.5 108.9  46.1    11    10.9   -86.9 137.5  71.8    12   8.33 120.0  2.0   14 39 53.57953 -15 02  4.4944 23 15 43.2073 30 08 2006 2453978.4692500844 2006.663844627  14.6648832020 -15.0345817723 17.0  54.0  54.3    21 Pasiphae              0.0000 IAG/LNA              Varios               Altair               PRAIA V.0.1.0        1rd degree           UCAC4                JUP300               23 Sep 2013                                                  
    90.2   -60.8  55.9  40.2     9    90.2   -60.8  55.9  40.2     9   0.00 120.0  2.0   14 40 27.10550 -15 05 23.7331 22 08 48.1453 31 08 2006 2453979.4227794600 2006.666455248  14.6741959718 -15.0899258643 17.0  61.6  52.7    20 Pasiphae              0.0000 IAG/LNA              Varios               Altair               PRAIA V.0.1.0        1rd degree           UCAC4                JUP300               23 Sep 2013                                                  
  -206.9  -204.5  24.6  25.1    11  -231.4  -199.3  88.1  30.0    12   8.33 120.0  2.0   17 24 49.18405 -22 47 25.2672 03 35 51.3327 18 04 2007 2454208.6498996834 2007.294044899  17.4136622364 -22.7903519965 18.2  63.3  57.8   140 Pasiphae              0.0000 Zeiss/LNA            Varios               Altair               PRAIA V.0.1.0        1rd degree           UCAC4                JUP300               23 Sep 2013                                                  
   143.3  -157.8  23.7  11.0    31   127.3  -167.9  47.4  48.7    49  36.73  80.0  2.0   16 43 38.22182 -21 19 25.8423 01 56 08.1109 18 08 2007 2454330.5806494318 2007.627873099  16.7272838401 -21.3238450887 17.7  70.2  72.1     6 Pasiphae              0.0000 160/LNA              varios               Altair               PRAIA V.0.1.1        1rd degree           UCAC4                JUP300               01 Aug 2014          Irregular                               
    20.7  -139.8  12.0   8.7    35    19.2  -145.5  15.8  21.6    52  32.69  80.0  2.0   16 43 50.50195 -21 19 39.6605 00 43 01.0554 20 08 2007 2454332.5298733264 2007.633209783  16.7306949869 -21.3276834647 18.0  60.4  91.2     8 Pasiphae              0.0000 160/LNA              varios               Altair               PRAIA V.0.1.1        1rd degree           UCAC4                JUP300               01 Aug 2014          Irregular                               
   -47.3   -81.0  23.4  16.0    12   -25.2  -170.1  71.1 123.9    33  63.64  80.0  2.0   16 48 12.45464 -21 26 22.3344 23 52 27.1259 07 09 2007 2454351.4947584011 2007.685132808  16.8034596228 -21.4395373195 17.3 100.9  83.3     5 Pasiphae              0.0000 160/LNA              varios               Altair               PRAIA V.0.1.1        1rd degree           UCAC4                JUP300               01 Aug 2014          Irregular                               
    -9.3    17.1  16.5  15.2     9    -9.3    17.1  16.5  15.2     9   0.00 120.0  2.0   16 48 54.81186 -21 27 30.2017 00 13 33.8798 10 09 2007 2454353.5094199046 2007.690648651  16.8152255177 -21.4583893502 18.0  30.2  31.4  2322 Pasiphae              0.2800 ESO                  Varios               Altair               PRAIA V.0.1.1        1rd degree           UCAC4                jup300+de421         22 Nov 2014                                                  
    45.6    30.9  40.7  23.9     7   113.9    39.2 150.7  34.3     9  22.22 120.0  2.0   19 27 25.82847 -21 05 24.7491 07 05 53.2258 18 04 2008 2454574.7957549286 2008.296497617  19.4571745760 -21.0902080797 17.9  59.3  53.9   102 Pasiphae              0.0000 IAG/LNA              Varios               Altair               PRAIA V.0.1.0        1rd degree           UCAC4                JUP300               23 Sep 2013                                                  
   -58.4    -1.3  90.6  21.2    10  -116.3    13.0 165.6  86.1    12  16.67 120.0  2.0   19 27 43.40146 -21 24 52.2385 05 52 09.0300 26 05 2008 2454612.7445489583 2008.400395753  19.4620559621 -21.4145106984 17.4  53.7  55.8   113 Pasiphae              0.0000 IAG/LNA              Varios               Altair               PRAIA V.0.1.0        1rd degree           UCAC4                JUP300               23 Sep 2013                                                  
    30.0    12.7  24.8  29.3     3    30.0    12.7  24.8  29.3     3   0.00 120.0  2.0   19 25 35.93085 -21 35 26.8251 05 04 08.5109 03 06 2008 2454620.7112096166 2008.422207281  19.4266474597 -21.5907847443 16.9  24.0  23.3  1089 Pasiphae              0.2800 ESO                  Varios               Altair               PRAIA V.0.1.1        1rd degree           UCAC4                jup300+de421         22 Nov 2014                                                  
   135.5   -62.4  32.7  29.8     8    64.4   -51.0 215.3  44.0     9  11.11 120.0  2.0   18 55 50.17670 -23 32 45.3908 01 03 43.1586 12 08 2008 2454690.5442495211 2008.613399724  18.9306046402 -23.5459418992 16.9  56.3  52.4   157 Pasiphae              0.0000 IAG/LNA              Varios               Altair               PRAIA V.0.1.0        1rd degree           UCAC4                JUP300               23 Sep 2013                                                  
    40.2   -59.6  52.7  52.5    13    28.1   -57.7  59.1  74.1    15  13.33 120.0  2.0   18 55 31.26406 -23 55  7.9167 01 25 43.5691 20 09 2008 2454729.5595320500 2008.720217746  18.9253511275 -23.9188657362 17.8  55.8  54.1   237 Pasiphae              0.0000 IAG/LNA              Varios               Altair               PRAIA V.0.1.0        1rd degree           UCAC4                JUP300               23 Sep 2013                                                  
   166.5  -264.6  18.1  18.0     8   166.5  -264.6  18.1  18.0     8   0.00 120.0  2.0   21 56  2.41185 -13 20 21.0113 10 06 54.9763 20 05 2009 2454971.9214696325 2009.383768568  21.9340032927 -13.3391698068 17.7  32.4  28.9   160 Pasiphae              0.2800 ESO                  Varios               Altair               PRAIA V.0.1.1        1rd degree           UCAC4                jup300+de421         22 Nov 2014                                                  
   119.7   -98.7  15.3  12.4    26   113.2   -95.0  22.0  15.5    30  13.33 120.0  2.0   21 56 31.83994 -13 17 23.0774 08 23 59.5465 22 05 2009 2454973.8499947507 2009.389048582  21.9421777615 -13.2897437312 17.7  26.5  23.9   374 Pasiphae              0.2800 ESO                  Varios               Altair               PRAIA V.0.1.1        1rd degree           UCAC4                jup300+de421         22 Nov 2014                                                  
    52.6   -61.6  72.9  26.4    20    57.8   -58.9  75.3  36.3    23  13.04 120.0  2.0   21 56 59.87373 -13 14 30.9255 08 48 10.7135 24 05 2009 2454975.8667906653 2009.394570268  21.9499649246 -13.2419237525 17.9  29.2  29.1   237 Pasiphae              0.2800 ESO                  Varios               Altair               PRAIA V.0.1.1        1rd degree           UCAC4                jup300+de421         22 Nov 2014                                                  
   174.6  -147.1  24.5   8.1     8   121.1  -134.5 294.0  42.6    10  20.00  80.0  2.0   21 58 32.38074 -13 00 16.2316 07 01 01.9853 21 06 2009 2455003.7923840890 2009.471026376  21.9756613162 -13.0045087831 18.0  46.4  58.8    10 Pasiphae              0.0000 160/LNA              varios               Altair               PRAIA V.0.1.1        1rd degree           UCAC4                JUP300               01 Aug 2014          Irregular                               
   181.9  -232.0  20.8  16.7    10   181.9  -232.0  20.8  16.7    10   0.00  80.0  2.0   21 58  8.42447 -13 01 39.9289 07 19 57.3990 24 06 2009 2455006.8055254510 2009.479275908  21.9690067974 -13.0277580413 17.5  55.4  47.6     7 Pasiphae              0.0000 160/LNA              varios               Altair               PRAIA V.0.1.1        1rd degree           UCAC4                JUP300               01 Aug 2014          Irregular                               
   210.3  -167.5 106.7  44.9     6   210.3  -167.5 106.7  44.9     6   0.00 120.0  2.0   21 51 16.29796 -13 31 20.6915 07 12 39.8202 18 07 2009 2455030.8004608816 2009.544970461  21.8545272122 -13.5224143172 17.2  61.0  63.7    14 Pasiphae              0.0000 IAG/LNA              Varios               Altair               PRAIA V.0.1.0        1rd degree           UCAC4                JUP300               23 Sep 2013                                                  
    87.9    65.9  31.2  47.9     8    92.0    86.8  31.7  77.1     9  11.11 120.0  2.0   00 09 17.51289 +00 09 14.6590 08 13 50.4999 06 07 2010 2455383.8429456013 2010.511548105   0.1548646905   0.1540719519 17.1  66.4  66.0     7 Pasiphae              0.0000 IAG/LNA              Varios               Altair               PRAIA V.0.1.0        1rd degree           UCAC4                JUP300               23 Sep 2013                                                  
    99.1  -140.4  25.8  20.2     7    57.5  -181.4 120.2 117.3     8  12.50 120.0  2.0   23 48 33.82094 -03 39 25.0521 03 38 45.5715 20 10 2010 2455489.6519163372 2010.801237279  23.8093947054  -3.6569589036 17.2  49.9  38.0     5 Pasiphae              0.0000 160/LNA              Varios               Altair               PRAIA V.0.1.0        1rd degree           UCAC4                JUP300               23 Sep 2013                                                  
   -52.7   131.8  26.4  12.2    12   -52.7   131.8  26.4  12.2    12   0.00  80.0  2.0   07 24 18.46346 +23 11 13.4913 05 25 02.0185 10 11 2013 2456606.7257178067 2013.859618666   7.4051287377  23.1870809188 17.1  66.1  59.7     9 Pasiphae              0.0000 160/LNA              varios               Altair               PRAIA V.0.1.1        1rd degree           UCAC4                JUP300               01 Aug 2014          Irregular                               
