2451040.43724421
2451040.45327465
2451040.46075046
2451040.46449444
2451040.48468484
2451040.48841609
2451040.49215590
2451040.49589468
2451040.51330880
2451040.51704838
2451461.44098414
2451461.44458009
2451461.44900035
2451461.45469120
2451461.45905694
2451461.46343241
2451461.46669919
2451461.46996644
2451461.47322847
2451461.47649826
2451461.47976875
2451461.48303669
2451465.46054398
2451465.46440972
2451465.46817662
2451465.47217338
2451465.47605266
2451465.47978738
2451465.48352130
2451467.53657315
2451467.54032488
2451467.54407269
2451467.54782512
2451467.55255289
2451467.55647535
2451493.33188021
2451493.33540359
2451493.33919954
2451493.34272512
2451493.34695509
2451493.35022095
2451493.35349063
2451493.35676644
2451493.36003900
2451493.36330891
2451515.37840613
2451515.38168333
2451515.38776400
2451515.39103333
2451515.39431019
2451515.39758449
2451515.40085671
2451515.40412107
2451520.49376829
2451520.49872639
2451520.50840718
2451520.51317789
2451520.51934167
2451521.37277176
2451521.38318472
2451521.39467813
2451521.40547604
2451521.41539815
2451900.29818704
2451900.30295567
2451900.31250903
2451900.31728611
2451900.32206343
2451900.33160150
2451900.33649595
2451901.50208079
2451901.50663519
2451901.51117824
2451901.51560856
2451901.52004896
2451901.52448530
2452234.66903056
2452234.67180162
2452234.67542407
2452234.67927789
2452234.68313935
2452234.68699132
2452234.69084676
2452234.69474502
2452236.63305428
2452236.64308727
2452236.64810938
2452262.60343287
2452262.60717500
2452262.61091690
2452262.61466539
2452262.61840799
2452262.62215972
2452262.62591748
2452262.62966516
2452262.63340544
2452262.63715752
2452264.42753183
2452264.43332801
2452264.43707975
2452264.44082812
2452264.44456991
2452264.44831435
2452284.38355810
2452284.38742454
2452284.39163218
2452284.39583032
2452284.40003611
2452284.40423600
2452284.40843796
2452284.41263785
2452284.41683981
2452313.46935729
2452313.50573160
2452313.51051655
2452313.51529363
2452313.52008044
2452313.52485822
2452314.42837014
2452314.43281146
2452314.43725972
2452314.44170810
2452314.44615914
2452668.49292095
2452668.49642882
2452668.49994016
2452668.50345231
2452668.50695498
2453144.34446088
2453144.34890428
2453144.35334896
2453144.35780370
2453144.36670486
2453144.37115463
2453144.37559896
2453440.57843484
2453440.58546644
2453440.58898449
2453440.59250116
2453440.59602303
2453440.59953356
2453440.60304942
2453440.60656435
2453440.61007905
2453473.48527581
2453473.49134525
2453473.49867940
2453473.50600880
2453473.51333727
2453473.52066887
2453474.54076852
2453474.54636424
2453474.55195787
2453474.55755613
2453474.56315127
2453494.49182951
2453494.50302616
2453494.50862049
2453494.51422014
2453499.47801308
2453499.48360961
2453499.50039387
2453880.44972581
2453880.45416794
2453880.45861725
2453880.46305648
2453880.46750613
2453880.47639387
2453880.48084340
