2450256.57614583
2450256.57935185
2450256.59511574
2450256.59803241
2450290.63438831
2450290.63620637
2450290.63679572
2450290.63740984
2450290.63801123
2450290.63861389
2450290.63921458
2450291.60477037
2450291.60537234
2450291.60597431
2450291.60716632
2450317.57435475
2450317.57510949
2450317.59525822
2450317.59598796
2450674.60453704
2450674.60776620
2450674.71699074
2450674.72021991
2450675.61828704
2450675.62152778
2450675.70939815
2450675.71262731
2454729.52290208
2454729.52687025
2454729.53084861
2454729.53579074
2454729.53976898
2454733.50266019
2454733.50607350
2454733.50948588
2454733.51289861
2454733.51631192
2455032.80295741
2455032.80728218
2455032.80905799
2455032.81083391
