 19 07 56.7064 -23 10 30.287   35   17 2450256.57614583 18.1 C  PE 874
 19 07 56.6168 -23 10 30.506   35   17 2450256.57935185 17.8 C  PE 874
 19 07 56.1482 -23 10 31.647   35   17 2450256.59511574 17.8 C  PE 874
 19 07 56.0588 -23 10 31.864   35   17 2450256.59803241 17.7 C  PE 874
 18 50 49.6367 -23 44 45.951   56   22 2450290.63438831 16.3 un PE 874
 18 50 49.5858 -23 44 46.087   56   22 2450290.63620637 16.4 un PE 874
 18 50 49.5648 -23 44 46.103   56   22 2450290.63679572 17.6 un PE 874
 18 50 49.5560 -23 44 46.087   56   22 2450290.63740984 17.2 un PE 874
 18 50 49.5342 -23 44 46.130   56   22 2450290.63801123 16.4 un PE 874
 18 50 49.5138 -23 44 46.143   56   22 2450290.63861389 17.7 un PE 874
 18 50 49.4934 -23 44 46.185   56   22 2450290.63921458 18.1 un PE 874
 18 50 23.6050 -23 45 26.873   20   37 2450291.60477037 18.3 un PE 874
 18 50 23.5904 -23 45 26.906   20   37 2450291.60537234 18.3 un PE 874
 18 50 23.5704 -23 45 26.949   20   37 2450291.60597431 18.1 un PE 874
 18 50 23.5381 -23 45 27.053   20   37 2450291.60716632 18.3 un PE 874
 18 42 05.8901 -23 56 07.903   17   29 2450317.57435475 18.6 un PE 874
 18 42 05.8802 -23 56 07.889   17   29 2450317.57510949 18.7 un PE 874
 18 42 05.6591 -23 56 07.955   17   29 2450317.59525822 18.8 un PE 874
 18 42 05.6536 -23 56 08.011   17   29 2450317.59598796 18.8 un PE 874
 21 08 02.2146 -16 29 15.729   61   19 2450674.60453704 17.1 un PE 874
 21 08 02.1244 -16 29 16.187   61   19 2450674.60776620 17.1 un PE 874
 21 07 58.8166 -16 29 31.476   61   19 2450674.71699074 17.3 un PE 874
 21 07 58.7139 -16 29 31.931   61   19 2450674.72021991 17.2 un PE 874
 21 07 32.4680 -16 31 38.197   92   19 2450675.61828704 17.4 un PE 874
 21 07 32.3596 -16 31 38.664   92   19 2450675.62152778 17.2 un PE 874
 21 07 29.7117 -16 31 50.854   92   19 2450675.70939815 17.4 un PE 874
 21 07 29.6232 -16 31 51.261   92   19 2450675.71262731 17.4 un PE 874
 23 58 48.0683 -02 37 17.871   44   25 2451040.43724421 18.1 R  OH 511
 23 58 47.7407 -02 37 20.454   44   25 2451040.45327465 18.1 R  OH 511
 23 58 47.5857 -02 37 21.668   44   25 2451040.46075046 18.1 R  OH 511
 23 58 47.5166 -02 37 22.229   44   25 2451040.46449444 18.1 R  OH 511
 23 58 47.1021 -02 37 25.406   44   25 2451040.48468484 18.2 R  OH 511
 23 58 47.0206 -02 37 26.041   44   25 2451040.48841609 18.6 R  OH 511
 23 58 46.9505 -02 37 26.594   44   25 2451040.49215590 18.3 R  OH 511
 23 58 46.8676 -02 37 27.223   44   25 2451040.49589468 18.2 R  OH 511
 23 58 46.5168 -02 37 29.939   44   25 2451040.51330880 18.2 R  OH 511
 23 58 46.4396 -02 37 30.557   44   25 2451040.51704838 18.2 R  OH 511
 02 06 11.1534 +12 01 06.129   33   17 2451461.44098414 17.8 R  OH 511
 02 06 11.0607 +12 01 05.592   33   17 2451461.44458009 17.7 R  OH 511
 02 06 10.9373 +12 01 04.920   33   17 2451461.44900035 17.7 R  OH 511
 02 06 10.7899 +12 01 04.088   33   17 2451461.45469120 17.7 R  OH 511
 02 06 10.6699 +12 01 03.442   33   17 2451461.45905694 17.6 R  OH 511
 02 06 10.5583 +12 01 02.782   33   17 2451461.46343241 17.6 R  OH 511
 02 06 10.4698 +12 01 02.290   33   17 2451461.46669919 17.6 R  OH 511
 02 06 10.3801 +12 01 01.798   33   17 2451461.46996644 17.6 R  OH 511
 02 06 10.2973 +12 01 01.305   33   17 2451461.47322847 17.5 R  OH 511
 02 06 10.2086 +12 01 00.820   33   17 2451461.47649826 17.6 R  OH 511
 02 06 10.1238 +12 01 00.324   33   17 2451461.47976875 17.5 R  OH 511
 02 06 10.0392 +12 00 59.844   33   17 2451461.48303669 17.6 R  OH 511
 02 04 24.4334 +11 50 42.051   66   45 2451465.46054398 17.6 R  OH 511
 02 04 24.3330 +11 50 41.354   66   45 2451465.46440972 17.5 R  OH 511
 02 04 24.2134 +11 50 40.859   66   45 2451465.46817662 17.7 R  OH 511
 02 04 24.1056 +11 50 40.208   66   45 2451465.47217338 17.5 R  OH 511
 02 04 24.0009 +11 50 39.599   66   45 2451465.47605266 17.6 R  OH 511
 02 04 23.8980 +11 50 39.058   66   45 2451465.47978738 17.7 R  OH 511
 02 04 23.7939 +11 50 38.457   66   45 2451465.48352130 17.6 R  OH 511
 02 03 27.4662 +11 45 09.126   44   30 2451467.53657315 17.8 R  OH 511
 02 03 27.3618 +11 45 08.571   44   30 2451467.54032488 17.9 R  OH 511
 02 03 27.2554 +11 45 07.956   44   30 2451467.54407269 17.9 R  OH 511
 02 03 27.1552 +11 45 07.378   44   30 2451467.54782512 17.8 R  OH 511
 02 03 27.0131 +11 45 06.591   44   30 2451467.55255289 17.7 R  OH 511
 02 03 26.9060 +11 45 05.980   44   30 2451467.55647535 17.7 R  OH 511
 01 51 28.6492 +10 34 29.178   35   50 2451493.33188021 17.6 R  OH 511
 01 51 28.5568 +10 34 28.689   35   50 2451493.33540359 17.6 R  OH 511
 01 51 28.4633 +10 34 27.976   35   50 2451493.33919954 17.8 R  OH 511
 01 51 28.3658 +10 34 27.578   35   50 2451493.34272512 17.7 R  OH 511
 01 51 28.2564 +10 34 26.922   35   50 2451493.34695509 17.6 R  OH 511
 01 51 28.1746 +10 34 26.450   35   50 2451493.35022095 17.7 R  OH 511
 01 51 28.0884 +10 34 25.880   35   50 2451493.35349063 17.8 R  OH 511
 01 51 28.0007 +10 34 25.362   35   50 2451493.35676644 17.7 R  OH 511
 01 51 27.9169 +10 34 24.880   35   50 2451493.36003900 17.7 R  OH 511
 01 51 27.8351 +10 34 24.370   35   50 2451493.36330891 17.8 R  OH 511
 01 44 11.4123 +09 50 22.518   19   20 2451515.37840613 18.1 R  OH 511
 01 44 11.3661 +09 50 22.238   19   20 2451515.38168333 18.1 R  OH 511
 01 44 11.2842 +09 50 21.804   19   20 2451515.38776400 18.3 R  OH 511
 01 44 11.2374 +09 50 21.532   19   20 2451515.39103333 18.1 R  OH 511
 01 44 11.1936 +09 50 21.230   19   20 2451515.39431019 18.1 R  OH 511
 01 44 11.1517 +09 50 20.987   19   20 2451515.39758449 18.2 R  OH 511
 01 44 11.1065 +09 50 20.712   19   20 2451515.40085671 18.1 R  OH 511
 01 44 11.0600 +09 50 20.455   19   20 2451515.40412107 18.1 R  OH 511
 01 43 14.0846 +09 44 22.829   38   14 2451520.49376829 18.4 R  OH 511
 01 43 14.0322 +09 44 22.540   38   14 2451520.49872639 18.2 R  OH 511
 01 43 13.9376 +09 44 21.926   38   14 2451520.50840718 17.9 R  OH 511
 01 43 13.8974 +09 44 21.654   38   14 2451520.51317789 18.0 R  OH 511
 01 43 13.8366 +09 44 21.253   38   14 2451520.51934167 17.9 R  OH 511
 01 43 06.2308 +09 43 32.263   92   57 2451521.37277176 18.0 R  OH 511
 01 43 06.1351 +09 43 31.824   92   57 2451521.38318472 18.0 R  OH 511
 01 43 06.0318 +09 43 31.171   92   57 2451521.39467813 17.9 R  OH 511
 01 43 05.9397 +09 43 30.536   92   57 2451521.40547604 17.9 R  OH 511
 01 43 05.8494 +09 43 29.970   92   57 2451521.41539815 18.0 R  OH 511
 03 58 59.4309 +19 11 47.955   48   44 2451900.29818704 18.1 R  OH 511
 03 58 59.3015 +19 11 47.775   48   44 2451900.30295567 19.1 R  OH 511
 03 58 59.0237 +19 11 47.516   48   44 2451900.31250903 18.2 R  OH 511
 03 58 58.8901 +19 11 47.304   48   44 2451900.31728611 19.2 R  OH 511
 03 58 58.7490 +19 11 47.078   48   44 2451900.32206343 17.6 R  OH 511
 03 58 58.4699 +19 11 46.739   48   44 2451900.33160150 18.5 R  OH 511
 03 58 58.3358 +19 11 46.671   48   44 2451900.33649595 18.5 R  OH 511
 03 58 25.8613 +19 11 05.323   52   44 2451901.50208079 18.5 R  OH 511
 03 58 25.7264 +19 11 05.186   52   44 2451901.50663519 18.6 R  OH 511
 03 58 25.6039 +19 11 04.985   52   44 2451901.51117824 18.8 R  OH 511
 03 58 25.4763 +19 11 04.774   52   44 2451901.51560856 18.7 R  OH 511
 03 58 25.3580 +19 11 04.646   52   44 2451901.52004896 19.0 R  OH 511
 03 58 25.2273 +19 11 04.415   52   44 2451901.52448530 18.2 R  OH 511
 07 15 05.4722 +22 50 28.958   49   79 2452234.66903056 18.3 R  OH 511
 07 15 05.4201 +22 50 28.792   49   79 2452234.67180162 17.9 R  OH 511
 07 15 05.3718 +22 50 28.893   49   79 2452234.67542407 18.6 R  OH 511
 07 15 05.3044 +22 50 29.064   49   79 2452234.67927789 18.6 R  OH 511
 07 15 05.2423 +22 50 29.230   49   79 2452234.68313935 18.4 R  OH 511
 07 15 05.1890 +22 50 29.221   49   79 2452234.68699132 18.6 R  OH 511
 07 15 05.1261 +22 50 29.250   49   79 2452234.69084676 18.6 R  OH 511
 07 15 05.0637 +22 50 29.396   49   79 2452234.69474502 18.5 R  OH 511
 07 14 34.1176 +22 51 16.939   23   36 2452236.63305428 18.8 R  OH 511
 07 14 33.9435 +22 51 17.242   23   36 2452236.64308727 18.4 R  OH 511
 07 14 33.8584 +22 51 17.386   23   36 2452236.64810938 18.5 R  OH 511
 07 03 19.6899 +23 06 47.694   29   17 2452262.60343287 18.3 R  OH 511
 07 03 19.5603 +23 06 47.853   29   17 2452262.60717500 18.4 R  OH 511
 07 03 19.4328 +23 06 47.975   29   17 2452262.61091690 18.3 R  OH 511
 07 03 19.3086 +23 06 48.165   29   17 2452262.61466539 18.4 R  OH 511
 07 03 19.1803 +23 06 48.275   29   17 2452262.61840799 18.4 R  OH 511
 07 03 19.0567 +23 06 48.445   29   17 2452262.62215972 18.4 R  OH 511
 07 03 18.9218 +23 06 48.585   29   17 2452262.62591748 18.4 R  OH 511
 07 03 18.8007 +23 06 48.730   29   17 2452262.62966516 18.4 R  OH 511
 07 03 18.6724 +23 06 48.908   29   17 2452262.63340544 18.4 R  OH 511
 07 03 18.5451 +23 06 49.028   29   17 2452262.63715752 18.3 R  OH 511
 07 02 18.3912 +23 08 01.803   66   42 2452264.42753183 18.1 R  OH 511
 07 02 18.1831 +23 08 02.086   66   42 2452264.43332801 18.1 R  OH 511
 07 02 18.0513 +23 08 02.281   66   42 2452264.43707975 18.1 R  OH 511
 07 02 17.9181 +23 08 02.472   66   42 2452264.44082812 18.1 R  OH 511
 07 02 17.7967 +23 08 02.612   66   42 2452264.44456991 18.1 R  OH 511
 07 02 17.6619 +23 08 02.799   66   42 2452264.44831435 18.1 R  OH 511
 06 50 25.4902 +23 20 06.378   28   16 2452284.38355810 17.8 R  OH 511
 06 50 25.3546 +23 20 06.503   28   16 2452284.38742454 17.9 R  OH 511
 06 50 25.2002 +23 20 06.619   28   16 2452284.39163218 17.9 R  OH 511
 06 50 25.0457 +23 20 06.762   28   16 2452284.39583032 18.0 R  OH 511
 06 50 24.8965 +23 20 06.871   28   16 2452284.40003611 18.0 R  OH 511
 06 50 24.7387 +23 20 06.999   28   16 2452284.40423600 18.0 R  OH 511
 06 50 24.5888 +23 20 07.137   28   16 2452284.40843796 18.0 R  OH 511
 06 50 24.4379 +23 20 07.292   28   16 2452284.41263785 18.0 R  OH 511
 06 50 24.2822 +23 20 07.437   28   16 2452284.41683981 18.0 R  OH 511
 06 35 55.8849 +23 27 56.301   56   33 2452313.46935729 19.1 R  OH 511
 06 35 55.0994 +23 27 56.393   56   33 2452313.50573160 18.7 R  OH 511
 06 35 54.9927 +23 27 56.418   56   33 2452313.51051655 18.7 R  OH 511
 06 35 54.8866 +23 27 56.351   56   33 2452313.51529363 18.6 R  OH 511
 06 35 54.7801 +23 27 56.380   56   33 2452313.52008044 18.6 R  OH 511
 06 35 54.6726 +23 27 56.352   56   33 2452313.52485822 18.5 R  OH 511
 06 35 35.8002 +23 27 58.874   25   20 2452314.42837014 18.3 R  OH 511
 06 35 35.7109 +23 27 58.850   25   20 2452314.43281146 18.3 R  OH 511
 06 35 35.6131 +23 27 58.882   25   20 2452314.43725972 18.3 R  OH 511
 06 35 35.5193 +23 27 58.867   25   20 2452314.44170810 18.3 R  OH 511
 06 35 35.4253 +23 27 58.841   25   20 2452314.44615914 18.1 R  OH 511
 09 01 18.7003 +17 29 57.443   35   47 2452668.49292095 18.5 R  OH 511
 09 01 18.5956 +17 29 58.002   35   47 2452668.49642882 18.3 R  OH 511
 09 01 18.4982 +17 29 58.588   35   47 2452668.49994016 18.1 R  OH 511
 09 01 18.3993 +17 29 59.111   35   47 2452668.50345231 18.2 R  OH 511
 09 01 18.2992 +17 29 59.746   35   47 2452668.50695498 18.3 R  OH 511
 10 39 27.7872 +09 30 28.227   27   65 2453144.34446088 19.1 R  OH 511
 10 39 27.8176 +09 30 27.929   27   65 2453144.34890428 18.9 R  OH 511
 10 39 27.8500 +09 30 27.675   27   65 2453144.35334896 18.8 R  OH 511
 10 39 27.8775 +09 30 27.456   27   65 2453144.35780370 18.8 R  OH 511
 10 39 27.9446 +09 30 26.700   27   65 2453144.36670486 19.3 R  OH 511
 10 39 27.9766 +09 30 26.429   27   65 2453144.37115463 18.8 R  OH 511
 10 39 28.0072 +09 30 26.007   27   65 2453144.37559896 17.7 R  OH 511
 13 06 46.7345 -05 42 16.469   68   38 2453440.57843484 18.5 R  OH 511
 13 06 46.5973 -05 42 15.329   68   38 2453440.58546644 18.5 R  OH 511
 13 06 46.5301 -05 42 14.847   68   38 2453440.58898449 18.6 R  OH 511
 13 06 46.4650 -05 42 14.258   68   38 2453440.59250116 18.5 R  OH 511
 13 06 46.3963 -05 42 13.756   68   38 2453440.59602303 18.5 R  OH 511
 13 06 46.3174 -05 42 13.139   68   38 2453440.59953356 18.8 R  OH 511
 13 06 46.2596 -05 42 12.579   68   38 2453440.60304942 18.8 R  OH 511
 13 06 46.1847 -05 42 12.096   68   38 2453440.60656435 18.6 R  OH 511
 13 06 46.1087 -05 42 11.579   68   38 2453440.61007905 18.5 R  OH 511
 12 53 48.0700 -04 01 35.804   79   80 2453473.48527581 17.1 R  OH 511
 12 53 47.9254 -04 01 34.905   79   80 2453473.49134525 18.0 R  OH 511
 12 53 47.7236 -04 01 33.396   79   80 2453473.49867940 18.0 R  OH 511
 12 53 47.5385 -04 01 31.994   79   80 2453473.50600880 18.1 R  OH 511
 12 53 47.3500 -04 01 30.587   79   80 2453473.51333727 18.0 R  OH 511
 12 53 47.1694 -04 01 29.268   79   80 2453473.52066887 17.9 R  OH 511
 12 53 21.6958 -03 58 18.477   93   28 2453474.54076852 17.5 R  OH 511
 12 53 21.5503 -03 58 17.418   93   28 2453474.54636424 17.4 R  OH 511
 12 53 21.4162 -03 58 16.434   93   28 2453474.55195787 17.6 R  OH 511
 12 53 21.2683 -03 58 15.342   93   28 2453474.55755613 17.5 R  OH 511
 12 53 21.1152 -03 58 14.267   93   28 2453474.56315127 17.4 R  OH 511
 12 45 56.8657 -03 03 18.574   30   48 2453494.49182951 18.2 R  OH 511
 12 45 56.6507 -03 03 17.121   30   48 2453494.50302616 18.4 R  OH 511
 12 45 56.5442 -03 03 16.340   30   48 2453494.50862049 18.4 R  OH 511
 12 45 56.4324 -03 03 15.589   30   48 2453494.51422014 18.0 R  OH 511
 12 44 29.2806 -02 52 34.790   43   54 2453499.47801308 18.4 R  OH 511
 12 44 29.1812 -02 52 34.041   43   54 2453499.48360961 18.6 R  OH 511
 12 44 28.9038 -02 52 32.128   43   54 2453499.50039387 18.4 R  OH 511
 14 27 11.7118 -13 33 12.368   52   21 2453880.44972581 18.3 R  OH 511
 14 27 11.5923 -13 33 11.940   52   21 2453880.45416794 18.5 R  OH 511
 14 27 11.4784 -13 33 11.516   52   21 2453880.45861725 18.3 R  OH 511
 14 27 11.3595 -13 33 11.065   52   21 2453880.46305648 18.3 R  OH 511
 14 27 11.2462 -13 33 10.640   52   21 2453880.46750613 18.6 R  OH 511
 14 27 11.0142 -13 33 09.808   52   21 2453880.47639387 18.4 R  OH 511
 14 27 10.9083 -13 33 09.425   52   21 2453880.48084340 18.5 R  OH 511
 16 38 05.6133 -21 01 06.868   19   20 2454353.53757570 19.1 RE E  809
 16 38 05.6492 -21 01 06.987   19   20 2454353.53943321 19.0 RE E  809
 16 38 05.6868 -21 01 07.087   19   20 2454353.54123585 19.0 RE E  809
 16 38 05.7263 -21 01 07.176   19   20 2454353.54309522 19.0 RE E  809
 16 38 05.7623 -21 01 07.296   19   20 2454353.54484182 18.9 RE E  809
 16 38 05.7994 -21 01 07.376   19   20 2454353.54667131 19.0 RE E  809
 16 38 05.8335 -21 01 07.438   19   20 2454353.54839556 19.0 RE E  809
 16 38 05.8684 -21 01 07.544   19   20 2454353.55021429 18.9 RE E  809
 16 38 05.9059 -21 01 07.681   19   20 2454353.55195000 18.9 RE E  809
 19 27 49.2622 -22 24 13.213  104   61 2454620.71855566 18.3 RE E  809
 19 27 49.2231 -22 24 13.502  104   61 2454620.72141134 17.5 RE E  809
 18 56 14.7819 -23 54 30.392   88   40 2454729.52290208 18.8 I  PE 874
 18 56 14.8240 -23 54 30.301   88   40 2454729.52687025 19.4 I  PE 874
 18 56 14.8711 -23 54 30.194   88   40 2454729.53084861 18.1 I  PE 874
 18 56 14.9504 -23 54 30.166   88   40 2454729.53579074 18.3 I  PE 874
 18 56 14.9942 -23 54 30.126   88   40 2454729.53976898 18.8 I  PE 874
 18 57 15.8568 -23 53 13.980   43   18 2454733.50266019 19.2 I  PE 874
 18 57 15.9089 -23 53 13.918   43   18 2454733.50607350 19.2 I  PE 874
 18 57 15.9601 -23 53 13.813   43   18 2454733.50948588 18.8 I  PE 874
 18 57 16.0166 -23 53 13.771   43   18 2454733.51289861 19.0 I  PE 874
 18 57 16.0735 -23 53 13.669   43   18 2454733.51631192 19.0 I  PE 874
 21 45 43.2845 -13 55 41.538   60   17 2455032.80295741 18.1 C  BC 874
 21 45 43.1532 -13 55 42.131   60   17 2455032.80728218 18.3 C  BC 874
 21 45 43.1114 -13 55 42.337   60   17 2455032.80905799 18.2 C  BC 874
 21 45 43.0564 -13 55 42.594   60   17 2455032.81083391 18.1 C  BC 874
