2450256.57614583 +019 -108
2450256.57935185 +089 -090
2450256.59511574 +057 -071
2450256.59803241 +015 -074
2450290.63438831 +209 -039
2450290.63620637 +206 -101
2450290.63679572 +143 -093
2450290.63740984 +258 -052
2450290.63801123 +188 -070
2450290.63861389 +139 -059
2450290.63921458 +089 -076
2450291.60477037 +205 -056
2450291.60537234 +232 -065
2450291.60597431 +184 -084
2450291.60716632 +191 -140
2450317.57435475 +164 -114
2450317.57510949 +143 -095
2450317.59525822 +145 -048
2450317.59598796 +179 -100
2450674.60453704 +448 +018
2450674.60776620 +558 +015
2450674.71699074 +498 -013
2450674.72021991 +419 -020
2450675.61828704 +596 -011
2450675.62152778 +443 -025
2450675.70939815 +378 -023
2450675.71262731 +496 +015
2454729.52290208 +306 -096
2454729.52687025 +169 -081
2454729.53084861 +099 -051
2454729.53579074 +295 -119
2454729.53976898 +177 -156
2454733.50266019 +302 +001
2454733.50607350 +255 -021
2454733.50948588 +194 +001
2454733.51289861 +206 -041
2454733.51631192 +222 -024
2455032.80295741 +409 -021
2455032.80728218 +285 -053
2455032.80905799 +410 -029
2455032.81083391 +343 -055
2451040.43724421 +219 +052
2451040.45327465 +182 +014
2451040.46075046 +137 -013
2451040.46449444 +243 +020
2451040.48468484 +199 +050
2451040.48841609 +120 +007
2451040.49215590 +215 +048
2451040.49589468 +118 +013
2451040.51330880 +204 +063
2451040.51704838 +196 +039
2451461.44098414 +204 -022
2451461.44458009 +243 -019
2451461.44900035 +151 -026
2451461.45469120 +203 -001
2451461.45905694 +143 +010
2451461.46343241 +209 +009
2451461.46669919 +183 +009
2451461.46996644 +140 +010
2451461.47322847 +197 +009
2451461.47649826 +170 +017
2451461.47976875 +201 +015
2451461.48303669 +234 +028
2451465.46054398 +248 -050
2451465.46440972 +353 -135
2451465.46817662 +136 -034
2451465.47217338 +187 -053
2451465.47605266 +236 -047
2451465.47978738 +252 +003
2451465.48352130 +250 -006
2451467.53657315 +174 -066
2451467.54032488 +202 -012
2451467.54407269 +200 -018
2451467.54782512 +290 +013
2451467.55255289 +171 -006
2451467.55647535 +230 +021
2451493.33188021 +186 -010
2451493.33540359 +178 +033
2451493.33919954 +258 -106
2451493.34272512 +176 +028
2451493.34695509 +190 +012
2451493.35022095 +240 +033
2451493.35349063 +227 -042
2451493.35676644 +195 -065
2451493.36003900 +219 -052
2451493.36330891 +272 -067
2451515.37840613 +188 +030
2451515.38168333 +168 +016
2451515.38776400 +187 +076
2451515.39103333 +156 +070
2451515.39431019 +170 +034
2451515.39758449 +212 +057
2451515.40085671 +204 +048
2451515.40412107 +176 +056
2451520.49376829 +226 +008
2451520.49872639 +162 +020
2451520.50840718 +146 -006
2451520.51317789 +231 +012
2451520.51934167 +208 -015
2451521.37277176 +049 -112
2451521.38318472 +065 +031
2451521.39467813 +113 +022
2451521.40547604 +227 -008
2451521.41539815 +245 -017
2451900.29818704 -068 -109
2451900.30295567 +039 -123
2451900.31250903 -008 -048
2451900.31728611 +044 -093
2451900.32206343 -009 -151
2451900.33160150 -077 -154
2451900.33649595 +018 -049
2451901.50208079 +019 -062
2451901.50663519 -092 -034
2451901.51117824 -032 -071
2451901.51560856 -090 -121
2451901.52004896 -013 -087
2451901.52448530 -115 -156
2452234.66903056 -225 +055
2452234.67180162 -341 -172
2452234.67542407 -218 -152
2452234.67927789 -309 -066
2452234.68313935 -326 +015
2452234.68699132 -222 -078
2452234.69084676 -251 -134
2452234.69474502 -264 -073
2452236.63305428 +016 -085
2452236.64308727 +027 -034
2452236.64810938 +060 -015
2452262.60343287 -213 -118
2452262.60717500 -249 -106
2452262.61091690 -257 -130
2452262.61466539 -216 -087
2452262.61840799 -234 -123
2452262.62215972 -184 -099
2452262.62591748 -288 -104
2452262.62966516 -206 -105
2452262.63340544 -227 -071
2452262.63715752 -229 -096
2452264.42753183 -100 -178
2452264.43332801 -208 -143
2452264.43707975 -238 -108
2452264.44082812 -288 -076
2452264.44456991 -178 -095
2452264.44831435 -251 -067
2452284.38355810 -301 -100
2452284.38742454 -233 -097
2452284.39163218 -254 -112
2452284.39583032 -280 -101
2452284.40003611 -229 -122
2452284.40423600 -298 -125
2452284.40843796 -258 -117
2452284.41263785 -232 -092
2452284.41683981 -271 -076
2452313.46935729 -268 -136
2452313.50573160 -167 -070
2452313.51051655 -204 -046
2452313.51529363 -237 -115
2452313.52008044 -274 -087
2452313.52485822 -329 -116
2452314.42837014 -247 -109
2452314.43281146 -180 -137
2452314.43725972 -228 -109
2452314.44170810 -222 -127
2452314.44615914 -219 -157
2452668.49292095 -346 -085
2452668.49642882 -401 -073
2452668.49994016 -351 -033
2452668.50345231 -321 -057
2452668.50695498 -312 +033
2453144.34446088 -200 +008
2453144.34890428 -209 +021
2453144.35334896 -189 +079
2453144.35780370 -243 +172
2453144.36670486 -174 +041
2453144.37115463 -163 +082
2453144.37559896 -174 -027
2453440.57843484 -221 -073
2453440.58546644 -215 -035
2453440.58898449 -191 -104
2453440.59250116 -136 -066
2453440.59602303 -133 -116
2453440.59953356 -285 -049
2453440.60304942 -122 -040
2453440.60656435 -213 -109
2453440.61007905 -322 -143
2453473.48527581 -281 +081
2453473.49134525 -117 -160
2453473.49867940 -324 -029
2453473.50600880 -284 -004
2453473.51333727 -295 +026
2453473.52066887 -189 -033
2453474.54076852 -187 -063
2453474.54636424 -237 -048
2453474.55195787 -117 -109
2453474.55755613 -204 -062
2453474.56315127 -371 -032
2453494.49182951 -235 -066
2453494.50302616 -234 -159
2453494.50862049 -222 -150
2453494.51422014 -288 -173
2453499.47801308 -175 -111
2453499.48360961 -252 -035
2453499.50039387 -183 -142
2453880.44972581 +030 -143
2453880.45416794 -030 -139
2453880.45861725 -006 -140
2453880.46305648 -059 -114
2453880.46750613 -026 -114
2453880.47639387 -046 -133
2453880.48084340 +092 -176
2454353.53757570 -069 -039
2454353.53943321 -099 -054
2454353.54123585 -090 -053
2454353.54309522 -070 -038
2454353.54484182 -067 -060
2454353.54667131 -072 -038
2454353.54839556 -090 -003
2454353.55021429 -123 -007
2454353.55195000 -097 -047
2454620.71855566 +286 -065
2454620.72141134 +433 -151
