2450256.57614583 +039 -122
2450256.57935185 +110 -104
2450256.59511574 +077 -085
2450256.59803241 +036 -088
2450290.63438831 +218 -062
2450290.63620637 +216 -124
2450290.63679572 +152 -116
2450290.63740984 +266 -075
2450290.63801123 +198 -093
2450290.63861389 +148 -082
2450290.63921458 +097 -100
2450291.60477037 +214 -080
2450291.60537234 +240 -088
2450291.60597431 +194 -107
2450291.60716632 +200 -163
2450317.57435475 +163 -140
2450317.57510949 +141 -121
2450317.59525822 +144 -074
2450317.59598796 +177 -126
2450674.60453704 +463 +079
2450674.60776620 +574 +076
2450674.71699074 +513 +048
2450674.72021991 +434 +041
2450675.61828704 +613 +050
2450675.62152778 +459 +036
2450675.70939815 +394 +038
2450675.71262731 +512 +076
2454729.52290208 +333 -120
2454729.52687025 +197 -105
2454729.53084861 +126 -075
2454729.53579074 +322 -143
2454729.53976898 +204 -180
2454733.50266019 +329 -023
2454733.50607350 +281 -045
2454733.50948588 +221 -024
2454733.51289861 +233 -066
2454733.51631192 +250 -048
2455032.80295741 +383 -007
2455032.80728218 +258 -039
2455032.80905799 +383 -015
2455032.81083391 +316 -041
2451040.43724421 +193 +008
2451040.45327465 +157 -030
2451040.46075046 +111 -057
2451040.46449444 +217 -024
2451040.48468484 +174 +005
2451040.48841609 +094 -037
2451040.49215590 +190 +004
2451040.49589468 +093 -032
2451040.51330880 +178 +018
2451040.51704838 +171 -006
2451461.44098414 +201 +036
2451461.44458009 +239 +040
2451461.44900035 +148 +033
2451461.45469120 +201 +057
2451461.45905694 +139 +069
2451461.46343241 +207 +068
2451461.46669919 +180 +068
2451461.46996644 +138 +069
2451461.47322847 +194 +067
2451461.47649826 +167 +076
2451461.47976875 +198 +073
2451461.48303669 +232 +086
2451465.46054398 +245 +008
2451465.46440972 +349 -077
2451465.46817662 +134 +024
2451465.47217338 +184 +006
2451465.47605266 +232 +011
2451465.47978738 +250 +062
2451465.48352130 +247 +052
2451467.53657315 +170 -008
2451467.54032488 +200 +046
2451467.54407269 +197 +040
2451467.54782512 +286 +071
2451467.55255289 +167 +052
2451467.55647535 +226 +079
2451493.33188021 +181 +043
2451493.33540359 +174 +087
2451493.33919954 +254 -053
2451493.34272512 +173 +082
2451493.34695509 +186 +065
2451493.35022095 +236 +087
2451493.35349063 +223 +011
2451493.35676644 +190 -011
2451493.36003900 +215 +002
2451493.36330891 +267 -014
2451515.37840613 +183 +077
2451515.38168333 +164 +063
2451515.38776400 +182 +122
2451515.39103333 +151 +116
2451515.39431019 +166 +080
2451515.39758449 +207 +103
2451515.40085671 +200 +094
2451515.40412107 +171 +103
2451520.49376829 +222 +053
2451520.49872639 +157 +065
2451520.50840718 +142 +039
2451520.51317789 +226 +056
2451520.51934167 +203 +030
2451521.37277176 +044 -068
2451521.38318472 +059 +075
2451521.39467813 +108 +066
2451521.40547604 +222 +036
2451521.41539815 +240 +027
2451900.29818704 -085 -127
2451900.30295567 +021 -141
2451900.31250903 -025 -066
2451900.31728611 +027 -111
2451900.32206343 -027 -169
2451900.33160150 -095 -172
2451900.33649595 +000 -067
2451901.50208079 +001 -080
2451901.50663519 -109 -052
2451901.51117824 -050 -088
2451901.51560856 -108 -138
2451901.52004896 -031 -105
2451901.52448530 -132 -174
2452234.66903056 -245 +102
2452234.67180162 -361 -126
2452234.67542407 -238 -105
2452234.67927789 -329 -019
2452234.68313935 -346 +061
2452234.68699132 -242 -032
2452234.69084676 -271 -087
2452234.69474502 -283 -026
2452236.63305428 -004 -039
2452236.64308727 +007 +012
2452236.64810938 +040 +031
2452262.60343287 -237 -074
2452262.60717500 -273 -062
2452262.61091690 -280 -087
2452262.61466539 -240 -043
2452262.61840799 -258 -079
2452262.62215972 -208 -055
2452262.62591748 -312 -061
2452262.62966516 -229 -061
2452262.63340544 -251 -028
2452262.63715752 -252 -052
2452264.42753183 -124 -135
2452264.43332801 -233 -099
2452264.43707975 -262 -064
2452264.44082812 -312 -033
2452264.44456991 -203 -052
2452264.44831435 -276 -023
2452284.38355810 -326 -061
2452284.38742454 -259 -058
2452284.39163218 -280 -073
2452284.39583032 -306 -061
2452284.40003611 -255 -083
2452284.40423600 -325 -086
2452284.40843796 -284 -078
2452284.41263785 -259 -053
2452284.41683981 -297 -037
2452313.46935729 -296 -106
2452313.50573160 -194 -040
2452313.51051655 -231 -017
2452313.51529363 -264 -085
2452313.52008044 -301 -057
2452313.52485822 -356 -086
2452314.42837014 -275 -079
2452314.43281146 -208 -108
2452314.43725972 -256 -080
2452314.44170810 -250 -098
2452314.44615914 -246 -127
2452668.49292095 -299 -118
2452668.49642882 -355 -105
2452668.49994016 -303 -066
2452668.50345231 -273 -090
2452668.50695498 -265 +000
2453144.34446088 -207 +015
2453144.34890428 -216 +028
2453144.35334896 -195 +085
2453144.35780370 -250 +178
2453144.36670486 -180 +047
2453144.37115463 -170 +089
2453144.37559896 -180 -021
2453440.57843484 -179 -107
2453440.58546644 -173 -069
2453440.58898449 -149 -138
2453440.59250116 -094 -100
2453440.59602303 -091 -150
2453440.59953356 -243 -083
2453440.60304942 -081 -074
2453440.60656435 -172 -143
2453440.61007905 -281 -177
2453473.48527581 -248 +065
2453473.49134525 -084 -177
2453473.49867940 -292 -045
2453473.50600880 -251 -020
2453473.51333727 -263 +009
2453473.52066887 -157 -049
2453474.54076852 -154 -079
2453474.54636424 -205 -064
2453474.55195787 -085 -125
2453474.55755613 -172 -078
2453474.56315127 -338 -048
2453494.49182951 -210 -070
2453494.50302616 -208 -163
2453494.50862049 -196 -155
2453494.51422014 -262 -177
2453499.47801308 -150 -112
2453499.48360961 -228 -036
2453499.50039387 -159 -143
2453880.44972581 +044 -142
2453880.45416794 -015 -138
2453880.45861725 +009 -140
2453880.46305648 -044 -113
2453880.46750613 -012 -114
2453880.47639387 -032 -133
2453880.48084340 +106 -176
2454353.53757570 -071 +000
2454353.53943321 -101 -015
2454353.54123585 -091 -014
2454353.54309522 -071 +001
2454353.54484182 -069 -021
2454353.54667131 -074 +002
2454353.54839556 -091 +036
2454353.55021429 -125 +032
2454353.55195000 -098 -008
2454620.71855566 +315 -056
2454620.72141134 +460 -142
