   0.131  -0.163  169.46  251.69 2.115     24.05     30.62 99.999 99.999 99.999 13.364 13.569 99.999 99.999 99.999  0.046 99.999 99.999 99.999 99.999  99.999  99.999  99.999  99.999  0.023  0.023  0.070  0.062  0.079  0.070    7    6 99.999 99.999   99  19.867255681 -20.451594141 25 34 15.37 1996  7 29 2450294.56545567     3  filtro desconhecido   29079601.net.fits                                  Triton                 375   575
  -0.128  -0.063  169.91  249.60 2.312     18.52     30.12 99.999 99.999 99.999 13.529 13.829 99.999 99.999 99.999  0.140 99.999 99.999 99.999 99.999  99.999  99.999  99.999  99.999  0.032  0.032  0.026  0.064  0.037  0.091    5    5 99.999 99.999   99  19.867248339 -20.451577156 25 36 14.39 1996  7 29 2450294.56683322     3  filtro desconhecido   29079602.net.fits                                  Triton                 375   575
  -0.063   0.057  168.18  247.73 1.514     35.70     31.73 99.999 99.999 99.999 13.503 13.516 99.999 99.999 99.999  0.129 99.999 99.999 99.999 99.999  99.999  99.999  99.999  99.999  0.021  0.021  0.019  0.023  0.038  0.046   11    9 99.999 99.999   99  19.867248346 -20.451549765 25 37 22.39 1996  7 29 2450294.56762025     3  filtro desconhecido   29079606.net.fits                                  Triton                 375   575
  -0.051  -0.141  165.25  246.15 1.893     27.11     31.56 99.999 99.999 99.999 13.542 13.524 99.999 99.999 99.999  0.295 99.999 99.999 99.999 99.999  99.999  99.999  99.999  99.999  0.023  0.023  0.010  0.030  0.026  0.074   10    9 99.999 99.999   99  19.867247939 -20.451607789 25 37 56.39 1996  7 29 2450294.56801377     3  filtro desconhecido   29079608.net.fits                                  Triton                 375   575
  -0.094   0.065  165.16  234.15 1.980     21.52     29.77 99.999 99.999 99.999 13.431 13.517 99.999 99.999 99.999  0.274 99.999 99.999 99.999 99.999  99.999  99.999  99.999  99.999  0.030  0.030  0.037  0.035  0.088  0.082   11    8 99.999 99.999   99  19.867245813 -20.451556698 25 39  4.33 1996  7 29 2450294.56880012     3  filtro desconhecido   29079612.net.fits                                  Triton                 375   575
  -0.009   0.079  164.83  233.65 1.885     28.18     30.90 99.999 99.999 99.999 13.399 13.394 99.999 99.999 99.999  0.356 99.999 99.999 99.999 99.999  99.999  99.999  99.999  99.999  0.023  0.023  0.008  0.027  0.016  0.054   11    9 99.999 99.999   99  19.867246546 -20.451557438 25 39 55.41 1996  7 29 2450294.56939132     3  filtro desconhecido   29079615.net.fits                                  Triton                 375   575
  -0.132   0.047  166.35  233.22 2.160     19.11     30.72 99.999 99.999 99.999 13.411 13.474 99.999 99.999 99.999  0.355 99.999 99.999 99.999 99.999  99.999  99.999  99.999  99.999  0.032  0.033  0.030  0.033  0.061  0.067   11    7 99.999 99.999   99  19.867243817 -20.451567716 25 40 12.33 1996  7 29 2450294.56958715     3  filtro desconhecido   29079616.net.fits                                  Triton                 375   575
   0.107  -0.030  162.02  230.13 2.291     24.72     29.24 99.999 99.999 99.999 13.417 13.431 99.999 99.999 99.999  0.383 99.999 99.999 99.999 99.999  99.999  99.999  99.999  99.999  0.024  0.024  0.047  0.043  0.085  0.076   10    7 99.999 99.999   99  19.867246610 -20.451598198 25 41 54.38 1996  7 29 2450294.57076829     3  filtro desconhecido   29079622.net.fits                                  Triton                 375   575
   0.195  -0.144  161.50  229.76 2.443     20.21     29.21 99.999 99.999 99.999 13.387 13.560 99.999 99.999 99.999  0.447 99.999 99.999 99.999 99.999  99.999  99.999  99.999  99.999  0.032  0.032  0.040  0.054  0.072  0.097   10    8 99.999 99.999   99  19.867248018 -20.451631515 25 42 11.35 1996  7 29 2450294.57096470     3  filtro desconhecido   29079623.net.fits                                  Triton                 375   575
   0.052  -0.137  159.25  229.42 2.619     18.66     29.39 99.999 99.999 99.999 13.582 13.606 99.999 99.999 99.999  0.576 99.999 99.999 99.999 99.999  99.999  99.999  99.999  99.999  0.037  0.037  0.042  0.046  0.074  0.082    9    7 99.999 99.999   99  19.867244580 -20.451632531 25 42 45.41 1996  7 29 2450294.57135891     3  filtro desconhecido   29079625.net.fits                                  Triton                 375   575
   0.223   0.070  159.18  229.18 2.428     17.53     29.99 99.999 99.999 99.999 13.347 13.515 99.999 99.999 99.999  0.387 99.999 99.999 99.999 99.999  99.999  99.999  99.999  99.999  0.033  0.033  0.018  0.028  0.040  0.063    8    7 99.999 99.999   99  19.867247638 -20.451576610 25 43  2.33 1996  7 29 2450294.57155475     3  filtro desconhecido   29079626.net.fits                                  Triton                 375   575
   0.132   0.283  159.87  230.03 3.327     11.01     29.49 99.999 99.999 99.999 13.380 13.715 99.999 99.999 99.999  0.343 99.999 99.999 99.999 99.999  99.999  99.999  99.999  99.999  0.048  0.048  0.031  0.101  0.023  0.076    7    5 99.999 99.999   99  19.867245188 -20.451520228 25 43 36.38 1996  7 29 2450294.57194884     3  filtro desconhecido   29079628.net.fits                                  Triton                 375   575
  -0.127   0.027  161.96  226.21 2.217     19.65     30.94 99.999 99.999 99.999 13.446 13.447 99.999 99.999 99.999  0.550 99.999 99.999 99.999 99.999  99.999  99.999  99.999  99.999  0.033  0.033  0.042  0.031  0.076  0.055    7    7 99.999 99.999   99  19.867239426 -20.451594306 25 44 10.32 1996  7 29 2450294.57234167     3  filtro desconhecido   29079630.net.fits                                  Triton                 375   575
   0.135  -0.045  161.56  227.77 2.630     11.40     30.18 99.999 99.999 99.999 13.619 13.647 99.999 99.999 99.999  0.360 99.999 99.999 99.999 99.999  99.999  99.999  99.999  99.999  0.043  0.043  0.034  0.029  0.067  0.057    7    5 99.999 99.999   99  19.867243978 -20.451617470 25 44 44.38 1996  7 29 2450294.57273588     3  filtro desconhecido   29079632.net.fits                                  Triton                 375   575
  -0.076  -0.191  159.75  225.40 3.288     13.85     28.15 99.999 99.999 99.999 13.368 13.598 99.999 99.999 99.999  0.395 99.999 99.999 99.999 99.999  99.999  99.999  99.999  99.999  0.042  0.041  0.033  0.005  0.063  0.010    8    6 99.999 99.999   99  19.867239490 -20.451659765 25 45  1.35 1996  7 29 2450294.57293229     3  filtro desconhecido   29079633.net.fits                                  Triton                 375   575
   0.110   0.138  158.16  224.78 3.309     12.62     28.55 99.999 99.999 99.999 13.369 13.387 99.999 99.999 99.999  0.609 99.999 99.999 99.999 99.999  99.999  99.999  99.999  99.999  0.012  0.012  0.037  0.030  0.056  0.045    7    6 99.999 99.999   99  19.867242865 -20.451569746 25 45 18.32 1996  7 29 2450294.57312870     3  filtro desconhecido   29079634.net.fits                                  Triton                 375   575
   0.129  -0.072  153.08  253.66 1.828     28.83     31.45 99.999 99.999 99.999 13.554 13.496 99.999 99.999 99.999  0.313 99.999 99.999 99.999 99.999  99.999  99.999  99.999  99.999  0.023  0.023  0.020  0.035  0.041  0.071   11    9 99.999 99.999   99  19.867241330 -20.451637347 25 47  0.37 1996  7 29 2450294.57430984     3  filtro desconhecido   29079640.net.fits                                  Triton                 375   575
   0.181   0.053  151.70  235.09 2.323     17.53     30.15 99.999 99.999 99.999 13.393 13.374 99.999 99.999 99.999  0.389 99.999 99.999 99.999 99.999  99.999  99.999  99.999  99.999  0.040  0.040  0.030  0.030  0.054  0.054   10    6 99.999 99.999   99  19.867241714 -20.451605607 25 47 34.32 1996  7 29 2450294.57470278     3  filtro desconhecido   29079642.net.fits                                  Triton                 375   575
   0.399  -0.347  150.69  233.51 3.375     11.59     28.80 99.999 99.999 99.999 13.364 13.579 99.999 99.999 99.999  0.112 99.999 99.999 99.999 99.999  99.999  99.999  99.999  99.999  0.037  0.037  0.019  0.051  0.018  0.046    6    4 99.999 99.999   99  19.867244748 -20.451722757 25 48 42.37 1996  7 29 2450294.57549039     3  filtro desconhecido   29079646.net.fits                                  Triton                 375   575
  -0.004   0.159  150.43  233.74 2.615     18.60     28.36 99.999 99.999 99.999 13.436 13.518 99.999 99.999 99.999  0.461 99.999 99.999 99.999 99.999  99.999  99.999  99.999  99.999  0.031  0.031  0.041  0.029  0.082  0.057   10    6 99.999 99.999   99  19.867236486 -20.451583510 25 48 59.34 1996  7 29 2450294.57568681     3  filtro desconhecido   29079647.net.fits                                  Triton                 375   575
