  -0.046  -0.020  516.73  496.79 1.820   1088.44   2560.62 99.999 99.999 99.999 13.619 13.456 99.999 99.999 99.999  0.167 99.999 99.999 99.999 99.999  99.999  99.999  99.999  99.999  0.073  0.073  0.017  0.015  0.061  0.052   20   16 99.999 99.999   99  21.794245014 -13.759609511  3 41 13.52 2009  9  4 2455078.65362870    30  I                     netuno0001.fits                                    Triton                1020  1020
   0.014   0.033  515.12  495.44 1.729   1060.01   3292.28 99.999 99.999 99.999 13.511 13.337 99.999 99.999 99.999  0.174 99.999 99.999 99.999 99.999  99.999  99.999  99.999  99.999  0.050  0.050  0.017  0.018  0.059  0.062   16   14 99.999 99.999   99  21.794244804 -13.759605062  3 42 26.36 2009  9  4 2455078.65447176    30  I                     netuno0002.fits                                    Triton                1020  1020
  -0.014  -0.004  509.81  494.02 1.510   1157.80   2627.72 99.999 99.999 99.999 13.510 13.406 99.999 99.999 99.999  0.200 99.999 99.999 99.999 99.999  99.999  99.999  99.999  99.999  0.036  0.035  0.010  0.017  0.035  0.058   19   15 99.999 99.999   99  21.794242903 -13.759625658  3 43 40.05 2009  9  4 2455078.65532465    30  I                     netuno0003.fits                                    Triton                1020  1020
  -0.016  -0.021  507.78  492.68 1.692    846.81   2861.34 99.999 99.999 99.999 13.568 13.445 99.999 99.999 99.999  0.168 99.999 99.999 99.999 99.999  99.999  99.999  99.999  99.999  0.031  0.031  0.028  0.025  0.078  0.069   16   10 99.999 99.999   99  21.794241493 -13.759640615  3 44 53.75 2009  9  4 2455078.65617766    30  I                     netuno0004.fits                                    Triton                1020  1020
  -0.029  -0.007  505.87  491.53 1.884    613.03   3085.62 99.999 99.999 99.999 13.625 13.422 99.999 99.999 99.999  0.162 99.999 99.999 99.999 99.999  99.999  99.999  99.999  99.999  0.050  0.050  0.010  0.013  0.034  0.044   14   11 99.999 99.999   99  21.794239889 -13.759646867  3 46  6.60 2009  9  4 2455078.65702083    30  I                     netuno0005.fits                                    Triton                1020  1020
   0.023   0.012  502.33  489.64 1.886    440.23   3130.02 99.999 99.999 99.999 13.626 13.521 99.999 99.999 99.999  0.227 99.999 99.999 99.999 99.999  99.999  99.999  99.999  99.999  0.051  0.051  0.024  0.020  0.075  0.063   12   12 99.999 99.999   99  21.794239103 -13.759655116  3 47 41.73 2009  9  4 2455078.65812188    30  I                     netuno0006.fits                                    Triton                1020  1020
  -0.079  -0.051  498.94  488.23 2.054    425.71   3313.59 99.999 99.999 99.999 13.568 13.415 99.999 99.999 99.999  0.115 99.999 99.999 99.999 99.999  99.999  99.999  99.999  99.999  0.039  0.039  0.014  0.015  0.043  0.047   11   10 99.999 99.999   99  21.794235833 -13.759682710  3 48 54.58 2009  9  4 2455078.65896505    30  I                     netuno0007.fits                                    Triton                1020  1020
   0.030   0.051  500.16  487.21 1.867    464.07   3204.03 99.999 99.999 99.999 13.645 13.384 99.999 99.999 99.999  0.350 99.999 99.999 99.999 99.999  99.999  99.999  99.999  99.999  0.045  0.045  0.020  0.021  0.057  0.061   15   11 99.999 99.999   99  21.794236545 -13.759664851  3 50  7.42 2009  9  4 2455078.65980810    30  I                     netuno0008.fits                                    Triton                1020  1020
  -0.014   0.030  498.10  485.80 1.910    440.95   3144.16 99.999 99.999 99.999 13.694 13.464 99.999 99.999 99.999  0.412 99.999 99.999 99.999 99.999  99.999  99.999  99.999  99.999  0.065  0.065  0.016  0.023  0.050  0.069   13   10 99.999 99.999   99  21.794234342 -13.759680809  3 51 21.12 2009  9  4 2455078.66066111    30  I                     netuno0009.fits                                    Triton                1020  1020
   0.009   0.046  496.58  484.61 1.716    448.91   3180.10 99.999 99.999 99.999 13.745 13.583 99.999 99.999 99.999  0.382 99.999 99.999 99.999 99.999  99.999  99.999  99.999  99.999  0.083  0.083  0.021  0.018  0.060  0.054   14   10 99.999 99.999   99  21.794233397 -13.759686847  3 52 34.82 2009  9  4 2455078.66151412    30  I                     netuno0010.fits                                    Triton                1020  1020
