  -0.002  -0.071  352.94  297.54 2.136   3560.24    515.19 99.999 99.999 99.999 13.261 13.021 99.999 99.999 99.999  0.240 99.999 99.999 99.999 99.999  99.999  99.999  99.999  99.999  0.061  0.061  0.033  0.038  0.041  0.047   14   11 99.999 99.999   99  19.891288997 -20.382874215 25  4 57.00 1996  7 16 2450281.54510417   100  filtro desconhecido   16079621.net.fits                                  Triton                 379   571
   0.037  -0.092  347.62  293.38 2.413   3733.08    304.03 99.999 99.999 99.999 13.263 12.969 99.999 99.999 99.999  0.267 99.999 99.999 99.999 99.999  99.999  99.999  99.999  99.999  0.046  0.046  0.030  0.033  0.051  0.056   16   14 99.999 99.999   99  19.891285735 -20.382887673 25  8 31.00 1996  7 16 2450281.54758102   100  filtro desconhecido   16079622.net.fits                                  Triton                 379   571
  -0.005  -0.077  340.75  290.91 1.673   6339.04    563.55 99.999 99.999 99.999 13.167 12.812 99.999 99.999 99.999  0.353 99.999 99.999 99.999 99.999  99.999  99.999  99.999  99.999  0.000  0.000  0.027  0.029  0.049  0.052   15   13 99.999 99.999   99  19.891282715 -20.382887764 25 10 27.00 1996  7 16 2450281.54892361   100  filtro desconhecido   16079623.net.fits                                  Triton                 379   571
   0.019  -0.077  338.09  288.59 1.515   6455.41    926.09 99.999 99.999 99.999 13.237 12.931 99.999 99.999 99.999  0.301 99.999 99.999 99.999 99.999  99.999  99.999  99.999  99.999  0.043  0.043  0.027  0.025  0.053  0.050   15   14 99.999 99.999   99  19.891280986 -20.382891936 25 12 23.00 1996  7 16 2450281.55026620   100  filtro desconhecido   16079624.net.fits                                  Triton                 379   571
   0.059  -0.003  334.94  286.60 2.293   3018.09    538.59 99.999 99.999 99.999 13.197 12.973 99.999 99.999 99.999  0.345 99.999 99.999 99.999 99.999  99.999  99.999  99.999  99.999  0.024  0.024  0.040  0.026  0.063  0.041   13   11 99.999 99.999   99  19.891279550 -20.382875739 25 14 20.00 1996  7 16 2450281.55162037   100  filtro desconhecido   16079625.net.fits                                  Triton                 379   571
  -0.007  -0.007  329.89  283.90 2.048   4861.45    440.32 99.999 99.999 99.999 13.210 12.976 99.999 99.999 99.999  0.304 99.999 99.999 99.999 99.999  99.999  99.999  99.999  99.999  0.036  0.036  0.023  0.020  0.045  0.040   15   14 99.999 99.999   99  19.891276054 -20.382880999 25 16 17.00 1996  7 16 2450281.55297454   100  filtro desconhecido   16079626.net.fits                                  Triton                 379   571
   0.012  -0.021  327.48  281.42 2.187   4584.78    348.51 99.999 99.999 99.999 13.219 12.983 99.999 99.999 99.999  0.298 99.999 99.999 99.999 99.999  99.999  99.999  99.999  99.999  0.036  0.036  0.034  0.031  0.066  0.061   15   14 99.999 99.999   99  19.891274214 -20.382889163 25 18 14.00 1996  7 16 2450281.55432870   100  filtro desconhecido   16079627.net.fits                                  Triton                 379   571
  -0.022  -0.045  320.70  278.81 1.805   4680.59    678.39 99.999 99.999 99.999 13.300 13.008 99.999 99.999 99.999  0.232 99.999 99.999 99.999 99.999  99.999  99.999  99.999  99.999  0.040  0.040  0.033  0.029  0.056  0.049   12   12 99.999 99.999   99  19.891271346 -20.382900228 25 20 11.00 1996  7 16 2450281.55568287   100  filtro desconhecido   16079628.net.fits                                  Triton                 379   571
  -0.001  -0.035  318.20  276.57 1.751   6102.40    464.12 99.999 99.999 99.999 13.185 12.942 99.999 99.999 99.999  0.394 99.999 99.999 99.999 99.999  99.999  99.999  99.999  99.999  0.028  0.028  0.034  0.031  0.057  0.051   12   11 99.999 99.999   99  19.891269532 -20.382901751 25 22  8.00 1996  7 16 2450281.55703704   100  filtro desconhecido   16079629.net.fits                                  Triton                 379   571
   0.037  -0.033  315.74  274.37 2.049   3158.84    718.52 99.999 99.999 99.999 13.286 12.948 99.999 99.999 99.999  0.251 99.999 99.999 99.999 99.999  99.999  99.999  99.999  99.999  0.062  0.062  0.043  0.039  0.072  0.065   11   11 99.999 99.999   99  19.891268096 -20.382905434 25 24  5.00 1996  7 16 2450281.55839120   100  filtro desconhecido   16079630.net.fits                                  Triton                 379   571
