  -0.002   0.018  668.23  537.39 2.251    949.14   3038.57 99.999 99.999 99.999 13.542 13.379 99.999 99.999 99.999  0.315 99.999 99.999 99.999 99.999  99.999  99.999  99.999  99.999  0.048  0.048  0.016  0.018  0.052  0.058   22   16 99.999 99.999   99  21.792719262 -13.770934929  1  7 26.74 2009  9  5 2455079.54683727    60  I                     netuno_0001.fits                                   Triton                1020  1020
  -0.007  -0.005  671.78  535.28 2.306    847.06   3250.25 99.999 99.999 99.999 13.652 13.316 99.999 99.999 99.999  0.303 99.999 99.999 99.999 99.999  99.999  99.999  99.999  99.999  0.039  0.039  0.011  0.016  0.043  0.059   23   17 99.999 99.999   99  21.792716566 -13.770959005  1  9 26.72 2009  9  5 2455079.54822593    60  I                     netuno_0002.fits                                   Triton                1020  1020
  -0.004  -0.004  673.14  532.94 2.378    928.85   3010.47 99.999 99.999 99.999 13.638 13.461 99.999 99.999 99.999  0.330 99.999 99.999 99.999 99.999  99.999  99.999  99.999  99.999  0.060  0.060  0.018  0.019  0.066  0.070   21   17 99.999 99.999   99  21.792714142 -13.770975188  1 11 21.56 2009  9  5 2455079.54955509    60  I                     netuno_0003.fits                                   Triton                1020  1020
   0.049  -0.012  676.28  530.98 2.279    750.00   3679.43 99.999 99.999 99.999 13.710 13.470 99.999 99.999 99.999  0.363 99.999 99.999 99.999 99.999  99.999  99.999  99.999  99.999  0.042  0.043  0.015  0.016  0.063  0.067   23   20 99.999 99.999   99  21.792712524 -13.770995061  1 13 21.82 2009  9  5 2455079.55094699    60  I                     netuno_0004.fits                                   Triton                1020  1020
   0.010  -0.045  678.29  529.20 2.508    295.23   4604.62 99.999 99.999 99.999 13.687 13.545 99.999 99.999 99.999  0.397 99.999 99.999 99.999 99.999  99.999  99.999  99.999  99.999  0.079  0.079  0.022  0.021  0.056  0.055   12    7 99.999 99.999   99  21.792709303 -13.771020959  1 15 16.67 2009  9  5 2455079.55227627    60  I                     netuno_0005.fits                                   Triton                1020  1020
  -0.057   0.004  679.37  526.23 2.108    376.91   4469.66 99.999 99.999 99.999 13.657 13.468 99.999 99.999 99.999  0.374 99.999 99.999 99.999 99.999  99.999  99.999  99.999  99.999  0.064  0.063  0.025  0.032  0.055  0.068   12   10 99.999 99.999   99  21.792704325 -13.771031856  1 18  6.32 2009  9  5 2455079.55423981    60  I                     netuno_0006.fits                                   Triton                1020  1020
  -0.055  -0.023  681.12  523.39 2.279   1296.41   2113.88 99.999 99.999 99.999 13.511 13.278 99.999 99.999 99.999  0.157 99.999 99.999 99.999 99.999  99.999  99.999  99.999  99.999  0.073  0.073  0.016  0.018  0.054  0.059   22   16 99.999 99.999   99  21.792701651 -13.771057553  1 20 10.58 2009  9  5 2455079.55567801    60  I                     netuno_0007.fits                                   Triton                1020  1020
  -0.023   0.039  681.18  521.71 2.111   1305.16   1966.25 99.999 99.999 99.999 13.596 13.331 99.999 99.999 99.999  0.303 99.999 99.999 99.999 99.999  99.999  99.999  99.999  99.999  0.017  0.017  0.018  0.020  0.063  0.068   24   16 99.999 99.999   99  21.792700029 -13.771055276  1 21 53.42 2009  9  5 2455079.55686829    60  I                     netuno_0008.fits                                   Triton                1020  1020
  -0.040   0.035  681.21  519.58 2.359   1004.80   2191.29 99.999 99.999 99.999 13.625 13.392 99.999 99.999 99.999  0.348 99.999 99.999 99.999 99.999  99.999  99.999  99.999  99.999  0.061  0.061  0.016  0.019  0.061  0.072   21   17 99.999 99.999   99  21.792697459 -13.771071497  1 23 36.27 2009  9  5 2455079.55805868    60  I                     netuno_0009.fits                                   Triton                1020  1020
  -0.008   0.022  680.40  515.34 2.389    992.14   2265.08 99.999 99.999 99.999 13.588 13.282 99.999 99.999 99.999  0.312 99.999 99.999 99.999 99.999  99.999  99.999  99.999  99.999  0.060  0.060  0.017  0.020  0.050  0.058   22   16 99.999 99.999   99  21.792693132 -13.771108182  1 27 23.38 2009  9  5 2455079.56068727    60  I                     netuno_0011.fits                                   Triton                1020  1020
