   0.102  -0.133 1015.21 1036.26 1.573   7807.47    609.18 99.999 99.999 99.999 13.228 12.914 99.999 99.999 99.999  0.104 99.999 99.999 99.999 99.999  99.999  99.999  99.999  99.999  0.009  0.009  0.013  0.014  0.051  0.053   27   24 99.999 99.999   99  21.971890109 -12.901581759  3 57 22.00 2010  8 18 2455426.66483796    30    Clear               tritao_03.57.39_0001.fits                          Triton                2048  2048
   0.106  -0.135 1016.36 1037.30 1.556   7807.73    634.67 99.999 99.999 99.999 13.192 12.858 99.999 99.999 99.999  0.100 99.999 99.999 99.999 99.999  99.999  99.999  99.999  99.999  0.009  0.009  0.013  0.014  0.049  0.054   27   24 99.999 99.999   99  21.971889374 -12.901587232  3 57 56.00 2010  8 18 2455426.66523148    30    Clear               tritao_03.58.13_0002.fits                          Triton                2048  2048
   0.108  -0.150 1019.11 1037.96 1.810   6131.52    480.39 99.999 99.999 99.999 13.211 12.969 99.999 99.999 99.999  0.096 99.999 99.999 99.999 99.999  99.999  99.999  99.999  99.999  0.011  0.011  0.013  0.015  0.049  0.055   27   24 99.999 99.999   99  21.971888615 -12.901596237  3 58 29.00 2010  8 18 2455426.66561343    30    Clear               tritao_03.58.46_0003.fits                          Triton                2048  2048
   0.112  -0.118 1021.91 1038.77 1.805   6524.94    393.71 99.999 99.999 99.999 13.197 12.926 99.999 99.999 99.999  0.098 99.999 99.999 99.999 99.999  99.999  99.999  99.999  99.999  0.013  0.013  0.013  0.015  0.049  0.058   27   24 99.999 99.999   99  21.971887901 -12.901591874  3 59  2.00 2010  8 18 2455426.66599537    30    Clear               tritao_03.59.20_0004.fits                          Triton                2048  2048
   0.085  -0.137 1022.04 1040.17 1.776   6296.52    492.84 99.999 99.999 99.999 13.217 12.985 99.999 99.999 99.999  0.109 99.999 99.999 99.999 99.999  99.999  99.999  99.999  99.999  0.011  0.011  0.014  0.014  0.053  0.053   27   24 99.999 99.999   99  21.971886590 -12.901602087  3 59 36.00 2010  8 18 2455426.66638889    30    Clear               tritao_03.59.53_0005.fits                          Triton                2048  2048
   0.112  -0.153 1022.10 1041.53 1.661   6721.26    611.25 99.999 99.999 99.999 13.177 12.876 99.999 99.999 99.999  0.107 99.999 99.999 99.999 99.999  99.999  99.999  99.999  99.999  0.014  0.014  0.012  0.013  0.048  0.056   28   25 99.999 99.999   99  21.971886322 -12.901611402  4  0  9.00 2010  8 18 2455426.66677083    30    Clear               tritao_04.00.26_0006.fits                          Triton                2048  2048
   0.103  -0.133 1020.41 1042.12 1.631   7153.04    601.30 99.999 99.999 99.999 13.195 12.886 99.999 99.999 99.999  0.120 99.999 99.999 99.999 99.999  99.999  99.999  99.999  99.999  0.014  0.014  0.014  0.015  0.051  0.055   27   24 99.999 99.999   99  21.971885348 -12.901610937  4  0 43.00 2010  8 18 2455426.66716435    30    Clear               tritao_04.01.00_0007.fits                          Triton                2048  2048
   0.106  -0.110 1021.11 1042.65 1.761   6727.20    464.15 99.999 99.999 99.999 13.227 12.879 99.999 99.999 99.999  0.140 99.999 99.999 99.999 99.999  99.999  99.999  99.999  99.999  0.010  0.010  0.012  0.014  0.047  0.054   28   24 99.999 99.999   99  21.971884606 -12.901609313  4  1 16.00 2010  8 18 2455426.66754630    30    Clear               tritao_04.01.33_0008.fits                          Triton                2048  2048
   0.110  -0.127 1023.23 1043.51 1.650   6923.03    606.90 99.999 99.999 99.999 13.194 12.850 99.999 99.999 99.999  0.103 99.999 99.999 99.999 99.999  99.999  99.999  99.999  99.999  0.010  0.010  0.013  0.014  0.050  0.054   27   24 99.999 99.999   99  21.971883889 -12.901618808  4  1 49.00 2010  8 18 2455426.66792824    30    Clear               tritao_04.02.07_0009.fits                          Triton                2048  2048
   0.120  -0.133 1025.90 1044.72 1.537   7332.97    726.33 99.999 99.999 99.999 13.209 12.927 99.999 99.999 99.999  0.106 99.999 99.999 99.999 99.999  99.999  99.999  99.999  99.999  0.010  0.010  0.013  0.013  0.052  0.056   28   25 99.999 99.999   99  21.971883281 -12.901625576  4  2 23.00 2010  8 18 2455426.66832176    30    Clear               tritao_04.02.40_0010.fits                          Triton                2048  2048
   0.085  -0.144 1027.86 1045.78 1.783   5994.20    558.04 99.999 99.999 99.999 13.231 12.950 99.999 99.999 99.999  0.101 99.999 99.999 99.999 99.999  99.999  99.999  99.999  99.999  0.009  0.009  0.014  0.014  0.053  0.053   27   24 99.999 99.999   99  21.971881834 -12.901633237  4  2 56.00 2010  8 18 2455426.66870370    30    Clear               tritao_04.03.13_0011.fits                          Triton                2048  2048
   0.084  -0.127 1034.35 1047.57 1.681   6612.51    568.25 99.999 99.999 99.999 13.235 12.916 99.999 99.999 99.999  0.100 99.999 99.999 99.999 99.999  99.999  99.999  99.999  99.999  0.010  0.010  0.014  0.014  0.052  0.052   27   24 99.999 99.999   99  21.971880201 -12.901638237  4  4  3.00 2010  8 18 2455426.66947917    30    Clear               tritao_04.04.20_0013.fits                          Triton                2048  2048
   0.086  -0.128 1035.08 1048.94 1.660   6387.60    675.74 99.999 99.999 99.999 13.238 12.974 99.999 99.999 99.999  0.099 99.999 99.999 99.999 99.999  99.999  99.999  99.999  99.999  0.010  0.010  0.015  0.014  0.054  0.053   27   24 99.999 99.999   99  21.971879472 -12.901643252  4  4 36.00 2010  8 18 2455426.66986111    30    Clear               tritao_04.04.53_0014.fits                          Triton                2048  2048
   0.108  -0.145 1032.75 1050.38 1.621   6755.79    679.26 99.999 99.999 99.999 13.202 12.941 99.999 99.999 99.999  0.110 99.999 99.999 99.999 99.999  99.999  99.999  99.999  99.999  0.012  0.012  0.016  0.018  0.052  0.056   26   23 99.999 99.999   99  21.971878301 -12.901657964  4  5 43.00 2010  8 18 2455426.67063657    30    Clear               tritao_04.06.00_0016.fits                          Triton                2048  2048
   0.085  -0.146 1033.35 1051.15 1.770   6695.85    414.73 99.999 99.999 99.999 13.228 12.941 99.999 99.999 99.999  0.107 99.999 99.999 99.999 99.999  99.999  99.999  99.999  99.999  0.011  0.011  0.014  0.014  0.051  0.052   27   24 99.999 99.999   99  21.971877064 -12.901663030  4  6 16.00 2010  8 18 2455426.67101852    30    Clear               tritao_04.06.34_0017.fits                          Triton                2048  2048
   0.117  -0.124 1036.43 1052.81 1.664   6797.43    573.53 99.999 99.999 99.999 13.202 12.898 99.999 99.999 99.999  0.096 99.999 99.999 99.999 99.999  99.999  99.999  99.999  99.999  0.007  0.007  0.012  0.014  0.049  0.058   28   25 99.999 99.999   99  21.971876864 -12.901661938  4  6 50.00 2010  8 18 2455426.67141204    30    Clear               tritao_04.07.07_0018.fits                          Triton                2048  2048
   0.108  -0.132 1037.93 1053.46 1.766   6252.97    524.26 99.999 99.999 99.999 13.188 12.929 99.999 99.999 99.999  0.099 99.999 99.999 99.999 99.999  99.999  99.999  99.999  99.999  0.011  0.011  0.012  0.014  0.046  0.052   27   24 99.999 99.999   99  21.971875914 -12.901668861  4  7 23.00 2010  8 18 2455426.67179398    30    Clear               tritao_04.07.40_0019.fits                          Triton                2048  2048
   0.105  -0.142 1039.11 1054.48 1.648   6734.77    625.23 99.999 99.999 99.999 13.194 12.892 99.999 99.999 99.999  0.100 99.999 99.999 99.999 99.999  99.999  99.999  99.999  99.999  0.008  0.008  0.013  0.013  0.053  0.053   28   25 99.999 99.999   99  21.971875049 -12.901676712  4  7 57.00 2010  8 18 2455426.67218750    30    Clear               tritao_04.08.14_0020.fits                          Triton                2048  2048
   0.088  -0.135 1042.59 1055.70 1.645   6773.03    661.90 99.999 99.999 99.999 13.216 12.858 99.999 99.999 99.999  0.098 99.999 99.999 99.999 99.999  99.999  99.999  99.999  99.999  0.012  0.012  0.014  0.015  0.048  0.051   27   23 99.999 99.999   99  21.971873945 -12.901679422  4  8 30.00 2010  8 18 2455426.67256944    30    Clear               tritao_04.08.47_0021.fits                          Triton                2048  2048
   0.086  -0.153 1044.55 1057.78 1.682   6915.33    521.74 99.999 99.999 99.999 13.212 12.966 99.999 99.999 99.999  0.109 99.999 99.999 99.999 99.999  99.999  99.999  99.999  99.999  0.008  0.008  0.011  0.013  0.046  0.054   28   25 99.999 99.999   99  21.971872293 -12.901694034  4  9 37.00 2010  8 18 2455426.67334491    30    Clear               tritao_04.09.54_0023.fits                          Triton                2048  2048
   0.092  -0.142 1044.24 1059.02 1.801   6106.20    483.40 99.999 99.999 99.999 13.227 12.899 99.999 99.999 99.999  0.100 99.999 99.999 99.999 99.999  99.999  99.999  99.999  99.999  0.008  0.008  0.011  0.012  0.049  0.053   29   26 99.999 99.999   99  21.971871635 -12.901695867  4 10 10.00 2010  8 18 2455426.67372685    30    Clear               tritao_04.10.27_0024.fits                          Triton                2048  2048
   0.111  -0.117 1041.78 1059.89 1.807   5744.43    546.44 99.999 99.999 99.999 13.203 12.928 99.999 99.999 99.999  0.103 99.999 99.999 99.999 99.999  99.999  99.999  99.999  99.999  0.012  0.012  0.013  0.013  0.049  0.049   27   24 99.999 99.999   99  21.971871211 -12.901693792  4 10 43.00 2010  8 18 2455426.67410880    30    Clear               tritao_04.11.01_0025.fits                          Triton                2048  2048
   0.104  -0.115 1042.61 1060.81 1.944   5155.62    455.52 99.999 99.999 99.999 13.202 12.913 99.999 99.999 99.999  0.265 99.999 99.999 99.999 99.999  99.999  99.999  99.999  99.999  0.016  0.016  0.014  0.013  0.058  0.053   29   25 99.999 99.999   99  21.971870280 -12.901698029  4 11 17.00 2010  8 18 2455426.67450231    30    Clear               tritao_04.11.34_0026.fits                          Triton                2048  2048
   0.086  -0.131 1045.91 1062.08 1.822   5702.09    504.15 99.999 99.999 99.999 13.234 12.980 99.999 99.999 99.999  0.090 99.999 99.999 99.999 99.999  99.999  99.999  99.999  99.999  0.009  0.009  0.014  0.014  0.053  0.050   27   24 99.999 99.999   99  21.971869131 -12.901707520  4 11 50.00 2010  8 18 2455426.67488426    30    Clear               tritao_04.12.07_0027.fits                          Triton                2048  2048
   0.113  -0.141 1047.37 1062.54 1.726   6376.43    550.59 99.999 99.999 99.999 13.235 12.924 99.999 99.999 99.999  0.103 99.999 99.999 99.999 99.999  99.999  99.999  99.999  99.999  0.009  0.009  0.013  0.014  0.050  0.053   27   24 99.999 99.999   99  21.971868836 -12.901714987  4 12 24.00 2010  8 18 2455426.67527778    30    Clear               tritao_04.12.41_0028.fits                          Triton                2048  2048
   0.108  -0.129 1048.20 1063.66 1.864   5523.06    498.72 99.999 99.999 99.999 13.231 12.951 99.999 99.999 99.999  0.102 99.999 99.999 99.999 99.999  99.999  99.999  99.999  99.999  0.009  0.009  0.014  0.014  0.051  0.054   27   24 99.999 99.999   99  21.971867976 -12.901716740  4 12 57.00 2010  8 18 2455426.67565972    30    Clear               tritao_04.13.14_0029.fits                          Triton                2048  2048
   0.085  -0.143 1053.43 1065.40 1.941   5780.70    352.74 99.999 99.999 99.999 13.219 12.909 99.999 99.999 99.999  0.100 99.999 99.999 99.999 99.999  99.999  99.999  99.999  99.999  0.012  0.012  0.017  0.016  0.052  0.051   26   23 99.999 99.999   99  21.971865946 -12.901730296  4 14  4.00 2010  8 18 2455426.67643519    30    Clear               tritao_04.14.21_0031.fits                          Triton                2048  2048
   0.102  -0.126 1053.63 1066.47 1.873   5452.29    496.36 99.999 99.999 99.999 13.214 12.924 99.999 99.999 99.999  0.107 99.999 99.999 99.999 99.999  99.999  99.999  99.999  99.999  0.012  0.012  0.016  0.017  0.052  0.054   26   23 99.999 99.999   99  21.971865474 -12.901730255  4 14 37.00 2010  8 18 2455426.67681713    30    Clear               tritao_04.14.54_0032.fits                          Triton                2048  2048
   0.114  -0.145 1053.02 1067.24 1.807   6081.87    477.16 99.999 99.999 99.999 13.217 12.927 99.999 99.999 99.999  0.119 99.999 99.999 99.999 99.999  99.999  99.999  99.999  99.999  0.013  0.013  0.011  0.012  0.051  0.054   29   26 99.999 99.999   99  21.971864879 -12.901740565  4 15 11.00 2010  8 18 2455426.67721065    30    Clear               tritao_04.15.28_0033.fits                          Triton                2048  2048
   0.093  -0.133 1050.35 1068.17 1.680   6243.55    659.98 99.999 99.999 99.999 13.214 12.931 99.999 99.999 99.999  0.103 99.999 99.999 99.999 99.999  99.999  99.999  99.999  99.999  0.011  0.011  0.012  0.013  0.049  0.054   28   25 99.999 99.999   99  21.971863703 -12.901742019  4 15 44.00 2010  8 18 2455426.67759259    30    Clear               tritao_04.16.01_0034.fits                          Triton                2048  2048
   0.084  -0.132 1051.26 1069.60 1.926   5479.23    422.70 99.999 99.999 99.999 13.220 12.954 99.999 99.999 99.999  0.100 99.999 99.999 99.999 99.999  99.999  99.999  99.999  99.999  0.012  0.012  0.015  0.014  0.054  0.050   27   24 99.999 99.999   99  21.971862761 -12.901746505  4 16 17.00 2010  8 18 2455426.67797454    30    Clear               tritao_04.16.35_0035.fits                          Triton                2048  2048
   0.105  -0.127 1054.66 1070.84 1.815   6045.63    452.52 99.999 99.999 99.999 13.230 12.956 99.999 99.999 99.999  0.105 99.999 99.999 99.999 99.999  99.999  99.999  99.999  99.999  0.008  0.008  0.012  0.013  0.051  0.054   28   25 99.999 99.999   99  21.971862355 -12.901750019  4 16 51.00 2010  8 18 2455426.67836806    30    Clear               tritao_04.17.08_0036.fits                          Triton                2048  2048
   0.107  -0.147 1055.21 1071.92 1.756   6414.44    497.20 99.999 99.999 99.999 13.163 12.938 99.999 99.999 99.999  0.303 99.999 99.999 99.999 99.999  99.999  99.999  99.999  99.999  0.012  0.012  0.011  0.013  0.049  0.059   30   26 99.999 99.999   99  21.971861595 -12.901760141  4 17 24.00 2010  8 18 2455426.67875000    30    Clear               tritao_04.17.41_0037.fits                          Triton                2048  2048
   0.086  -0.137 1056.58 1072.35 1.851   5122.46    595.64 99.999 99.999 99.999 13.227 12.963 99.999 99.999 99.999  0.108 99.999 99.999 99.999 99.999  99.999  99.999  99.999  99.999  0.012  0.012  0.013  0.013  0.052  0.054   28   25 99.999 99.999   99  21.971860411 -12.901762368  4 17 57.00 2010  8 18 2455426.67913194    30    Clear               tritao_04.18.15_0038.fits                          Triton                2048  2048
   0.098  -0.126 1060.32 1073.21 1.861   5651.50    475.27 99.999 99.999 99.999 13.236 13.009 99.999 99.999 99.999  0.105 99.999 99.999 99.999 99.999  99.999  99.999  99.999  99.999  0.017  0.017  0.014  0.013  0.055  0.052   28   25 99.999 99.999   99  21.971859836 -12.901764201  4 18 31.00 2010  8 18 2455426.67952546    30    Clear               tritao_04.18.48_0039.fits                          Triton                2048  2048
   0.093  -0.141 1062.21 1074.84 1.646   6521.96    660.16 99.999 99.999 99.999 13.243 13.016 99.999 99.999 99.999  0.097 99.999 99.999 99.999 99.999  99.999  99.999  99.999  99.999  0.012  0.012  0.014  0.014  0.055  0.056   28   25 99.999 99.999   99  21.971858961 -12.901773422  4 19  4.00 2010  8 18 2455426.67990741    30    Clear               tritao_04.19.22_0040.fits                          Triton                2048  2048
   0.096  -0.133 1063.87 1079.76 1.813   5816.74    530.52 99.999 99.999 99.999 13.241 12.972 99.999 99.999 99.999  0.099 99.999 99.999 99.999 99.999  99.999  99.999  99.999  99.999  0.013  0.013  0.013  0.014  0.049  0.052   27   24 99.999 99.999   99  21.971855043 -12.901795377  4 21 51.00 2010  8 18 2455426.68184028    30    Clear               tritao_04.22.08_0045.fits                          Triton                2048  2048
   0.092  -0.137 1063.89 1080.76 1.581   6948.28    709.21 99.999 99.999 99.999 13.215 12.976 99.999 99.999 99.999  0.095 99.999 99.999 99.999 99.999  99.999  99.999  99.999  99.999  0.009  0.009  0.013  0.013  0.051  0.052   28   25 99.999 99.999   99  21.971854129 -12.901800983  4 22 25.00 2010  8 18 2455426.68223380    30    Clear               tritao_04.22.42_0046.fits                          Triton                2048  2048
   0.102  -0.153 1064.99 1081.81 1.476   6752.84    990.25 99.999 99.999 99.999 13.229 12.973 99.999 99.999 99.999  0.106 99.999 99.999 99.999 99.999  99.999  99.999  99.999  99.999  0.010  0.010  0.011  0.013  0.048  0.054   29   25 99.999 99.999   99  21.971853547 -12.901810464  4 22 58.00 2010  8 18 2455426.68261574    30    Clear               tritao_04.23.15_0047.fits                          Triton                2048  2048
   0.095  -0.135 1068.52 1083.07 2.022   6012.47    196.16 99.999 99.999 99.999 13.205 12.875 99.999 99.999 99.999  0.101 99.999 99.999 99.999 99.999  99.999  99.999  99.999  99.999  0.012  0.012  0.013  0.016  0.045  0.057   27   23 99.999 99.999   99  21.971852646 -12.901810371  4 23 31.00 2010  8 18 2455426.68299769    30    Clear               tritao_04.23.49_0048.fits                          Triton                2048  2048
   0.089  -0.129 1070.41 1084.50 1.687   7568.67    419.23 99.999 99.999 99.999 13.213 12.882 99.999 99.999 99.999  0.101 99.999 99.999 99.999 99.999  99.999  99.999  99.999  99.999  0.012  0.012  0.012  0.013  0.048  0.052   28   25 99.999 99.999   99  21.971850922 -12.901818286  4 24 38.00 2010  8 18 2455426.68377315    30    Clear               tritao_04.24.55_0050.fits                          Triton                2048  2048
   0.088  -0.083 1073.62 1109.40 1.622   1949.77    109.80 99.999 99.999 99.999 13.335 13.174 99.999 99.999 99.999  0.204 99.999 99.999 99.999 99.999  99.999  99.999  99.999  99.999  0.009  0.009  0.015  0.016  0.056  0.057   27   23 99.999 99.999   99  21.971831667 -12.901922618  4 38  5.50 2010  8 18 2455426.69311921    35    Clear               netuno_04.38.26_0002.fits                          Triton                2048  2048
   0.102  -0.100 1077.00 1111.17 1.702   1741.08    111.17 99.999 99.999 99.999 13.389 13.154 99.999 99.999 99.999  0.299 99.999 99.999 99.999 99.999  99.999  99.999  99.999  99.999  0.012  0.012  0.015  0.014  0.055  0.052   28   23 99.999 99.999   99  21.971831018 -12.901932803  4 38 44.50 2010  8 18 2455426.69357060    35    Clear               netuno_04.39.04_0003.fits                          Triton                2048  2048
   0.097  -0.102 1077.38 1111.72 1.609   1957.11    109.25 99.999 99.999 99.999 13.387 13.180 99.999 99.999 99.999  0.285 99.999 99.999 99.999 99.999  99.999  99.999  99.999  99.999  0.017  0.017  0.015  0.016  0.053  0.057   28   23 99.999 99.999   99  21.971830000 -12.901938985  4 39 22.50 2010  8 18 2455426.69401042    35    Clear               netuno_04.39.42_0004.fits                          Triton                2048  2048
   0.109  -0.096 1077.74 1113.05 1.559   2073.32    117.63 99.999 99.999 99.999 13.330 13.122 99.999 99.999 99.999  0.278 99.999 99.999 99.999 99.999  99.999  99.999  99.999  99.999  0.019  0.019  0.013  0.013  0.053  0.052   29   23 99.999 99.999   99  21.971829356 -12.901942518  4 40  0.50 2010  8 18 2455426.69445023    35    Clear               netuno_04.40.20_0005.fits                          Triton                2048  2048
   0.092  -0.093 1075.04 1114.21 1.602   1845.51    175.14 99.999 99.999 99.999 13.370 13.156 99.999 99.999 99.999  0.294 99.999 99.999 99.999 99.999  99.999  99.999  99.999  99.999  0.017  0.017  0.013  0.014  0.049  0.053   28   23 99.999 99.999   99  21.971828106 -12.901947162  4 40 38.50 2010  8 18 2455426.69489005    35    Clear               netuno_04.40.58_0006.fits                          Triton                2048  2048
   0.096  -0.106 1075.11 1115.84 1.975   1409.31     75.82 99.999 99.999 99.999 13.371 13.146 99.999 99.999 99.999  0.296 99.999 99.999 99.999 99.999  99.999  99.999  99.999  99.999  0.007  0.007  0.017  0.013  0.061  0.046   28   21 99.999 99.999   99  21.971827287 -12.901956501  4 41 16.50 2010  8 18 2455426.69532986    35    Clear               netuno_04.41.37_0007.fits                          Triton                2048  2048
   0.094  -0.079 1078.41 1117.05 2.560    972.28     22.62 99.999 99.999 99.999 13.360 13.146 99.999 99.999 99.999  0.218 99.999 99.999 99.999 99.999  99.999  99.999  99.999  99.999  0.013  0.013  0.013  0.013  0.054  0.053   27   22 99.999 99.999   99  21.971826317 -12.901954308  4 41 55.50 2010  8 18 2455426.69578125    35    Clear               netuno_04.42.15_0008.fits                          Triton                2048  2048
   0.111  -0.105 1078.53 1118.45 1.581   1859.67    137.97 99.999 99.999 99.999 13.373 13.154 99.999 99.999 99.999  0.293 99.999 99.999 99.999 99.999  99.999  99.999  99.999  99.999  0.014  0.014  0.014  0.014  0.051  0.051   28   22 99.999 99.999   99  21.971825752 -12.901967243  4 42 33.50 2010  8 18 2455426.69622106    35    Clear               netuno_04.42.53_0009.fits                          Triton                2048  2048
   0.101  -0.084 1080.11 1119.46 1.656   1797.48    118.01 99.999 99.999 99.999 13.399 13.184 99.999 99.999 99.999  0.284 99.999 99.999 99.999 99.999  99.999  99.999  99.999  99.999  0.013  0.013  0.016  0.013  0.057  0.046   28   22 99.999 99.999   99  21.971824639 -12.901966974  4 43 11.50 2010  8 18 2455426.69666088    35    Clear               netuno_04.43.31_0010.fits                          Triton                2048  2048
   0.115  -0.101 1083.28 1120.64 1.361   2563.22    180.35 99.999 99.999 99.999 13.367 13.203 99.999 99.999 99.999  0.276 99.999 99.999 99.999 99.999  99.999  99.999  99.999  99.999  0.014  0.014  0.014  0.014  0.056  0.055   29   24 99.999 99.999   99  21.971824023 -12.901976965  4 43 49.50 2010  8 18 2455426.69710069    35    Clear               netuno_04.44.10_0011.fits                          Triton                2048  2048
   0.114  -0.109 1082.58 1122.24 1.561   2205.57     96.03 99.999 99.999 99.999 13.359 13.220 99.999 99.999 99.999  0.288 99.999 99.999 99.999 99.999  99.999  99.999  99.999  99.999  0.018  0.018  0.015  0.013  0.059  0.051   29   23 99.999 99.999   99  21.971823077 -12.901984830  4 44 27.50 2010  8 18 2455426.69754051    35    Clear               netuno_04.44.48_0012.fits                          Triton                2048  2048
   0.100  -0.123 1081.84 1123.41 1.587   2110.18    104.77 99.999 99.999 99.999 13.342 13.170 99.999 99.999 99.999  0.281 99.999 99.999 99.999 99.999  99.999  99.999  99.999  99.999  0.012  0.012  0.013  0.012  0.058  0.053   30   25 99.999 99.999   99  21.971821894 -12.901994126  4 45  6.50 2010  8 18 2455426.69799190    35    Clear               netuno_04.45.26_0013.fits                          Triton                2048  2048
   0.086  -0.109 1079.04 1124.74 1.470   2097.49    178.76 99.999 99.999 99.999 13.356 13.168 99.999 99.999 99.999  0.287 99.999 99.999 99.999 99.999  99.999  99.999  99.999  99.999  0.010  0.010  0.014  0.014  0.057  0.055   29   23 99.999 99.999   99  21.971820721 -12.901995920  4 45 44.50 2010  8 18 2455426.69843171    35    Clear               netuno_04.46.04_0014.fits                          Triton                2048  2048
   0.104  -0.110 1082.49 1127.25 1.657   2070.96     69.48 99.999 99.999 99.999 13.369 13.180 99.999 99.999 99.999  0.288 99.999 99.999 99.999 99.999  99.999  99.999  99.999  99.999  0.013  0.013  0.015  0.015  0.053  0.054   28   23 99.999 99.999   99  21.971819246 -12.902007150  4 47  0.50 2010  8 18 2455426.69931134    35    Clear               netuno_04.47.21_0016.fits                          Triton                2048  2048
   0.113  -0.100 1082.20 1128.57 1.503   2420.07     91.50 99.999 99.999 99.999 13.348 13.087 99.999 99.999 99.999  0.286 99.999 99.999 99.999 99.999  99.999  99.999  99.999  99.999  0.020  0.020  0.014  0.013  0.052  0.047   28   23 99.999 99.999   99  21.971818483 -12.902010002  4 47 39.50 2010  8 18 2455426.69976273    35    Clear               netuno_04.47.59_0017.fits                          Triton                2048  2048
   0.102  -0.111 1084.21 1129.96 1.735   1909.75     70.84 99.999 99.999 99.999 13.373 13.171 99.999 99.999 99.999  0.294 99.999 99.999 99.999 99.999  99.999  99.999  99.999  99.999  0.008  0.008  0.015  0.014  0.054  0.050   28   23 99.999 99.999   99  21.971817390 -12.902018623  4 48 17.50 2010  8 18 2455426.70020255    35    Clear               netuno_04.48.37_0018.fits                          Triton                2048  2048
   0.113  -0.089 1081.68 1135.04 1.355   2119.59    257.71 99.999 99.999 99.999 13.346 13.124 99.999 99.999 99.999  0.289 99.999 99.999 99.999 99.999  99.999  99.999  99.999  99.999  0.019  0.019  0.015  0.013  0.059  0.050   29   23 99.999 99.999   99  21.971813945 -12.902034333  4 50 50.50 2010  8 18 2455426.70197338    35    Clear               netuno_04.51.10_0022.fits                          Triton                2048  2048
   0.108  -0.106 1084.94 1137.42 1.380   2454.30    178.05 99.999 99.999 99.999 13.311 13.174 99.999 99.999 99.999  0.197 99.999 99.999 99.999 99.999  99.999  99.999  99.999  99.999  0.019  0.019  0.015  0.015  0.055  0.053   27   23 99.999 99.999   99  21.971812047 -12.902050078  4 52  6.50 2010  8 18 2455426.70285301    35    Clear               netuno_04.52.26_0024.fits                          Triton                2048  2048
   0.105  -0.090 1085.03 1138.49 1.551   2227.18     98.59 99.999 99.999 99.999 13.284 13.204 99.999 99.999 99.999  0.190 99.999 99.999 99.999 99.999  99.999  99.999  99.999  99.999  0.015  0.015  0.015  0.015  0.056  0.057   26   23 99.999 99.999   99  21.971811073 -12.902051027  4 52 44.50 2010  8 18 2455426.70329282    35    Clear               netuno_04.53.05_0025.fits                          Triton                2048  2048
   0.114  -0.096 1087.98 1139.63 1.755   1883.33     66.82 99.999 99.999 99.999 13.349 13.123 99.999 99.999 99.999  0.288 99.999 99.999 99.999 99.999  99.999  99.999  99.999  99.999  0.011  0.011  0.014  0.012  0.051  0.045   27   22 99.999 99.999   99  21.971810335 -12.902058432  4 53 23.50 2010  8 18 2455426.70374421    35    Clear               netuno_04.53.43_0026.fits                          Triton                2048  2048
   0.101  -0.087 1089.65 1140.69 1.650   2023.52     91.29 99.999 99.999 99.999 13.345 13.137 99.999 99.999 99.999  0.272 99.999 99.999 99.999 99.999  99.999  99.999  99.999  99.999  0.026  0.026  0.015  0.014  0.055  0.051   26   22 99.999 99.999   99  21.971809168 -12.902061416  4 54  1.50 2010  8 18 2455426.70418403    35    Clear               netuno_04.54.21_0027.fits                          Triton                2048  2048
   0.110  -0.106 1089.14 1142.12 1.669   2099.45     63.99 99.999 99.999 99.999 13.293 13.231 99.999 99.999 99.999  0.184 99.999 99.999 99.999 99.999  99.999  99.999  99.999  99.999  0.022  0.022  0.013  0.013  0.051  0.052   27   23 99.999 99.999   99  21.971808416 -12.902072240  4 54 39.50 2010  8 18 2455426.70462384    35    Clear               netuno_04.54.59_0028.fits                          Triton                2048  2048
   0.104  -0.122 1087.19 1143.30 1.712   1833.49     99.08 99.999 99.999 99.999 13.261 13.123 99.999 99.999 99.999  0.190 99.999 99.999 99.999 99.999  99.999  99.999  99.999  99.999  0.026  0.026  0.013  0.014  0.057  0.058   28   24 99.999 99.999   99  21.971807423 -12.902082013  4 55 17.50 2010  8 18 2455426.70506366    35    Clear               netuno_04.55.37_0029.fits                          Triton                2048  2048
   0.091  -0.080 1088.65 1146.78 1.527   2215.54    115.10 99.999 99.999 99.999 13.350 13.142 99.999 99.999 99.999  0.279 99.999 99.999 99.999 99.999  99.999  99.999  99.999  99.999  0.023  0.023  0.015  0.013  0.055  0.047   26   21 99.999 99.999   99  21.971804427 -12.902086994  4 57 12.50 2010  8 18 2455426.70639468    35    Clear               netuno_04.57.32_0032.fits                          Triton                2048  2048
   0.116  -0.096 1091.39 1148.60 1.887   1683.63     44.01 99.999 99.999 99.999 13.318 13.179 99.999 99.999 99.999  0.185 99.999 99.999 99.999 99.999  99.999  99.999  99.999  99.999  0.014  0.014  0.017  0.014  0.060  0.051   26   22 99.999 99.999   99  21.971803091 -12.902102112  4 58 28.50 2010  8 18 2455426.70727431    35    Clear               netuno_04.58.49_0034.fits                          Triton                2048  2048
   0.111  -0.090 1091.64 1149.91 1.744   1841.59     65.12 99.999 99.999 99.999 13.358 13.147 99.999 99.999 99.999  0.283 99.999 99.999 99.999 99.999  99.999  99.999  99.999  99.999  0.016  0.016  0.016  0.012  0.057  0.042   27   22 99.999 99.999   99  21.971802072 -12.902106236  4 59  6.50 2010  8 18 2455426.70771412    35    Clear               netuno_04.59.27_0035.fits                          Triton                2048  2048
   0.094  -0.089 1091.46 1151.14 1.591   2056.97    104.80 99.999 99.999 99.999 13.343 13.169 99.999 99.999 99.999  0.275 99.999 99.999 99.999 99.999  99.999  99.999  99.999  99.999  0.018  0.018  0.016  0.016  0.057  0.058   27   23 99.999 99.999   99  21.971800843 -12.902111355  4 59 45.50 2010  8 18 2455426.70816551    35    Clear               netuno_05.00.05_0036.fits                          Triton                2048  2048
   0.094  -0.089 1089.15 1152.66 1.711   1825.06     96.78 99.999 99.999 99.999 13.295 13.168 99.999 99.999 99.999  0.180 99.999 99.999 99.999 99.999  99.999  99.999  99.999  99.999  0.021  0.021  0.016  0.011  0.056  0.040   26   21 99.999 99.999   99  21.971799924 -12.902116917  5  0 23.50 2010  8 18 2455426.70860532    35    Clear               netuno_05.00.43_0037.fits                          Triton                2048  2048
   0.112  -0.097 1086.89 1153.76 1.525   2206.06    131.74 99.999 99.999 99.999 13.295 13.163 99.999 99.999 99.999  0.197 99.999 99.999 99.999 99.999  99.999  99.999  99.999  99.999  0.019  0.019  0.018  0.020  0.057  0.062   25   22 99.999 99.999   99  21.971799387 -12.902124700  5  1  1.50 2010  8 18 2455426.70904514    35    Clear               netuno_05.01.21_0038.fits                          Triton                2048  2048
   0.109  -0.082 1089.45 1155.29 1.609   2103.11     94.77 99.999 99.999 99.999 13.332 13.146 99.999 99.999 99.999  0.292 99.999 99.999 99.999 99.999  99.999  99.999  99.999  99.999  0.018  0.018  0.016  0.014  0.056  0.051   27   22 99.999 99.999   99  21.971798400 -12.902125921  5  1 39.50 2010  8 18 2455426.70948495    35    Clear               netuno_05.02.00_0039.fits                          Triton                2048  2048
   0.116  -0.109 1089.52 1156.73 1.494   2117.98    165.15 99.999 99.999 99.999 13.289 13.149 99.999 99.999 99.999  0.179 99.999 99.999 99.999 99.999  99.999  99.999  99.999  99.999  0.020  0.020  0.015  0.015  0.056  0.056   26   23 99.999 99.999   99  21.971797613 -12.902138871  5  2 18.50 2010  8 18 2455426.70993634    35    Clear               netuno_05.02.38_0040.fits                          Triton                2048  2048
   0.108  -0.086 1089.45 1157.94 1.651   2149.73     53.54 99.999 99.999 99.999 13.280 13.115 99.999 99.999 99.999  0.190 99.999 99.999 99.999 99.999  99.999  99.999  99.999  99.999  0.014  0.014  0.015  0.014  0.054  0.051   26   22 99.999 99.999   99  21.971796561 -12.902137929  5  2 56.50 2010  8 18 2455426.71037616    35    Clear               netuno_05.03.16_0041.fits                          Triton                2048  2048
   0.115  -0.092 1092.77 1159.03 1.787   1938.41     25.19 99.999 99.999 99.999 13.309 13.193 99.999 99.999 99.999  0.191 99.999 99.999 99.999 99.999  99.999  99.999  99.999  99.999  0.015  0.015  0.016  0.014  0.059  0.051   27   23 99.999 99.999   99  21.971795789 -12.902145327  5  3 34.50 2010  8 18 2455426.71081597    35    Clear               netuno_05.03.54_0042.fits                          Triton                2048  2048
   0.120  -0.097 1092.68 1161.26 1.708   1846.35     89.35 99.999 99.999 99.999 13.365 13.171 99.999 99.999 99.999  0.302 99.999 99.999 99.999 99.999  99.999  99.999  99.999  99.999  0.035  0.035  0.019  0.020  0.056  0.057   26   21 99.999 99.999   99  21.971794051 -12.902157491  5  4 50.50 2010  8 18 2455426.71169560    35    Clear               netuno_05.05.11_0044.fits                          Triton                2048  2048
   0.111  -0.098 1089.86 1163.03 1.726   1803.07     94.77 99.999 99.999 99.999 13.276 13.132 99.999 99.999 99.999  0.192 99.999 99.999 99.999 99.999  99.999  99.999  99.999  99.999  0.027  0.027  0.016  0.013  0.058  0.048   26   21 99.999 99.999   99  21.971792979 -12.902163287  5  5 29.50 2010  8 18 2455426.71214699    35    Clear               netuno_05.05.49_0045.fits                          Triton                2048  2048
   0.112  -0.107 1088.42 1163.97 1.676   1824.00    113.84 99.999 99.999 99.999 13.323 13.143 99.999 99.999 99.999  0.286 99.999 99.999 99.999 99.999  99.999  99.999  99.999  99.999  0.023  0.023  0.015  0.014  0.063  0.059   29   23 99.999 99.999   99  21.971792080 -12.902171495  5  6  7.50 2010  8 18 2455426.71258681    35    Clear               netuno_05.06.27_0046.fits                          Triton                2048  2048
   0.103  -0.100 1091.17 1164.97 1.838   1580.97     84.93 99.999 99.999 99.999 13.296 13.173 99.999 99.999 99.999  0.182 99.999 99.999 99.999 99.999  99.999  99.999  99.999  99.999  0.013  0.013  0.015  0.016  0.057  0.059   27   22 99.999 99.999   99  21.971791014 -12.902174679  5  6 45.50 2010  8 18 2455426.71302662    35    Clear               netuno_05.07.05_0047.fits                          Triton                2048  2048
   0.111  -0.089 1090.64 1166.42 1.678   1617.24    149.63 99.999 99.999 99.999 13.358 13.171 99.999 99.999 99.999  0.292 99.999 99.999 99.999 99.999  99.999  99.999  99.999  99.999  0.018  0.018  0.014  0.017  0.048  0.058   26   22 99.999 99.999   99  21.971790251 -12.902177311  5  7 23.50 2010  8 18 2455426.71346644    35    Clear               netuno_05.07.44_0048.fits                          Triton                2048  2048
   0.115  -0.085 1091.55 1168.67 1.750   1596.18    111.82 99.999 99.999 99.999 13.289 13.172 99.999 99.999 99.999  0.189 99.999 99.999 99.999 99.999  99.999  99.999  99.999  99.999  0.018  0.018  0.014  0.010  0.053  0.038   26   21 99.999 99.999   99  21.971788491 -12.902187156  5  8 40.50 2010  8 18 2455426.71435764    35    Clear               netuno_05.09.00_0050.fits                          Triton                2048  2048
   0.093  -0.097 1010.06 1256.66 2.023   4194.39    551.44 99.999 99.999 99.999 13.167 12.994 99.999 99.999 99.999  0.099 99.999 99.999 99.999 99.999  99.999  99.999  99.999  99.999  0.027  0.027  0.018  0.017  0.062  0.059   26   23 99.999 99.999   99  21.971729049 -12.902544456  5 49 58.00 2010  8 18 2455426.74303241    30    Clear               tritao_05.50.16_0051.fits                          Triton                2048  2048
   0.099  -0.106 1006.20 1257.66 2.186   4364.88    340.69 99.999 99.999 99.999 13.172 12.903 99.999 99.999 99.999  0.096 99.999 99.999 99.999 99.999  99.999  99.999  99.999  99.999  0.030  0.030  0.016  0.016  0.057  0.055   26   22 99.999 99.999   99  21.971728357 -12.902551903  5 50 32.00 2010  8 18 2455426.74342593    30    Clear               tritao_05.50.49_0052.fits                          Triton                2048  2048
   0.092  -0.120 1004.46 1258.71 2.162   4716.17    293.22 99.999 99.999 99.999 13.165 12.920 99.999 99.999 99.999  0.098 99.999 99.999 99.999 99.999  99.999  99.999  99.999  99.999  0.021  0.021  0.012  0.014  0.046  0.053   27   22 99.999 99.999   99  21.971727447 -12.902560365  5 51  5.00 2010  8 18 2455426.74380787    30    Clear               tritao_05.51.22_0053.fits                          Triton                2048  2048
   0.101  -0.101 1005.91 1259.60 1.886   4697.33    603.73 99.999 99.999 99.999 13.174 12.910 99.999 99.999 99.999  0.099 99.999 99.999 99.999 99.999  99.999  99.999  99.999  99.999  0.022  0.022  0.017  0.017  0.060  0.059   26   23 99.999 99.999   99  21.971726782 -12.902560000  5 51 39.00 2010  8 18 2455426.74420139    30    Clear               tritao_05.51.56_0054.fits                          Triton                2048  2048
   0.101  -0.111 1003.82 1261.06 1.766   5727.14    569.98 99.999 99.999 99.999 13.157 12.910 99.999 99.999 99.999  0.100 99.999 99.999 99.999 99.999  99.999  99.999  99.999  99.999  0.016  0.016  0.017  0.016  0.060  0.055   26   23 99.999 99.999   99  21.971725215 -12.902572308  5 52 45.00 2010  8 18 2455426.74496528    30    Clear               tritao_05.53.03_0056.fits                          Triton                2048  2048
   0.117  -0.132 1004.55 1262.09 1.908   5028.24    520.28 99.999 99.999 99.999 13.172 12.889 99.999 99.999 99.999  0.093 99.999 99.999 99.999 99.999  99.999  99.999  99.999  99.999  0.015  0.015  0.014  0.014  0.053  0.052   27   23 99.999 99.999   99  21.971724727 -12.902582851  5 53 19.00 2010  8 18 2455426.74535880    30    Clear               tritao_05.53.36_0057.fits                          Triton                2048  2048
   0.105  -0.120 1005.34 1263.55 1.957   5434.68    382.05 99.999 99.999 99.999 13.168 12.940 99.999 99.999 99.999  0.100 99.999 99.999 99.999 99.999  99.999  99.999  99.999  99.999  0.025  0.025  0.013  0.014  0.050  0.055   27   22 99.999 99.999   99  21.971723695 -12.902584247  5 53 52.00 2010  8 18 2455426.74574074    30    Clear               tritao_05.54.09_0058.fits                          Triton                2048  2048
   0.095  -0.139  997.53 1267.24 1.969   5209.53    416.93 99.999 99.999 99.999 13.119 12.939 99.999 99.999 99.999  0.241 99.999 99.999 99.999 99.999  99.999  99.999  99.999  99.999  0.026  0.026  0.013  0.015  0.049  0.056   28   23 99.999 99.999   99  21.971721129 -12.902603538  5 55 32.00 2010  8 18 2455426.74689815    30    Clear               tritao_05.55.50_0061.fits                          Triton                2048  2048
   0.113  -0.142  994.92 1268.46 1.795   5971.19    512.42 99.999 99.999 99.999 13.171 12.924 99.999 99.999 99.999  0.119 99.999 99.999 99.999 99.999  99.999  99.999  99.999  99.999  0.018  0.018  0.012  0.014  0.047  0.055   28   23 99.999 99.999   99  21.971720639 -12.902609184  5 56  6.00 2010  8 18 2455426.74729167    30    Clear               tritao_05.56.23_0062.fits                          Triton                2048  2048
   0.110  -0.139  996.26 1269.13 1.742   6643.95    460.53 99.999 99.999 99.999 13.171 12.943 99.999 99.999 99.999  0.093 99.999 99.999 99.999 99.999  99.999  99.999  99.999  99.999  0.019  0.019  0.015  0.015  0.057  0.058   27   24 99.999 99.999   99  21.971719819 -12.902612952  5 56 39.00 2010  8 18 2455426.74767361    30    Clear               tritao_05.56.56_0063.fits                          Triton                2048  2048
   0.096  -0.102  992.15 1271.15 1.979   4710.17    498.27 99.999 99.999 99.999 13.171 12.943 99.999 99.999 99.999  0.095 99.999 99.999 99.999 99.999  99.999  99.999  99.999  99.999  0.026  0.026  0.020  0.016  0.063  0.052   25   22 99.999 99.999   99  21.971717962 -12.902612343  5 57 46.00 2010  8 18 2455426.74844907    30    Clear               tritao_05.58.03_0065.fits                          Triton                2048  2048
   0.106  -0.111  992.42 1272.25 2.000   5134.16    385.43 99.999 99.999 99.999 13.167 12.969 99.999 99.999 99.999  0.096 99.999 99.999 99.999 99.999  99.999  99.999  99.999  99.999  0.019  0.019  0.017  0.020  0.053  0.061   25   21 99.999 99.999   99  21.971717339 -12.902619539  5 58 19.00 2010  8 18 2455426.74883102    30    Clear               tritao_05.58.36_0066.fits                          Triton                2048  2048
   0.110  -0.125  984.26 1276.74 1.982   5219.15    428.30 99.999 99.999 99.999 13.166 12.913 99.999 99.999 99.999  0.096 99.999 99.999 99.999 99.999  99.999  99.999  99.999  99.999  0.032  0.032  0.014  0.016  0.050  0.056   26   22 99.999 99.999   99  21.971714238 -12.902642625  6  0 33.00 2010  8 18 2455426.75038194    30    Clear               tritao_06.00.50_0070.fits                          Triton                2048  2048
   0.108  -0.122  982.88 1278.09 1.817   6131.33    437.73 99.999 99.999 99.999 13.197 12.972 99.999 99.999 99.999  0.093 99.999 99.999 99.999 99.999  99.999  99.999  99.999  99.999  0.016  0.016  0.018  0.017  0.057  0.055   25   21 99.999 99.999   99  21.971713410 -12.902646268  6  1  6.00 2010  8 18 2455426.75076389    30    Clear               tritao_06.01.23_0071.fits                          Triton                2048  2048
   0.111  -0.131  983.68 1278.83 1.682   6017.87    687.19 99.999 99.999 99.999 13.218 12.974 99.999 99.999 99.999  0.107 99.999 99.999 99.999 99.999  99.999  99.999  99.999  99.999  0.015  0.015  0.019  0.019  0.060  0.061   25   22 99.999 99.999   99  21.971712660 -12.902653565  6  1 40.00 2010  8 18 2455426.75115741    30    Clear               tritao_06.01.57_0072.fits                          Triton                2048  2048
   0.109  -0.145  962.85 1301.67 1.777   5660.24    576.97 99.999 99.999 99.999 13.194 12.782 99.999 99.999 99.999  0.091 99.999 99.999 99.999 99.999  99.999  99.999  99.999  99.999  0.015  0.015  0.014  0.014  0.045  0.046   25   19 99.999 99.999   99  21.971694358 -12.902766207  6 14 27.00 2010  8 18 2455426.76003472    30    Clear               tritao_06.14.45_0095.fits                          Triton                2048  2048
   0.110  -0.132  955.47 1303.77 1.937   5351.21    414.12 99.999 99.999 99.999 13.192 12.898 99.999 99.999 99.999  0.088 99.999 99.999 99.999 99.999  99.999  99.999  99.999  99.999  0.021  0.021  0.016  0.017  0.055  0.059   25   22 99.999 99.999   99  21.971692786 -12.902771846  6 15 34.00 2010  8 18 2455426.76081019    30    Clear               tritao_06.15.51_0097.fits                          Triton                2048  2048
   0.102  -0.130  955.05 1305.64 1.840   5718.08    485.98 99.999 99.999 99.999 13.215 12.755 99.999 99.999 99.999  0.088 99.999 99.999 99.999 99.999  99.999  99.999  99.999  99.999  0.017  0.017  0.017  0.016  0.057  0.051   25   21 99.999 99.999   99  21.971691027 -12.902780771  6 16 41.00 2010  8 18 2455426.76158565    30    Clear               tritao_06.16.58_0099.fits                          Triton                2048  2048
