   0.035  -0.039 1554.23  487.57 1.783   2312.48    335.77 99.999 99.999 99.999 13.510 13.270 99.999 99.999 99.999  0.140 99.999 99.999 99.999 99.999  99.999  99.999  99.999  99.999  0.031  0.031  0.018  0.014  0.053  0.042   27   25 99.999 99.999   99  22.057373936 -12.409437524  8 16 59.00 2010  5 29 2455345.84512731    20                        Tritao_08.16.18_0001_0000.fits                     Triton                2048  2048     1   0.000   0.000
   0.027  -0.038 1554.17  486.92 1.674   2549.02    355.01 99.999 99.999 99.999 13.504 13.229 99.999 99.999 99.999  0.133 99.999 99.999 99.999 99.999  99.999  99.999  99.999  99.999  0.032  0.032  0.017  0.016  0.050  0.049   27   26 99.999 99.999   99  22.057373798 -12.409436437  8 17 20.80 2010  5 29 2455345.84537968    20                        Tritao_08.16.18_0001_0001.fits                     Triton                2048  2048     1   0.000   0.000
   0.022  -0.054 1555.48  486.25 1.604   2686.08    370.21 99.999 99.999 99.999 13.487 13.235 99.999 99.999 99.999  0.114 99.999 99.999 99.999 99.999  99.999  99.999  99.999  99.999  0.028  0.028  0.016  0.015  0.049  0.045   28   26 99.999 99.999   99  22.057373674 -12.409440200  8 17 42.61 2010  5 29 2455345.84563205    20                        Tritao_08.16.18_0001_0002.fits                     Triton                2048  2048     1   0.000   0.000
   0.010  -0.046 1556.30  485.88 1.418   2928.41    467.62 99.999 99.999 99.999 13.461 13.194 99.999 99.999 99.999  0.105 99.999 99.999 99.999 99.999  99.999  99.999  99.999  99.999  0.017  0.017  0.016  0.014  0.049  0.042   27   26 99.999 99.999   99  22.057373418 -12.409437084  8 18  4.41 2010  5 29 2455345.84588441    20                        Tritao_08.16.18_0001_0003.fits                     Triton                2048  2048     1   0.000   0.000
   0.018  -0.013 1554.94  485.32 1.560   2528.58    430.97 99.999 99.999 99.999 13.504 13.185 99.999 99.999 99.999  0.128 99.999 99.999 99.999 99.999  99.999  99.999  99.999  99.999  0.021  0.021  0.016  0.013  0.047  0.039   27   26 99.999 99.999   99  22.057373538 -12.409427557  8 18 26.22 2010  5 29 2455345.84613678    20                        Tritao_08.16.18_0001_0004.fits                     Triton                2048  2048     1   0.000   0.000
   0.036  -0.020 1555.05  484.59 1.544   2532.46    444.64 99.999 99.999 99.999 13.486 13.247 99.999 99.999 99.999  0.120 99.999 99.999 99.999 99.999  99.999  99.999  99.999  99.999  0.026  0.026  0.017  0.013  0.050  0.040   27   26 99.999 99.999   99  22.057373884 -12.409428733  8 18 48.02 2010  5 29 2455345.84638914    20                        Tritao_08.16.18_0001_0005.fits                     Triton                2048  2048     1   0.000   0.000
   0.007  -0.042 1555.84  484.22 1.812   1971.21    403.00 99.999 99.999 99.999 13.491 13.272 99.999 99.999 99.999  0.134 99.999 99.999 99.999 99.999  99.999  99.999  99.999  99.999  0.032  0.032  0.017  0.016  0.052  0.048   26   24 99.999 99.999   99  22.057373299 -12.409433987  8 19  9.83 2010  5 29 2455345.84664152    20                        Tritao_08.16.18_0001_0006.fits                     Triton                2048  2048     1   0.000   0.000
   0.025  -0.058 1556.06  483.70 2.008   1639.84    390.90 99.999 99.999 99.999 13.529 13.292 99.999 99.999 99.999  0.119 99.999 99.999 99.999 99.999  99.999  99.999  99.999  99.999  0.031  0.031  0.019  0.016  0.056  0.049   27   26 99.999 99.999   99  22.057373622 -12.409437704  8 19 31.63 2010  5 29 2455345.84689389    20                        Tritao_08.16.18_0001_0007.fits                     Triton                2048  2048     1   0.000   0.000
   0.027  -0.013 1554.92  482.93 1.996   1720.39    378.69 99.999 99.999 99.999 13.528 13.291 99.999 99.999 99.999  0.134 99.999 99.999 99.999 99.999  99.999  99.999  99.999  99.999  0.030  0.030  0.016  0.018  0.047  0.053   28   25 99.999 99.999   99  22.057373632 -12.409424569  8 19 53.44 2010  5 29 2455345.84714625    20                        Tritao_08.16.18_0001_0008.fits                     Triton                2048  2048     1   0.000   0.000
   0.017  -0.050 1553.32  482.31 1.919   1905.34    377.08 99.999 99.999 99.999 13.527 13.282 99.999 99.999 99.999  0.136 99.999 99.999 99.999 99.999  99.999  99.999  99.999  99.999  0.038  0.038  0.018  0.017  0.053  0.050   27   25 99.999 99.999   99  22.057373404 -12.409434260  8 20 15.24 2010  5 29 2455345.84739862    20                        Tritao_08.16.18_0001_0009.fits                     Triton                2048  2048     1   0.000   0.000
   0.017  -0.049 1552.40  481.80 1.959   1982.33    342.38 99.999 99.999 99.999 13.497 13.237 99.999 99.999 99.999  0.137 99.999 99.999 99.999 99.999  99.999  99.999  99.999  99.999  0.041  0.041  0.016  0.016  0.049  0.048   27   26 99.999 99.999   99  22.057373404 -12.409433060  8 20 37.04 2010  5 29 2455345.84765098    20                        Tritao_08.16.18_0001_0010.fits                     Triton                2048  2048     1   0.000   0.000
   0.032  -0.030 1552.60  480.98 1.645   2621.21    370.75 99.999 99.999 99.999 13.492 13.198 99.999 99.999 99.999  0.132 99.999 99.999 99.999 99.999  99.999  99.999  99.999  99.999  0.035  0.035  0.018  0.016  0.053  0.047   27   26 99.999 99.999   99  22.057373662 -12.409427063  8 20 58.85 2010  5 29 2455345.84790336    20                        Tritao_08.16.18_0001_0011.fits                     Triton                2048  2048     1   0.000   0.000
   0.039  -0.037 1552.86  480.32 1.571   2895.34    378.20 99.999 99.999 99.999 13.510 13.250 99.999 99.999 99.999  0.123 99.999 99.999 99.999 99.999  99.999  99.999  99.999  99.999  0.025  0.025  0.017  0.017  0.050  0.052   27   26 99.999 99.999   99  22.057373759 -12.409428437  8 21 20.66 2010  5 29 2455345.84815573    20                        Tritao_08.16.18_0001_0012.fits                     Triton                2048  2048     1   0.000   0.000
   0.026  -0.025 1552.00  479.69 1.609   2895.84    353.76 99.999 99.999 99.999 13.490 13.195 99.999 99.999 99.999  0.119 99.999 99.999 99.999 99.999  99.999  99.999  99.999  99.999  0.027  0.027  0.015  0.016  0.046  0.049   27   26 99.999 99.999   99  22.057373486 -12.409424266  8 21 42.46 2010  5 29 2455345.84840809    20                        Tritao_08.16.18_0001_0013.fits                     Triton                2048  2048     1   0.000   0.000
   0.007  -0.040 1550.80  478.89 1.625   2813.79    359.31 99.999 99.999 99.999 13.488 13.270 99.999 99.999 99.999  0.122 99.999 99.999 99.999 99.999  99.999  99.999  99.999  99.999  0.031  0.031  0.017  0.014  0.052  0.043   28   26 99.999 99.999   99  22.057373136 -12.409427908  8 22  4.26 2010  5 29 2455345.84866046    20                        Tritao_08.16.18_0001_0014.fits                     Triton                2048  2048     1   0.000   0.000
   0.028  -0.024 1551.31  478.54 1.551   2888.27    410.07 99.999 99.999 99.999 13.516 13.211 99.999 99.999 99.999  0.115 99.999 99.999 99.999 99.999  99.999  99.999  99.999  99.999  0.022  0.022  0.016  0.015  0.047  0.045   27   25 99.999 99.999   99  22.057373503 -12.409422421  8 22 26.07 2010  5 29 2455345.84891282    20                        Tritao_08.16.18_0001_0015.fits                     Triton                2048  2048     1   0.000   0.000
   0.029  -0.055 1552.45  477.80 1.574   3128.58    359.01 99.999 99.999 99.999 13.470 13.160 99.999 99.999 99.999  0.115 99.999 99.999 99.999 99.999  99.999  99.999  99.999  99.999  0.028  0.028  0.017  0.015  0.051  0.045   28   26 99.999 99.999   99  22.057373485 -12.409430151  8 22 47.87 2010  5 29 2455345.84916520    20                        Tritao_08.16.18_0001_0016.fits                     Triton                2048  2048     1   0.000   0.000
   0.044  -0.058 1553.02  477.11 1.608   3083.95    347.73 99.999 99.999 99.999 13.492 13.230 99.999 99.999 99.999  0.112 99.999 99.999 99.999 99.999  99.999  99.999  99.999  99.999  0.020  0.020  0.016  0.015  0.049  0.046   27   26 99.999 99.999   99  22.057373752 -12.409430617  8 23  9.68 2010  5 29 2455345.84941757    20                        Tritao_08.16.18_0001_0017.fits                     Triton                2048  2048     1   0.000   0.000
   0.048  -0.044 1552.28  476.67 1.538   3205.00    387.41 99.999 99.999 99.999 13.465 13.186 99.999 99.999 99.999  0.110 99.999 99.999 99.999 99.999  99.999  99.999  99.999  99.999  0.027  0.027  0.017  0.018  0.048  0.051   26   25 99.999 99.999   99  22.057373804 -12.409425962  8 23 31.48 2010  5 29 2455345.84966993    20                        Tritao_08.16.18_0001_0018.fits                     Triton                2048  2048     1   0.000   0.000
   0.022  -0.041 1552.37  475.97 1.657   2996.58    323.35 99.999 99.999 99.999 13.466 13.206 99.999 99.999 99.999  0.111 99.999 99.999 99.999 99.999  99.999  99.999  99.999  99.999  0.032  0.032  0.018  0.015  0.054  0.046   27   26 99.999 99.999   99  22.057373299 -12.409424386  8 23 53.29 2010  5 29 2455345.84992230    20                        Tritao_08.16.18_0001_0019.fits                     Triton                2048  2048     1   0.000   0.000
   0.048  -0.059 1553.23  475.49 1.525   3270.99    382.33 99.999 99.999 99.999 13.489 13.225 99.999 99.999 99.999  0.124 99.999 99.999 99.999 99.999  99.999  99.999  99.999  99.999  0.031  0.031  0.015  0.015  0.045  0.046   27   25 99.999 99.999   99  22.057373771 -12.409428586  8 24 15.09 2010  5 29 2455345.85017466    20                        Tritao_08.16.18_0001_0020.fits                     Triton                2048  2048     1   0.000   0.000
   0.027  -0.042 1552.64  475.11 1.774   2597.37    338.70 99.999 99.999 99.999 13.490 13.203 99.999 99.999 99.999  0.116 99.999 99.999 99.999 99.999  99.999  99.999  99.999  99.999  0.037  0.037  0.016  0.016  0.047  0.048   27   24 99.999 99.999   99  22.057373353 -12.409423315  8 24 36.90 2010  5 29 2455345.85042704    20                        Tritao_08.16.18_0001_0021.fits                     Triton                2048  2048     1   0.000   0.000
   0.010  -0.055 1550.99  474.50 1.848   2466.13    338.40 99.999 99.999 99.999 13.482 13.247 99.999 99.999 99.999  0.117 99.999 99.999 99.999 99.999  99.999  99.999  99.999  99.999  0.040  0.040  0.019  0.015  0.058  0.045   27   25 99.999 99.999   99  22.057372988 -12.409426063  8 24 58.70 2010  5 29 2455345.85067941    20                        Tritao_08.16.18_0001_0022.fits                     Triton                2048  2048     1   0.000   0.000
   0.025  -0.027 1549.11  473.74 1.894   2531.40    292.22 99.999 99.999 99.999 13.470 13.180 99.999 99.999 99.999  0.118 99.999 99.999 99.999 99.999  99.999  99.999  99.999  99.999  0.035  0.035  0.014  0.014  0.041  0.042   25   22 99.999 99.999   99  22.057373279 -12.409417484  8 25 20.50 2010  5 29 2455345.85093177    20                        Tritao_08.16.18_0001_0023.fits                     Triton                2048  2048     1   0.000   0.000
   0.001  -0.017 1548.08  473.32 1.880   2366.12    342.84 99.999 99.999 99.999 13.491 13.215 99.999 99.999 99.999  0.131 99.999 99.999 99.999 99.999  99.999  99.999  99.999  99.999  0.043  0.043  0.019  0.017  0.058  0.052   28   26 99.999 99.999   99  22.057372803 -12.409414191  8 25 42.31 2010  5 29 2455345.85118414    20                        Tritao_08.16.18_0001_0024.fits                     Triton                2048  2048     1   0.000   0.000
   0.034  -0.069 1548.37  472.38 1.994   2196.67    322.12 99.999 99.999 99.999 13.509 13.279 99.999 99.999 99.999  0.137 99.999 99.999 99.999 99.999  99.999  99.999  99.999  99.999  0.045  0.045  0.018  0.015  0.049  0.042   26   23 99.999 99.999   99  22.057373386 -12.409427870  8 26  4.11 2010  5 29 2455345.85143650    20                        Tritao_08.16.18_0001_0025.fits                     Triton                2048  2048     1   0.000   0.000
   0.031  -0.051 1548.34  471.71 1.808   2459.97    349.36 99.999 99.999 99.999 13.482 13.205 99.999 99.999 99.999  0.120 99.999 99.999 99.999 99.999  99.999  99.999  99.999  99.999  0.037  0.037  0.017  0.018  0.052  0.053   27   26 99.999 99.999   99  22.057373303 -12.409422003  8 26 25.92 2010  5 29 2455345.85168888    20                        Tritao_08.16.18_0001_0026.fits                     Triton                2048  2048     1   0.000   0.000
   0.023  -0.024 1547.20  471.20 1.774   2786.52    286.80 99.999 99.999 99.999 13.505 13.168 99.999 99.999 99.999  0.119 99.999 99.999 99.999 99.999  99.999  99.999  99.999  99.999  0.027  0.027  0.016  0.017  0.048  0.050   27   26 99.999 99.999   99  22.057373135 -12.409413836  8 26 47.72 2010  5 29 2455345.85194125    20                        Tritao_08.16.18_0001_0027.fits                     Triton                2048  2048     1   0.000   0.000
   0.029  -0.055 1546.66  470.18 1.675   2941.87    325.37 99.999 99.999 99.999 13.499 13.222 99.999 99.999 99.999  0.128 99.999 99.999 99.999 99.999  99.999  99.999  99.999  99.999  0.030  0.030  0.017  0.014  0.052  0.042   27   25 99.999 99.999   99  22.057373243 -12.409421547  8 27  9.53 2010  5 29 2455345.85219361    20                        Tritao_08.16.18_0001_0028.fits                     Triton                2048  2048     1   0.000   0.000
   0.021  -0.029 1547.03  469.53 1.788   2514.22    341.94 99.999 99.999 99.999 13.501 13.264 99.999 99.999 99.999  0.138 99.999 99.999 99.999 99.999  99.999  99.999  99.999  99.999  0.034  0.034  0.017  0.015  0.050  0.046   27   26 99.999 99.999   99  22.057373069 -12.409413963  8 27 31.33 2010  5 29 2455345.85244598    20                        Tritao_08.16.18_0001_0029.fits                     Triton                2048  2048     1   0.000   0.000
   0.029  -0.044 1518.67  428.64 2.224   4077.23   2135.13 99.999 99.999 99.999 13.498 13.200 99.999 99.999 99.999  0.127 99.999 99.999 99.999 99.999  99.999  99.999  99.999  99.999  0.033  0.033  0.018  0.018  0.053  0.051   26   24 99.999 99.999   99  22.057372022 -12.409376095  8 48 17.00 2010  5 29 2455345.86686343    40                        Tritao_08.47.55_0003_0000.fits                     Triton                2048  2048     1   0.000   0.000
   0.051  -0.040 1518.71  426.85 1.750   5966.80   2734.67 99.999 99.999 99.999 13.515 13.302 99.999 99.999 99.999  0.129 99.999 99.999 99.999 99.999  99.999  99.999  99.999  99.999  0.010  0.010  0.016  0.016  0.045  0.046   24   22 99.999 99.999   99  22.057372378 -12.409373737  8 48 58.80 2010  5 29 2455345.86734727    40                        Tritao_08.47.55_0003_0001.fits                     Triton                2048  2048     1   0.000   0.000
   0.030  -0.035 1517.86  426.01 1.936   5847.09   3188.65 99.999 99.999 99.999 13.493 13.218 99.999 99.999 99.999  0.123 99.999 99.999 99.999 99.999  99.999  99.999  99.999  99.999  0.026  0.026  0.018  0.016  0.053  0.045   25   24 99.999 99.999   99  22.057371955 -12.409370870  8 49 40.61 2010  5 29 2455345.86783112    40                        Tritao_08.47.55_0003_0002.fits                     Triton                2048  2048     1   0.000   0.000
   0.036  -0.020 1515.08  424.87 1.764   6564.99   4091.15 99.999 99.999 99.999 13.493 13.278 99.999 99.999 99.999  0.136 99.999 99.999 99.999 99.999  99.999  99.999  99.999  99.999  0.022  0.022  0.016  0.014  0.047  0.041   26   23 99.999 99.999   99  22.057372037 -12.409365147  8 50 22.41 2010  5 29 2455345.86831497    40                        Tritao_08.47.55_0003_0003.fits                     Triton                2048  2048     1   0.000   0.000
   0.022  -0.039 1514.96  423.73 1.696   6216.97   5703.81 99.999 99.999 99.999 13.517 13.293 99.999 99.999 99.999  0.136 99.999 99.999 99.999 99.999  99.999  99.999  99.999  99.999  0.036  0.036  0.016  0.018  0.047  0.053   26   24 99.999 99.999   99  22.057371722 -12.409369265  8 51  4.22 2010  5 29 2455345.86879882    40                        Tritao_08.47.55_0003_0004.fits                     Triton                2048  2048     1   0.000   0.000
   0.051  -0.052 1513.13  422.79 1.854   5457.56   6888.58 99.999 99.999 99.999 13.506 13.366 99.999 99.999 99.999  0.122 99.999 99.999 99.999 99.999  99.999  99.999  99.999  99.999  0.026  0.026  0.018  0.017  0.051  0.050   24   22 99.999 99.999   99  22.057372240 -12.409371515  8 51 46.02 2010  5 29 2455345.86928267    40                        Tritao_08.47.55_0003_0005.fits                     Triton                2048  2048     1   0.000   0.000
   0.031  -0.024 1511.80  421.88 2.033   4673.73   8078.44 99.999 99.999 99.999 13.523 13.392 99.999 99.999 99.999  0.137 99.999 99.999 99.999 99.999  99.999  99.999  99.999  99.999  0.045  0.045  0.020  0.018  0.058  0.051   25   23 99.999 99.999   99  22.057371801 -12.409362257  8 52 27.83 2010  5 29 2455345.86976652    40                        Tritao_08.47.55_0003_0006.fits                     Triton                2048  2048     1   0.000   0.000
   0.026  -0.007 1511.55  420.74 2.222   4256.58   9584.26 99.999 99.999 99.999 13.534 13.412 99.999 99.999 99.999  0.135 99.999 99.999 99.999 99.999  99.999  99.999  99.999  99.999  0.033  0.033  0.019  0.019  0.049  0.049   23   21 99.999 99.999   99  22.057371689 -12.409356200  8 53  9.63 2010  5 29 2455345.87025037    40                        Tritao_08.47.55_0003_0007.fits                     Triton                2048  2048     1   0.000   0.000
   0.031  -0.016 1509.93  419.52 1.851   5353.80  11630.03 99.999 99.999 99.999 13.505 13.401 99.999 99.999 99.999  0.146 99.999 99.999 99.999 99.999  99.999  99.999  99.999  99.999  0.041  0.041  0.017  0.018  0.048  0.051   24   22 99.999 99.999   99  22.057371751 -12.409357300  8 53 51.44 2010  5 29 2455345.87073421    40                        Tritao_08.47.55_0003_0008.fits                     Triton                2048  2048     1   0.000   0.000
   0.036  -0.015 1508.87  417.84 1.907   5642.93  13516.68 99.999 99.999 99.999 13.490 13.367 99.999 99.999 99.999  0.114 99.999 99.999 99.999 99.999  99.999  99.999  99.999  99.999  0.024  0.024  0.016  0.015  0.042  0.041   24   22 99.999 99.999   99  22.057371797 -12.409355262  8 54 33.24 2010  5 29 2455345.87121807    40                        Tritao_08.47.55_0003_0009.fits                     Triton                2048  2048     1   0.000   0.000
   0.019  -0.017 1504.35  416.94 1.998   5290.08  16108.58 99.999 99.999 99.999 13.469 13.523 99.999 99.999 99.999  0.143 99.999 99.999 99.999 99.999  99.999  99.999  99.999  99.999  0.024  0.024  0.022  0.023  0.049  0.050   20   19 99.999 99.999   99  22.057371436 -12.409354324  8 55 15.05 2010  5 29 2455345.87170192    40                        Tritao_08.47.55_0003_0010.fits                     Triton                2048  2048     1   0.000   0.000
   0.058  -0.008 1502.46  415.96 1.798   5783.30  18834.31 99.999 99.999 99.999 13.512 13.491 99.999 99.999 99.999  0.139 99.999 99.999 99.999 99.999  99.999  99.999  99.999  99.999  0.033  0.033  0.014  0.015  0.038  0.040   24   20 99.999 99.999   99  22.057372133 -12.409350441  8 55 56.85 2010  5 29 2455345.87218576    40                        Tritao_08.47.55_0003_0011.fits                     Triton                2048  2048     1   0.000   0.000
   0.051  -0.064 1500.33  414.46 1.864   5730.27  20778.73 99.999 99.999 99.999 13.489 13.464 99.999 99.999 99.999  0.128 99.999 99.999 99.999 99.999  99.999  99.999  99.999  99.999  0.022  0.022  0.022  0.016  0.060  0.043   23   21 99.999 99.999   99  22.057371964 -12.409364630  8 56 38.65 2010  5 29 2455345.87266962    40                        Tritao_08.47.55_0003_0012.fits                     Triton                2048  2048     1   0.000   0.000
   0.051  -0.037 1498.54  413.15 1.775   6095.43  23594.32 99.999 99.999 99.999 13.523 13.450 99.999 99.999 99.999  0.136 99.999 99.999 99.999 99.999  99.999  99.999  99.999  99.999  0.039  0.039  0.017  0.015  0.042  0.036   21   18 99.999 99.999   99  22.057371931 -12.409355719  8 57 20.46 2010  5 29 2455345.87315346    40                        Tritao_08.47.55_0003_0013.fits                     Triton                2048  2048     1   0.000   0.000
   0.017  -0.034 1498.40  412.27 2.138   4399.22  26787.99 99.999 99.999 99.999 13.488 13.508 99.999 99.999 99.999  0.159 99.999 99.999 99.999 99.999  99.999  99.999  99.999  99.999  0.035  0.035  0.024  0.020  0.049  0.040   20   17 99.999 99.999   99  22.057371248 -12.409353587  8 58  2.26 2010  5 29 2455345.87363731    40                        Tritao_08.47.55_0003_0014.fits                     Triton                2048  2048     1   0.000   0.000
   0.008  -0.011 1496.47  411.10 2.092   4297.97  30055.64 99.999 99.999 99.999 13.525 13.555 99.999 99.999 99.999  0.125 99.999 99.999 99.999 99.999  99.999  99.999  99.999  99.999  0.041  0.041  0.027  0.030  0.049  0.054   20   16 99.999 99.999   99  22.057371050 -12.409345951  8 58 44.07 2010  5 29 2455345.87412117    40                        Tritao_08.47.55_0003_0015.fits                     Triton                2048  2048     1   0.000   0.000
   0.016  -0.028 1496.01  409.82 2.033   4657.17  33033.39 99.999 99.999 99.999 13.567 13.564 99.999 99.999 99.999  0.125 99.999 99.999 99.999 99.999  99.999  99.999  99.999  99.999  0.027  0.027  0.019  0.021  0.043  0.046   18   17 99.999 99.999   99  22.057371169 -12.409348914  8 59 25.87 2010  5 29 2455345.87460501    40                        Tritao_08.47.55_0003_0016.fits                     Triton                2048  2048     1   0.000   0.000
   0.035  -0.027 1492.98  408.08 1.933   5344.06  35430.25 99.999 99.999 99.999 13.495 13.482 99.999 99.999 99.999  0.121 99.999 99.999 99.999 99.999  99.999  99.999  99.999  99.999  0.019  0.019  0.021  0.017  0.050  0.041   21   19 99.999 99.999   99  22.057371472 -12.409347182  9  0  7.68 2010  5 29 2455345.87508887    40                        Tritao_08.47.55_0003_0017.fits                     Triton                2048  2048     1   0.000   0.000
   0.023  -0.054 1491.41  406.65 1.613   6756.77  38514.00 99.999 99.999 99.999 13.507 13.533 99.999 99.999 99.999  0.128 99.999 99.999 99.999 99.999  99.999  99.999  99.999  99.999  0.035  0.035  0.018  0.021  0.043  0.050   20   19 99.999 99.999   99  22.057371208 -12.409353204  9  0 49.48 2010  5 29 2455345.87557271    40                        Tritao_08.47.55_0003_0018.fits                     Triton                2048  2048     1   0.000   0.000
   0.108  -0.015 1490.87  405.56 1.760   5949.83  41380.66 99.999 99.999 99.999 13.497 13.843 99.999 99.999 99.999  0.108 99.999 99.999 99.999 99.999  99.999  99.999  99.999  99.999  0.029  0.029  0.041  0.064  0.032  0.051   11   10 99.999 99.999   99  22.057372763 -12.409341248  9  1 31.29 2010  5 29 2455345.87605656    40                        Tritao_08.47.55_0003_0019.fits                     Triton                2048  2048     1   0.000   0.000
  -0.002  -0.071  352.94  297.54 2.136   3560.24    515.19 99.999 99.999 99.999 13.261 13.021 99.999 99.999 99.999  0.240 99.999 99.999 99.999 99.999  99.999  99.999  99.999  99.999  0.061  0.061  0.033  0.038  0.041  0.047   14   11 99.999 99.999   99  19.891288997 -20.382874215 25  4 57.00 1996  7 16 2450281.54510417   100  filtro desconhecido   16079621.net.fits                                  Triton                 379   571     1   0.000   0.000
   0.037  -0.092  347.62  293.38 2.413   3733.08    304.03 99.999 99.999 99.999 13.263 12.969 99.999 99.999 99.999  0.267 99.999 99.999 99.999 99.999  99.999  99.999  99.999  99.999  0.046  0.046  0.030  0.033  0.051  0.056   16   14 99.999 99.999   99  19.891285735 -20.382887673 25  8 31.00 1996  7 16 2450281.54758102   100  filtro desconhecido   16079622.net.fits                                  Triton                 379   571     1   0.000   0.000
  -0.005  -0.077  340.75  290.91 1.673   6339.04    563.55 99.999 99.999 99.999 13.167 12.812 99.999 99.999 99.999  0.353 99.999 99.999 99.999 99.999  99.999  99.999  99.999  99.999  0.000  0.000  0.027  0.029  0.049  0.052   15   13 99.999 99.999   99  19.891282715 -20.382887764 25 10 27.00 1996  7 16 2450281.54892361   100  filtro desconhecido   16079623.net.fits                                  Triton                 379   571     1   0.000   0.000
   0.019  -0.077  338.09  288.59 1.515   6455.41    926.09 99.999 99.999 99.999 13.237 12.931 99.999 99.999 99.999  0.301 99.999 99.999 99.999 99.999  99.999  99.999  99.999  99.999  0.043  0.043  0.027  0.025  0.053  0.050   15   14 99.999 99.999   99  19.891280986 -20.382891936 25 12 23.00 1996  7 16 2450281.55026620   100  filtro desconhecido   16079624.net.fits                                  Triton                 379   571     1   0.000   0.000
   0.059  -0.003  334.94  286.60 2.293   3018.09    538.59 99.999 99.999 99.999 13.197 12.973 99.999 99.999 99.999  0.345 99.999 99.999 99.999 99.999  99.999  99.999  99.999  99.999  0.024  0.024  0.040  0.026  0.063  0.041   13   11 99.999 99.999   99  19.891279550 -20.382875739 25 14 20.00 1996  7 16 2450281.55162037   100  filtro desconhecido   16079625.net.fits                                  Triton                 379   571     1   0.000   0.000
  -0.007  -0.007  329.89  283.90 2.048   4861.45    440.32 99.999 99.999 99.999 13.210 12.976 99.999 99.999 99.999  0.304 99.999 99.999 99.999 99.999  99.999  99.999  99.999  99.999  0.036  0.036  0.023  0.020  0.045  0.040   15   14 99.999 99.999   99  19.891276054 -20.382880999 25 16 17.00 1996  7 16 2450281.55297454   100  filtro desconhecido   16079626.net.fits                                  Triton                 379   571     1   0.000   0.000
   0.012  -0.021  327.48  281.42 2.187   4584.78    348.51 99.999 99.999 99.999 13.219 12.983 99.999 99.999 99.999  0.298 99.999 99.999 99.999 99.999  99.999  99.999  99.999  99.999  0.036  0.036  0.034  0.031  0.066  0.061   15   14 99.999 99.999   99  19.891274214 -20.382889163 25 18 14.00 1996  7 16 2450281.55432870   100  filtro desconhecido   16079627.net.fits                                  Triton                 379   571     1   0.000   0.000
  -0.022  -0.045  320.70  278.81 1.805   4680.59    678.39 99.999 99.999 99.999 13.300 13.008 99.999 99.999 99.999  0.232 99.999 99.999 99.999 99.999  99.999  99.999  99.999  99.999  0.040  0.040  0.033  0.029  0.056  0.049   12   12 99.999 99.999   99  19.891271346 -20.382900228 25 20 11.00 1996  7 16 2450281.55568287   100  filtro desconhecido   16079628.net.fits                                  Triton                 379   571     1   0.000   0.000
  -0.001  -0.035  318.20  276.57 1.751   6102.40    464.12 99.999 99.999 99.999 13.185 12.942 99.999 99.999 99.999  0.394 99.999 99.999 99.999 99.999  99.999  99.999  99.999  99.999  0.028  0.028  0.034  0.031  0.057  0.051   12   11 99.999 99.999   99  19.891269532 -20.382901751 25 22  8.00 1996  7 16 2450281.55703704   100  filtro desconhecido   16079629.net.fits                                  Triton                 379   571     1   0.000   0.000
   0.037  -0.033  315.74  274.37 2.049   3158.84    718.52 99.999 99.999 99.999 13.286 12.948 99.999 99.999 99.999  0.251 99.999 99.999 99.999 99.999  99.999  99.999  99.999  99.999  0.062  0.062  0.043  0.039  0.072  0.065   11   11 99.999 99.999   99  19.891268096 -20.382905434 25 24  5.00 1996  7 16 2450281.55839120   100  filtro desconhecido   16079630.net.fits                                  Triton                 379   571     1   0.000   0.000
