   0.379  -0.126  242.02  293.35 1.357     71.37     14.63 99.999 99.999 99.999 13.258 13.179 99.999 99.999 99.999  0.177 99.999 99.999 99.999 99.999  99.999  99.999  99.999  99.999  0.016  0.016  0.000  0.000  0.000  0.000    3    3 99.999 99.999   99  19.887618210 -20.398039900  6 17  9.27 1996  7 19 2450283.76191285     3  filtro desconhecido   19079606.net.fits                                  Triton                 375   575
   0.096  -0.274  263.40  296.26 1.486     47.18     15.45 99.999 99.999 99.999 13.151 12.968 99.999 99.999 99.999  0.238 99.999 99.999 99.999 99.999  99.999  99.999  99.999  99.999  0.018  0.018  0.019  0.023  0.030  0.037    6    5 99.999 99.999   99  19.887605611 -20.398112787  6 22 15.32 1996  7 19 2450283.76545509     3  filtro desconhecido   19079623.net.fits                                  Triton                 375   575
   0.003   0.098  267.34  297.60 1.495     55.48     14.29 99.999 99.999 99.999 13.347 13.209 99.999 99.999 99.999  0.374 99.999 99.999 99.999 99.999  99.999  99.999  99.999  99.999  0.013  0.013  0.092  0.061  0.106  0.071    8    6 99.999 99.999   99  19.887602527 -20.398014901  6 23  9.36 1996  7 19 2450283.76608056     3  filtro desconhecido   19079626.net.fits                                  Triton                 375   575
  -0.050  -0.027  266.82  297.62 1.327     63.02     16.27 99.999 99.999 99.999 13.220 12.900 99.999 99.999 99.999  0.310 99.999 99.999 99.999 99.999  99.999  99.999  99.999  99.999  0.000  0.000  0.012  0.053  0.014  0.060    6    5 99.999 99.999   99  19.887601091 -20.398051493  6 23 27.32 1996  7 19 2450283.76628843     3  filtro desconhecido   19079627.net.fits                                  Triton                 375   575
  -0.300  -0.397  267.44  297.53 1.413     54.27     15.32 99.999 99.999 99.999 13.128 13.210 99.999 99.999 99.999  0.190 99.999 99.999 99.999 99.999  99.999  99.999  99.999  99.999  0.021  0.021  0.106  0.046  0.067  0.029    5    5 99.999 99.999   99  19.887595737 -20.398156056  6 23 45.39 1996  7 19 2450283.76649757     3  filtro desconhecido   19079628.net.fits                                  Triton                 375   575
  -0.033  -0.320  270.93  298.08 1.393     63.27     14.86 99.999 99.999 99.999 13.208 13.247 99.999 99.999 99.999  0.264 99.999 99.999 99.999 99.999  99.999  99.999  99.999  99.999  0.013  0.013  0.106  0.060  0.047  0.027    5    5 99.999 99.999   99  19.887600182 -20.398138373  6 24 21.26 1996  7 19 2450283.76691273     3  filtro desconhecido   19079630.net.fits                                  Triton                 375   575
  -0.026  -0.167  272.85  298.35 1.133     66.94     22.28 99.999 99.999 99.999 13.212 13.127 99.999 99.999 99.999  0.211 99.999 99.999 99.999 99.999  99.999  99.999  99.999  99.999  0.015  0.014  0.132  0.100  0.070  0.053    6    5 99.999 99.999   99  19.887599512 -20.398099760  6 24 57.35 1996  7 19 2450283.76733044     3  filtro desconhecido   19079632.net.fits                                  Triton                 375   575
   0.092  -0.301  275.33  298.49 1.518     54.35     14.56 99.999 99.999 99.999 13.124 13.286 99.999 99.999 99.999  0.288 99.999 99.999 99.999 99.999  99.999  99.999  99.999  99.999  0.017  0.017  0.046  0.059  0.049  0.063    6    6 99.999 99.999   99  19.887601438 -20.398138601  6 25 15.31 1996  7 19 2450283.76753831     3  filtro desconhecido   19079633.net.fits                                  Triton                 375   575
   0.073  -0.313  277.95  298.95 1.668     49.16     13.00 99.999 99.999 99.999 13.228 13.195 99.999 99.999 99.999  0.104 99.999 99.999 99.999 99.999  99.999  99.999  99.999  99.999  0.005  0.005  0.050  0.058  0.064  0.075    9    6 99.999 99.999   99  19.887600636 -20.398143950  6 25 33.32 1996  7 19 2450283.76774676     3  filtro desconhecido   19079634.net.fits                                  Triton                 375   575
  -0.022  -0.400  279.68  298.53 1.798     36.88     14.04 99.999 99.999 99.999 13.294 13.164 99.999 99.999 99.999  0.094 99.999 99.999 99.999 99.999  99.999  99.999  99.999  99.999  0.017  0.017  0.108  0.102  0.086  0.081    5    5 99.999 99.999   99  19.887598350 -20.398169925  6 25 51.28 1996  7 19 2450283.76795463     3  filtro desconhecido   19079635.net.fits                                  Triton                 375   575
   0.038  -0.427  279.80  298.86 1.618     47.45     13.92 99.999 99.999 99.999 13.303 13.204 99.999 99.999 99.999  0.255 99.999 99.999 99.999 99.999  99.999  99.999  99.999  99.999  0.014  0.014  0.132  0.076  0.061  0.035    5    4 99.999 99.999   99  19.887599106 -20.398179086  6 26  9.35 1996  7 19 2450283.76816377     3  filtro desconhecido   19079636.net.fits                                  Triton                 375   575
  -0.143  -0.115  281.36  299.64 1.703     45.80     13.29 99.999 99.999 99.999 13.384 13.239 99.999 99.999 99.999  0.135 99.999 99.999 99.999 99.999  99.999  99.999  99.999  99.999  0.014  0.014  0.089  0.037  0.085  0.035    6    6 99.999 99.999   99  19.887595123 -20.398094471  6 26 27.31 1996  7 19 2450283.76837164     3  filtro desconhecido   19079637.net.fits                                  Triton                 375   575
   0.155  -0.251  280.83  299.59 1.564     51.45     14.40 99.999 99.999 99.999 13.246 13.125 99.999 99.999 99.999  0.349 99.999 99.999 99.999 99.999  99.999  99.999  99.999  99.999  0.015  0.015  0.050  0.063  0.058  0.073    7    6 99.999 99.999   99  19.887600613 -20.398134096  6 26 45.28 1996  7 19 2450283.76857963     3  filtro desconhecido   19079638.net.fits                                  Triton                 375   575
   0.172  -0.059  283.73  300.30 1.514     50.73     14.88 99.999 99.999 99.999 13.347 13.212 99.999 99.999 99.999  0.186 99.999 99.999 99.999 99.999  99.999  99.999  99.999  99.999  0.023  0.023  0.021  0.078  0.016  0.060    5    5 99.999 99.999   99  19.887600124 -20.398084340  6 27 21.36 1996  7 19 2450283.76899722     3  filtro desconhecido   19079640.net.fits                                  Triton                 375   575
   0.465  -1.010  284.92  299.98 1.588     44.50     14.68 99.999 99.999 99.999 13.295 13.083 99.999 99.999 99.999  0.081 99.999 99.999 99.999 99.999  99.999  99.999  99.999  99.999  0.020  0.020  0.000  0.000  0.000  0.000    3    3 99.999 99.999   99  19.887605495 -20.398350527  6 27 39.27 1996  7 19 2450283.76920451     3  filtro desconhecido   19079641.net.fits                                  Triton                 375   575
   0.193  -0.070  286.05  300.53 1.395     54.75     16.49 99.999 99.999 99.999 13.341 13.179 99.999 99.999 99.999  0.180 99.999 99.999 99.999 99.999  99.999  99.999  99.999  99.999  0.012  0.012  0.058  0.018  0.045  0.014    6    6 99.999 99.999   99  19.887599293 -20.398093072  6 28 15.35 1996  7 19 2450283.76962211     3  filtro desconhecido   19079643.net.fits                                  Triton                 375   575
   0.203  -0.331  286.72  300.53 1.862     33.47     13.85 99.999 99.999 99.999 13.415 13.265 99.999 99.999 99.999  0.058 99.999 99.999 99.999 99.999  99.999  99.999  99.999  99.999  0.032  0.032  0.066  0.054  0.038  0.031    5    5 99.999 99.999   99  19.887599093 -20.398167571  6 28 33.31 1996  7 19 2450283.76982998     3  filtro desconhecido   19079644.net.fits                                  Triton                 375   575
   0.290  -0.407  292.66  301.67 1.759     36.81     14.21 99.999 99.999 99.999 13.195 13.068 99.999 99.999 99.999  0.211 99.999 99.999 99.999 99.999  99.999  99.999  99.999  99.999  0.021  0.021  0.075  0.044  0.059  0.035    6    5 99.999 99.999   99  19.887598761 -20.398197829  6 30  3.34 1996  7 19 2450283.77087199     3  filtro desconhecido   19079649.net.fits                                  Triton                 375   575
   0.220   0.182  294.92  301.44 1.538     44.83     15.75 99.999 99.999 99.999 13.449 13.340 99.999 99.999 99.999  0.022 99.999 99.999 99.999 99.999  99.999  99.999  99.999  99.999  0.020  0.020  0.224  0.324  0.056  0.081    4    4 99.999 99.999   99  19.887596965 -20.398036186  6 30 21.35 1996  7 19 2450283.77108044     3  filtro desconhecido   19079650.net.fits                                  Triton                 375   575
  -0.035   0.082  241.27  305.94 1.615     41.96     18.48 99.999 99.999 99.999 13.433 13.061 99.999 99.999 99.999  0.093 99.999 99.999 99.999 99.999  99.999  99.999  99.999  99.999  0.018  0.018  0.000  0.000  0.000  0.000    3    3 99.999 99.999   99  19.887581679 -20.398110127  6 37 49.32 1996  7 19 2450283.77626528     3  filtro desconhecido   19079659.net.fits                                  Triton                 375   575
  -0.095  -0.117  243.72  307.06 1.683     42.34     15.89 99.999 99.999 99.999 13.433 13.146 99.999 99.999 99.999  0.196 99.999 99.999 99.999 99.999  99.999  99.999  99.999  99.999  0.012  0.012  0.000  0.000  0.000  0.000    3    3 99.999 99.999   99  19.887578814 -20.398172605  6 39  1.33 1996  7 19 2450283.77709873     3  filtro desconhecido   19079663.net.fits                                  Triton                 375   575
   0.232  -0.040  246.40  307.04 1.573     48.72     16.99 99.999 99.999 99.999 13.447 13.530 99.999 99.999 99.999  0.177 99.999 99.999 99.999 99.999  99.999  99.999  99.999  99.999  0.017  0.017  0.056  0.080  0.063  0.090    6    5 99.999 99.999   99  19.887584471 -20.398155000  6 39 37.31 1996  7 19 2450283.77751516     3  filtro desconhecido   19079665.net.fits                                  Triton                 375   575
  -0.032  -0.039  248.67  307.74 1.498     44.91     17.13 99.999 99.999 99.999 13.487 13.331 99.999 99.999 99.999  0.119 99.999 99.999 99.999 99.999  99.999  99.999  99.999  99.999  0.028  0.028  0.034  0.033  0.058  0.056    6    5 99.999 99.999   99  19.887578845 -20.398156495  6 39 55.27 1996  7 19 2450283.77772303     3  filtro desconhecido   19079666.net.fits                                  Triton                 375   575
  -0.015  -0.195  250.40  306.98 1.444     57.78     15.04 99.999 99.999 99.999 13.410 13.208 99.999 99.999 99.999  0.187 99.999 99.999 99.999 99.999  99.999  99.999  99.999  99.999  0.013  0.013  0.014  0.000  0.025  0.000    5    4 99.999 99.999   99  19.887578751 -20.398201565  6 40 13.34 1996  7 19 2450283.77793218     3  filtro desconhecido   19079667.net.fits                                  Triton                 375   575
   0.044  -0.200  253.37  307.69 1.623     48.43     14.00 99.999 99.999 99.999 13.183 13.168 99.999 99.999 99.999  0.714 99.999 99.999 99.999 99.999  99.999  99.999  99.999  99.999  0.015  0.015  0.000  0.000  0.000  0.000    4    3 99.999 99.999   99  19.887579502 -20.398204602  6 40 31.30 1996  7 19 2450283.77814005     3  filtro desconhecido   19079668.net.fits                                  Triton                 375   575
