  -0.046  -0.020  516.73  496.79 1.820   1088.44   2560.62 99.999 99.999 99.999 13.619 13.456 99.999 99.999 99.999  0.167 99.999 99.999 99.999 99.999  99.999  99.999  99.999  99.999  0.073  0.073  0.017  0.015  0.061  0.052   20   16 99.999 99.999   99  21.794245014 -13.759609511  3 41 13.52 2009  9  4 2455078.65362870    30  I                     netuno0001.fits                                    Triton                1020  1020
   0.014   0.033  515.12  495.44 1.729   1060.01   3292.28 99.999 99.999 99.999 13.511 13.337 99.999 99.999 99.999  0.174 99.999 99.999 99.999 99.999  99.999  99.999  99.999  99.999  0.050  0.050  0.017  0.018  0.059  0.062   16   14 99.999 99.999   99  21.794244804 -13.759605062  3 42 26.36 2009  9  4 2455078.65447176    30  I                     netuno0002.fits                                    Triton                1020  1020
  -0.014  -0.004  509.81  494.02 1.510   1157.80   2627.72 99.999 99.999 99.999 13.510 13.406 99.999 99.999 99.999  0.200 99.999 99.999 99.999 99.999  99.999  99.999  99.999  99.999  0.036  0.035  0.010  0.017  0.035  0.058   19   15 99.999 99.999   99  21.794242903 -13.759625658  3 43 40.05 2009  9  4 2455078.65532465    30  I                     netuno0003.fits                                    Triton                1020  1020
  -0.016  -0.021  507.78  492.68 1.692    846.81   2861.34 99.999 99.999 99.999 13.568 13.445 99.999 99.999 99.999  0.168 99.999 99.999 99.999 99.999  99.999  99.999  99.999  99.999  0.031  0.031  0.028  0.025  0.078  0.069   16   10 99.999 99.999   99  21.794241493 -13.759640615  3 44 53.75 2009  9  4 2455078.65617766    30  I                     netuno0004.fits                                    Triton                1020  1020
  -0.029  -0.007  505.87  491.53 1.884    613.03   3085.62 99.999 99.999 99.999 13.625 13.422 99.999 99.999 99.999  0.162 99.999 99.999 99.999 99.999  99.999  99.999  99.999  99.999  0.050  0.050  0.010  0.013  0.034  0.044   14   11 99.999 99.999   99  21.794239889 -13.759646867  3 46  6.60 2009  9  4 2455078.65702083    30  I                     netuno0005.fits                                    Triton                1020  1020
   0.023   0.012  502.33  489.64 1.886    440.23   3130.02 99.999 99.999 99.999 13.626 13.521 99.999 99.999 99.999  0.227 99.999 99.999 99.999 99.999  99.999  99.999  99.999  99.999  0.051  0.051  0.024  0.020  0.075  0.063   12   12 99.999 99.999   99  21.794239103 -13.759655116  3 47 41.73 2009  9  4 2455078.65812188    30  I                     netuno0006.fits                                    Triton                1020  1020
  -0.079  -0.051  498.94  488.23 2.054    425.71   3313.59 99.999 99.999 99.999 13.568 13.415 99.999 99.999 99.999  0.115 99.999 99.999 99.999 99.999  99.999  99.999  99.999  99.999  0.039  0.039  0.014  0.015  0.043  0.047   11   10 99.999 99.999   99  21.794235833 -13.759682710  3 48 54.58 2009  9  4 2455078.65896505    30  I                     netuno0007.fits                                    Triton                1020  1020
   0.030   0.051  500.16  487.21 1.867    464.07   3204.03 99.999 99.999 99.999 13.645 13.384 99.999 99.999 99.999  0.350 99.999 99.999 99.999 99.999  99.999  99.999  99.999  99.999  0.045  0.045  0.020  0.021  0.057  0.061   15   11 99.999 99.999   99  21.794236545 -13.759664851  3 50  7.42 2009  9  4 2455078.65980810    30  I                     netuno0008.fits                                    Triton                1020  1020
  -0.014   0.030  498.10  485.80 1.910    440.95   3144.16 99.999 99.999 99.999 13.694 13.464 99.999 99.999 99.999  0.412 99.999 99.999 99.999 99.999  99.999  99.999  99.999  99.999  0.065  0.065  0.016  0.023  0.050  0.069   13   10 99.999 99.999   99  21.794234342 -13.759680809  3 51 21.12 2009  9  4 2455078.66066111    30  I                     netuno0009.fits                                    Triton                1020  1020
   0.009   0.046  496.58  484.61 1.716    448.91   3180.10 99.999 99.999 99.999 13.745 13.583 99.999 99.999 99.999  0.382 99.999 99.999 99.999 99.999  99.999  99.999  99.999  99.999  0.083  0.083  0.021  0.018  0.060  0.054   14   10 99.999 99.999   99  21.794233397 -13.759686847  3 52 34.82 2009  9  4 2455078.66151412    30  I                     netuno0010.fits                                    Triton                1020  1020
  -0.002   0.018  668.23  537.39 2.251    949.14   3038.57 99.999 99.999 99.999 13.542 13.379 99.999 99.999 99.999  0.315 99.999 99.999 99.999 99.999  99.999  99.999  99.999  99.999  0.048  0.048  0.016  0.018  0.052  0.058   22   16 99.999 99.999   99  21.792719262 -13.770934929  1  7 26.74 2009  9  5 2455079.54683727    60  I                     netuno_0001.fits                                   Triton                1020  1020
  -0.007  -0.005  671.78  535.28 2.306    847.06   3250.25 99.999 99.999 99.999 13.652 13.316 99.999 99.999 99.999  0.303 99.999 99.999 99.999 99.999  99.999  99.999  99.999  99.999  0.039  0.039  0.011  0.016  0.043  0.059   23   17 99.999 99.999   99  21.792716566 -13.770959005  1  9 26.72 2009  9  5 2455079.54822593    60  I                     netuno_0002.fits                                   Triton                1020  1020
  -0.004  -0.004  673.14  532.94 2.378    928.85   3010.47 99.999 99.999 99.999 13.638 13.461 99.999 99.999 99.999  0.330 99.999 99.999 99.999 99.999  99.999  99.999  99.999  99.999  0.060  0.060  0.018  0.019  0.066  0.070   21   17 99.999 99.999   99  21.792714142 -13.770975188  1 11 21.56 2009  9  5 2455079.54955509    60  I                     netuno_0003.fits                                   Triton                1020  1020
   0.049  -0.012  676.28  530.98 2.279    750.00   3679.43 99.999 99.999 99.999 13.710 13.470 99.999 99.999 99.999  0.363 99.999 99.999 99.999 99.999  99.999  99.999  99.999  99.999  0.042  0.043  0.015  0.016  0.063  0.067   23   20 99.999 99.999   99  21.792712524 -13.770995061  1 13 21.82 2009  9  5 2455079.55094699    60  I                     netuno_0004.fits                                   Triton                1020  1020
   0.010  -0.045  678.29  529.20 2.508    295.23   4604.62 99.999 99.999 99.999 13.687 13.545 99.999 99.999 99.999  0.397 99.999 99.999 99.999 99.999  99.999  99.999  99.999  99.999  0.079  0.079  0.022  0.021  0.056  0.055   12    7 99.999 99.999   99  21.792709303 -13.771020959  1 15 16.67 2009  9  5 2455079.55227627    60  I                     netuno_0005.fits                                   Triton                1020  1020
  -0.057   0.004  679.37  526.23 2.108    376.91   4469.66 99.999 99.999 99.999 13.657 13.468 99.999 99.999 99.999  0.374 99.999 99.999 99.999 99.999  99.999  99.999  99.999  99.999  0.064  0.063  0.025  0.032  0.055  0.068   12   10 99.999 99.999   99  21.792704325 -13.771031856  1 18  6.32 2009  9  5 2455079.55423981    60  I                     netuno_0006.fits                                   Triton                1020  1020
  -0.055  -0.023  681.12  523.39 2.279   1296.41   2113.88 99.999 99.999 99.999 13.511 13.278 99.999 99.999 99.999  0.157 99.999 99.999 99.999 99.999  99.999  99.999  99.999  99.999  0.073  0.073  0.016  0.018  0.054  0.059   22   16 99.999 99.999   99  21.792701651 -13.771057553  1 20 10.58 2009  9  5 2455079.55567801    60  I                     netuno_0007.fits                                   Triton                1020  1020
  -0.023   0.039  681.18  521.71 2.111   1305.16   1966.25 99.999 99.999 99.999 13.596 13.331 99.999 99.999 99.999  0.303 99.999 99.999 99.999 99.999  99.999  99.999  99.999  99.999  0.017  0.017  0.018  0.020  0.063  0.068   24   16 99.999 99.999   99  21.792700029 -13.771055276  1 21 53.42 2009  9  5 2455079.55686829    60  I                     netuno_0008.fits                                   Triton                1020  1020
  -0.040   0.035  681.21  519.58 2.359   1004.80   2191.29 99.999 99.999 99.999 13.625 13.392 99.999 99.999 99.999  0.348 99.999 99.999 99.999 99.999  99.999  99.999  99.999  99.999  0.061  0.061  0.016  0.019  0.061  0.072   21   17 99.999 99.999   99  21.792697459 -13.771071497  1 23 36.27 2009  9  5 2455079.55805868    60  I                     netuno_0009.fits                                   Triton                1020  1020
  -0.008   0.022  680.40  515.34 2.389    992.14   2265.08 99.999 99.999 99.999 13.588 13.282 99.999 99.999 99.999  0.312 99.999 99.999 99.999 99.999  99.999  99.999  99.999  99.999  0.060  0.060  0.017  0.020  0.050  0.058   22   16 99.999 99.999   99  21.792693132 -13.771108182  1 27 23.38 2009  9  5 2455079.56068727    60  I                     netuno_0011.fits                                   Triton                1020  1020
   0.115  -0.106 1069.49 1173.91 1.721   1653.30     98.12 99.999 99.999 99.999 13.353 13.180 99.999 99.999 99.999  0.288 99.999 99.999 99.999 99.999  99.999  99.999  99.999  99.999  0.021  0.021  0.014  0.018  0.048  0.061   26   23 99.999 99.999   99  21.971784019 -12.902220038  5 11 48.50 2010  8 18 2455426.71653356    35    I                   netuno_05.12.08_0051.fits                          Triton                2048  2048
   0.114  -0.102 1066.77 1175.03 1.848   1263.23    177.26 99.999 99.999 99.999 13.300 13.154 99.999 99.999 99.999  0.189 99.999 99.999 99.999 99.999  99.999  99.999  99.999  99.999  0.013  0.013  0.013  0.015  0.049  0.058   27   23 99.999 99.999   99  21.971783089 -12.902224415  5 12 26.50 2010  8 18 2455426.71697338    35    I                   netuno_05.12.47_0052.fits                          Triton                2048  2048
   0.116  -0.095 1065.27 1176.84 1.830   1431.36    110.22 99.999 99.999 99.999 13.335 13.193 99.999 99.999 99.999  0.172 99.999 99.999 99.999 99.999  99.999  99.999  99.999  99.999  0.014  0.014  0.016  0.017  0.052  0.056   25   21 99.999 99.999   99  21.971782195 -12.902227974  5 13  5.50 2010  8 18 2455426.71742477    35    I                   netuno_05.13.25_0053.fits                          Triton                2048  2048
   0.113  -0.092 1061.43 1181.64 1.748   1400.72    156.80 99.999 99.999 99.999 13.277 13.176 99.999 99.999 99.999  0.198 99.999 99.999 99.999 99.999  99.999  99.999  99.999  99.999  0.017  0.017  0.014  0.018  0.050  0.065   26   21 99.999 99.999   99  21.971779417 -12.902243501  5 14 59.50 2010  8 18 2455426.71874421    35    I                   netuno_05.15.20_0056.fits                          Triton                2048  2048
   0.100  -0.099 1055.60 1184.34 1.769   1627.44     99.08 99.999 99.999 99.999 13.277 13.176 99.999 99.999 99.999  0.185 99.999 99.999 99.999 99.999  99.999  99.999  99.999  99.999  0.014  0.014  0.017  0.014  0.057  0.047   25   21 99.999 99.999   99  21.971777343 -12.902256481  5 16 16.50 2010  8 18 2455426.71963542    35    I                   netuno_05.16.36_0058.fits                          Triton                2048  2048
   0.097  -0.081 1053.51 1188.35 1.879   1540.33     68.68 99.999 99.999 99.999 13.303 13.190 99.999 99.999 99.999  0.189 99.999 99.999 99.999 99.999  99.999  99.999  99.999  99.999  0.014  0.014  0.015  0.015  0.055  0.058   26   22 99.999 99.999   99  21.971774561 -12.902267788  5 18 10.50 2010  8 18 2455426.72095486    35    I                   netuno_05.18.31_0061.fits                          Triton                2048  2048
   0.108  -0.088 1054.77 1190.41 1.759   1446.77    130.03 99.999 99.999 99.999 13.361 13.193 99.999 99.999 99.999  0.285 99.999 99.999 99.999 99.999  99.999  99.999  99.999  99.999  0.017  0.017  0.016  0.018  0.054  0.062   26   22 99.999 99.999   99  21.971773849 -12.902275339  5 18 49.50 2010  8 18 2455426.72140625    35    I                   netuno_05.19.09_0062.fits                          Triton                2048  2048
   0.112  -0.106 1050.65 1193.48 1.859   1367.68    112.56 99.999 99.999 99.999 13.310 13.208 99.999 99.999 99.999  0.185 99.999 99.999 99.999 99.999  99.999  99.999  99.999  99.999  0.025  0.025  0.014  0.011  0.052  0.042   26   21 99.999 99.999   99  21.971772122 -12.902290979  5 20  5.50 2010  8 18 2455426.72228588    35    I                   netuno_05.20.25_0064.fits                          Triton                2048  2048
   0.102  -0.109 1045.60 1194.66 2.006   1302.83     83.91 99.999 99.999 99.999 13.345 13.216 99.999 99.999 99.999  0.282 99.999 99.999 99.999 99.999  99.999  99.999  99.999  99.999  0.025  0.025  0.015  0.017  0.057  0.067   27   24 99.999 99.999   99  21.971771014 -12.902297467  5 20 43.50 2010  8 18 2455426.72272569    35    I                   netuno_05.21.04_0065.fits                          Triton                2048  2048
   0.113  -0.104 1045.82 1196.11 1.708   1540.45    136.41 99.999 99.999 99.999 13.326 13.173 99.999 99.999 99.999  0.286 99.999 99.999 99.999 99.999  99.999  99.999  99.999  99.999  0.016  0.016  0.014  0.017  0.047  0.056   25   22 99.999 99.999   99  21.971770314 -12.902301639  5 21 21.50 2010  8 18 2455426.72316551    35    I                   netuno_05.21.42_0066.fits                          Triton                2048  2048
   0.106  -0.091 1047.55 1197.75 1.751   1571.91    112.77 99.999 99.999 99.999 13.346 13.234 99.999 99.999 99.999  0.283 99.999 99.999 99.999 99.999  99.999  99.999  99.999  99.999  0.028  0.028  0.015  0.016  0.056  0.061   27   23 99.999 99.999   99  21.971769271 -12.902303483  5 22  0.50 2010  8 18 2455426.72361690    35    I                   netuno_05.22.20_0067.fits                          Triton                2048  2048
   0.100  -0.098 1046.45 1198.73 1.726   1546.20    125.46 99.999 99.999 99.999 13.343 13.242 99.999 99.999 99.999  0.287 99.999 99.999 99.999 99.999  99.999  99.999  99.999  99.999  0.026  0.026  0.013  0.017  0.052  0.066   27   24 99.999 99.999   99  21.971768232 -12.902310851  5 22 38.50 2010  8 18 2455426.72405671    35    I                   netuno_05.22.58_0068.fits                          Triton                2048  2048
   0.109  -0.085 1047.54 1199.93 1.976   1424.16     67.68 99.999 99.999 99.999 13.311 13.192 99.999 99.999 99.999  0.186 99.999 99.999 99.999 99.999  99.999  99.999  99.999  99.999  0.013  0.013  0.016  0.017  0.058  0.064   26   23 99.999 99.999   99  21.971767523 -12.902312861  5 23 16.50 2010  8 18 2455426.72449653    35    I                   netuno_05.23.36_0069.fits                          Triton                2048  2048
   0.100  -0.073 1049.09 1201.55 1.767   1597.94    101.42 99.999 99.999 99.999 13.346 13.185 99.999 99.999 99.999  0.291 99.999 99.999 99.999 99.999  99.999  99.999  99.999  99.999  0.016  0.016  0.017  0.019  0.058  0.067   26   23 99.999 99.999   99  21.971766426 -12.902314796  5 23 54.50 2010  8 18 2455426.72493634    35    I                   netuno_05.24.15_0070.fits                          Triton                2048  2048
   0.106  -0.081 1047.59 1202.91 1.588   1738.92    156.45 99.999 99.999 99.999 13.332 13.199 99.999 99.999 99.999  0.286 99.999 99.999 99.999 99.999  99.999  99.999  99.999  99.999  0.023  0.023  0.018  0.016  0.060  0.055   26   21 99.999 99.999   99  21.971765623 -12.902322616  5 24 33.50 2010  8 18 2455426.72538773    35    I                   netuno_05.24.53_0071.fits                          Triton                2048  2048
   0.099  -0.087 1044.93 1203.99 2.136   1173.11     64.00 99.999 99.999 99.999 13.328 13.182 99.999 99.999 99.999  0.289 99.999 99.999 99.999 99.999  99.999  99.999  99.999  99.999  0.022  0.022  0.014  0.017  0.058  0.067   28   23 99.999 99.999   99  21.971764580 -12.902329689  5 25 11.50 2010  8 18 2455426.72582755    35    I                   netuno_05.25.31_0072.fits                          Triton                2048  2048
   0.093  -0.064 1040.60 1205.51 1.661   1704.55    121.23 99.999 99.999 99.999 13.281 13.152 99.999 99.999 99.999  0.187 99.999 99.999 99.999 99.999  99.999  99.999  99.999  99.999  0.016  0.016  0.017  0.013  0.060  0.049   26   21 99.999 99.999   99  21.971763577 -12.902328884  5 25 49.50 2010  8 18 2455426.72626736    35    I                   netuno_05.26.09_0073.fits                          Triton                2048  2048
   0.104  -0.073 1041.05 1206.81 1.875   1553.42     69.34 99.999 99.999 99.999 13.311 13.253 99.999 99.999 99.999  0.188 99.999 99.999 99.999 99.999  99.999  99.999  99.999  99.999  0.020  0.020  0.016  0.016  0.051  0.051   24   20 99.999 99.999   99  21.971762870 -12.902336551  5 26 27.50 2010  8 18 2455426.72670718    35    I                   netuno_05.26.48_0074.fits                          Triton                2048  2048
   0.101  -0.072 1041.71 1208.41 1.658   1601.24    151.83 99.999 99.999 99.999 13.322 13.258 99.999 99.999 99.999  0.191 99.999 99.999 99.999 99.999  99.999  99.999  99.999  99.999  0.027  0.027  0.018  0.018  0.061  0.060   25   21 99.999 99.999   99  21.971761887 -12.902341854  5 27  5.50 2010  8 18 2455426.72714699    35    I                   netuno_05.27.26_0075.fits                          Triton                2048  2048
   0.102  -0.099 1040.33 1209.77 1.620   1666.61    150.47 99.999 99.999 99.999 13.287 13.238 99.999 99.999 99.999  0.190 99.999 99.999 99.999 99.999  99.999  99.999  99.999  99.999  0.023  0.023  0.015  0.015  0.060  0.060   27   24 99.999 99.999   99  21.971760995 -12.902355102  5 27 44.50 2010  8 18 2455426.72759838    35    I                   netuno_05.28.04_0076.fits                          Triton                2048  2048
   0.103  -0.083 1041.74 1211.01 1.716   1584.87    120.28 99.999 99.999 99.999 13.333 13.235 99.999 99.999 99.999  0.179 99.999 99.999 99.999 99.999  99.999  99.999  99.999  99.999  0.014  0.014  0.015  0.016  0.053  0.057   25   22 99.999 99.999   99  21.971760104 -12.902355947  5 28 22.50 2010  8 18 2455426.72803819    35    I                   netuno_05.28.42_0077.fits                          Triton                2048  2048
   0.096  -0.083 1042.33 1212.16 1.666   1668.90    134.25 99.999 99.999 99.999 13.308 13.196 99.999 99.999 99.999  0.180 99.999 99.999 99.999 99.999  99.999  99.999  99.999  99.999  0.017  0.017  0.018  0.013  0.065  0.049   26   21 99.999 99.999   99  21.971759065 -12.902361318  5 29  0.50 2010  8 18 2455426.72847801    35    I                   netuno_05.29.20_0078.fits                          Triton                2048  2048
   0.106  -0.091 1037.59 1214.72 1.679   1429.71    176.54 99.999 99.999 99.999 13.305 13.218 99.999 99.999 99.999  0.176 99.999 99.999 99.999 99.999  99.999  99.999  99.999  99.999  0.018  0.018  0.017  0.017  0.062  0.064   26   23 99.999 99.999   99  21.971757436 -12.902374416  5 30 17.50 2010  8 18 2455426.72936921    35    I                   netuno_05.30.37_0080.fits                          Triton                2048  2048
   0.101  -0.071 1034.40 1216.00 1.628   1726.71    144.15 99.999 99.999 99.999 13.294 13.254 99.999 99.999 99.999  0.191 99.999 99.999 99.999 99.999  99.999  99.999  99.999  99.999  0.014  0.014  0.017  0.018  0.058  0.062   25   22 99.999 99.999   99  21.971756423 -12.902374504  5 30 55.50 2010  8 18 2455426.72980903    35    I                   netuno_05.31.15_0081.fits                          Triton                2048  2048
   0.101  -0.068 1035.80 1217.15 1.646   1728.45    122.89 99.999 99.999 99.999 13.289 13.191 99.999 99.999 99.999  0.194 99.999 99.999 99.999 99.999  99.999  99.999  99.999  99.999  0.017  0.017  0.016  0.014  0.057  0.052   26   22 99.999 99.999   99  21.971755526 -12.902378989  5 31 33.50 2010  8 18 2455426.73024884    35    I                   netuno_05.31.53_0082.fits                          Triton                2048  2048
   0.105  -0.082 1036.67 1220.62 1.869   1402.81    103.57 99.999 99.999 99.999 13.303 13.259 99.999 99.999 99.999  0.191 99.999 99.999 99.999 99.999  99.999  99.999  99.999  99.999  0.015  0.015  0.016  0.014  0.058  0.050   25   20 99.999 99.999   99  21.971752861 -12.902399500  5 33 28.50 2010  8 18 2455426.73157986    35    I                   netuno_05.33.48_0085.fits                          Triton                2048  2048
   0.103  -0.079 1036.78 1222.23 1.669   1640.15    139.91 99.999 99.999 99.999 13.291 13.224 99.999 99.999 99.999  0.193 99.999 99.999 99.999 99.999  99.999  99.999  99.999  99.999  0.017  0.017  0.014  0.016  0.051  0.059   25   21 99.999 99.999   99  21.971751892 -12.902403823  5 34  6.50 2010  8 18 2455426.73201968    35    I                   netuno_05.34.26_0086.fits                          Triton                2048  2048
   0.098  -0.071 1034.84 1223.53 1.701   1646.25    126.90 99.999 99.999 99.999 13.269 13.184 99.999 99.999 99.999  0.202 99.999 99.999 99.999 99.999  99.999  99.999  99.999  99.999  0.023  0.023  0.015  0.016  0.054  0.058   25   21 99.999 99.999   99  21.971750913 -12.902407240  5 34 44.50 2010  8 18 2455426.73245949    35    I                   netuno_05.35.04_0087.fits                          Triton                2048  2048
   0.096  -0.074 1028.77 1226.58 1.673   1661.68    136.36 99.999 99.999 99.999 13.278 13.215 99.999 99.999 99.999  0.191 99.999 99.999 99.999 99.999  99.999  99.999  99.999  99.999  0.018  0.018  0.014  0.018  0.052  0.064   24   21 99.999 99.999   99  21.971749049 -12.902418907  5 36  1.50 2010  8 18 2455426.73335069    35    I                   netuno_05.36.21_0089.fits                          Triton                2048  2048
   0.105  -0.071 1030.69 1227.46 1.669   1710.70    125.90 99.999 99.999 99.999 13.283 13.165 99.999 99.999 99.999  0.192 99.999 99.999 99.999 99.999  99.999  99.999  99.999  99.999  0.017  0.017  0.017  0.015  0.061  0.054   25   21 99.999 99.999   99  21.971748292 -12.902423707  5 36 39.50 2010  8 18 2455426.73379051    35    I                   netuno_05.36.59_0090.fits                          Triton                2048  2048
   0.112  -0.071 1028.92 1229.98 1.664   1624.20    149.91 99.999 99.999 99.999 13.276 13.219 99.999 99.999 99.999  0.199 99.999 99.999 99.999 99.999  99.999  99.999  99.999  99.999  0.019  0.019  0.016  0.015  0.057  0.054   25   21 99.999 99.999   99  21.971746637 -12.902434390  5 37 55.50 2010  8 18 2455426.73467014    35    I                   netuno_05.38.15_0092.fits                          Triton                2048  2048
   0.107  -0.079 1031.04 1231.35 1.731   1689.91    101.44 99.999 99.999 99.999 13.313 13.237 99.999 99.999 99.999  0.183 99.999 99.999 99.999 99.999  99.999  99.999  99.999  99.999  0.022  0.022  0.017  0.019  0.057  0.063   24   20 99.999 99.999   99  21.971745613 -12.902441969  5 38 33.50 2010  8 18 2455426.73510995    35    I                   netuno_05.38.54_0093.fits                          Triton                2048  2048
   0.103  -0.074 1029.57 1232.38 1.909   1406.48     79.98 99.999 99.999 99.999 13.282 13.209 99.999 99.999 99.999  0.192 99.999 99.999 99.999 99.999  99.999  99.999  99.999  99.999  0.024  0.024  0.015  0.016  0.055  0.059   25   21 99.999 99.999   99  21.971744625 -12.902446015  5 39 12.50 2010  8 18 2455426.73556134    35    I                   netuno_05.39.32_0094.fits                          Triton                2048  2048
   0.099  -0.057 1028.48 1233.78 1.660   1811.42    112.80 99.999 99.999 99.999 13.270 13.181 99.999 99.999 99.999  0.197 99.999 99.999 99.999 99.999  99.999  99.999  99.999  99.999  0.022  0.022  0.016  0.015  0.059  0.053   24   21 99.999 99.999   99  21.971743626 -12.902447038  5 39 50.50 2010  8 18 2455426.73600116    35    I                   netuno_05.40.10_0095.fits                          Triton                2048  2048
   0.106  -0.074 1024.03 1235.40 1.606   1658.18    177.54 99.999 99.999 99.999 13.309 13.243 99.999 99.999 99.999  0.178 99.999 99.999 99.999 99.999  99.999  99.999  99.999  99.999  0.023  0.023  0.018  0.017  0.063  0.062   24   21 99.999 99.999   99  21.971742873 -12.902456923  5 40 28.50 2010  8 18 2455426.73644097    35    I                   netuno_05.40.48_0096.fits                          Triton                2048  2048
   0.109  -0.071 1021.54 1240.61 1.709   1678.49    121.30 99.999 99.999 99.999 13.266 13.206 99.999 99.999 99.999  0.186 99.999 99.999 99.999 99.999  99.999  99.999  99.999  99.999  0.029  0.029  0.017  0.018  0.060  0.063   26   20 99.999 99.999   99  21.971739273 -12.902478054  5 43  1.50 2010  8 18 2455426.73821181    35    I                   netuno_05.43.21_0100.fits                          Triton                2048  2048
