   0.000  -0.050  208.13  229.85 1.307    280.03     14.07 99.999 99.999 99.999 13.154 13.262 99.999 99.999 99.999  0.372 99.999 99.999 99.999 99.999  99.999  99.999  99.999  99.999  0.015  0.015  0.027  0.030  0.063  0.069   10    8 99.999 99.999   99  19.889714758 -20.387881236 25 22 21.23 1996  7 17 2450282.55719016     3  filtro desconhecido   17079621.net.fits                                  Triton                 379   561
   0.019   0.013  203.91  225.86 1.393    251.07     14.66 99.999 99.999 99.999 13.230 13.325 99.999 99.999 99.999  0.192 99.999 99.999 99.999 99.999  99.999  99.999  99.999  99.999  0.017  0.017  0.018  0.024  0.051  0.066   12    9 99.999 99.999   99  19.889711770 -20.387878230 25 25 23.36 1996  7 17 2450282.55929815     3  filtro desconhecido   17079622.net.fits                                  Triton                 379   561
  -0.034  -0.023  203.63  225.58 1.312    262.37     18.71 99.999 99.999 99.999 13.168 13.111 99.999 99.999 99.999  0.306 99.999 99.999 99.999 99.999  99.999  99.999  99.999  99.999  0.022  0.022  0.022  0.032  0.045  0.066   10    8 99.999 99.999   99  19.889710419 -20.387889794 25 25 39.33 1996  7 17 2450282.55948299     3  filtro desconhecido   17079623.net.fits                                  Triton                 379   561
   0.003  -0.032  203.76  225.18 1.285    280.91     19.03 99.999 99.999 99.999 13.176 13.291 99.999 99.999 99.999  0.242 99.999 99.999 99.999 99.999  99.999  99.999  99.999  99.999  0.024  0.024  0.024  0.016  0.070  0.048   13   10 99.999 99.999   99  19.889710836 -20.387893538 25 25 56.36 1996  7 17 2450282.55968009     3  filtro desconhecido   17079624.net.fits                                  Triton                 379   561
   0.017   0.005  205.10  225.08 1.280    276.90     19.16 99.999 99.999 99.999 13.302 13.369 99.999 99.999 99.999  0.235 99.999 99.999 99.999 99.999  99.999  99.999  99.999  99.999  0.019  0.019  0.018  0.023  0.058  0.076   13   12 99.999 99.999   99  19.889710782 -20.387884722 25 26 13.33 1996  7 17 2450282.55987650     3  filtro desconhecido   17079625.net.fits                                  Triton                 379   561
   0.057   0.045  205.17  224.26 1.297    268.36     22.12 99.999 99.999 99.999 13.262 13.310 99.999 99.999 99.999  0.174 99.999 99.999 99.999 99.999  99.999  99.999  99.999  99.999  0.032  0.032  0.034  0.027  0.090  0.072   10    8 99.999 99.999   99  19.889711267 -20.387874992 25 26 30.36 1996  7 17 2450282.56007361     3  filtro desconhecido   17079626.net.fits                                  Triton                 379   561
   0.029  -0.011  204.68  224.23 1.372    267.52     13.78 99.999 99.999 99.999 13.166 13.416 99.999 99.999 99.999  0.197 99.999 99.999 99.999 99.999  99.999  99.999  99.999  99.999  0.016  0.016  0.020  0.025  0.060  0.076   13   10 99.999 99.999   99  19.889710399 -20.387891821 25 26 47.33 1996  7 17 2450282.56027002     3  filtro desconhecido   17079627.net.fits                                  Triton                 379   561
   0.024  -0.019  203.84  223.89 1.366    258.20     16.16 99.999 99.999 99.999 13.220 13.382 99.999 99.999 99.999  0.275 99.999 99.999 99.999 99.999  99.999  99.999  99.999  99.999  0.024  0.024  0.024  0.022  0.060  0.055   13    9 99.999 99.999   99  19.889709966 -20.387895627 25 27  4.36 1996  7 17 2450282.56046713     3  filtro desconhecido   17079628.net.fits                                  Triton                 379   561
   0.028   0.067  203.68  223.54 1.350    265.23     16.82 99.999 99.999 99.999 13.270 13.406 99.999 99.999 99.999  0.230 99.999 99.999 99.999 99.999  99.999  99.999  99.999  99.999  0.007  0.007  0.013  0.023  0.034  0.062   13    7 99.999 99.999   99  19.889709738 -20.387873093 25 27 21.39 1996  7 17 2450282.56066424     3  filtro desconhecido   17079629.net.fits                                  Triton                 379   561
   0.033   0.043  203.18  222.99 1.300    271.85     17.15 99.999 99.999 99.999 13.168 13.282 99.999 99.999 99.999  0.309 99.999 99.999 99.999 99.999  99.999  99.999  99.999  99.999  0.020  0.020  0.024  0.026  0.066  0.071   13   10 99.999 99.999   99  19.889709522 -20.387881139 25 27 38.30 1996  7 17 2450282.56085995     3  filtro desconhecido   17079630.net.fits                                  Triton                 379   561
  -0.001   0.052  199.21  221.89 1.367    254.40     16.39 99.999 99.999 99.999 13.369 13.505 99.999 99.999 99.999  0.283 99.999 99.999 99.999 99.999  99.999  99.999  99.999  99.999  0.028  0.028  0.017  0.030  0.042  0.074   10    9 99.999 99.999   99  19.889707806 -20.387883001 25 28 34.39 1996  7 17 2450282.56150914     3  filtro desconhecido   17079631.net.fits                                  Triton                 379   561
  -0.005  -0.011  198.58  221.44 1.293    296.90     12.62 99.999 99.999 99.999 13.193 13.324 99.999 99.999 99.999  0.258 99.999 99.999 99.999 99.999  99.999  99.999  99.999  99.999  0.017  0.017  0.018  0.023  0.054  0.070   13   11 99.999 99.999   99  19.889707430 -20.387902031 25 28 50.31 1996  7 17 2450282.56169340     3  filtro desconhecido   17079632.net.fits                                  Triton                 379   561
  -0.003   0.051  199.30  221.13 1.166    321.32     23.81 99.999 99.999 99.999 13.160 13.313 99.999 99.999 99.999  0.242 99.999 99.999 99.999 99.999  99.999  99.999  99.999  99.999  0.014  0.014  0.023  0.026  0.070  0.079   12   10 99.999 99.999   99  19.889707157 -20.387885975 25 29  7.34 1996  7 17 2450282.56189051     3  filtro desconhecido   17079633.net.fits                                  Triton                 379   561
   0.003   0.107  200.33  220.60 1.365    175.13     28.13 99.999 99.999 99.999 13.261 13.442 99.999 99.999 99.999  0.264 99.999 99.999 99.999 99.999  99.999  99.999  99.999  99.999  0.040  0.040  0.022  0.026  0.061  0.073   10    9 99.999 99.999   99  19.889706946 -20.387872043 25 29 25.31 1996  7 17 2450282.56209850     3  filtro desconhecido   17079634.net.fits                                  Triton                 379   561
  -0.030   0.054  200.05  220.29 1.308    262.66     17.76 99.999 99.999 99.999 13.221 13.423 99.999 99.999 99.999  0.249 99.999 99.999 99.999 99.999  99.999  99.999  99.999  99.999  0.022  0.022  0.016  0.027  0.046  0.080   11   10 99.999 99.999   99  19.889706000 -20.387888003 25 29 41.34 1996  7 17 2450282.56228403     3  filtro desconhecido   17079635.net.fits                                  Triton                 379   561
   0.060   0.055  199.52  219.62 1.668    178.87      8.44 99.999 99.999 99.999 13.317 13.446 99.999 99.999 99.999  0.232 99.999 99.999 99.999 99.999  99.999  99.999  99.999  99.999  0.018  0.018  0.014  0.016  0.047  0.053   13   11 99.999 99.999   99  19.889707455 -20.387889189 25 29 58.42 1996  7 17 2450282.56248171     3  filtro desconhecido   17079636.net.fits                                  Triton                 379   561
   0.002  -0.029  198.89  219.81 1.420    246.31     13.19 99.999 99.999 99.999 13.185 13.342 99.999 99.999 99.999  0.261 99.999 99.999 99.999 99.999  99.999  99.999  99.999  99.999  0.019  0.019  0.014  0.022  0.040  0.060   13   10 99.999 99.999   99  19.889705977 -20.387913898 25 30 15.33 1996  7 17 2450282.56267743     3  filtro desconhecido   17079637.net.fits                                  Triton                 379   561
  -0.001   0.066  198.81  218.66 1.385    248.23     12.21 99.999 99.999 99.999 13.253 13.369 99.999 99.999 99.999  0.192 99.999 99.999 99.999 99.999  99.999  99.999  99.999  99.999  0.013  0.013  0.014  0.027  0.042  0.081   13   11 99.999 99.999   99  19.889705319 -20.387890323 25 30 49.33 1996  7 17 2450282.56307095     3  filtro desconhecido   17079639.net.fits                                  Triton                 379   561
  -0.015  -0.033  198.31  217.03 1.409    264.58      8.76 99.999 99.999 99.999 13.170 13.239 99.999 99.999 99.999  0.267 99.999 99.999 99.999 99.999  99.999  99.999  99.999  99.999  0.014  0.014  0.022  0.020  0.062  0.056   11    8 99.999 99.999   99  19.889703278 -20.387925269 25 32 23.38 1996  7 17 2450282.56415949     3  filtro desconhecido   17079641.net.fits                                  Triton                 379   561
   0.027  -0.011  196.65  216.06 1.418    244.56     12.26 99.999 99.999 99.999 13.208 13.361 99.999 99.999 99.999  0.283 99.999 99.999 99.999 99.999  99.999  99.999  99.999  99.999  0.023  0.022  0.014  0.021  0.045  0.067   13   11 99.999 99.999   99  19.889703496 -20.387921838 25 32 56.27 1996  7 17 2450282.56454016     3  filtro desconhecido   17079643.net.fits                                  Triton                 379   561
   0.036   0.060  195.35  216.34 1.415    219.96     15.34 99.999 99.999 99.999 13.154 13.304 99.999 99.999 99.999  0.320 99.999 99.999 99.999 99.999  99.999  99.999  99.999  99.999  0.018  0.018  0.024  0.032  0.072  0.095   13    9 99.999 99.999   99  19.889703351 -20.387903672 25 33 13.35 1996  7 17 2450282.56473785     3  filtro desconhecido   17079644.net.fits                                  Triton                 379   561
   0.029   0.035  194.59  215.44 1.477    212.05     17.24 99.999 99.999 99.999 13.207 13.312 99.999 99.999 99.999  0.214 99.999 99.999 99.999 99.999  99.999  99.999  99.999  99.999  0.023  0.023  0.031  0.034  0.066  0.071   12    9 99.999 99.999   99  19.889702903 -20.387911807 25 33 30.32 1996  7 17 2450282.56493426     3  filtro desconhecido   17079645.net.fits                                  Triton                 379   561
  -0.007   0.049  193.66  214.84 1.296    263.67     21.85 99.999 99.999 99.999 13.141 13.265 99.999 99.999 99.999  0.359 99.999 99.999 99.999 99.999  99.999  99.999  99.999  99.999  0.018  0.018  0.036  0.024  0.077  0.051   11    8 99.999 99.999   99  19.889701884 -20.387909310 25 33 47.35 1996  7 17 2450282.56513137     3  filtro desconhecido   17079646.net.fits                                  Triton                 379   561
   0.077  -0.067  194.51  215.00 1.567    219.59      7.33 99.999 99.999 99.999 13.276 13.349 99.999 99.999 99.999  0.244 99.999 99.999 99.999 99.999  99.999  99.999  99.999  99.999  0.022  0.022  0.027  0.034  0.064  0.080   10    9 99.999 99.999   99  19.889703207 -20.387942928 25 34  5.32 1996  7 17 2450282.56533935     3  filtro desconhecido   17079647.net.fits                                  Triton                 379   561
   0.061   0.019  194.80  214.23 1.478    235.66     10.65 99.999 99.999 99.999 13.104 13.399 99.999 99.999 99.999  0.320 99.999 99.999 99.999 99.999  99.999  99.999  99.999  99.999  0.023  0.023  0.018  0.037  0.034  0.072    9    6 99.999 99.999   99  19.889702265 -20.387921942 25 34 38.32 1996  7 17 2450282.56572130     3  filtro desconhecido   17079649.net.fits                                  Triton                 379   561
  -0.000   0.099  194.36  213.43 1.324    276.97     14.99 99.999 99.999 99.999 13.211 13.276 99.999 99.999 99.999  0.354 99.999 99.999 99.999 99.999  99.999  99.999  99.999  99.999  0.025  0.025  0.025  0.021  0.069  0.058   12    9 99.999 99.999   99  19.889700748 -20.387901018 25 34 55.34 1996  7 17 2450282.56591829     3  filtro desconhecido   17079650.net.fits                                  Triton                 379   561
   0.020   0.099  212.56  268.68 1.763    160.55     11.56 99.999 99.999 99.999 13.261 13.462 99.999 99.999 99.999  0.271 99.999 99.999 99.999 99.999  99.999  99.999  99.999  99.999  0.029  0.029  0.023  0.031  0.061  0.081   10    7 99.999 99.999   99  19.889643395 -20.388154308 26 26 33.32 1996  7 17 2450282.60177454     3  filtro desconhecido   17079651.net.fits                                  Triton                 379   561
   0.073   0.022  213.00  266.28 1.493    171.98     24.22 99.999 99.999 99.999 13.301 13.344 99.999 99.999 99.999  0.168 99.999 99.999 99.999 99.999  99.999  99.999  99.999  99.999  0.029  0.029  0.022  0.033  0.059  0.090    8    8 99.999 99.999   99  19.889642164 -20.388185978 26 28 35.36 1996  7 17 2450282.60318704     3  filtro desconhecido   17079652.net.fits                                  Triton                 379   561
   0.035   0.065  212.54  265.39 1.459    184.69     22.42 99.999 99.999 99.999 13.182 13.401 99.999 99.999 99.999  0.306 99.999 99.999 99.999 99.999  99.999  99.999  99.999  99.999  0.023  0.023  0.015  0.015  0.041  0.044   12   10 99.999 99.999   99  19.889641103 -20.388175452 26 28 52.32 1996  7 17 2450282.60338333     3  filtro desconhecido   17079653.net.fits                                  Triton                 379   561
   0.052  -0.039  211.65  265.30 1.601    183.80     14.08 99.999 99.999 99.999 13.243 13.433 99.999 99.999 99.999  0.314 99.999 99.999 99.999 99.999  99.999  99.999  99.999  99.999  0.025  0.025  0.028  0.019  0.078  0.052   10    8 99.999 99.999   99  19.889641082 -20.388205745 26 29 11.34 1996  7 17 2450282.60360347     3  filtro desconhecido   17079654.net.fits                                  Triton                 379   561
   0.063   0.056  209.83  265.02 1.773    159.53     11.67 99.999 99.999 99.999 13.292 13.493 99.999 99.999 99.999  0.348 99.999 99.999 99.999 99.999  99.999  99.999  99.999  99.999  0.024  0.024  0.038  0.030  0.096  0.075   11    7 99.999 99.999   99  19.889640957 -20.388180773 26 29 28.35 1996  7 17 2450282.60380035     3  filtro desconhecido   17079655.net.fits                                  Triton                 379   561
   0.014  -0.009  208.78  264.28 1.563    181.80     16.15 99.999 99.999 99.999 13.262 13.429 99.999 99.999 99.999  0.212 99.999 99.999 99.999 99.999  99.999  99.999  99.999  99.999  0.024  0.024  0.017  0.028  0.048  0.077   11    9 99.999 99.999   99  19.889639668 -20.388200440 26 29 46.32 1996  7 17 2450282.60400833     3  filtro desconhecido   17079656.net.fits                                  Triton                 379   561
   0.019   0.019  208.78  263.70 1.515    199.54     16.06 99.999 99.999 99.999 13.251 13.387 99.999 99.999 99.999  0.219 99.999 99.999 99.999 99.999  99.999  99.999  99.999  99.999  0.030  0.030  0.026  0.027  0.075  0.077   12   10 99.999 99.999   99  19.889639408 -20.388194113 26 30  5.33 1996  7 17 2450282.60422836     3  filtro desconhecido   17079657.net.fits                                  Triton                 379   561
   0.069   0.040  209.69  263.48 1.493    197.44     17.11 99.999 99.999 99.999 13.234 13.437 99.999 99.999 99.999  0.268 99.999 99.999 99.999 99.999  99.999  99.999  99.999  99.999  0.026  0.026  0.028  0.027  0.075  0.073    9    7 99.999 99.999   99  19.889640077 -20.388189827 26 30 22.35 1996  7 17 2450282.60442535     3  filtro desconhecido   17079658.net.fits                                  Triton                 379   561
  -0.012   0.022  210.15  263.10 1.601    189.79     12.77 99.999 99.999 99.999 13.163 13.327 99.999 99.999 99.999  0.287 99.999 99.999 99.999 99.999  99.999  99.999  99.999  99.999  0.027  0.027  0.027  0.022  0.067  0.055   10    7 99.999 99.999   99  19.889638142 -20.388196384 26 30 40.36 1996  7 17 2450282.60463380     3  filtro desconhecido   17079659.net.fits                                  Triton                 379   561
   0.082   0.082  208.79  261.93 1.690    183.61      8.83 99.999 99.999 99.999 13.157 13.345 99.999 99.999 99.999  0.298 99.999 99.999 99.999 99.999  99.999  99.999  99.999  99.999  0.000  0.000  0.018  0.021  0.045  0.054   12    8 99.999 99.999   99  19.889638924 -20.388184419 26 31 37.39 1996  7 17 2450282.60529387     3  filtro desconhecido   17079661.net.fits                                  Triton                 379   561
   0.024  -0.056  208.73  261.74 1.613    175.60     14.07 99.999 99.999 99.999 13.266 13.410 99.999 99.999 99.999  0.315 99.999 99.999 99.999 99.999  99.999  99.999  99.999  99.999  0.031  0.031  0.038  0.025  0.085  0.055   12    8 99.999 99.999   99  19.889637482 -20.388224030 26 31 54.36 1996  7 17 2450282.60549028     3  filtro desconhecido   17079662.net.fits                                  Triton                 379   561
   0.057  -0.010  209.56  261.55 1.553    182.00     18.40 99.999 99.999 99.999 13.195 13.376 99.999 99.999 99.999  0.265 99.999 99.999 99.999 99.999  99.999  99.999  99.999  99.999  0.033  0.033  0.016  0.013  0.046  0.037   12    9 99.999 99.999   99  19.889637811 -20.388212633 26 32 10.33 1996  7 17 2450282.60567512     3  filtro desconhecido   17079663.net.fits                                  Triton                 379   561
   0.078  -0.015  210.48  261.03 1.779    157.89     12.26 99.999 99.999 99.999 13.348 13.552 99.999 99.999 99.999  0.262 99.999 99.999 99.999 99.999  99.999  99.999  99.999  99.999  0.031  0.031  0.025  0.016  0.067  0.043   12    9 99.999 99.999   99  19.889637927 -20.388215638 26 32 27.36 1996  7 17 2450282.60587222     3  filtro desconhecido   17079664.net.fits                                  Triton                 379   561
   0.042  -0.018  209.72  260.47 1.571    168.01     19.15 99.999 99.999 99.999 13.295 13.475 99.999 99.999 99.999  0.297 99.999 99.999 99.999 99.999  99.999  99.999  99.999  99.999  0.033  0.033  0.021  0.024  0.052  0.060   12    7 99.999 99.999   99  19.889636578 -20.388219203 26 33  1.36 1996  7 17 2450282.60626574     3  filtro desconhecido   17079666.net.fits                                  Triton                 379   561
   0.040   0.018  208.19  259.76 1.756    155.39     11.37 99.999 99.999 99.999 13.253 13.396 99.999 99.999 99.999  0.239 99.999 99.999 99.999 99.999  99.999  99.999  99.999  99.999  0.029  0.029  0.037  0.029  0.078  0.060   11    8 99.999 99.999   99  19.889636230 -20.388210674 26 33 18.33 1996  7 17 2450282.60646215     3  filtro desconhecido   17079667.net.fits                                  Triton                 379   561
   0.071   0.009  208.86  259.53 1.642    179.34     12.34 99.999 99.999 99.999 13.231 13.380 99.999 99.999 99.999  0.229 99.999 99.999 99.999 99.999  99.999  99.999  99.999  99.999  0.024  0.024  0.032  0.026  0.082  0.068   11   10 99.999 99.999   99  19.889636495 -20.388214532 26 33 36.35 1996  7 17 2450282.60667072     3  filtro desconhecido   17079668.net.fits                                  Triton                 379   561
   0.089   0.045  208.16  259.27 1.599    158.53     20.01 99.999 99.999 99.999 13.307 13.421 99.999 99.999 99.999  0.279 99.999 99.999 99.999 99.999  99.999  99.999  99.999  99.999  0.042  0.041  0.028  0.025  0.074  0.066   10    8 99.999 99.999   99  19.889636563 -20.388205921 26 33 52.33 1996  7 17 2450282.60685567     3  filtro desconhecido   17079669.net.fits                                  Triton                 379   561
   0.049   0.003  204.47  255.03 1.561    187.47     14.59 99.999 99.999 99.999 13.201 13.390 99.999 99.999 99.999  0.245 99.999 99.999 99.999 99.999  99.999  99.999  99.999  99.999  0.023  0.023  0.023  0.028  0.061  0.071   11    9 99.999 99.999   99  19.889633139 -20.388229191 26 36 13.39 1996  7 17 2450282.60848831     3  filtro desconhecido   17079671.net.fits                                  Triton                 379   561
  -0.018   0.043  204.27  254.07 1.755    159.44     10.87 99.999 99.999 99.999 13.453 13.549 99.999 99.999 99.999  0.572 99.999 99.999 99.999 99.999  99.999  99.999  99.999  99.999  0.029  0.029  0.023  0.032  0.058  0.082   10   10 99.999 99.999   99  19.889631475 -20.388219482 26 36 30.36 1996  7 17 2450282.60868472     3  filtro desconhecido   17079672.net.fits                                  Triton                 379   561
  -0.023   0.041  205.60  253.67 1.823    179.57      3.06 99.999 99.999 99.999 13.294 13.378 99.999 99.999 99.999  0.330 99.999 99.999 99.999 99.999  99.999  99.999  99.999  99.999  0.031  0.031  0.019  0.022  0.056  0.064   10    9 99.999 99.999   99  19.889630427 -20.388224032 26 37 21.33 1996  7 17 2450282.60927465     3  filtro desconhecido   17079675.net.fits                                  Triton                 379   561
   0.058   0.070  205.67  253.06 1.929    143.31      8.31 99.999 99.999 99.999 13.189 13.364 99.999 99.999 99.999  0.244 99.999 99.999 99.999 99.999  99.999  99.999  99.999  99.999  0.032  0.032  0.015  0.035  0.041  0.096   12    8 99.999 99.999   99  19.889631730 -20.388217490 26 37 37.36 1996  7 17 2450282.60946019     3  filtro desconhecido   17079676.net.fits                                  Triton                 379   561
  -0.025   0.058  205.79  252.53 1.561    177.54     17.97 99.999 99.999 99.999 13.212 13.359 99.999 99.999 99.999  0.247 99.999 99.999 99.999 99.999  99.999  99.999  99.999  99.999  0.029  0.029  0.027  0.030  0.074  0.083   13   10 99.999 99.999   99  19.889629791 -20.388222314 26 37 54.27 1996  7 17 2450282.60965590     3  filtro desconhecido   17079677.net.fits                                  Triton                 379   561
   0.026  -0.053  204.71  252.06 1.653    156.61     16.45 99.999 99.999 99.999 13.248 13.431 99.999 99.999 99.999  0.222 99.999 99.999 99.999 99.999  99.999  99.999  99.999  99.999  0.037  0.037  0.023  0.033  0.059  0.085   10    8 99.999 99.999   99  19.889630159 -20.388255737 26 38 28.33 1996  7 17 2450282.61005012     3  filtro desconhecido   17079679.net.fits                                  Triton                 379   561
   0.046   0.112  205.08  251.40 1.861    152.44      9.23 99.999 99.999 99.999 13.259 13.419 99.999 99.999 99.999  0.290 99.999 99.999 99.999 99.999  99.999  99.999  99.999  99.999  0.025  0.025  0.022  0.023  0.052  0.055   12    8 99.999 99.999   99  19.889630216 -20.388211332 26 38 45.30 1996  7 17 2450282.61024653     3  filtro desconhecido   17079680.net.fits                                  Triton                 379   561
