   0.687  -0.905  197.27  259.70 1.610    146.34      8.03 99.999 99.999 99.999 13.503 13.467 99.999 99.999 99.999  0.309 99.999 99.999 99.999 99.999  99.999  99.999  99.999  99.999  0.031  0.031  0.011  0.011  0.033  0.034   13   11 99.999 99.999   99  19.984110973 -20.124267786  9 45 42.41 1996  5  7 2450210.90674086     2  filtro desconhecido   07059602.net.fits                                  Triton                 379   561
   0.667  -0.859  196.91  259.12 1.158    253.17     13.37 99.999 99.999 99.999 13.423 13.236 99.999 99.999 99.999  0.361 99.999 99.999 99.999 99.999  99.999  99.999  99.999  99.999  0.000  0.000  0.010  0.009  0.029  0.027   11   10 99.999 99.999   99  19.984110570 -20.124254652  9 45 57.62 1996  5  7 2450210.90691690     2  filtro desconhecido   07059603.net.fits                                  Triton                 379   561
   0.715  -0.922  196.05  258.96 1.034    289.87     15.42 99.999 99.999 99.999 13.301 13.266 99.999 99.999 99.999  0.346 99.999 99.999 99.999 99.999  99.999  99.999  99.999  99.999  0.052  0.052  0.025  0.018  0.058  0.041    8    7 99.999 99.999   99  19.984111495 -20.124271592  9 46 13.78 1996  5  7 2450210.90710394     2  filtro desconhecido   07059604.net.fits                                  Triton                 379   561
   0.646  -0.841  195.96  258.67 1.354    229.35      0.74 99.999 99.999 99.999 13.429 13.488 99.999 99.999 99.999  0.333 99.999 99.999 99.999 99.999  99.999  99.999  99.999  99.999  0.002  0.002  0.012  0.016  0.040  0.053   12   12 99.999 99.999   99  19.984110120 -20.124249001  9 46 28.94 1996  5  7 2450210.90727940     2  filtro desconhecido   07059605.net.fits                                  Triton                 379   561
   0.668  -0.870  196.60  258.40 1.057    289.23     16.55 99.999 99.999 99.999 13.596 13.486 99.999 99.999 99.999  0.249 99.999 99.999 99.999 99.999  99.999  99.999  99.999  99.999  0.027  0.027  0.020  0.022  0.050  0.056    8    7 99.999 99.999   99  19.984110535 -20.124256638  9 46 43.15 1996  5  7 2450210.90744387     2  filtro desconhecido   07059606.net.fits                                  Triton                 379   561
   0.701  -0.874  196.58  257.88 1.095    294.21      9.34 99.999 99.999 99.999 13.446 13.309 99.999 99.999 99.999  0.340 99.999 99.999 99.999 99.999  99.999  99.999  99.999  99.999  0.013  0.013  0.030  0.022  0.078  0.057    7    7 99.999 99.999   99  19.984111158 -20.124257356  9 47 14.53 1996  5  7 2450210.90780706     2  filtro desconhecido   07059608.net.fits                                  Triton                 379   561
   0.639  -0.922  196.84  257.57 1.239    225.02     11.74 99.999 99.999 99.999 13.603 13.533 99.999 99.999 99.999  0.196 99.999 99.999 99.999 99.999  99.999  99.999  99.999  99.999  0.026  0.025  0.019  0.020  0.053  0.055    9    9 99.999 99.999   99  19.984109901 -20.124269913  9 47 29.69 1996  5  7 2450210.90798252     2  filtro desconhecido   07059609.net.fits                                  Triton                 379   561
   0.665  -0.910  195.08  256.44 1.649    162.29      2.67 99.999 99.999 99.999 13.446 13.297 99.999 99.999 99.999  0.326 99.999 99.999 99.999 99.999  99.999  99.999  99.999  99.999  0.060  0.060  0.020  0.017  0.055  0.049   13   11 99.999 99.999   99  19.984110395 -20.124265999  9 47 59.06 1996  5  7 2450210.90832245     2  filtro desconhecido   07059611.net.fits                                  Triton                 379   561
   0.624  -0.878  193.88  256.21 0.947    266.89     38.40 99.999 99.999 99.999 13.508 13.448 99.999 99.999 99.999  0.350 99.999 99.999 99.999 99.999  99.999  99.999  99.999  99.999  0.031  0.031  0.025  0.016  0.051  0.034   10    9 99.999 99.999   99  19.984109584 -20.124256998  9 48 14.22 1996  5  7 2450210.90849792     2  filtro desconhecido   07059612.net.fits                                  Triton                 379   561
   0.695  -0.887  195.82  255.61 1.190    248.97     11.08 99.999 99.999 99.999 13.466 13.518 99.999 99.999 99.999  0.356 99.999 99.999 99.999 99.999  99.999  99.999  99.999  99.999  0.023  0.023  0.016  0.022  0.044  0.061   10    9 99.999 99.999   99  19.984110949 -20.124258831  9 48 45.59 1996  5  7 2450210.90886100     2  filtro desconhecido   07059614.net.fits                                  Triton                 379   561
   0.681  -0.937  196.47  255.72 1.167    304.75     -1.05 99.999 99.999 99.999 13.351 13.163 99.999 99.999 99.999  0.365 99.999 99.999 99.999 99.999  99.999  99.999  99.999  99.999  0.021  0.021  0.053  0.018  0.105  0.035    6    5 99.999 99.999   99  19.984110657 -20.124272216  9 49  0.81 1996  5  7 2450210.90903715     2  filtro desconhecido   07059615.net.fits                                  Triton                 379   561
   0.676  -0.885  196.34  255.03 1.169    235.70     17.62 99.999 99.999 99.999 13.510 13.349 99.999 99.999 99.999  0.348 99.999 99.999 99.999 99.999  99.999  99.999  99.999  99.999  0.023  0.024  0.022  0.017  0.062  0.048   11   10 99.999 99.999   99  19.984110549 -20.124257623  9 49 15.02 1996  5  7 2450210.90920162     2  filtro desconhecido   07059616.net.fits                                  Triton                 379   561
   0.659  -0.891  194.98  254.71 1.107    263.77     14.56 99.999 99.999 99.999 13.509 13.298 99.999 99.999 99.999  0.314 99.999 99.999 99.999 99.999  99.999  99.999  99.999  99.999  0.026  0.025  0.018  0.015  0.051  0.043    8    8 99.999 99.999   99  19.984110200 -20.124258752  9 49 31.18 1996  5  7 2450210.90938866     2  filtro desconhecido   07059617.net.fits                                  Triton                 379   561
   0.650  -0.890  195.48  254.30 1.073    248.61     23.31 99.999 99.999 99.999 13.489 13.433 99.999 99.999 99.999  0.352 99.999 99.999 99.999 99.999  99.999  99.999  99.999  99.999  0.028  0.029  0.016  0.011  0.045  0.030   10    9 99.999 99.999   99  19.984110007 -20.124258380  9 49 46.40 1996  5  7 2450210.90956481     2  filtro desconhecido   07059618.net.fits                                  Triton                 379   561
   0.680  -0.933  194.69  253.98 1.138    224.08     20.81 99.999 99.999 99.999 13.530 13.346 99.999 99.999 99.999  0.290 99.999 99.999 99.999 99.999  99.999  99.999  99.999  99.999  0.000  0.000  0.020  0.012  0.054  0.033   12   10 99.999 99.999   99  19.984110584 -20.124270012  9 50  1.56 1996  5  7 2450210.90974028     2  filtro desconhecido   07059619.net.fits                                  Triton                 379   561
   0.665  -0.891  193.96  253.69 1.242    244.46      5.17 99.999 99.999 99.999 13.443 13.452 99.999 99.999 99.999  0.418 99.999 99.999 99.999 99.999  99.999  99.999  99.999  99.999  0.000  0.000  0.018  0.016  0.054  0.050   11   10 99.999 99.999   99  19.984110287 -20.124257674  9 50 16.72 1996  5  7 2450210.90991574     2  filtro desconhecido   07059620.net.fits                                  Triton                 379   561
