   0.656  -0.820  195.35  256.64 1.163    251.22     11.33 99.999 99.999 99.999 13.351 13.261 99.999 99.999 99.999  0.414 99.999 99.999 99.999 99.999  99.999  99.999  99.999  99.999  0.022  0.022  0.013  0.021  0.038  0.061    9    9 99.999 99.999   99  19.984110240 -20.124241435  9 47 44.85 1996  5  7 2450210.90815799     2  filtro desconhecido   07059610.net.fits                                  Triton                 379   561
  -0.035  -0.050  198.38  284.61 1.477    224.68     32.55 99.999 99.999 99.999 13.278 13.411 99.999 99.999 99.999  0.240 99.999 99.999 99.999 99.999  99.999  99.999  99.999  99.999  0.040  0.040  0.021  0.028  0.064  0.084   13   10 99.999 99.999   99  19.891336059 -20.382777403 24 22 55.34 1996  7 16 2450281.51591829     3  filtro desconhecido   16079603.net.fits                                  Triton                 379   571
   0.066   0.016  210.97  265.11 1.475    202.62     23.55 99.999 99.999 99.999 13.372 13.417 99.999 99.999 99.999  0.260 99.999 99.999 99.999 99.999  99.999  99.999  99.999  99.999  0.055  0.055  0.015  0.012  0.044  0.035   12   11 99.999 99.999   99  19.891260076 -20.382908520 25 31 38.32 1996  7 16 2450281.56363796     3  filtro desconhecido   16079631.net.fits                                  Triton                 379   571
   0.073  -0.030  210.79  263.83 1.621    212.16     12.70 99.999 99.999 99.999 13.325 13.272 99.999 99.999 99.999  0.190 99.999 99.999 99.999 99.999  99.999  99.999  99.999  99.999  0.042  0.042  0.027  0.015  0.071  0.039   12   12 99.999 99.999   99  19.891259185 -20.382923437 25 32 33.32 1996  7 16 2450281.56427454     3  filtro desconhecido   16079632.net.fits                                  Triton                 379   571
   0.018   0.160  200.29  218.48 1.472    227.18     10.78 99.999 99.999 99.999 13.186 13.255 99.999 99.999 99.999  0.310 99.999 99.999 99.999 99.999  99.999  99.999  99.999  99.999  0.018  0.018  0.035  0.019  0.096  0.052   12    8 99.999 99.999   99  19.889705350 -20.387865630 25 31  6.31 1996  7 17 2450282.56326748     3  filtro desconhecido   17079640.net.fits                                  Triton                 379   561
  -0.251   0.222  199.99  216.70 2.617     67.23      8.93 99.999 99.999 99.999 13.487 13.528 99.999 99.999 99.999  0.117 99.999 99.999 99.999 99.999  99.999  99.999  99.999  99.999  0.080  0.080  0.028  0.011  0.049  0.019   10    5 99.999 99.999   99  19.889698312 -20.387855757 25 32 39.35 1996  7 17 2450282.56434433     3  filtro desconhecido   17079642.net.fits                                  Triton                 379   561
  -0.033   0.152  196.26  214.26 1.337    241.91     23.40 99.999 99.999 99.999 13.178 13.347 99.999 99.999 99.999  0.233 99.999 99.999 99.999 99.999  99.999  99.999  99.999  99.999  0.021  0.021  0.018  0.018  0.048  0.046   13    8 99.999 99.999   99  19.889700735 -20.387883692 25 34 21.35 1996  7 17 2450282.56552488     3  filtro desconhecido   17079648.net.fits                                  Triton                 379   561
   0.022  -0.080  210.02  262.58 1.449    210.14     17.67 99.999 99.999 99.999 13.253 13.384 99.999 99.999 99.999  0.223 99.999 99.999 99.999 99.999  99.999  99.999  99.999  99.999  0.022  0.022  0.021  0.026  0.052  0.062    9    7 99.999 99.999   99  19.889638488 -20.388225979 26 30 58.32 1996  7 17 2450282.60484167     3  filtro desconhecido   17079660.net.fits                                  Triton                 379   561
   0.067  -0.081  210.60  260.63 1.696    177.94     10.88 99.999 99.999 99.999 13.139 13.390 99.999 99.999 99.999  0.272 99.999 99.999 99.999 99.999  99.999  99.999  99.999  99.999  0.024  0.024  0.016  0.018  0.042  0.048   12    8 99.999 99.999   99  19.889637386 -20.388235410 26 32 44.38 1996  7 17 2450282.60606921     3  filtro desconhecido   17079665.net.fits                                  Triton                 379   561
   0.049  -0.130  207.16  258.63 1.767    144.02     13.48 99.999 99.999 99.999 13.250 13.344 99.999 99.999 99.999  0.252 99.999 99.999 99.999 99.999  99.999  99.999  99.999  99.999  0.025  0.025  0.032  0.021  0.080  0.053   11    9 99.999 99.999   99  19.889635438 -20.388255839 26 34  9.30 1996  7 17 2450282.60705208     3  filtro desconhecido   17079670.net.fits                                  Triton                 379   561
  -0.043   0.082  204.26  254.10 1.781    161.94      9.06 99.999 99.999 99.999 13.158 13.406 99.999 99.999 99.999  0.270 99.999 99.999 99.999 99.999  99.999  99.999  99.999  99.999  0.026  0.026  0.034  0.025  0.080  0.059   12    8 99.999 99.999   99  19.889630670 -20.388209753 26 36 46.33 1996  7 17 2450282.60886956     3  filtro desconhecido   17079673.net.fits                                  Triton                 379   561
  -0.026   0.129  204.56  254.04 1.574    186.11     16.15 99.999 99.999 99.999 13.217 13.436 99.999 99.999 99.999  0.212 99.999 99.999 99.999 99.999  99.999  99.999  99.999  99.999  0.028  0.028  0.027  0.030  0.076  0.084   13    9 99.999 99.999   99  19.889630712 -20.388198433 26 37  3.30 1996  7 17 2450282.60906597     3  filtro desconhecido   17079674.net.fits                                  Triton                 379   561
  -0.040   0.184  204.43  251.90 1.679    173.88     10.74 99.999 99.999 99.999 13.341 13.437 99.999 99.999 99.999  0.256 99.999 99.999 99.999 99.999  99.999  99.999  99.999  99.999  0.027  0.027  0.039  0.024  0.092  0.057   11    8 99.999 99.999   99  19.889629148 -20.388188719 26 38 12.36 1996  7 17 2450282.60986528     3  filtro desconhecido   17079678.net.fits                                  Triton                 379   561
   0.379  -0.126  242.02  293.35 1.357     71.37     14.63 99.999 99.999 99.999 13.258 13.179 99.999 99.999 99.999  0.177 99.999 99.999 99.999 99.999  99.999  99.999  99.999  99.999  0.016  0.016  0.000  0.000  0.000  0.000    3    3 99.999 99.999   99  19.887618210 -20.398039900  6 17  9.27 1996  7 19 2450283.76191285     3  filtro desconhecido   19079606.net.fits                                  Triton                 375   575
   0.096  -0.274  263.40  296.26 1.486     47.18     15.45 99.999 99.999 99.999 13.151 12.968 99.999 99.999 99.999  0.238 99.999 99.999 99.999 99.999  99.999  99.999  99.999  99.999  0.018  0.018  0.019  0.023  0.030  0.037    6    5 99.999 99.999   99  19.887605611 -20.398112787  6 22 15.32 1996  7 19 2450283.76545509     3  filtro desconhecido   19079623.net.fits                                  Triton                 375   575
   0.003   0.098  267.34  297.60 1.495     55.48     14.29 99.999 99.999 99.999 13.347 13.209 99.999 99.999 99.999  0.374 99.999 99.999 99.999 99.999  99.999  99.999  99.999  99.999  0.013  0.013  0.092  0.061  0.106  0.071    8    6 99.999 99.999   99  19.887602527 -20.398014901  6 23  9.36 1996  7 19 2450283.76608056     3  filtro desconhecido   19079626.net.fits                                  Triton                 375   575
  -0.050  -0.027  266.82  297.62 1.327     63.02     16.27 99.999 99.999 99.999 13.220 12.900 99.999 99.999 99.999  0.310 99.999 99.999 99.999 99.999  99.999  99.999  99.999  99.999  0.000  0.000  0.012  0.053  0.014  0.060    6    5 99.999 99.999   99  19.887601091 -20.398051493  6 23 27.32 1996  7 19 2450283.76628843     3  filtro desconhecido   19079627.net.fits                                  Triton                 375   575
  -0.300  -0.397  267.44  297.53 1.413     54.27     15.32 99.999 99.999 99.999 13.128 13.210 99.999 99.999 99.999  0.190 99.999 99.999 99.999 99.999  99.999  99.999  99.999  99.999  0.021  0.021  0.106  0.046  0.067  0.029    5    5 99.999 99.999   99  19.887595737 -20.398156056  6 23 45.39 1996  7 19 2450283.76649757     3  filtro desconhecido   19079628.net.fits                                  Triton                 375   575
  -0.033  -0.320  270.93  298.08 1.393     63.27     14.86 99.999 99.999 99.999 13.208 13.247 99.999 99.999 99.999  0.264 99.999 99.999 99.999 99.999  99.999  99.999  99.999  99.999  0.013  0.013  0.106  0.060  0.047  0.027    5    5 99.999 99.999   99  19.887600182 -20.398138373  6 24 21.26 1996  7 19 2450283.76691273     3  filtro desconhecido   19079630.net.fits                                  Triton                 375   575
  -0.026  -0.167  272.85  298.35 1.133     66.94     22.28 99.999 99.999 99.999 13.212 13.127 99.999 99.999 99.999  0.211 99.999 99.999 99.999 99.999  99.999  99.999  99.999  99.999  0.015  0.014  0.132  0.100  0.070  0.053    6    5 99.999 99.999   99  19.887599512 -20.398099760  6 24 57.35 1996  7 19 2450283.76733044     3  filtro desconhecido   19079632.net.fits                                  Triton                 375   575
   0.092  -0.301  275.33  298.49 1.518     54.35     14.56 99.999 99.999 99.999 13.124 13.286 99.999 99.999 99.999  0.288 99.999 99.999 99.999 99.999  99.999  99.999  99.999  99.999  0.017  0.017  0.046  0.059  0.049  0.063    6    6 99.999 99.999   99  19.887601438 -20.398138601  6 25 15.31 1996  7 19 2450283.76753831     3  filtro desconhecido   19079633.net.fits                                  Triton                 375   575
   0.073  -0.313  277.95  298.95 1.668     49.16     13.00 99.999 99.999 99.999 13.228 13.195 99.999 99.999 99.999  0.104 99.999 99.999 99.999 99.999  99.999  99.999  99.999  99.999  0.005  0.005  0.050  0.058  0.064  0.075    9    6 99.999 99.999   99  19.887600636 -20.398143950  6 25 33.32 1996  7 19 2450283.76774676     3  filtro desconhecido   19079634.net.fits                                  Triton                 375   575
  -0.022  -0.400  279.68  298.53 1.798     36.88     14.04 99.999 99.999 99.999 13.294 13.164 99.999 99.999 99.999  0.094 99.999 99.999 99.999 99.999  99.999  99.999  99.999  99.999  0.017  0.017  0.108  0.102  0.086  0.081    5    5 99.999 99.999   99  19.887598350 -20.398169925  6 25 51.28 1996  7 19 2450283.76795463     3  filtro desconhecido   19079635.net.fits                                  Triton                 375   575
   0.038  -0.427  279.80  298.86 1.618     47.45     13.92 99.999 99.999 99.999 13.303 13.204 99.999 99.999 99.999  0.255 99.999 99.999 99.999 99.999  99.999  99.999  99.999  99.999  0.014  0.014  0.132  0.076  0.061  0.035    5    4 99.999 99.999   99  19.887599106 -20.398179086  6 26  9.35 1996  7 19 2450283.76816377     3  filtro desconhecido   19079636.net.fits                                  Triton                 375   575
  -0.143  -0.115  281.36  299.64 1.703     45.80     13.29 99.999 99.999 99.999 13.384 13.239 99.999 99.999 99.999  0.135 99.999 99.999 99.999 99.999  99.999  99.999  99.999  99.999  0.014  0.014  0.089  0.037  0.085  0.035    6    6 99.999 99.999   99  19.887595123 -20.398094471  6 26 27.31 1996  7 19 2450283.76837164     3  filtro desconhecido   19079637.net.fits                                  Triton                 375   575
   0.155  -0.251  280.83  299.59 1.564     51.45     14.40 99.999 99.999 99.999 13.246 13.125 99.999 99.999 99.999  0.349 99.999 99.999 99.999 99.999  99.999  99.999  99.999  99.999  0.015  0.015  0.050  0.063  0.058  0.073    7    6 99.999 99.999   99  19.887600613 -20.398134096  6 26 45.28 1996  7 19 2450283.76857963     3  filtro desconhecido   19079638.net.fits                                  Triton                 375   575
   0.172  -0.059  283.73  300.30 1.514     50.73     14.88 99.999 99.999 99.999 13.347 13.212 99.999 99.999 99.999  0.186 99.999 99.999 99.999 99.999  99.999  99.999  99.999  99.999  0.023  0.023  0.021  0.078  0.016  0.060    5    5 99.999 99.999   99  19.887600124 -20.398084340  6 27 21.36 1996  7 19 2450283.76899722     3  filtro desconhecido   19079640.net.fits                                  Triton                 375   575
   0.465  -1.010  284.92  299.98 1.588     44.50     14.68 99.999 99.999 99.999 13.295 13.083 99.999 99.999 99.999  0.081 99.999 99.999 99.999 99.999  99.999  99.999  99.999  99.999  0.020  0.020  0.000  0.000  0.000  0.000    3    3 99.999 99.999   99  19.887605495 -20.398350527  6 27 39.27 1996  7 19 2450283.76920451     3  filtro desconhecido   19079641.net.fits                                  Triton                 375   575
   0.193  -0.070  286.05  300.53 1.395     54.75     16.49 99.999 99.999 99.999 13.341 13.179 99.999 99.999 99.999  0.180 99.999 99.999 99.999 99.999  99.999  99.999  99.999  99.999  0.012  0.012  0.058  0.018  0.045  0.014    6    6 99.999 99.999   99  19.887599293 -20.398093072  6 28 15.35 1996  7 19 2450283.76962211     3  filtro desconhecido   19079643.net.fits                                  Triton                 375   575
   0.203  -0.331  286.72  300.53 1.862     33.47     13.85 99.999 99.999 99.999 13.415 13.265 99.999 99.999 99.999  0.058 99.999 99.999 99.999 99.999  99.999  99.999  99.999  99.999  0.032  0.032  0.066  0.054  0.038  0.031    5    5 99.999 99.999   99  19.887599093 -20.398167571  6 28 33.31 1996  7 19 2450283.76982998     3  filtro desconhecido   19079644.net.fits                                  Triton                 375   575
   0.290  -0.407  292.66  301.67 1.759     36.81     14.21 99.999 99.999 99.999 13.195 13.068 99.999 99.999 99.999  0.211 99.999 99.999 99.999 99.999  99.999  99.999  99.999  99.999  0.021  0.021  0.075  0.044  0.059  0.035    6    5 99.999 99.999   99  19.887598761 -20.398197829  6 30  3.34 1996  7 19 2450283.77087199     3  filtro desconhecido   19079649.net.fits                                  Triton                 375   575
   0.220   0.182  294.92  301.44 1.538     44.83     15.75 99.999 99.999 99.999 13.449 13.340 99.999 99.999 99.999  0.022 99.999 99.999 99.999 99.999  99.999  99.999  99.999  99.999  0.020  0.020  0.224  0.324  0.056  0.081    4    4 99.999 99.999   99  19.887596965 -20.398036186  6 30 21.35 1996  7 19 2450283.77108044     3  filtro desconhecido   19079650.net.fits                                  Triton                 375   575
  -0.035   0.082  241.27  305.94 1.615     41.96     18.48 99.999 99.999 99.999 13.433 13.061 99.999 99.999 99.999  0.093 99.999 99.999 99.999 99.999  99.999  99.999  99.999  99.999  0.018  0.018  0.000  0.000  0.000  0.000    3    3 99.999 99.999   99  19.887581679 -20.398110127  6 37 49.32 1996  7 19 2450283.77626528     3  filtro desconhecido   19079659.net.fits                                  Triton                 375   575
  -0.095  -0.117  243.72  307.06 1.683     42.34     15.89 99.999 99.999 99.999 13.433 13.146 99.999 99.999 99.999  0.196 99.999 99.999 99.999 99.999  99.999  99.999  99.999  99.999  0.012  0.012  0.000  0.000  0.000  0.000    3    3 99.999 99.999   99  19.887578814 -20.398172605  6 39  1.33 1996  7 19 2450283.77709873     3  filtro desconhecido   19079663.net.fits                                  Triton                 375   575
   0.232  -0.040  246.40  307.04 1.573     48.72     16.99 99.999 99.999 99.999 13.447 13.530 99.999 99.999 99.999  0.177 99.999 99.999 99.999 99.999  99.999  99.999  99.999  99.999  0.017  0.017  0.056  0.080  0.063  0.090    6    5 99.999 99.999   99  19.887584471 -20.398155000  6 39 37.31 1996  7 19 2450283.77751516     3  filtro desconhecido   19079665.net.fits                                  Triton                 375   575
  -0.032  -0.039  248.67  307.74 1.498     44.91     17.13 99.999 99.999 99.999 13.487 13.331 99.999 99.999 99.999  0.119 99.999 99.999 99.999 99.999  99.999  99.999  99.999  99.999  0.028  0.028  0.034  0.033  0.058  0.056    6    5 99.999 99.999   99  19.887578845 -20.398156495  6 39 55.27 1996  7 19 2450283.77772303     3  filtro desconhecido   19079666.net.fits                                  Triton                 375   575
  -0.015  -0.195  250.40  306.98 1.444     57.78     15.04 99.999 99.999 99.999 13.410 13.208 99.999 99.999 99.999  0.187 99.999 99.999 99.999 99.999  99.999  99.999  99.999  99.999  0.013  0.013  0.014  0.000  0.025  0.000    5    4 99.999 99.999   99  19.887578751 -20.398201565  6 40 13.34 1996  7 19 2450283.77793218     3  filtro desconhecido   19079667.net.fits                                  Triton                 375   575
   0.044  -0.200  253.37  307.69 1.623     48.43     14.00 99.999 99.999 99.999 13.183 13.168 99.999 99.999 99.999  0.714 99.999 99.999 99.999 99.999  99.999  99.999  99.999  99.999  0.015  0.015  0.000  0.000  0.000  0.000    4    3 99.999 99.999   99  19.887579502 -20.398204602  6 40 31.30 1996  7 19 2450283.77814005     3  filtro desconhecido   19079668.net.fits                                  Triton                 375   575
   0.049   0.054  178.09  284.59 1.185     99.06      2.36 99.999 99.999 99.999 13.442 13.543 99.999 99.999 99.999  0.192 99.999 99.999 99.999 99.999  99.999  99.999  99.999  99.999  0.036  0.036  0.010  0.013  0.036  0.046   14   13 99.999 99.999   99  19.878319154 -20.420299007 26 54  0.36 1996  7 23 2450288.62083750     3  filtro desconhecido   23079604.net.fits                                  Triton                 375   575
  -0.010  -0.022  169.43  285.77 1.596     56.94      2.34 99.999 99.999 99.999 13.500 13.591 99.999 99.999 99.999  0.116 99.999 99.999 99.999 99.999  99.999  99.999  99.999  99.999  0.020  0.020  0.016  0.019  0.053  0.062   16   13 99.999 99.999   99  19.878296081 -20.420421482  3 13 19.40 1996  7 24 2450288.63425231     3  filtro desconhecido   24079613.net.fits                                  Triton                 375   575
  -0.019  -0.010  169.43  284.83 1.176     88.64      5.94 99.999 99.999 99.999 13.462 13.684 99.999 99.999 99.999  0.110 99.999 99.999 99.999 99.999  99.999  99.999  99.999  99.999  0.036  0.036  0.015  0.014  0.051  0.048   14   13 99.999 99.999   99  19.878295265 -20.420420907  3 13 53.40 1996  7 24 2450288.63464583     3  filtro desconhecido   24079615.net.fits                                  Triton                 375   575
  -0.010  -0.004  169.84  284.68 1.274     85.23      2.74 99.999 99.999 99.999 13.469 13.624 99.999 99.999 99.999  0.105 99.999 99.999 99.999 99.999  99.999  99.999  99.999  99.999  0.002  0.002  0.017  0.017  0.044  0.045    9    8 99.999 99.999   99  19.878295104 -20.420420868  3 14 10.31 1996  7 24 2450288.63484155     3  filtro desconhecido   24079616.net.fits                                  Triton                 375   575
  -0.009   0.014  171.23  283.10 1.321     75.71      4.51 99.999 99.999 99.999 13.417 13.518 99.999 99.999 99.999  0.138 99.999 99.999 99.999 99.999  99.999  99.999  99.999  99.999  0.031  0.031  0.017  0.015  0.058  0.052   15   14 99.999 99.999   99  19.878293848 -20.420421752  3 15 18.31 1996  7 24 2450288.63562859     3  filtro desconhecido   24079620.net.fits                                  Triton                 375   575
   0.003  -0.025  200.62  292.09 1.221     83.97      6.16 99.999 99.999 99.999 13.550 13.569 99.999 99.999 99.999  0.150 99.999 99.999 99.999 99.999  99.999  99.999  99.999  99.999  0.030  0.030  0.013  0.016  0.044  0.055   13   12 99.999 99.999   99  19.878251731 -20.420628579  3 52 30.32 1996  7 24 2450288.66146204     3  filtro desconhecido   24079625.net.fits                                  Triton                 375   575
  -0.016  -0.028  198.26  289.75 1.220     89.12      5.64 99.999 99.999 99.999 13.404 13.574 99.999 99.999 99.999  0.129 99.999 99.999 99.999 99.999  99.999  99.999  99.999  99.999  0.022  0.022  0.018  0.007  0.061  0.022   15   12 99.999 99.999   99  19.878249404 -20.420638716  3 54 12.37 1996  7 24 2450288.66264317     3  filtro desconhecido   24079631.net.fits                                  Triton                 375   575
   0.057  -0.077  200.22  289.17 1.292     80.55      5.40 99.999 99.999 99.999 13.379 13.479 99.999 99.999 99.999  0.139 99.999 99.999 99.999 99.999  99.999  99.999  99.999  99.999  0.021  0.021  0.012  0.019  0.038  0.064   13   11 99.999 99.999   99  19.878250205 -20.420655285  3 54 46.37 1996  7 24 2450288.66303669     3  filtro desconhecido   24079633.net.fits                                  Triton                 375   575
   0.071  -0.009  200.82  288.37 1.245     62.00      9.89 99.999 99.999 99.999 13.491 13.664 99.999 99.999 99.999  0.163 99.999 99.999 99.999 99.999  99.999  99.999  99.999  99.999  0.022  0.022  0.019  0.018  0.062  0.058   12   11 99.999 99.999   99  19.878249514 -20.420640816  3 55 37.39 1996  7 24 2450288.66362720     3  filtro desconhecido   24079636.net.fits                                  Triton                 375   575
   0.131  -0.163  169.46  251.69 2.115     24.05     30.62 99.999 99.999 99.999 13.364 13.569 99.999 99.999 99.999  0.046 99.999 99.999 99.999 99.999  99.999  99.999  99.999  99.999  0.023  0.023  0.070  0.062  0.079  0.070    7    6 99.999 99.999   99  19.867255681 -20.451594141 25 34 15.37 1996  7 29 2450294.56545567     3  filtro desconhecido   29079601.net.fits                                  Triton                 375   575
  -0.128  -0.063  169.91  249.60 2.312     18.52     30.12 99.999 99.999 99.999 13.529 13.829 99.999 99.999 99.999  0.140 99.999 99.999 99.999 99.999  99.999  99.999  99.999  99.999  0.032  0.032  0.026  0.064  0.037  0.091    5    5 99.999 99.999   99  19.867248339 -20.451577156 25 36 14.39 1996  7 29 2450294.56683322     3  filtro desconhecido   29079602.net.fits                                  Triton                 375   575
  -0.063   0.057  168.18  247.73 1.514     35.70     31.73 99.999 99.999 99.999 13.503 13.516 99.999 99.999 99.999  0.129 99.999 99.999 99.999 99.999  99.999  99.999  99.999  99.999  0.021  0.021  0.019  0.023  0.038  0.046   11    9 99.999 99.999   99  19.867248346 -20.451549765 25 37 22.39 1996  7 29 2450294.56762025     3  filtro desconhecido   29079606.net.fits                                  Triton                 375   575
  -0.051  -0.141  165.25  246.15 1.893     27.11     31.56 99.999 99.999 99.999 13.542 13.524 99.999 99.999 99.999  0.295 99.999 99.999 99.999 99.999  99.999  99.999  99.999  99.999  0.023  0.023  0.010  0.030  0.026  0.074   10    9 99.999 99.999   99  19.867247939 -20.451607789 25 37 56.39 1996  7 29 2450294.56801377     3  filtro desconhecido   29079608.net.fits                                  Triton                 375   575
  -0.094   0.065  165.16  234.15 1.980     21.52     29.77 99.999 99.999 99.999 13.431 13.517 99.999 99.999 99.999  0.274 99.999 99.999 99.999 99.999  99.999  99.999  99.999  99.999  0.030  0.030  0.037  0.035  0.088  0.082   11    8 99.999 99.999   99  19.867245813 -20.451556698 25 39  4.33 1996  7 29 2450294.56880012     3  filtro desconhecido   29079612.net.fits                                  Triton                 375   575
  -0.009   0.079  164.83  233.65 1.885     28.18     30.90 99.999 99.999 99.999 13.399 13.394 99.999 99.999 99.999  0.356 99.999 99.999 99.999 99.999  99.999  99.999  99.999  99.999  0.023  0.023  0.008  0.027  0.016  0.054   11    9 99.999 99.999   99  19.867246546 -20.451557438 25 39 55.41 1996  7 29 2450294.56939132     3  filtro desconhecido   29079615.net.fits                                  Triton                 375   575
  -0.132   0.047  166.35  233.22 2.160     19.11     30.72 99.999 99.999 99.999 13.411 13.474 99.999 99.999 99.999  0.355 99.999 99.999 99.999 99.999  99.999  99.999  99.999  99.999  0.032  0.033  0.030  0.033  0.061  0.067   11    7 99.999 99.999   99  19.867243817 -20.451567716 25 40 12.33 1996  7 29 2450294.56958715     3  filtro desconhecido   29079616.net.fits                                  Triton                 375   575
   0.107  -0.030  162.02  230.13 2.291     24.72     29.24 99.999 99.999 99.999 13.417 13.431 99.999 99.999 99.999  0.383 99.999 99.999 99.999 99.999  99.999  99.999  99.999  99.999  0.024  0.024  0.047  0.043  0.085  0.076   10    7 99.999 99.999   99  19.867246610 -20.451598198 25 41 54.38 1996  7 29 2450294.57076829     3  filtro desconhecido   29079622.net.fits                                  Triton                 375   575
   0.195  -0.144  161.50  229.76 2.443     20.21     29.21 99.999 99.999 99.999 13.387 13.560 99.999 99.999 99.999  0.447 99.999 99.999 99.999 99.999  99.999  99.999  99.999  99.999  0.032  0.032  0.040  0.054  0.072  0.097   10    8 99.999 99.999   99  19.867248018 -20.451631515 25 42 11.35 1996  7 29 2450294.57096470     3  filtro desconhecido   29079623.net.fits                                  Triton                 375   575
   0.052  -0.137  159.25  229.42 2.619     18.66     29.39 99.999 99.999 99.999 13.582 13.606 99.999 99.999 99.999  0.576 99.999 99.999 99.999 99.999  99.999  99.999  99.999  99.999  0.037  0.037  0.042  0.046  0.074  0.082    9    7 99.999 99.999   99  19.867244580 -20.451632531 25 42 45.41 1996  7 29 2450294.57135891     3  filtro desconhecido   29079625.net.fits                                  Triton                 375   575
   0.223   0.070  159.18  229.18 2.428     17.53     29.99 99.999 99.999 99.999 13.347 13.515 99.999 99.999 99.999  0.387 99.999 99.999 99.999 99.999  99.999  99.999  99.999  99.999  0.033  0.033  0.018  0.028  0.040  0.063    8    7 99.999 99.999   99  19.867247638 -20.451576610 25 43  2.33 1996  7 29 2450294.57155475     3  filtro desconhecido   29079626.net.fits                                  Triton                 375   575
   0.132   0.283  159.87  230.03 3.327     11.01     29.49 99.999 99.999 99.999 13.380 13.715 99.999 99.999 99.999  0.343 99.999 99.999 99.999 99.999  99.999  99.999  99.999  99.999  0.048  0.048  0.031  0.101  0.023  0.076    7    5 99.999 99.999   99  19.867245188 -20.451520228 25 43 36.38 1996  7 29 2450294.57194884     3  filtro desconhecido   29079628.net.fits                                  Triton                 375   575
  -0.127   0.027  161.96  226.21 2.217     19.65     30.94 99.999 99.999 99.999 13.446 13.447 99.999 99.999 99.999  0.550 99.999 99.999 99.999 99.999  99.999  99.999  99.999  99.999  0.033  0.033  0.042  0.031  0.076  0.055    7    7 99.999 99.999   99  19.867239426 -20.451594306 25 44 10.32 1996  7 29 2450294.57234167     3  filtro desconhecido   29079630.net.fits                                  Triton                 375   575
   0.135  -0.045  161.56  227.77 2.630     11.40     30.18 99.999 99.999 99.999 13.619 13.647 99.999 99.999 99.999  0.360 99.999 99.999 99.999 99.999  99.999  99.999  99.999  99.999  0.043  0.043  0.034  0.029  0.067  0.057    7    5 99.999 99.999   99  19.867243978 -20.451617470 25 44 44.38 1996  7 29 2450294.57273588     3  filtro desconhecido   29079632.net.fits                                  Triton                 375   575
  -0.076  -0.191  159.75  225.40 3.288     13.85     28.15 99.999 99.999 99.999 13.368 13.598 99.999 99.999 99.999  0.395 99.999 99.999 99.999 99.999  99.999  99.999  99.999  99.999  0.042  0.041  0.033  0.005  0.063  0.010    8    6 99.999 99.999   99  19.867239490 -20.451659765 25 45  1.35 1996  7 29 2450294.57293229     3  filtro desconhecido   29079633.net.fits                                  Triton                 375   575
   0.110   0.138  158.16  224.78 3.309     12.62     28.55 99.999 99.999 99.999 13.369 13.387 99.999 99.999 99.999  0.609 99.999 99.999 99.999 99.999  99.999  99.999  99.999  99.999  0.012  0.012  0.037  0.030  0.056  0.045    7    6 99.999 99.999   99  19.867242865 -20.451569746 25 45 18.32 1996  7 29 2450294.57312870     3  filtro desconhecido   29079634.net.fits                                  Triton                 375   575
   0.129  -0.072  153.08  253.66 1.828     28.83     31.45 99.999 99.999 99.999 13.554 13.496 99.999 99.999 99.999  0.313 99.999 99.999 99.999 99.999  99.999  99.999  99.999  99.999  0.023  0.023  0.020  0.035  0.041  0.071   11    9 99.999 99.999   99  19.867241330 -20.451637347 25 47  0.37 1996  7 29 2450294.57430984     3  filtro desconhecido   29079640.net.fits                                  Triton                 375   575
   0.181   0.053  151.70  235.09 2.323     17.53     30.15 99.999 99.999 99.999 13.393 13.374 99.999 99.999 99.999  0.389 99.999 99.999 99.999 99.999  99.999  99.999  99.999  99.999  0.040  0.040  0.030  0.030  0.054  0.054   10    6 99.999 99.999   99  19.867241714 -20.451605607 25 47 34.32 1996  7 29 2450294.57470278     3  filtro desconhecido   29079642.net.fits                                  Triton                 375   575
   0.399  -0.347  150.69  233.51 3.375     11.59     28.80 99.999 99.999 99.999 13.364 13.579 99.999 99.999 99.999  0.112 99.999 99.999 99.999 99.999  99.999  99.999  99.999  99.999  0.037  0.037  0.019  0.051  0.018  0.046    6    4 99.999 99.999   99  19.867244748 -20.451722757 25 48 42.37 1996  7 29 2450294.57549039     3  filtro desconhecido   29079646.net.fits                                  Triton                 375   575
  -0.004   0.159  150.43  233.74 2.615     18.60     28.36 99.999 99.999 99.999 13.436 13.518 99.999 99.999 99.999  0.461 99.999 99.999 99.999 99.999  99.999  99.999  99.999  99.999  0.031  0.031  0.041  0.029  0.082  0.057   10    6 99.999 99.999   99  19.867236486 -20.451583510 25 48 59.34 1996  7 29 2450294.57568681     3  filtro desconhecido   29079647.net.fits                                  Triton                 375   575
