   0.102  -0.133 1015.21 1036.26 1.573   7807.47    609.18 99.999 99.999 99.999 13.228 12.914 99.999 99.999 99.999  0.104 99.999 99.999 99.999 99.999  99.999  99.999  99.999  99.999  0.009  0.009  0.013  0.014  0.051  0.053   27   24 99.999 99.999   99  21.971890109 -12.901581759  3 57 22.00 2010  8 18 2455426.66483796    30    Clear               tritao_03.57.39_0001.fits                          Triton                2048  2048
   0.106  -0.135 1016.36 1037.30 1.556   7807.73    634.67 99.999 99.999 99.999 13.192 12.858 99.999 99.999 99.999  0.100 99.999 99.999 99.999 99.999  99.999  99.999  99.999  99.999  0.009  0.009  0.013  0.014  0.049  0.054   27   24 99.999 99.999   99  21.971889374 -12.901587232  3 57 56.00 2010  8 18 2455426.66523148    30    Clear               tritao_03.58.13_0002.fits                          Triton                2048  2048
   0.108  -0.150 1019.11 1037.96 1.810   6131.52    480.39 99.999 99.999 99.999 13.211 12.969 99.999 99.999 99.999  0.096 99.999 99.999 99.999 99.999  99.999  99.999  99.999  99.999  0.011  0.011  0.013  0.015  0.049  0.055   27   24 99.999 99.999   99  21.971888615 -12.901596237  3 58 29.00 2010  8 18 2455426.66561343    30    Clear               tritao_03.58.46_0003.fits                          Triton                2048  2048
   0.112  -0.118 1021.91 1038.77 1.805   6524.94    393.71 99.999 99.999 99.999 13.197 12.926 99.999 99.999 99.999  0.098 99.999 99.999 99.999 99.999  99.999  99.999  99.999  99.999  0.013  0.013  0.013  0.015  0.049  0.058   27   24 99.999 99.999   99  21.971887901 -12.901591874  3 59  2.00 2010  8 18 2455426.66599537    30    Clear               tritao_03.59.20_0004.fits                          Triton                2048  2048
   0.103  -0.133 1020.41 1042.12 1.631   7153.04    601.30 99.999 99.999 99.999 13.195 12.886 99.999 99.999 99.999  0.120 99.999 99.999 99.999 99.999  99.999  99.999  99.999  99.999  0.014  0.014  0.014  0.015  0.051  0.055   27   24 99.999 99.999   99  21.971885348 -12.901610937  4  0 43.00 2010  8 18 2455426.66716435    30    Clear               tritao_04.01.00_0007.fits                          Triton                2048  2048
   0.106  -0.110 1021.11 1042.65 1.761   6727.20    464.15 99.999 99.999 99.999 13.227 12.879 99.999 99.999 99.999  0.140 99.999 99.999 99.999 99.999  99.999  99.999  99.999  99.999  0.010  0.010  0.012  0.014  0.047  0.054   28   24 99.999 99.999   99  21.971884606 -12.901609313  4  1 16.00 2010  8 18 2455426.66754630    30    Clear               tritao_04.01.33_0008.fits                          Triton                2048  2048
   0.110  -0.127 1023.23 1043.51 1.650   6923.03    606.90 99.999 99.999 99.999 13.194 12.850 99.999 99.999 99.999  0.103 99.999 99.999 99.999 99.999  99.999  99.999  99.999  99.999  0.010  0.010  0.013  0.014  0.050  0.054   27   24 99.999 99.999   99  21.971883889 -12.901618808  4  1 49.00 2010  8 18 2455426.66792824    30    Clear               tritao_04.02.07_0009.fits                          Triton                2048  2048
   0.108  -0.145 1032.75 1050.38 1.621   6755.79    679.26 99.999 99.999 99.999 13.202 12.941 99.999 99.999 99.999  0.110 99.999 99.999 99.999 99.999  99.999  99.999  99.999  99.999  0.012  0.012  0.016  0.018  0.052  0.056   26   23 99.999 99.999   99  21.971878301 -12.901657964  4  5 43.00 2010  8 18 2455426.67063657    30    Clear               tritao_04.06.00_0016.fits                          Triton                2048  2048
   0.117  -0.124 1036.43 1052.81 1.664   6797.43    573.53 99.999 99.999 99.999 13.202 12.898 99.999 99.999 99.999  0.096 99.999 99.999 99.999 99.999  99.999  99.999  99.999  99.999  0.007  0.007  0.012  0.014  0.049  0.058   28   25 99.999 99.999   99  21.971876864 -12.901661938  4  6 50.00 2010  8 18 2455426.67141204    30    Clear               tritao_04.07.07_0018.fits                          Triton                2048  2048
   0.108  -0.132 1037.93 1053.46 1.766   6252.97    524.26 99.999 99.999 99.999 13.188 12.929 99.999 99.999 99.999  0.099 99.999 99.999 99.999 99.999  99.999  99.999  99.999  99.999  0.011  0.011  0.012  0.014  0.046  0.052   27   24 99.999 99.999   99  21.971875914 -12.901668861  4  7 23.00 2010  8 18 2455426.67179398    30    Clear               tritao_04.07.40_0019.fits                          Triton                2048  2048
   0.105  -0.142 1039.11 1054.48 1.648   6734.77    625.23 99.999 99.999 99.999 13.194 12.892 99.999 99.999 99.999  0.100 99.999 99.999 99.999 99.999  99.999  99.999  99.999  99.999  0.008  0.008  0.013  0.013  0.053  0.053   28   25 99.999 99.999   99  21.971875049 -12.901676712  4  7 57.00 2010  8 18 2455426.67218750    30    Clear               tritao_04.08.14_0020.fits                          Triton                2048  2048
   0.092  -0.142 1044.24 1059.02 1.801   6106.20    483.40 99.999 99.999 99.999 13.227 12.899 99.999 99.999 99.999  0.100 99.999 99.999 99.999 99.999  99.999  99.999  99.999  99.999  0.008  0.008  0.011  0.012  0.049  0.053   29   26 99.999 99.999   99  21.971871635 -12.901695867  4 10 10.00 2010  8 18 2455426.67372685    30    Clear               tritao_04.10.27_0024.fits                          Triton                2048  2048
   0.111  -0.117 1041.78 1059.89 1.807   5744.43    546.44 99.999 99.999 99.999 13.203 12.928 99.999 99.999 99.999  0.103 99.999 99.999 99.999 99.999  99.999  99.999  99.999  99.999  0.012  0.012  0.013  0.013  0.049  0.049   27   24 99.999 99.999   99  21.971871211 -12.901693792  4 10 43.00 2010  8 18 2455426.67410880    30    Clear               tritao_04.11.01_0025.fits                          Triton                2048  2048
   0.104  -0.115 1042.61 1060.81 1.944   5155.62    455.52 99.999 99.999 99.999 13.202 12.913 99.999 99.999 99.999  0.265 99.999 99.999 99.999 99.999  99.999  99.999  99.999  99.999  0.016  0.016  0.014  0.013  0.058  0.053   29   25 99.999 99.999   99  21.971870280 -12.901698029  4 11 17.00 2010  8 18 2455426.67450231    30    Clear               tritao_04.11.34_0026.fits                          Triton                2048  2048
   0.113  -0.141 1047.37 1062.54 1.726   6376.43    550.59 99.999 99.999 99.999 13.235 12.924 99.999 99.999 99.999  0.103 99.999 99.999 99.999 99.999  99.999  99.999  99.999  99.999  0.009  0.009  0.013  0.014  0.050  0.053   27   24 99.999 99.999   99  21.971868836 -12.901714987  4 12 24.00 2010  8 18 2455426.67527778    30    Clear               tritao_04.12.41_0028.fits                          Triton                2048  2048
   0.108  -0.129 1048.20 1063.66 1.864   5523.06    498.72 99.999 99.999 99.999 13.231 12.951 99.999 99.999 99.999  0.102 99.999 99.999 99.999 99.999  99.999  99.999  99.999  99.999  0.009  0.009  0.014  0.014  0.051  0.054   27   24 99.999 99.999   99  21.971867976 -12.901716740  4 12 57.00 2010  8 18 2455426.67565972    30    Clear               tritao_04.13.14_0029.fits                          Triton                2048  2048
   0.102  -0.126 1053.63 1066.47 1.873   5452.29    496.36 99.999 99.999 99.999 13.214 12.924 99.999 99.999 99.999  0.107 99.999 99.999 99.999 99.999  99.999  99.999  99.999  99.999  0.012  0.012  0.016  0.017  0.052  0.054   26   23 99.999 99.999   99  21.971865474 -12.901730255  4 14 37.00 2010  8 18 2455426.67681713    30    Clear               tritao_04.14.54_0032.fits                          Triton                2048  2048
   0.114  -0.145 1053.02 1067.24 1.807   6081.87    477.16 99.999 99.999 99.999 13.217 12.927 99.999 99.999 99.999  0.119 99.999 99.999 99.999 99.999  99.999  99.999  99.999  99.999  0.013  0.013  0.011  0.012  0.051  0.054   29   26 99.999 99.999   99  21.971864879 -12.901740565  4 15 11.00 2010  8 18 2455426.67721065    30    Clear               tritao_04.15.28_0033.fits                          Triton                2048  2048
   0.093  -0.133 1050.35 1068.17 1.680   6243.55    659.98 99.999 99.999 99.999 13.214 12.931 99.999 99.999 99.999  0.103 99.999 99.999 99.999 99.999  99.999  99.999  99.999  99.999  0.011  0.011  0.012  0.013  0.049  0.054   28   25 99.999 99.999   99  21.971863703 -12.901742019  4 15 44.00 2010  8 18 2455426.67759259    30    Clear               tritao_04.16.01_0034.fits                          Triton                2048  2048
   0.105  -0.127 1054.66 1070.84 1.815   6045.63    452.52 99.999 99.999 99.999 13.230 12.956 99.999 99.999 99.999  0.105 99.999 99.999 99.999 99.999  99.999  99.999  99.999  99.999  0.008  0.008  0.012  0.013  0.051  0.054   28   25 99.999 99.999   99  21.971862355 -12.901750019  4 16 51.00 2010  8 18 2455426.67836806    30    Clear               tritao_04.17.08_0036.fits                          Triton                2048  2048
   0.107  -0.147 1055.21 1071.92 1.756   6414.44    497.20 99.999 99.999 99.999 13.163 12.938 99.999 99.999 99.999  0.303 99.999 99.999 99.999 99.999  99.999  99.999  99.999  99.999  0.012  0.012  0.011  0.013  0.049  0.059   30   26 99.999 99.999   99  21.971861595 -12.901760141  4 17 24.00 2010  8 18 2455426.67875000    30    Clear               tritao_04.17.41_0037.fits                          Triton                2048  2048
   0.098  -0.126 1060.32 1073.21 1.861   5651.50    475.27 99.999 99.999 99.999 13.236 13.009 99.999 99.999 99.999  0.105 99.999 99.999 99.999 99.999  99.999  99.999  99.999  99.999  0.017  0.017  0.014  0.013  0.055  0.052   28   25 99.999 99.999   99  21.971859836 -12.901764201  4 18 31.00 2010  8 18 2455426.67952546    30    Clear               tritao_04.18.48_0039.fits                          Triton                2048  2048
   0.093  -0.141 1062.21 1074.84 1.646   6521.96    660.16 99.999 99.999 99.999 13.243 13.016 99.999 99.999 99.999  0.097 99.999 99.999 99.999 99.999  99.999  99.999  99.999  99.999  0.012  0.012  0.014  0.014  0.055  0.056   28   25 99.999 99.999   99  21.971858961 -12.901773422  4 19  4.00 2010  8 18 2455426.67990741    30    Clear               tritao_04.19.22_0040.fits                          Triton                2048  2048
   0.096  -0.133 1063.87 1079.76 1.813   5816.74    530.52 99.999 99.999 99.999 13.241 12.972 99.999 99.999 99.999  0.099 99.999 99.999 99.999 99.999  99.999  99.999  99.999  99.999  0.013  0.013  0.013  0.014  0.049  0.052   27   24 99.999 99.999   99  21.971855043 -12.901795377  4 21 51.00 2010  8 18 2455426.68184028    30    Clear               tritao_04.22.08_0045.fits                          Triton                2048  2048
   0.092  -0.137 1063.89 1080.76 1.581   6948.28    709.21 99.999 99.999 99.999 13.215 12.976 99.999 99.999 99.999  0.095 99.999 99.999 99.999 99.999  99.999  99.999  99.999  99.999  0.009  0.009  0.013  0.013  0.051  0.052   28   25 99.999 99.999   99  21.971854129 -12.901800983  4 22 25.00 2010  8 18 2455426.68223380    30    Clear               tritao_04.22.42_0046.fits                          Triton                2048  2048
   0.095  -0.135 1068.52 1083.07 2.022   6012.47    196.16 99.999 99.999 99.999 13.205 12.875 99.999 99.999 99.999  0.101 99.999 99.999 99.999 99.999  99.999  99.999  99.999  99.999  0.012  0.012  0.013  0.016  0.045  0.057   27   23 99.999 99.999   99  21.971852646 -12.901810371  4 23 31.00 2010  8 18 2455426.68299769    30    Clear               tritao_04.23.49_0048.fits                          Triton                2048  2048
   0.102  -0.100 1077.00 1111.17 1.702   1741.08    111.17 99.999 99.999 99.999 13.389 13.154 99.999 99.999 99.999  0.299 99.999 99.999 99.999 99.999  99.999  99.999  99.999  99.999  0.012  0.012  0.015  0.014  0.055  0.052   28   23 99.999 99.999   99  21.971831018 -12.901932803  4 38 44.50 2010  8 18 2455426.69357060    35    Clear               netuno_04.39.04_0003.fits                          Triton                2048  2048
   0.097  -0.102 1077.38 1111.72 1.609   1957.11    109.25 99.999 99.999 99.999 13.387 13.180 99.999 99.999 99.999  0.285 99.999 99.999 99.999 99.999  99.999  99.999  99.999  99.999  0.017  0.017  0.015  0.016  0.053  0.057   28   23 99.999 99.999   99  21.971830000 -12.901938985  4 39 22.50 2010  8 18 2455426.69401042    35    Clear               netuno_04.39.42_0004.fits                          Triton                2048  2048
   0.109  -0.096 1077.74 1113.05 1.559   2073.32    117.63 99.999 99.999 99.999 13.330 13.122 99.999 99.999 99.999  0.278 99.999 99.999 99.999 99.999  99.999  99.999  99.999  99.999  0.019  0.019  0.013  0.013  0.053  0.052   29   23 99.999 99.999   99  21.971829356 -12.901942518  4 40  0.50 2010  8 18 2455426.69445023    35    Clear               netuno_04.40.20_0005.fits                          Triton                2048  2048
   0.092  -0.093 1075.04 1114.21 1.602   1845.51    175.14 99.999 99.999 99.999 13.370 13.156 99.999 99.999 99.999  0.294 99.999 99.999 99.999 99.999  99.999  99.999  99.999  99.999  0.017  0.017  0.013  0.014  0.049  0.053   28   23 99.999 99.999   99  21.971828106 -12.901947162  4 40 38.50 2010  8 18 2455426.69489005    35    Clear               netuno_04.40.58_0006.fits                          Triton                2048  2048
   0.096  -0.106 1075.11 1115.84 1.975   1409.31     75.82 99.999 99.999 99.999 13.371 13.146 99.999 99.999 99.999  0.296 99.999 99.999 99.999 99.999  99.999  99.999  99.999  99.999  0.007  0.007  0.017  0.013  0.061  0.046   28   21 99.999 99.999   99  21.971827287 -12.901956501  4 41 16.50 2010  8 18 2455426.69532986    35    Clear               netuno_04.41.37_0007.fits                          Triton                2048  2048
   0.094  -0.079 1078.41 1117.05 2.560    972.28     22.62 99.999 99.999 99.999 13.360 13.146 99.999 99.999 99.999  0.218 99.999 99.999 99.999 99.999  99.999  99.999  99.999  99.999  0.013  0.013  0.013  0.013  0.054  0.053   27   22 99.999 99.999   99  21.971826317 -12.901954308  4 41 55.50 2010  8 18 2455426.69578125    35    Clear               netuno_04.42.15_0008.fits                          Triton                2048  2048
   0.111  -0.105 1078.53 1118.45 1.581   1859.67    137.97 99.999 99.999 99.999 13.373 13.154 99.999 99.999 99.999  0.293 99.999 99.999 99.999 99.999  99.999  99.999  99.999  99.999  0.014  0.014  0.014  0.014  0.051  0.051   28   22 99.999 99.999   99  21.971825752 -12.901967243  4 42 33.50 2010  8 18 2455426.69622106    35    Clear               netuno_04.42.53_0009.fits                          Triton                2048  2048
   0.101  -0.084 1080.11 1119.46 1.656   1797.48    118.01 99.999 99.999 99.999 13.399 13.184 99.999 99.999 99.999  0.284 99.999 99.999 99.999 99.999  99.999  99.999  99.999  99.999  0.013  0.013  0.016  0.013  0.057  0.046   28   22 99.999 99.999   99  21.971824639 -12.901966974  4 43 11.50 2010  8 18 2455426.69666088    35    Clear               netuno_04.43.31_0010.fits                          Triton                2048  2048
   0.115  -0.101 1083.28 1120.64 1.361   2563.22    180.35 99.999 99.999 99.999 13.367 13.203 99.999 99.999 99.999  0.276 99.999 99.999 99.999 99.999  99.999  99.999  99.999  99.999  0.014  0.014  0.014  0.014  0.056  0.055   29   24 99.999 99.999   99  21.971824023 -12.901976965  4 43 49.50 2010  8 18 2455426.69710069    35    Clear               netuno_04.44.10_0011.fits                          Triton                2048  2048
   0.114  -0.109 1082.58 1122.24 1.561   2205.57     96.03 99.999 99.999 99.999 13.359 13.220 99.999 99.999 99.999  0.288 99.999 99.999 99.999 99.999  99.999  99.999  99.999  99.999  0.018  0.018  0.015  0.013  0.059  0.051   29   23 99.999 99.999   99  21.971823077 -12.901984830  4 44 27.50 2010  8 18 2455426.69754051    35    Clear               netuno_04.44.48_0012.fits                          Triton                2048  2048
   0.100  -0.123 1081.84 1123.41 1.587   2110.18    104.77 99.999 99.999 99.999 13.342 13.170 99.999 99.999 99.999  0.281 99.999 99.999 99.999 99.999  99.999  99.999  99.999  99.999  0.012  0.012  0.013  0.012  0.058  0.053   30   25 99.999 99.999   99  21.971821894 -12.901994126  4 45  6.50 2010  8 18 2455426.69799190    35    Clear               netuno_04.45.26_0013.fits                          Triton                2048  2048
   0.104  -0.110 1082.49 1127.25 1.657   2070.96     69.48 99.999 99.999 99.999 13.369 13.180 99.999 99.999 99.999  0.288 99.999 99.999 99.999 99.999  99.999  99.999  99.999  99.999  0.013  0.013  0.015  0.015  0.053  0.054   28   23 99.999 99.999   99  21.971819246 -12.902007150  4 47  0.50 2010  8 18 2455426.69931134    35    Clear               netuno_04.47.21_0016.fits                          Triton                2048  2048
   0.113  -0.100 1082.20 1128.57 1.503   2420.07     91.50 99.999 99.999 99.999 13.348 13.087 99.999 99.999 99.999  0.286 99.999 99.999 99.999 99.999  99.999  99.999  99.999  99.999  0.020  0.020  0.014  0.013  0.052  0.047   28   23 99.999 99.999   99  21.971818483 -12.902010002  4 47 39.50 2010  8 18 2455426.69976273    35    Clear               netuno_04.47.59_0017.fits                          Triton                2048  2048
   0.102  -0.111 1084.21 1129.96 1.735   1909.75     70.84 99.999 99.999 99.999 13.373 13.171 99.999 99.999 99.999  0.294 99.999 99.999 99.999 99.999  99.999  99.999  99.999  99.999  0.008  0.008  0.015  0.014  0.054  0.050   28   23 99.999 99.999   99  21.971817390 -12.902018623  4 48 17.50 2010  8 18 2455426.70020255    35    Clear               netuno_04.48.37_0018.fits                          Triton                2048  2048
   0.113  -0.089 1081.68 1135.04 1.355   2119.59    257.71 99.999 99.999 99.999 13.346 13.124 99.999 99.999 99.999  0.289 99.999 99.999 99.999 99.999  99.999  99.999  99.999  99.999  0.019  0.019  0.015  0.013  0.059  0.050   29   23 99.999 99.999   99  21.971813945 -12.902034333  4 50 50.50 2010  8 18 2455426.70197338    35    Clear               netuno_04.51.10_0022.fits                          Triton                2048  2048
   0.108  -0.106 1084.94 1137.42 1.380   2454.30    178.05 99.999 99.999 99.999 13.311 13.174 99.999 99.999 99.999  0.197 99.999 99.999 99.999 99.999  99.999  99.999  99.999  99.999  0.019  0.019  0.015  0.015  0.055  0.053   27   23 99.999 99.999   99  21.971812047 -12.902050078  4 52  6.50 2010  8 18 2455426.70285301    35    Clear               netuno_04.52.26_0024.fits                          Triton                2048  2048
   0.105  -0.090 1085.03 1138.49 1.551   2227.18     98.59 99.999 99.999 99.999 13.284 13.204 99.999 99.999 99.999  0.190 99.999 99.999 99.999 99.999  99.999  99.999  99.999  99.999  0.015  0.015  0.015  0.015  0.056  0.057   26   23 99.999 99.999   99  21.971811073 -12.902051027  4 52 44.50 2010  8 18 2455426.70329282    35    Clear               netuno_04.53.05_0025.fits                          Triton                2048  2048
   0.114  -0.096 1087.98 1139.63 1.755   1883.33     66.82 99.999 99.999 99.999 13.349 13.123 99.999 99.999 99.999  0.288 99.999 99.999 99.999 99.999  99.999  99.999  99.999  99.999  0.011  0.011  0.014  0.012  0.051  0.045   27   22 99.999 99.999   99  21.971810335 -12.902058432  4 53 23.50 2010  8 18 2455426.70374421    35    Clear               netuno_04.53.43_0026.fits                          Triton                2048  2048
   0.101  -0.087 1089.65 1140.69 1.650   2023.52     91.29 99.999 99.999 99.999 13.345 13.137 99.999 99.999 99.999  0.272 99.999 99.999 99.999 99.999  99.999  99.999  99.999  99.999  0.026  0.026  0.015  0.014  0.055  0.051   26   22 99.999 99.999   99  21.971809168 -12.902061416  4 54  1.50 2010  8 18 2455426.70418403    35    Clear               netuno_04.54.21_0027.fits                          Triton                2048  2048
   0.110  -0.106 1089.14 1142.12 1.669   2099.45     63.99 99.999 99.999 99.999 13.293 13.231 99.999 99.999 99.999  0.184 99.999 99.999 99.999 99.999  99.999  99.999  99.999  99.999  0.022  0.022  0.013  0.013  0.051  0.052   27   23 99.999 99.999   99  21.971808416 -12.902072240  4 54 39.50 2010  8 18 2455426.70462384    35    Clear               netuno_04.54.59_0028.fits                          Triton                2048  2048
   0.104  -0.122 1087.19 1143.30 1.712   1833.49     99.08 99.999 99.999 99.999 13.261 13.123 99.999 99.999 99.999  0.190 99.999 99.999 99.999 99.999  99.999  99.999  99.999  99.999  0.026  0.026  0.013  0.014  0.057  0.058   28   24 99.999 99.999   99  21.971807423 -12.902082013  4 55 17.50 2010  8 18 2455426.70506366    35    Clear               netuno_04.55.37_0029.fits                          Triton                2048  2048
   0.096  -0.072 1087.06 1145.74 1.560   2089.78    114.30 99.999 99.999 99.999 13.307 13.211 99.999 99.999 99.999  0.183 99.999 99.999 99.999 99.999  99.999  99.999  99.999  99.999  0.014  0.014  0.016  0.013  0.057  0.045   26   22 99.999 99.999   99  21.971805434 -12.902079283  4 56 34.50 2010  8 18 2455426.70595486    35    Clear               netuno_04.56.54_0031.fits                          Triton                2048  2048
   0.091  -0.080 1088.65 1146.78 1.527   2215.54    115.10 99.999 99.999 99.999 13.350 13.142 99.999 99.999 99.999  0.279 99.999 99.999 99.999 99.999  99.999  99.999  99.999  99.999  0.023  0.023  0.015  0.013  0.055  0.047   26   21 99.999 99.999   99  21.971804427 -12.902086994  4 57 12.50 2010  8 18 2455426.70639468    35    Clear               netuno_04.57.32_0032.fits                          Triton                2048  2048
   0.099  -0.073 1088.28 1147.71 1.469   2237.28    143.06 99.999 99.999 99.999 13.319 13.136 99.999 99.999 99.999  0.282 99.999 99.999 99.999 99.999  99.999  99.999  99.999  99.999  0.018  0.018  0.014  0.011  0.049  0.039   27   21 99.999 99.999   99  21.971803693 -12.902090679  4 57 50.50 2010  8 18 2455426.70683449    35    Clear               netuno_04.58.10_0033.fits                          Triton                2048  2048
   0.116  -0.096 1091.39 1148.60 1.887   1683.63     44.01 99.999 99.999 99.999 13.318 13.179 99.999 99.999 99.999  0.185 99.999 99.999 99.999 99.999  99.999  99.999  99.999  99.999  0.014  0.014  0.017  0.014  0.060  0.051   26   22 99.999 99.999   99  21.971803091 -12.902102112  4 58 28.50 2010  8 18 2455426.70727431    35    Clear               netuno_04.58.49_0034.fits                          Triton                2048  2048
   0.111  -0.090 1091.64 1149.91 1.744   1841.59     65.12 99.999 99.999 99.999 13.358 13.147 99.999 99.999 99.999  0.283 99.999 99.999 99.999 99.999  99.999  99.999  99.999  99.999  0.016  0.016  0.016  0.012  0.057  0.042   27   22 99.999 99.999   99  21.971802072 -12.902106236  4 59  6.50 2010  8 18 2455426.70771412    35    Clear               netuno_04.59.27_0035.fits                          Triton                2048  2048
   0.094  -0.089 1091.46 1151.14 1.591   2056.97    104.80 99.999 99.999 99.999 13.343 13.169 99.999 99.999 99.999  0.275 99.999 99.999 99.999 99.999  99.999  99.999  99.999  99.999  0.018  0.018  0.016  0.016  0.057  0.058   27   23 99.999 99.999   99  21.971800843 -12.902111355  4 59 45.50 2010  8 18 2455426.70816551    35    Clear               netuno_05.00.05_0036.fits                          Triton                2048  2048
   0.094  -0.089 1089.15 1152.66 1.711   1825.06     96.78 99.999 99.999 99.999 13.295 13.168 99.999 99.999 99.999  0.180 99.999 99.999 99.999 99.999  99.999  99.999  99.999  99.999  0.021  0.021  0.016  0.011  0.056  0.040   26   21 99.999 99.999   99  21.971799924 -12.902116917  5  0 23.50 2010  8 18 2455426.70860532    35    Clear               netuno_05.00.43_0037.fits                          Triton                2048  2048
   0.112  -0.097 1086.89 1153.76 1.525   2206.06    131.74 99.999 99.999 99.999 13.295 13.163 99.999 99.999 99.999  0.197 99.999 99.999 99.999 99.999  99.999  99.999  99.999  99.999  0.019  0.019  0.018  0.020  0.057  0.062   25   22 99.999 99.999   99  21.971799387 -12.902124700  5  1  1.50 2010  8 18 2455426.70904514    35    Clear               netuno_05.01.21_0038.fits                          Triton                2048  2048
   0.109  -0.082 1089.45 1155.29 1.609   2103.11     94.77 99.999 99.999 99.999 13.332 13.146 99.999 99.999 99.999  0.292 99.999 99.999 99.999 99.999  99.999  99.999  99.999  99.999  0.018  0.018  0.016  0.014  0.056  0.051   27   22 99.999 99.999   99  21.971798400 -12.902125921  5  1 39.50 2010  8 18 2455426.70948495    35    Clear               netuno_05.02.00_0039.fits                          Triton                2048  2048
   0.116  -0.109 1089.52 1156.73 1.494   2117.98    165.15 99.999 99.999 99.999 13.289 13.149 99.999 99.999 99.999  0.179 99.999 99.999 99.999 99.999  99.999  99.999  99.999  99.999  0.020  0.020  0.015  0.015  0.056  0.056   26   23 99.999 99.999   99  21.971797613 -12.902138871  5  2 18.50 2010  8 18 2455426.70993634    35    Clear               netuno_05.02.38_0040.fits                          Triton                2048  2048
   0.108  -0.086 1089.45 1157.94 1.651   2149.73     53.54 99.999 99.999 99.999 13.280 13.115 99.999 99.999 99.999  0.190 99.999 99.999 99.999 99.999  99.999  99.999  99.999  99.999  0.014  0.014  0.015  0.014  0.054  0.051   26   22 99.999 99.999   99  21.971796561 -12.902137929  5  2 56.50 2010  8 18 2455426.71037616    35    Clear               netuno_05.03.16_0041.fits                          Triton                2048  2048
   0.115  -0.092 1092.77 1159.03 1.787   1938.41     25.19 99.999 99.999 99.999 13.309 13.193 99.999 99.999 99.999  0.191 99.999 99.999 99.999 99.999  99.999  99.999  99.999  99.999  0.015  0.015  0.016  0.014  0.059  0.051   27   23 99.999 99.999   99  21.971795789 -12.902145327  5  3 34.50 2010  8 18 2455426.71081597    35    Clear               netuno_05.03.54_0042.fits                          Triton                2048  2048
   0.100  -0.071 1093.01 1160.06 1.630   2112.84     75.00 99.999 99.999 99.999 13.335 13.140 99.999 99.999 99.999  0.298 99.999 99.999 99.999 99.999  99.999  99.999  99.999  99.999  0.031  0.031  0.015  0.015  0.053  0.052   26   21 99.999 99.999   99  21.971794603 -12.902144786  5  4 12.50 2010  8 18 2455426.71125579    35    Clear               netuno_05.04.33_0043.fits                          Triton                2048  2048
   0.111  -0.098 1089.86 1163.03 1.726   1803.07     94.77 99.999 99.999 99.999 13.276 13.132 99.999 99.999 99.999  0.192 99.999 99.999 99.999 99.999  99.999  99.999  99.999  99.999  0.027  0.027  0.016  0.013  0.058  0.048   26   21 99.999 99.999   99  21.971792979 -12.902163287  5  5 29.50 2010  8 18 2455426.71214699    35    Clear               netuno_05.05.49_0045.fits                          Triton                2048  2048
   0.112  -0.107 1088.42 1163.97 1.676   1824.00    113.84 99.999 99.999 99.999 13.323 13.143 99.999 99.999 99.999  0.286 99.999 99.999 99.999 99.999  99.999  99.999  99.999  99.999  0.023  0.023  0.015  0.014  0.063  0.059   29   23 99.999 99.999   99  21.971792080 -12.902171495  5  6  7.50 2010  8 18 2455426.71258681    35    Clear               netuno_05.06.27_0046.fits                          Triton                2048  2048
   0.103  -0.100 1091.17 1164.97 1.838   1580.97     84.93 99.999 99.999 99.999 13.296 13.173 99.999 99.999 99.999  0.182 99.999 99.999 99.999 99.999  99.999  99.999  99.999  99.999  0.013  0.013  0.015  0.016  0.057  0.059   27   22 99.999 99.999   99  21.971791014 -12.902174679  5  6 45.50 2010  8 18 2455426.71302662    35    Clear               netuno_05.07.05_0047.fits                          Triton                2048  2048
   0.111  -0.089 1090.64 1166.42 1.678   1617.24    149.63 99.999 99.999 99.999 13.358 13.171 99.999 99.999 99.999  0.292 99.999 99.999 99.999 99.999  99.999  99.999  99.999  99.999  0.018  0.018  0.014  0.017  0.048  0.058   26   22 99.999 99.999   99  21.971790251 -12.902177311  5  7 23.50 2010  8 18 2455426.71346644    35    Clear               netuno_05.07.44_0048.fits                          Triton                2048  2048
   0.115  -0.085 1091.55 1168.67 1.750   1596.18    111.82 99.999 99.999 99.999 13.289 13.172 99.999 99.999 99.999  0.189 99.999 99.999 99.999 99.999  99.999  99.999  99.999  99.999  0.018  0.018  0.014  0.010  0.053  0.038   26   21 99.999 99.999   99  21.971788491 -12.902187156  5  8 40.50 2010  8 18 2455426.71435764    35    Clear               netuno_05.09.00_0050.fits                          Triton                2048  2048
   0.115  -0.106 1069.49 1173.91 1.721   1653.30     98.12 99.999 99.999 99.999 13.353 13.180 99.999 99.999 99.999  0.288 99.999 99.999 99.999 99.999  99.999  99.999  99.999  99.999  0.021  0.021  0.014  0.018  0.048  0.061   26   23 99.999 99.999   99  21.971784019 -12.902220038  5 11 48.50 2010  8 18 2455426.71653356    35    I                   netuno_05.12.08_0051.fits                          Triton                2048  2048
   0.114  -0.102 1066.77 1175.03 1.848   1263.23    177.26 99.999 99.999 99.999 13.300 13.154 99.999 99.999 99.999  0.189 99.999 99.999 99.999 99.999  99.999  99.999  99.999  99.999  0.013  0.013  0.013  0.015  0.049  0.058   27   23 99.999 99.999   99  21.971783089 -12.902224415  5 12 26.50 2010  8 18 2455426.71697338    35    I                   netuno_05.12.47_0052.fits                          Triton                2048  2048
   0.116  -0.095 1065.27 1176.84 1.830   1431.36    110.22 99.999 99.999 99.999 13.335 13.193 99.999 99.999 99.999  0.172 99.999 99.999 99.999 99.999  99.999  99.999  99.999  99.999  0.014  0.014  0.016  0.017  0.052  0.056   25   21 99.999 99.999   99  21.971782195 -12.902227974  5 13  5.50 2010  8 18 2455426.71742477    35    I                   netuno_05.13.25_0053.fits                          Triton                2048  2048
   0.117  -0.122 1066.80 1178.63 1.692   1624.27    128.75 99.999 99.999 99.999 13.310 13.180 99.999 99.999 99.999  0.171 99.999 99.999 99.999 99.999  99.999  99.999  99.999  99.999  0.019  0.019  0.014  0.014  0.058  0.056   27   23 99.999 99.999   99  21.971781302 -12.902240779  5 13 43.50 2010  8 18 2455426.71786458    35    I                   netuno_05.14.03_0054.fits                          Triton                2048  2048
   0.113  -0.092 1061.43 1181.64 1.748   1400.72    156.80 99.999 99.999 99.999 13.277 13.176 99.999 99.999 99.999  0.198 99.999 99.999 99.999 99.999  99.999  99.999  99.999  99.999  0.017  0.017  0.014  0.018  0.050  0.065   26   21 99.999 99.999   99  21.971779417 -12.902243501  5 14 59.50 2010  8 18 2455426.71874421    35    I                   netuno_05.15.20_0056.fits                          Triton                2048  2048
   0.100  -0.099 1055.60 1184.34 1.769   1627.44     99.08 99.999 99.999 99.999 13.277 13.176 99.999 99.999 99.999  0.185 99.999 99.999 99.999 99.999  99.999  99.999  99.999  99.999  0.014  0.014  0.017  0.014  0.057  0.047   25   21 99.999 99.999   99  21.971777343 -12.902256481  5 16 16.50 2010  8 18 2455426.71963542    35    I                   netuno_05.16.36_0058.fits                          Triton                2048  2048
   0.112  -0.118 1054.04 1187.42 1.715   1704.35     94.91 99.999 99.999 99.999 13.342 13.173 99.999 99.999 99.999  0.282 99.999 99.999 99.999 99.999  99.999  99.999  99.999  99.999  0.018  0.018  0.015  0.014  0.062  0.057   28   24 99.999 99.999   99  21.971775772 -12.902272588  5 17 32.50 2010  8 18 2455426.72051505    35    I                   netuno_05.17.52_0060.fits                          Triton                2048  2048
   0.097  -0.081 1053.51 1188.35 1.879   1540.33     68.68 99.999 99.999 99.999 13.303 13.190 99.999 99.999 99.999  0.189 99.999 99.999 99.999 99.999  99.999  99.999  99.999  99.999  0.014  0.014  0.015  0.015  0.055  0.058   26   22 99.999 99.999   99  21.971774561 -12.902267788  5 18 10.50 2010  8 18 2455426.72095486    35    I                   netuno_05.18.31_0061.fits                          Triton                2048  2048
   0.108  -0.088 1054.77 1190.41 1.759   1446.77    130.03 99.999 99.999 99.999 13.361 13.193 99.999 99.999 99.999  0.285 99.999 99.999 99.999 99.999  99.999  99.999  99.999  99.999  0.017  0.017  0.016  0.018  0.054  0.062   26   22 99.999 99.999   99  21.971773849 -12.902275339  5 18 49.50 2010  8 18 2455426.72140625    35    I                   netuno_05.19.09_0062.fits                          Triton                2048  2048
   0.112  -0.106 1050.65 1193.48 1.859   1367.68    112.56 99.999 99.999 99.999 13.310 13.208 99.999 99.999 99.999  0.185 99.999 99.999 99.999 99.999  99.999  99.999  99.999  99.999  0.025  0.025  0.014  0.011  0.052  0.042   26   21 99.999 99.999   99  21.971772122 -12.902290979  5 20  5.50 2010  8 18 2455426.72228588    35    I                   netuno_05.20.25_0064.fits                          Triton                2048  2048
   0.102  -0.109 1045.60 1194.66 2.006   1302.83     83.91 99.999 99.999 99.999 13.345 13.216 99.999 99.999 99.999  0.282 99.999 99.999 99.999 99.999  99.999  99.999  99.999  99.999  0.025  0.025  0.015  0.017  0.057  0.067   27   24 99.999 99.999   99  21.971771014 -12.902297467  5 20 43.50 2010  8 18 2455426.72272569    35    I                   netuno_05.21.04_0065.fits                          Triton                2048  2048
   0.113  -0.104 1045.82 1196.11 1.708   1540.45    136.41 99.999 99.999 99.999 13.326 13.173 99.999 99.999 99.999  0.286 99.999 99.999 99.999 99.999  99.999  99.999  99.999  99.999  0.016  0.016  0.014  0.017  0.047  0.056   25   22 99.999 99.999   99  21.971770314 -12.902301639  5 21 21.50 2010  8 18 2455426.72316551    35    I                   netuno_05.21.42_0066.fits                          Triton                2048  2048
   0.106  -0.091 1047.55 1197.75 1.751   1571.91    112.77 99.999 99.999 99.999 13.346 13.234 99.999 99.999 99.999  0.283 99.999 99.999 99.999 99.999  99.999  99.999  99.999  99.999  0.028  0.028  0.015  0.016  0.056  0.061   27   23 99.999 99.999   99  21.971769271 -12.902303483  5 22  0.50 2010  8 18 2455426.72361690    35    I                   netuno_05.22.20_0067.fits                          Triton                2048  2048
   0.100  -0.098 1046.45 1198.73 1.726   1546.20    125.46 99.999 99.999 99.999 13.343 13.242 99.999 99.999 99.999  0.287 99.999 99.999 99.999 99.999  99.999  99.999  99.999  99.999  0.026  0.026  0.013  0.017  0.052  0.066   27   24 99.999 99.999   99  21.971768232 -12.902310851  5 22 38.50 2010  8 18 2455426.72405671    35    I                   netuno_05.22.58_0068.fits                          Triton                2048  2048
   0.109  -0.085 1047.54 1199.93 1.976   1424.16     67.68 99.999 99.999 99.999 13.311 13.192 99.999 99.999 99.999  0.186 99.999 99.999 99.999 99.999  99.999  99.999  99.999  99.999  0.013  0.013  0.016  0.017  0.058  0.064   26   23 99.999 99.999   99  21.971767523 -12.902312861  5 23 16.50 2010  8 18 2455426.72449653    35    I                   netuno_05.23.36_0069.fits                          Triton                2048  2048
   0.100  -0.073 1049.09 1201.55 1.767   1597.94    101.42 99.999 99.999 99.999 13.346 13.185 99.999 99.999 99.999  0.291 99.999 99.999 99.999 99.999  99.999  99.999  99.999  99.999  0.016  0.016  0.017  0.019  0.058  0.067   26   23 99.999 99.999   99  21.971766426 -12.902314796  5 23 54.50 2010  8 18 2455426.72493634    35    I                   netuno_05.24.15_0070.fits                          Triton                2048  2048
   0.106  -0.081 1047.59 1202.91 1.588   1738.92    156.45 99.999 99.999 99.999 13.332 13.199 99.999 99.999 99.999  0.286 99.999 99.999 99.999 99.999  99.999  99.999  99.999  99.999  0.023  0.023  0.018  0.016  0.060  0.055   26   21 99.999 99.999   99  21.971765623 -12.902322616  5 24 33.50 2010  8 18 2455426.72538773    35    I                   netuno_05.24.53_0071.fits                          Triton                2048  2048
   0.099  -0.087 1044.93 1203.99 2.136   1173.11     64.00 99.999 99.999 99.999 13.328 13.182 99.999 99.999 99.999  0.289 99.999 99.999 99.999 99.999  99.999  99.999  99.999  99.999  0.022  0.022  0.014  0.017  0.058  0.067   28   23 99.999 99.999   99  21.971764580 -12.902329689  5 25 11.50 2010  8 18 2455426.72582755    35    I                   netuno_05.25.31_0072.fits                          Triton                2048  2048
   0.093  -0.064 1040.60 1205.51 1.661   1704.55    121.23 99.999 99.999 99.999 13.281 13.152 99.999 99.999 99.999  0.187 99.999 99.999 99.999 99.999  99.999  99.999  99.999  99.999  0.016  0.016  0.017  0.013  0.060  0.049   26   21 99.999 99.999   99  21.971763577 -12.902328884  5 25 49.50 2010  8 18 2455426.72626736    35    I                   netuno_05.26.09_0073.fits                          Triton                2048  2048
   0.104  -0.073 1041.05 1206.81 1.875   1553.42     69.34 99.999 99.999 99.999 13.311 13.253 99.999 99.999 99.999  0.188 99.999 99.999 99.999 99.999  99.999  99.999  99.999  99.999  0.020  0.020  0.016  0.016  0.051  0.051   24   20 99.999 99.999   99  21.971762870 -12.902336551  5 26 27.50 2010  8 18 2455426.72670718    35    I                   netuno_05.26.48_0074.fits                          Triton                2048  2048
   0.101  -0.072 1041.71 1208.41 1.658   1601.24    151.83 99.999 99.999 99.999 13.322 13.258 99.999 99.999 99.999  0.191 99.999 99.999 99.999 99.999  99.999  99.999  99.999  99.999  0.027  0.027  0.018  0.018  0.061  0.060   25   21 99.999 99.999   99  21.971761887 -12.902341854  5 27  5.50 2010  8 18 2455426.72714699    35    I                   netuno_05.27.26_0075.fits                          Triton                2048  2048
   0.102  -0.099 1040.33 1209.77 1.620   1666.61    150.47 99.999 99.999 99.999 13.287 13.238 99.999 99.999 99.999  0.190 99.999 99.999 99.999 99.999  99.999  99.999  99.999  99.999  0.023  0.023  0.015  0.015  0.060  0.060   27   24 99.999 99.999   99  21.971760995 -12.902355102  5 27 44.50 2010  8 18 2455426.72759838    35    I                   netuno_05.28.04_0076.fits                          Triton                2048  2048
   0.103  -0.083 1041.74 1211.01 1.716   1584.87    120.28 99.999 99.999 99.999 13.333 13.235 99.999 99.999 99.999  0.179 99.999 99.999 99.999 99.999  99.999  99.999  99.999  99.999  0.014  0.014  0.015  0.016  0.053  0.057   25   22 99.999 99.999   99  21.971760104 -12.902355947  5 28 22.50 2010  8 18 2455426.72803819    35    I                   netuno_05.28.42_0077.fits                          Triton                2048  2048
   0.096  -0.083 1042.33 1212.16 1.666   1668.90    134.25 99.999 99.999 99.999 13.308 13.196 99.999 99.999 99.999  0.180 99.999 99.999 99.999 99.999  99.999  99.999  99.999  99.999  0.017  0.017  0.018  0.013  0.065  0.049   26   21 99.999 99.999   99  21.971759065 -12.902361318  5 29  0.50 2010  8 18 2455426.72847801    35    I                   netuno_05.29.20_0078.fits                          Triton                2048  2048
   0.106  -0.091 1037.59 1214.72 1.679   1429.71    176.54 99.999 99.999 99.999 13.305 13.218 99.999 99.999 99.999  0.176 99.999 99.999 99.999 99.999  99.999  99.999  99.999  99.999  0.018  0.018  0.017  0.017  0.062  0.064   26   23 99.999 99.999   99  21.971757436 -12.902374416  5 30 17.50 2010  8 18 2455426.72936921    35    I                   netuno_05.30.37_0080.fits                          Triton                2048  2048
   0.101  -0.071 1034.40 1216.00 1.628   1726.71    144.15 99.999 99.999 99.999 13.294 13.254 99.999 99.999 99.999  0.191 99.999 99.999 99.999 99.999  99.999  99.999  99.999  99.999  0.014  0.014  0.017  0.018  0.058  0.062   25   22 99.999 99.999   99  21.971756423 -12.902374504  5 30 55.50 2010  8 18 2455426.72980903    35    I                   netuno_05.31.15_0081.fits                          Triton                2048  2048
   0.101  -0.068 1035.80 1217.15 1.646   1728.45    122.89 99.999 99.999 99.999 13.289 13.191 99.999 99.999 99.999  0.194 99.999 99.999 99.999 99.999  99.999  99.999  99.999  99.999  0.017  0.017  0.016  0.014  0.057  0.052   26   22 99.999 99.999   99  21.971755526 -12.902378989  5 31 33.50 2010  8 18 2455426.73024884    35    I                   netuno_05.31.53_0082.fits                          Triton                2048  2048
   0.105  -0.082 1036.67 1220.62 1.869   1402.81    103.57 99.999 99.999 99.999 13.303 13.259 99.999 99.999 99.999  0.191 99.999 99.999 99.999 99.999  99.999  99.999  99.999  99.999  0.015  0.015  0.016  0.014  0.058  0.050   25   20 99.999 99.999   99  21.971752861 -12.902399500  5 33 28.50 2010  8 18 2455426.73157986    35    I                   netuno_05.33.48_0085.fits                          Triton                2048  2048
   0.103  -0.079 1036.78 1222.23 1.669   1640.15    139.91 99.999 99.999 99.999 13.291 13.224 99.999 99.999 99.999  0.193 99.999 99.999 99.999 99.999  99.999  99.999  99.999  99.999  0.017  0.017  0.014  0.016  0.051  0.059   25   21 99.999 99.999   99  21.971751892 -12.902403823  5 34  6.50 2010  8 18 2455426.73201968    35    I                   netuno_05.34.26_0086.fits                          Triton                2048  2048
   0.098  -0.071 1034.84 1223.53 1.701   1646.25    126.90 99.999 99.999 99.999 13.269 13.184 99.999 99.999 99.999  0.202 99.999 99.999 99.999 99.999  99.999  99.999  99.999  99.999  0.023  0.023  0.015  0.016  0.054  0.058   25   21 99.999 99.999   99  21.971750913 -12.902407240  5 34 44.50 2010  8 18 2455426.73245949    35    I                   netuno_05.35.04_0087.fits                          Triton                2048  2048
   0.096  -0.074 1028.77 1226.58 1.673   1661.68    136.36 99.999 99.999 99.999 13.278 13.215 99.999 99.999 99.999  0.191 99.999 99.999 99.999 99.999  99.999  99.999  99.999  99.999  0.018  0.018  0.014  0.018  0.052  0.064   24   21 99.999 99.999   99  21.971749049 -12.902418907  5 36  1.50 2010  8 18 2455426.73335069    35    I                   netuno_05.36.21_0089.fits                          Triton                2048  2048
   0.105  -0.071 1030.69 1227.46 1.669   1710.70    125.90 99.999 99.999 99.999 13.283 13.165 99.999 99.999 99.999  0.192 99.999 99.999 99.999 99.999  99.999  99.999  99.999  99.999  0.017  0.017  0.017  0.015  0.061  0.054   25   21 99.999 99.999   99  21.971748292 -12.902423707  5 36 39.50 2010  8 18 2455426.73379051    35    I                   netuno_05.36.59_0090.fits                          Triton                2048  2048
   0.112  -0.071 1028.92 1229.98 1.664   1624.20    149.91 99.999 99.999 99.999 13.276 13.219 99.999 99.999 99.999  0.199 99.999 99.999 99.999 99.999  99.999  99.999  99.999  99.999  0.019  0.019  0.016  0.015  0.057  0.054   25   21 99.999 99.999   99  21.971746637 -12.902434390  5 37 55.50 2010  8 18 2455426.73467014    35    I                   netuno_05.38.15_0092.fits                          Triton                2048  2048
   0.107  -0.079 1031.04 1231.35 1.731   1689.91    101.44 99.999 99.999 99.999 13.313 13.237 99.999 99.999 99.999  0.183 99.999 99.999 99.999 99.999  99.999  99.999  99.999  99.999  0.022  0.022  0.017  0.019  0.057  0.063   24   20 99.999 99.999   99  21.971745613 -12.902441969  5 38 33.50 2010  8 18 2455426.73510995    35    I                   netuno_05.38.54_0093.fits                          Triton                2048  2048
   0.103  -0.074 1029.57 1232.38 1.909   1406.48     79.98 99.999 99.999 99.999 13.282 13.209 99.999 99.999 99.999  0.192 99.999 99.999 99.999 99.999  99.999  99.999  99.999  99.999  0.024  0.024  0.015  0.016  0.055  0.059   25   21 99.999 99.999   99  21.971744625 -12.902446015  5 39 12.50 2010  8 18 2455426.73556134    35    I                   netuno_05.39.32_0094.fits                          Triton                2048  2048
   0.106  -0.074 1024.03 1235.40 1.606   1658.18    177.54 99.999 99.999 99.999 13.309 13.243 99.999 99.999 99.999  0.178 99.999 99.999 99.999 99.999  99.999  99.999  99.999  99.999  0.023  0.023  0.018  0.017  0.063  0.062   24   21 99.999 99.999   99  21.971742873 -12.902456923  5 40 28.50 2010  8 18 2455426.73644097    35    I                   netuno_05.40.48_0096.fits                          Triton                2048  2048
   0.109  -0.071 1021.54 1240.61 1.709   1678.49    121.30 99.999 99.999 99.999 13.266 13.206 99.999 99.999 99.999  0.186 99.999 99.999 99.999 99.999  99.999  99.999  99.999  99.999  0.029  0.029  0.017  0.018  0.060  0.063   26   20 99.999 99.999   99  21.971739273 -12.902478054  5 43  1.50 2010  8 18 2455426.73821181    35    I                   netuno_05.43.21_0100.fits                          Triton                2048  2048
   0.093  -0.097 1010.06 1256.66 2.023   4194.39    551.44 99.999 99.999 99.999 13.167 12.994 99.999 99.999 99.999  0.099 99.999 99.999 99.999 99.999  99.999  99.999  99.999  99.999  0.027  0.027  0.018  0.017  0.062  0.059   26   23 99.999 99.999   99  21.971729049 -12.902544456  5 49 58.00 2010  8 18 2455426.74303241    30    Clear               tritao_05.50.16_0051.fits                          Triton                2048  2048
   0.099  -0.106 1006.20 1257.66 2.186   4364.88    340.69 99.999 99.999 99.999 13.172 12.903 99.999 99.999 99.999  0.096 99.999 99.999 99.999 99.999  99.999  99.999  99.999  99.999  0.030  0.030  0.016  0.016  0.057  0.055   26   22 99.999 99.999   99  21.971728357 -12.902551903  5 50 32.00 2010  8 18 2455426.74342593    30    Clear               tritao_05.50.49_0052.fits                          Triton                2048  2048
   0.092  -0.120 1004.46 1258.71 2.162   4716.17    293.22 99.999 99.999 99.999 13.165 12.920 99.999 99.999 99.999  0.098 99.999 99.999 99.999 99.999  99.999  99.999  99.999  99.999  0.021  0.021  0.012  0.014  0.046  0.053   27   22 99.999 99.999   99  21.971727447 -12.902560365  5 51  5.00 2010  8 18 2455426.74380787    30    Clear               tritao_05.51.22_0053.fits                          Triton                2048  2048
   0.101  -0.101 1005.91 1259.60 1.886   4697.33    603.73 99.999 99.999 99.999 13.174 12.910 99.999 99.999 99.999  0.099 99.999 99.999 99.999 99.999  99.999  99.999  99.999  99.999  0.022  0.022  0.017  0.017  0.060  0.059   26   23 99.999 99.999   99  21.971726782 -12.902560000  5 51 39.00 2010  8 18 2455426.74420139    30    Clear               tritao_05.51.56_0054.fits                          Triton                2048  2048
   0.101  -0.111 1003.82 1261.06 1.766   5727.14    569.98 99.999 99.999 99.999 13.157 12.910 99.999 99.999 99.999  0.100 99.999 99.999 99.999 99.999  99.999  99.999  99.999  99.999  0.016  0.016  0.017  0.016  0.060  0.055   26   23 99.999 99.999   99  21.971725215 -12.902572308  5 52 45.00 2010  8 18 2455426.74496528    30    Clear               tritao_05.53.03_0056.fits                          Triton                2048  2048
   0.117  -0.132 1004.55 1262.09 1.908   5028.24    520.28 99.999 99.999 99.999 13.172 12.889 99.999 99.999 99.999  0.093 99.999 99.999 99.999 99.999  99.999  99.999  99.999  99.999  0.015  0.015  0.014  0.014  0.053  0.052   27   23 99.999 99.999   99  21.971724727 -12.902582851  5 53 19.00 2010  8 18 2455426.74535880    30    Clear               tritao_05.53.36_0057.fits                          Triton                2048  2048
   0.105  -0.120 1005.34 1263.55 1.957   5434.68    382.05 99.999 99.999 99.999 13.168 12.940 99.999 99.999 99.999  0.100 99.999 99.999 99.999 99.999  99.999  99.999  99.999  99.999  0.025  0.025  0.013  0.014  0.050  0.055   27   22 99.999 99.999   99  21.971723695 -12.902584247  5 53 52.00 2010  8 18 2455426.74574074    30    Clear               tritao_05.54.09_0058.fits                          Triton                2048  2048
   0.095  -0.139  997.53 1267.24 1.969   5209.53    416.93 99.999 99.999 99.999 13.119 12.939 99.999 99.999 99.999  0.241 99.999 99.999 99.999 99.999  99.999  99.999  99.999  99.999  0.026  0.026  0.013  0.015  0.049  0.056   28   23 99.999 99.999   99  21.971721129 -12.902603538  5 55 32.00 2010  8 18 2455426.74689815    30    Clear               tritao_05.55.50_0061.fits                          Triton                2048  2048
   0.113  -0.142  994.92 1268.46 1.795   5971.19    512.42 99.999 99.999 99.999 13.171 12.924 99.999 99.999 99.999  0.119 99.999 99.999 99.999 99.999  99.999  99.999  99.999  99.999  0.018  0.018  0.012  0.014  0.047  0.055   28   23 99.999 99.999   99  21.971720639 -12.902609184  5 56  6.00 2010  8 18 2455426.74729167    30    Clear               tritao_05.56.23_0062.fits                          Triton                2048  2048
   0.110  -0.139  996.26 1269.13 1.742   6643.95    460.53 99.999 99.999 99.999 13.171 12.943 99.999 99.999 99.999  0.093 99.999 99.999 99.999 99.999  99.999  99.999  99.999  99.999  0.019  0.019  0.015  0.015  0.057  0.058   27   24 99.999 99.999   99  21.971719819 -12.902612952  5 56 39.00 2010  8 18 2455426.74767361    30    Clear               tritao_05.56.56_0063.fits                          Triton                2048  2048
   0.096  -0.102  992.15 1271.15 1.979   4710.17    498.27 99.999 99.999 99.999 13.171 12.943 99.999 99.999 99.999  0.095 99.999 99.999 99.999 99.999  99.999  99.999  99.999  99.999  0.026  0.026  0.020  0.016  0.063  0.052   25   22 99.999 99.999   99  21.971717962 -12.902612343  5 57 46.00 2010  8 18 2455426.74844907    30    Clear               tritao_05.58.03_0065.fits                          Triton                2048  2048
   0.106  -0.111  992.42 1272.25 2.000   5134.16    385.43 99.999 99.999 99.999 13.167 12.969 99.999 99.999 99.999  0.096 99.999 99.999 99.999 99.999  99.999  99.999  99.999  99.999  0.019  0.019  0.017  0.020  0.053  0.061   25   21 99.999 99.999   99  21.971717339 -12.902619539  5 58 19.00 2010  8 18 2455426.74883102    30    Clear               tritao_05.58.36_0066.fits                          Triton                2048  2048
   0.110  -0.125  984.26 1276.74 1.982   5219.15    428.30 99.999 99.999 99.999 13.166 12.913 99.999 99.999 99.999  0.096 99.999 99.999 99.999 99.999  99.999  99.999  99.999  99.999  0.032  0.032  0.014  0.016  0.050  0.056   26   22 99.999 99.999   99  21.971714238 -12.902642625  6  0 33.00 2010  8 18 2455426.75038194    30    Clear               tritao_06.00.50_0070.fits                          Triton                2048  2048
   0.108  -0.122  982.88 1278.09 1.817   6131.33    437.73 99.999 99.999 99.999 13.197 12.972 99.999 99.999 99.999  0.093 99.999 99.999 99.999 99.999  99.999  99.999  99.999  99.999  0.016  0.016  0.018  0.017  0.057  0.055   25   21 99.999 99.999   99  21.971713410 -12.902646268  6  1  6.00 2010  8 18 2455426.75076389    30    Clear               tritao_06.01.23_0071.fits                          Triton                2048  2048
   0.111  -0.131  983.68 1278.83 1.682   6017.87    687.19 99.999 99.999 99.999 13.218 12.974 99.999 99.999 99.999  0.107 99.999 99.999 99.999 99.999  99.999  99.999  99.999  99.999  0.015  0.015  0.019  0.019  0.060  0.061   25   22 99.999 99.999   99  21.971712660 -12.902653565  6  1 40.00 2010  8 18 2455426.75115741    30    Clear               tritao_06.01.57_0072.fits                          Triton                2048  2048
   0.109  -0.145  962.85 1301.67 1.777   5660.24    576.97 99.999 99.999 99.999 13.194 12.782 99.999 99.999 99.999  0.091 99.999 99.999 99.999 99.999  99.999  99.999  99.999  99.999  0.015  0.015  0.014  0.014  0.045  0.046   25   19 99.999 99.999   99  21.971694358 -12.902766207  6 14 27.00 2010  8 18 2455426.76003472    30    Clear               tritao_06.14.45_0095.fits                          Triton                2048  2048
   0.110  -0.132  955.47 1303.77 1.937   5351.21    414.12 99.999 99.999 99.999 13.192 12.898 99.999 99.999 99.999  0.088 99.999 99.999 99.999 99.999  99.999  99.999  99.999  99.999  0.021  0.021  0.016  0.017  0.055  0.059   25   22 99.999 99.999   99  21.971692786 -12.902771846  6 15 34.00 2010  8 18 2455426.76081019    30    Clear               tritao_06.15.51_0097.fits                          Triton                2048  2048
   0.102  -0.130  955.05 1305.64 1.840   5718.08    485.98 99.999 99.999 99.999 13.215 12.755 99.999 99.999 99.999  0.088 99.999 99.999 99.999 99.999  99.999  99.999  99.999  99.999  0.017  0.017  0.017  0.016  0.057  0.051   25   21 99.999 99.999   99  21.971691027 -12.902780771  6 16 41.00 2010  8 18 2455426.76158565    30    Clear               tritao_06.16.58_0099.fits                          Triton                2048  2048
