  -0.021   0.038  202.32  286.64 1.341    238.17     38.85 99.999 99.999 99.999 13.302 13.198 99.999 99.999 99.999  0.208 99.999 99.999 99.999 99.999  99.999  99.999  99.999  99.999  0.048  0.048  0.019  0.022  0.055  0.064   12   10 99.999 99.999   99  19.891338893 -20.382748471 24 20 40.34 1996  7 16 2450281.51435579     3  filtro desconhecido   16079601.net.fits                                  Triton                 379   571
  -0.025  -0.077  198.32  284.89 1.592    208.94     23.60 99.999 99.999 99.999 13.285 13.381 99.999 99.999 99.999  0.262 99.999 99.999 99.999 99.999  99.999  99.999  99.999  99.999  0.044  0.044  0.015  0.019  0.048  0.059   13   10 99.999 99.999   99  19.891336570 -20.382784537 24 22 39.37 1996  7 16 2450281.51573345     3  filtro desconhecido   16079602.net.fits                                  Triton                 379   571
   0.002   0.011  197.85  284.15 1.567    199.79     25.65 99.999 99.999 99.999 13.237 13.301 99.999 99.999 99.999  0.258 99.999 99.999 99.999 99.999  99.999  99.999  99.999  99.999  0.001  0.001  0.020  0.025  0.066  0.083   13   11 99.999 99.999   99  19.891336454 -20.382761427 24 23 12.37 1996  7 16 2450281.51611539     3  filtro desconhecido   16079604.net.fits                                  Triton                 379   571
   0.002   0.071  196.44  284.02 1.414    209.23     35.85 99.999 99.999 99.999 13.236 13.282 99.999 99.999 99.999  0.270 99.999 99.999 99.999 99.999  99.999  99.999  99.999  99.999  0.004  0.004  0.023  0.019  0.075  0.063   13   11 99.999 99.999   99  19.891336141 -20.382745187 24 23 29.34 1996  7 16 2450281.51631181     3  filtro desconhecido   16079605.net.fits                                  Triton                 379   571
   0.007  -0.012  195.21  283.69 1.326    241.15     33.00 99.999 99.999 99.999 13.344 13.436 99.999 99.999 99.999  0.249 99.999 99.999 99.999 99.999  99.999  99.999  99.999  99.999  0.044  0.044  0.033  0.020  0.091  0.053   10    9 99.999 99.999   99  19.891335916 -20.382768831 24 23 46.26 1996  7 16 2450281.51650764     3  filtro desconhecido   16079606.net.fits                                  Triton                 379   571
  -0.002   0.077  195.17  283.18 1.410    219.38     37.99 99.999 99.999 99.999 13.335 13.334 99.999 99.999 99.999  0.217 99.999 99.999 99.999 99.999  99.999  99.999  99.999  99.999  0.040  0.040  0.027  0.015  0.079  0.043   11    9 99.999 99.999   99  19.891335414 -20.382744781 24 24  3.29 1996  7 16 2450281.51670475     3  filtro desconhecido   16079607.net.fits                                  Triton                 379   571
   0.038   0.060  193.49  282.95 1.392    241.00     25.96 99.999 99.999 99.999 13.093 13.174 99.999 99.999 99.999  0.204 99.999 99.999 99.999 99.999  99.999  99.999  99.999  99.999  0.040  0.040  0.026  0.023  0.069  0.060    9    8 99.999 99.999   99  19.891335882 -20.382749911 24 24 20.31 1996  7 16 2450281.51690174     3  filtro desconhecido   16079608.net.fits                                  Triton                 379   571
  -0.011   0.020  191.30  282.53 1.534    213.58     29.83 99.999 99.999 99.999 13.392 13.386 99.999 99.999 99.999  0.386 99.999 99.999 99.999 99.999  99.999  99.999  99.999  99.999  0.037  0.036  0.016  0.022  0.049  0.064   10    9 99.999 99.999   99  19.891334582 -20.382761997 24 24 37.34 1996  7 16 2450281.51709884     3  filtro desconhecido   16079609.net.fits                                  Triton                 379   571
  -0.011   0.079  189.61  282.49 1.420    219.32     30.35 99.999 99.999 99.999 13.262 13.397 99.999 99.999 99.999  0.204 99.999 99.999 99.999 99.999  99.999  99.999  99.999  99.999  0.040  0.039  0.022  0.028  0.063  0.080   11    9 99.999 99.999   99  19.891334284 -20.382746026 24 24 54.26 1996  7 16 2450281.51729468     3  filtro desconhecido   16079610.net.fits                                  Triton                 379   571
   0.034  -0.003  187.89  282.23 1.399    235.42     34.01 99.999 99.999 99.999 13.241 13.294 99.999 99.999 99.999  0.192 99.999 99.999 99.999 99.999  99.999  99.999  99.999  99.999  0.040  0.040  0.020  0.021  0.066  0.067   13   11 99.999 99.999   99  19.891334845 -20.382769307 24 25 11.34 1996  7 16 2450281.51749236     3  filtro desconhecido   16079611.net.fits                                  Triton                 379   571
   0.014  -0.015  187.95  281.92 1.356    210.37     41.72 99.999 99.999 99.999 13.375 13.438 99.999 99.999 99.999  0.258 99.999 99.999 99.999 99.999  99.999  99.999  99.999  99.999  0.040  0.040  0.023  0.022  0.068  0.065   10    9 99.999 99.999   99  19.891334142 -20.382773224 24 25 28.31 1996  7 16 2450281.51768877     3  filtro desconhecido   16079612.net.fits                                  Triton                 379   571
  -0.017  -0.054  187.54  281.45 1.385    251.16     32.77 99.999 99.999 99.999 13.246 13.342 99.999 99.999 99.999  0.308 99.999 99.999 99.999 99.999  99.999  99.999  99.999  99.999  0.044  0.044  0.020  0.026  0.054  0.070   11    9 99.999 99.999   99  19.891333192 -20.382784741 24 25 45.34 1996  7 16 2450281.51788588     3  filtro desconhecido   16079613.net.fits                                  Triton                 379   571
  -0.002   0.014  187.31  281.30 1.405    230.03     29.60 99.999 99.999 99.999 13.275 13.322 99.999 99.999 99.999  0.217 99.999 99.999 99.999 99.999  99.999  99.999  99.999  99.999  0.048  0.048  0.018  0.019  0.055  0.057   11    9 99.999 99.999   99  19.891333147 -20.382766282 24 26  2.31 1996  7 16 2450281.51808229     3  filtro desconhecido   16079614.net.fits                                  Triton                 379   571
   0.010   0.057  186.90  281.16 1.583    192.61     21.48 99.999 99.999 99.999 13.281 13.404 99.999 99.999 99.999  0.273 99.999 99.999 99.999 99.999  99.999  99.999  99.999  99.999  0.026  0.026  0.025  0.020  0.071  0.056   11    9 99.999 99.999   99  19.891333088 -20.382755411 24 26 19.34 1996  7 16 2450281.51827940     3  filtro desconhecido   16079615.net.fits                                  Triton                 379   571
  -0.012   0.005  185.54  280.74 1.433    229.51     34.42 99.999 99.999 99.999 13.248 13.244 99.999 99.999 99.999  0.251 99.999 99.999 99.999 99.999  99.999  99.999  99.999  99.999  0.041  0.041  0.022  0.028  0.063  0.079    9    8 99.999 99.999   99  19.891332316 -20.382770321 24 26 36.31 1996  7 16 2450281.51847581     3  filtro desconhecido   16079616.net.fits                                  Triton                 379   571
   0.011   0.010  184.56  280.51 1.552    213.27     33.11 99.999 99.999 99.999 13.351 13.437 99.999 99.999 99.999  0.173 99.999 99.999 99.999 99.999  99.999  99.999  99.999  99.999  0.044  0.044  0.021  0.024  0.062  0.071   10    9 99.999 99.999   99  19.891332459 -20.382769408 24 26 53.28 1996  7 16 2450281.51867222     3  filtro desconhecido   16079617.net.fits                                  Triton                 379   571
   0.033   0.026  183.95  280.21 1.379    234.10     38.09 99.999 99.999 99.999 13.204 13.391 99.999 99.999 99.999  0.256 99.999 99.999 99.999 99.999  99.999  99.999  99.999  99.999  0.045  0.045  0.022  0.033  0.061  0.093   11   10 99.999 99.999   99  19.891332562 -20.382765566 24 27 10.31 1996  7 16 2450281.51886933     3  filtro desconhecido   16079618.net.fits                                  Triton                 379   571
   0.034  -0.020  183.68  280.08 1.472    226.82     27.66 99.999 99.999 99.999 13.220 13.369 99.999 99.999 99.999  0.195 99.999 99.999 99.999 99.999  99.999  99.999  99.999  99.999  0.031  0.031  0.017  0.023  0.050  0.071   11   10 99.999 99.999   99  19.891332252 -20.382778865 24 27 27.34 1996  7 16 2450281.51906644     3  filtro desconhecido   16079619.net.fits                                  Triton                 379   571
   0.011   0.021  183.92  279.76 1.563    209.77     25.33 99.999 99.999 99.999 13.400 13.411 99.999 99.999 99.999  0.137 99.999 99.999 99.999 99.999  99.999  99.999  99.999  99.999  0.011  0.011  0.025  0.026  0.061  0.062    8    6 99.999 99.999   99  19.891331499 -20.382768375 24 27 44.36 1996  7 16 2450281.51926343     3  filtro desconhecido   16079620.net.fits                                  Triton                 379   571
  -0.009  -0.010  211.31  263.47 1.701    182.25     14.43 99.999 99.999 99.999 13.476 13.252 99.999 99.999 99.999  0.182 99.999 99.999 99.999 99.999  99.999  99.999  99.999  99.999  0.049  0.049  0.024  0.033  0.052  0.071   10    9 99.999 99.999   99  19.891257261 -20.382918280 25 32 49.35 1996  7 16 2450281.56446007     3  filtro desconhecido   16079633.net.fits                                  Triton                 379   571
   0.035  -0.001  211.08  262.91 1.614    192.23     17.24 99.999 99.999 99.999 13.296 13.278 99.999 99.999 99.999  0.295 99.999 99.999 99.999 99.999  99.999  99.999  99.999  99.999  0.046  0.046  0.021  0.018  0.054  0.046   10    9 99.999 99.999   99  19.891257837 -20.382916390 25 33  6.32 1996  7 16 2450281.56465648     3  filtro desconhecido   16079634.net.fits                                  Triton                 379   571
   0.012  -0.075  210.42  262.69 1.499    209.30     20.47 99.999 99.999 99.999 13.390 13.327 99.999 99.999 99.999  0.262 99.999 99.999 99.999 99.999  99.999  99.999  99.999  99.999  0.044  0.044  0.019  0.024  0.056  0.070   11   10 99.999 99.999   99  19.891257037 -20.382937865 25 33 23.34 1996  7 16 2450281.56485347     3  filtro desconhecido   16079635.net.fits                                  Triton                 379   571
   0.007  -0.056  210.01  262.47 1.637    194.16     15.73 99.999 99.999 99.999 13.388 13.396 99.999 99.999 99.999  0.193 99.999 99.999 99.999 99.999  99.999  99.999  99.999  99.999  0.004  0.004  0.020  0.024  0.065  0.077   14   12 99.999 99.999   99  19.891256634 -20.382933029 25 33 40.26 1996  7 16 2450281.56504931     3  filtro desconhecido   16079636.net.fits                                  Triton                 379   571
   0.030  -0.057  209.40  261.97 1.453    211.85     23.48 99.999 99.999 99.999 13.311 13.406 99.999 99.999 99.999  0.205 99.999 99.999 99.999 99.999  99.999  99.999  99.999  99.999  0.049  0.049  0.015  0.014  0.048  0.046   12   12 99.999 99.999   99  19.891256758 -20.382933872 25 33 57.34 1996  7 16 2450281.56524699     3  filtro desconhecido   16079637.net.fits                                  Triton                 379   571
   0.024  -0.037  208.13  261.81 1.527    217.26     16.91 99.999 99.999 99.999 13.360 13.425 99.999 99.999 99.999  0.170 99.999 99.999 99.999 99.999  99.999  99.999  99.999  99.999  0.048  0.048  0.016  0.019  0.049  0.055   11   10 99.999 99.999   99  19.891256311 -20.382928777 25 34 14.37 1996  7 16 2450281.56544410     3  filtro desconhecido   16079638.net.fits                                  Triton                 379   571
   0.023  -0.043  206.29  261.10 1.471    208.86     22.84 99.999 99.999 99.999 13.289 13.351 99.999 99.999 99.999  0.168 99.999 99.999 99.999 99.999  99.999  99.999  99.999  99.999  0.045  0.045  0.025  0.028  0.060  0.069   10    8 99.999 99.999   99  19.891255992 -20.382931402 25 34 31.34 1996  7 16 2450281.56564051     3  filtro desconhecido   16079639.net.fits                                  Triton                 379   571
  -0.002   0.027  205.22  260.94 1.618    199.81     15.83 99.999 99.999 99.999 13.208 13.294 99.999 99.999 99.999  0.268 99.999 99.999 99.999 99.999  99.999  99.999  99.999  99.999  0.047  0.047  0.014  0.020  0.038  0.052   10    8 99.999 99.999   99  19.891255157 -20.382912394 25 34 48.31 1996  7 16 2450281.56583692     3  filtro desconhecido   16079640.net.fits                                  Triton                 379   571
   0.012   0.017  204.01  260.65 1.627    196.62     14.98 99.999 99.999 99.999 13.205 13.330 99.999 99.999 99.999  0.277 99.999 99.999 99.999 99.999  99.999  99.999  99.999  99.999  0.041  0.041  0.025  0.015  0.070  0.042   12    9 99.999 99.999   99  19.891255135 -20.382915874 25 35  5.34 1996  7 16 2450281.56603403     3  filtro desconhecido   16079641.net.fits                                  Triton                 379   571
  -0.026   0.083  204.61  259.96 1.515    216.83     16.29 99.999 99.999 99.999 13.284 13.375 99.999 99.999 99.999  0.246 99.999 99.999 99.999 99.999  99.999  99.999  99.999  99.999  0.048  0.048  0.009  0.011  0.027  0.033   11    9 99.999 99.999   99  19.891254040 -20.382897965 25 35 22.37 1996  7 16 2450281.56623113     3  filtro desconhecido   16079642.net.fits                                  Triton                 379   571
   0.032  -0.052  204.81  259.76 1.690    175.38     17.68 99.999 99.999 99.999 13.300 13.351 99.999 99.999 99.999  0.239 99.999 99.999 99.999 99.999  99.999  99.999  99.999  99.999  0.041  0.041  0.022  0.021  0.066  0.063   13    9 99.999 99.999   99  19.891254879 -20.382936371 25 35 39.28 1996  7 16 2450281.56642685     3  filtro desconhecido   16079643.net.fits                                  Triton                 379   571
   0.036  -0.012  204.82  259.54 1.491    218.14     20.69 99.999 99.999 99.999 13.283 13.328 99.999 99.999 99.999  0.254 99.999 99.999 99.999 99.999  99.999  99.999  99.999  99.999  0.046  0.046  0.026  0.019  0.082  0.059   10   10 99.999 99.999   99  19.891254626 -20.382925859 25 35 56.31 1996  7 16 2450281.56662396     3  filtro desconhecido   16079644.net.fits                                  Triton                 379   571
