   0.117  -0.122 1066.80 1178.63 1.692   1624.27    128.75 99.999 99.999 99.999 13.310 13.180 99.999 99.999 99.999  0.171 99.999 99.999 99.999 99.999  99.999  99.999  99.999  99.999  0.019  0.019  0.014  0.014  0.058  0.056   27   23 99.999 99.999   99  21.971781302 -12.902240779  5 13 43.50 2010  8 18 2455426.71786458    35    I                   netuno_05.14.03_0054.fits                          Triton                2048  2048
   0.161  -0.115 1064.01 1180.07 1.720   1520.24    138.11 99.999 99.999 99.999 13.308 13.176 99.999 99.999 99.999  0.190 99.999 99.999 99.999 99.999  99.999  99.999  99.999  99.999  0.022  0.022  0.021  0.022  0.049  0.050   23   19 99.999 99.999   99  21.971781258 -12.902244566  5 14 21.50 2010  8 18 2455426.71830440    35    I                   netuno_05.14.41_0055.fits                          Triton                2048  2048
   0.163  -0.124 1056.60 1183.14 2.037   1249.29     85.42 99.999 99.999 99.999 13.329 13.182 99.999 99.999 99.999  0.187 99.999 99.999 99.999 99.999  99.999  99.999  99.999  99.999  0.021  0.021  0.024  0.024  0.055  0.056   23   19 99.999 99.999   99  21.971779450 -12.902257993  5 15 38.50 2010  8 18 2455426.71919560    35    I                   netuno_05.15.58_0057.fits                          Triton                2048  2048
   0.148  -0.092 1056.08 1185.88 1.837   1510.05     97.58 99.999 99.999 99.999 13.323 13.168 99.999 99.999 99.999  0.192 99.999 99.999 99.999 99.999  99.999  99.999  99.999  99.999  0.025  0.025  0.024  0.018  0.054  0.041   23   18 99.999 99.999   99  21.971777349 -12.902259931  5 16 54.50 2010  8 18 2455426.72007523    35    I                   netuno_05.17.14_0059.fits                          Triton                2048  2048
   0.112  -0.118 1054.04 1187.42 1.715   1704.35     94.91 99.999 99.999 99.999 13.342 13.173 99.999 99.999 99.999  0.282 99.999 99.999 99.999 99.999  99.999  99.999  99.999  99.999  0.018  0.018  0.015  0.014  0.062  0.057   28   24 99.999 99.999   99  21.971775772 -12.902272588  5 17 32.50 2010  8 18 2455426.72051505    35    I                   netuno_05.17.52_0060.fits                          Triton                2048  2048
   0.130  -0.116 1053.39 1191.82 1.708   1640.04    118.96 99.999 99.999 99.999 13.328 13.167 99.999 99.999 99.999  0.286 99.999 99.999 99.999 99.999  99.999  99.999  99.999  99.999  0.022  0.022  0.015  0.018  0.057  0.068   27   24 99.999 99.999   99  21.971773364 -12.902288603  5 19 27.50 2010  8 18 2455426.72184607    35    I                   netuno_05.19.47_0063.fits                          Triton                2048  2048
   0.130  -0.084 1040.79 1213.23 1.664   1566.92    149.22 99.999 99.999 99.999 13.335 13.220 99.999 99.999 99.999  0.169 99.999 99.999 99.999 99.999  99.999  99.999  99.999  99.999  0.020  0.020  0.025  0.025  0.056  0.056   22   18 99.999 99.999   99  21.971758805 -12.902366811  5 29 38.50 2010  8 18 2455426.72891782    35    I                   netuno_05.29.59_0079.fits                          Triton                2048  2048
   0.121  -0.091 1036.24 1218.70 1.639   1804.52    116.05 99.999 99.999 99.999 13.269 13.235 99.999 99.999 99.999  0.202 99.999 99.999 99.999 99.999  99.999  99.999  99.999  99.999  0.022  0.022  0.016  0.014  0.059  0.053   26   22 99.999 99.999   99  21.971754988 -12.902390805  5 32 11.50 2010  8 18 2455426.73068866    35    I                   netuno_05.32.31_0083.fits                          Triton                2048  2048
   0.120  -0.089 1035.28 1219.75 1.746   1648.36     99.41 99.999 99.999 99.999 13.293 13.204 99.999 99.999 99.999  0.189 99.999 99.999 99.999 99.999  99.999  99.999  99.999  99.999  0.018  0.018  0.014  0.017  0.051  0.062   25   22 99.999 99.999   99  21.971754055 -12.902395706  5 32 49.50 2010  8 18 2455426.73112847    35    I                   netuno_05.33.10_0084.fits                          Triton                2048  2048
   0.098  -0.052 1031.24 1224.92 1.712   1545.42    137.91 99.999 99.999 99.999 13.317 13.207 99.999 99.999 99.999  0.178 99.999 99.999 99.999 99.999  99.999  99.999  99.999  99.999  0.026  0.026  0.018  0.015  0.066  0.053   24   21 99.999 99.999   99  21.971749995 -12.902407176  5 35 22.50 2010  8 18 2455426.73289931    35    I                   netuno_05.35.43_0088.fits                          Triton                2048  2048
   0.128  -0.083 1029.81 1228.73 1.682   1667.93    132.09 99.999 99.999 99.999 13.298 13.205 99.999 99.999 99.999  0.183 99.999 99.999 99.999 99.999  99.999  99.999  99.999  99.999  0.021  0.021  0.020  0.021  0.065  0.069   25   20 99.999 99.999   99  21.971747819 -12.902432325  5 37 17.50 2010  8 18 2455426.73423032    35    I                   netuno_05.37.37_0091.fits                          Triton                2048  2048
   0.126  -0.090 1022.08 1236.95 1.661   1638.53    141.94 99.999 99.999 99.999 13.296 13.201 99.999 99.999 99.999  0.195 99.999 99.999 99.999 99.999  99.999  99.999  99.999  99.999  0.013  0.013  0.014  0.017  0.051  0.060   25   21 99.999 99.999   99  21.971742334 -12.902467058  5 41  6.50 2010  8 18 2455426.73688079    35    I                   netuno_05.41.27_0097.fits                          Triton                2048  2048
   0.121  -0.081 1023.29 1238.40 2.053   1409.36     48.13 99.999 99.999 99.999 13.318 13.228 99.999 99.999 99.999  0.183 99.999 99.999 99.999 99.999  99.999  99.999  99.999  99.999  0.021  0.021  0.016  0.018  0.059  0.064   25   21 99.999 99.999   99  21.971741325 -12.902469784  5 41 44.50 2010  8 18 2455426.73732060    35    I                   netuno_05.42.05_0098.fits                          Triton                2048  2048
   0.086  -0.038 1022.89 1239.91 1.799   1519.15    115.07 99.999 99.999 99.999 13.274 13.235 99.999 99.999 99.999  0.198 99.999 99.999 99.999 99.999  99.999  99.999  99.999  99.999  0.032  0.032  0.018  0.017  0.057  0.055   24   19 99.999 99.999   99  21.971739744 -12.902463392  5 42 23.50 2010  8 18 2455426.73777199    35    I                   netuno_05.42.43_0099.fits                          Triton                2048  2048
