OBSERVATORIO (?=LISTA SITIOS, X=PROMPT, G=GEOCENTRICO, H=HELIOCENTRICO, OU CODIGO IAU): NOME/ID DO OBJETO DO SISTEMA SOLAR: EFEMERIDE DE/LE (EX: de421, <ENTER>=CANONICO JPL): Arquivo com datas: Alvo: ANANKE (    512)     Efemerides: jup300+de421   Sitio: 874 (OPD/LNA) (314°25'02.5"E 22°32'07.8"S  1810.7 m)

     Data Cal. UTC                  JD_UTC         JD_TT (Obs.)      R.A.__(ICRF//J2000.0)__DEC     R.A.__(ap./sem atms.)__DEC            DIST (km)           APmag        S-O-A (°)     X_(sat-primario)_Y      AZ (°)   EL (°)       Hour Angle       AZ__SOL__EL (°)    L-O-A (°)    JD_TT (El. Orb.)    Semi-eixo maior (km)       Excentricidade          Inclinacao (°)      Long. Nodo Ascend. (°)    Arg. Periastro (°)       Anom. Media (°)       Anom. Verdadeira (°)      Per. Orbital (s)       Pass. Periast. (JD_TT)
1996-JUN-22 03:26:41.500      2450256.643535879 2450256.644255602   19 09 32.2024  -23 35 13.080   19 09 21.0378  -23 35 22.126    0.6145493232399334E+09      n.d.       165.1044 G    5938.849   -3187.396    98.2133  80.1470     -00 42 36.012     79.0377 -84.7656     128.9      2450256.620529481   0.2102958324276163E+08  0.2629218152900479E+00  0.1722267263034111E+03  0.1242847932931470E+02  0.1046128691873829E+03  0.2211550695512378E+03  0.2054697989423699E+03  0.5383449417174223E+08      2450496.931955633
1996-JUL-25 01:57:38.378      2450289.581694189 2450289.582413912   18 52 35.2828  -23 51 38.245   18 52 24.3830  -23 51 42.794    0.6215617606420143E+09      n.d.       159.5317 S    6448.703   -2549.405   248.4062  86.2741     +00 15 09.191    263.3438 -73.1536      54.0      2450289.558417059   0.2072114491973550E+08  0.2773344680532016E+00  0.1718168553742208E+03  0.1512727017472787E+02  0.1095364730606750E+03  0.2382047620597336E+03  0.2159382787056243E+03  0.5265447171690755E+08      2450495.739741370
1996-OCT-01 22:54:32.333      2450358.454540891 2450358.455260613   18 46 42.2377  -23 26 36.946   18 46 30.5217  -23 26 41.604    0.7562407890143474E+09      n.d.        91.6291 S    5749.964    -331.730   262.5392  64.8244     +01 49 28.993    253.5757 -26.5383     149.8      2450358.426064237   0.2056347867517654E+08  0.2963645520392663E+00  0.1714916174050173E+03  0.1615939078518272E+02  0.1114910341357956E+03  0.2800292177614385E+03  0.2463492736553124E+03  0.5205464815290198E+08      2450492.262578252
1998-AUG-19 23:47:32.834      2451045.491352245 2451045.492083542   23 48 01.5387  -02 34 42.944   23 47 57.9575  -02 35 05.487    0.6241157661185211E+09      n.d.       150.5453 G    -924.507     871.014    87.6072  12.4694     -05 10 16.426    266.8207 -41.9161     125.4      2451045.467988279   0.2143744962269422E+08  0.3814579172839017E+00  0.1726786290327325E+03  0.5165944018978578E+02  0.1340817864590610E+03  0.3269139560307566E+03  0.2905348480247772E+03  0.5540823458342165E+08      2451104.407008524
1998-SEP-03 03:40:40.000      2451059.653240741 2451059.653972037   23 41 03.5994  -03 14 26.307   23 41 00.2270  -03 14 47.408    0.6100606095949384E+09      n.d.       166.0576 G   -1939.488     919.796    10.7393  70.3997     -00 14 21.511    146.4060 -72.4276      58.4      2451059.630419222   0.2127023739551905E+08  0.3756842059451287E+00  0.1726994987953721E+03  0.5208649317110914E+02  0.1346076408509130E+03  0.3344251953365983E+03  0.3043182115110386E+03  0.5476122356199916E+08      2451104.657026595
1998-SEP-30 22:35:35.285      2451087.441380613 2451087.442111909   23 25 54.3720  -04 43 15.862   23 25 51.0920  -04 43 35.740    0.6062744649241579E+09      n.d.       162.7137 S   -3622.463     786.876    76.7633  39.7415     -03 14 43.781    256.5390 -22.4563      48.3      2451087.418705340   0.2082670298124011E+08  0.3624005364438189E+00  0.1727011138112358E+03  0.5268040707535160E+02  0.1357837124877278E+03  0.3495487603671983E+03  0.3363986679355968E+03  0.5305733385634377E+08      2451105.246473808
1999-OCT-10 03:43:00.337      2451461.654865012 2451461.655607882   02 09 50.6642  +10 11 09.679   02 09 50.3347  +10 11 04.981    0.6106494600037014E+09      n.d.       162.4328 G    8304.996   -1601.786     7.2170  57.0481     -00 15 55.455    154.1457 -58.2016     170.0      2451461.632032359   0.2073665424843217E+08  0.4319694780748632E+00  0.1727734145009670E+03  0.5568583425271012E+02  0.1273260216403118E+03  0.2206805999500852E+03  0.1983513812042333E+03  0.5271359887675925E+08      2451697.744010560
1999-OCT-11 03:16:09.569      2451462.636221863 2451462.636964734   02 09 21.0020  +10 08 37.870   02 09 20.6819  +10 08 33.188    0.6101717781407684E+09      n.d.       163.5170 G    8289.434   -1596.912    17.0725  55.9942     -00 38 24.432    166.5877 -59.9186     176.5      2451462.613407655   0.2073560929348779E+08  0.4323970580565075E+00  0.1727838479921277E+03  0.5562940652525484E+02  0.1272251451100208E+03  0.2213862188510615E+03  0.1986713118023859E+03  0.5270961443636824E+08      2451697.511779566
1999-OCT-15 23:46:25.787      2451467.490576238 2451467.491319109   02 06 49.8784  +09 55 53.306   02 06 49.6176  +09 55 48.802    0.6084354409647200E+09      n.d.       168.8649 G    8201.198   -1569.289    65.9553  25.7517     -03 46 28.837    240.1164 -35.6982     119.5      2451467.467829161   0.2082674256784506E+08  0.4270601859479077E+00  0.1727612590035469E+03  0.5574467365940203E+02  0.1269669732610420E+03  0.2245993601029759E+03  0.2004166610349178E+03  0.5305748513045914E+08      2451698.435467985
1999-NOV-09 21:52:27.230      2451492.411426273 2451492.412169144   01 53 25.4182  +08 52 16.780   01 53 25.2999  +08 52 12.680    0.6163547285914289E+09      n.d.       162.2683 S    7440.545   -1359.308    67.2918  25.8022     -03 48 47.994    247.8388  -8.0781     144.1      2451492.388373456   0.2109996289628884E+08  0.4131246003765732E+00  0.1726482524474679E+03  0.5622717389371283E+02  0.1260674217607504E+03  0.2404753090499372E+03  0.2092058416058494E+03  0.5410497180846842E+08      2451700.299897192
1999-NOV-11 00:31:25.267      2451493.521820220 2451493.522563091   01 52 51.8358  +08 49 49.093   01 52 51.7301  +08 49 45.012    0.6173590619467728E+09      n.d.       161.0218 S    7394.467   -1348.456    28.6460  54.8380     -01 04 53.717    222.5136 -38.3359     130.8      2451493.498728535   0.2111642371028389E+08  0.4124270965527723E+00  0.1726494394576256E+03  0.5622294932553176E+02  0.1259681015629501E+03  0.2412169137201248E+03  0.2096472585054347E+03  0.5416829790706839E+08      2451700.362077427
1999-NOV-29 23:19:45.385      2451512.472053067 2451512.472795938   01 44 49.9518  +08 17 49.004   01 44 49.8202  +08 17 44.640    0.6422720776770544E+09      n.d.       139.9613 S    6461.414   -1165.104    24.6326  56.4704     -00 53 48.897    233.1472 -22.3227     130.4      2451512.447999563   0.2135781740026819E+08  0.3995440551268339E+00  0.1725291740276166E+03  0.5658438770185762E+02  0.1250405509396201E+03  0.2528494033953383E+03  0.2171103942673026E+03  0.5509978971950543E+08      2451702.262021593
1999-NOV-30 20:47:54.528      2451513.366603334 2451513.367346204   01 44 32.4041  +08 16 51.124   01 44 32.2568  +08 16 46.692    0.6437791545089709E+09      n.d.       138.9843 S    6411.229   -1156.891    63.8646  31.7813     -03 21 50.584    250.1025   8.7983     141.5      2451513.342491721   0.2136245432101681E+08  0.3992534367747028E+00  0.1725212805309894E+03  0.5660371005073666E+02  0.1250347777126118E+03  0.2533621386132975E+03  0.2174402528102895E+03  0.5511773447623467E+08      2451702.309741239
1999-DEC-01 20:29:48.923      2451514.354038461 2451514.354781331   01 44 13.5820  +08 15 51.157   01 44 13.4224  +08 15 46.659    0.6454717047752280E+09      n.d.       137.9075 S    6355.301   -1147.916    66.0069  28.8854     -03 35 43.777    251.4541  12.8765     153.9      2451514.329861515   0.2136611249570173E+08  0.3990236531801639E+00  0.1725128514013311E+03  0.5662396320854491E+02  0.1250350403728135E+03  0.2539253797872262E+03  0.2177980618712908E+03  0.5513189288680129E+08      2451702.347306204
1999-DEC-06 23:50:07.300      2451519.493140046 2451519.493882916   01 42 46.3498  +08 11 45.946   01 42 46.1506  +08 11 41.126    0.6547754704752363E+09      n.d.       132.3434 S    6055.201   -1102.711   356.9553  59.2312     +00 06 17.542    227.8033 -26.6028     143.2      2451519.468603817   0.2144001874566786E+08  0.3947122111614080E+00  0.1724710939975976E+03  0.5671279653351154E+02  0.1246996018553429E+03  0.2569999756322594E+03  0.2200086146381962E+03  0.5541819529486858E+08      2451702.984404544
1999-DEC-07 20:00:18.296      2451520.333545093 2451520.334287963   01 42 33.9930  +08 11 16.601   01 42 33.7815  +08 11 11.708    0.6563753484248303E+09      n.d.       131.4412 S    6004.689   -1095.563    66.7053  28.0207     -03 40 00.288    253.0607  20.1476     133.5      2451520.308947194   0.2144685276080692E+08  0.3943305866461018E+00  0.1724649684674309E+03  0.5672547977557103E+02  0.1246716336761410E+03  0.2574908469774831E+03  0.2203457337368504E+03  0.5544469426638335E+08      2451703.037491717
2001-NOV-21 00:45:08.771      2452234.531351516 2452234.532094386   06 58 11.1999  +22 37 44.489   06 58 17.7891  +22 37 35.243    0.6659208395187292E+09      n.d.       135.3365 G   -6103.023     482.947    64.8967   1.0567     -05 15 07.169    217.6150 -38.0369     156.5      2452234.506385205   0.2066763257647186E+08  0.2614897004421766E+00  0.1668396523064157E+03  0.6474198485267742E+02  0.1402559688085459E+03  0.2907967767811840E+03  0.2606080136810099E+03  0.5245063325348765E+08      2452351.203687192
2001-NOV-22 03:15:00.823      2452235.635426192 2452235.636169062   06 57 52.9300  +22 38 56.013   06 57 59.5674  +22 38 46.831    0.6639281341213775E+09      n.d.       136.5248 G   -6109.485     518.348    43.5485  30.2653     -02 40 35.719    170.8502 -46.8494     143.1      2452235.610536694   0.2066236664551662E+08  0.2619598839060636E+00  0.1668334948390732E+03  0.6471852011940308E+02  0.1403269231321227E+03  0.2914145758537701E+03  0.2611835292821261E+03  0.5243058859055300E+08      2452351.221845745
2001-DEC-18 02:02:22.035      2452261.584977257 2452261.585720127   06 47 04.9892  +23 11 27.545   06 47 12.3579  +23 11 19.122    0.6300934692458328E+09      n.d.       165.3721 G   -5927.744    1323.077    34.5317  35.7392     -02 00 08.746    197.5390 -42.0766     157.5      2452261.561393993   0.2062630152759916E+08  0.2656214978209473E+00  0.1667916511042920E+03  0.6450980556081630E+02  0.1409382082751378E+03  0.3064995258669233E+03  0.2774145329554766E+03  0.5229337609007515E+08      2452351.508680992
2001-DEC-21 01:48:11.348      2452264.575131342 2452264.575874213   06 45 30.6820  +23 15 24.986   06 45 38.1127  +23 15 16.904    0.6280191952683114E+09      n.d.       168.7808 G   -5863.034    1409.373    34.6753  35.5777     -02 00 57.847    202.0212 -40.8030     121.3      2452264.551628160   0.2062238489896987E+08  0.2666783185811019E+00  0.1667812436332809E+03  0.6443106895977257E+02  0.1410771844429536E+03  0.3082086622870258E+03  0.2793421970116497E+03  0.5227848219279338E+08      2452351.600641996
2001-DEC-21 22:41:43.410      2452265.445641319 2452265.446384190   06 45 02.9013  +23 16 33.222   06 45 10.3316  +23 16 25.184    0.6274962825231097E+09      n.d.       169.7731 G   -5842.351    1434.117    63.1591   3.1819     -05 03 32.082    238.0539 -12.0723     110.6      2452265.422158455   0.2065790173175600E+08  0.2670110358618246E+00  0.1667958591688528E+03  0.6454583651599627E+02  0.1408525217775486E+03  0.3090352138194098E+03  0.2803102444855062E+03  0.5241359498472444E+08      2452351.303320406
2002-JAN-10 00:55:26.033      2452284.538495752 2452284.539238623   06 34 45.6218  +23 39 43.094   06 34 53.3327  +23 39 36.954    0.6249108708790905E+09      n.d.       168.3811 S   -5187.886    1923.000    25.2446  39.4686     -01 24 15.922    218.5835 -34.7559     150.2      2452284.515112560   0.2072017067292931E+08  0.2702585630748676E+00  0.1668025052566568E+03  0.6464219478948193E+02  0.1408933900040773E+03  0.3206828473646212E+03  0.2951458607636892E+03  0.5265075827480863E+08      2452351.068542969
2002-JAN-11 21:47:50.687      2452286.408225544 2452286.408968414   06 33 48.3220  +23 41 40.882   06 33 56.0482  +23 41 34.838    0.6255840703912843E+09      n.d.       166.2569 S   -5103.046    1964.171    58.3808  11.0461     -04 23 31.675    246.4362   0.1244     173.9      2452286.384816470   0.2077913508982801E+08  0.2721443566599456E+00  0.1668062097897549E+03  0.6471444906107067E+02  0.1406994522784367E+03  0.3221312875873049E+03  0.2969580859105062E+03  0.5287566440150505E+08      2452350.760244995
2002-FEB-07 22:44:12.673      2452313.447368900 2452313.448111771   06 23 31.1061  +24 02 01.487   06 23 38.8116  +24 01 58.290    0.6521209434621938E+09      n.d.       136.4111 S   -3497.598    2378.183    26.6179  38.5279     -01 30 16.183    247.0424 -13.4767     174.1      2452313.422935212   0.2096740291190828E+08  0.2779410015791894E+00  0.1668044608346461E+03  0.6526920601164862E+02  0.1404873795215672E+03  0.3388014208939564E+03  0.3221636862873178E+03  0.5359590377996214E+08      2452349.950616734
2007-SEP-10 00:37:29.549      2454353.526036446 2454353.526790891   16 34 18.1059  -22 00 01.046   16 34 45.8810  -22 01 06.302    0.8015777044487344E+09      n.d.        83.3659 S   -4974.305    -845.209   257.1779  31.4690     +04 15 06.570    248.5235 -51.5484     100.9      2454353.495844288   0.2066260460357524E+08  0.3151477628993349E+00  0.1613665993277994E+03  0.8950865972402721E+02  0.1431711886936252E+03  0.8763950180232031E+02  0.1221170766763473E+03  0.5243149431814038E+08      2454205.763396989
2008-JUL-09 07:05:19.440      2454656.795363889 2454656.796118333   19 21 20.7819  -22 50 36.364   19 21 53.8171  -22 49 38.805    0.6044410407836579E+09      n.d.       178.4658 G    5019.372   -1210.698   257.6802  36.9746     +03 51 28.480     77.9415 -35.4549     102.0      2454656.772782557   0.2127593266221384E+08  0.2194196106010578E+00  0.1578594140260056E+03  0.9243365721810696E+02  0.1554720069343366E+03  0.2495121619838595E+03  0.2285011714658341E+03  0.5478321913095039E+08      2454851.374102044
2008-SEP-24 01:26:59.333      2454733.560408947 2454733.561163391   19 02 06.9346  -22 48 00.354   19 02 39.7185  -22 47 18.604    0.7184448283805463E+09      n.d.       103.0410 S    5231.289    1226.518   258.6793  40.6843     +03 35 01.634    225.5788 -58.6129     168.2      2454733.533426263   0.2061138307506853E+08  0.2353001483829517E+00  0.1572022348049717E+03  0.9110470912405883E+02  0.1625061839286738E+03  0.2864522258483092E+03  0.2593135961287192E+03  0.5223665274818882E+08      2454857.050965447
2009-MAY-21 08:57:44.116      2454972.873427269 2454972.874193287   21 49 09.3622  -14 26 49.608   21 49 40.9911  -14 24 08.591    0.7208305340419415E+09      n.d.        95.7264 G   -3959.120   -3075.646   356.1048  81.8491     +00 02 16.741     71.2890  -7.8786      55.0      2454972.846363971   0.2066721239360351E+08  0.2317363537430265E+00  0.1563792132580019E+03  0.9225368630770998E+02  0.1571459550351390E+03  0.7384618018038402E+02  0.1005682548441844E+03  0.5244903374187716E+08      2454848.323447433
2009-MAY-23 07:19:55.251      2454974.805500590 2454974.806266609   21 49 46.4594  -14 25 26.877   21 50 18.1309  -14 22 45.157    0.7159286418896638E+09      n.d.        97.4352 G   -3912.415   -3140.177    72.5806  67.5103     -01 28 32.224     78.3659 -29.8272      82.1      2454974.778626556   0.2070160364712002E+08  0.2310197243770858E+00  0.1563854715541686E+03  0.9232859593697179E+02  0.1576660068834929E+03  0.7462006010233051E+02  0.1012533806476664E+03  0.5258000483064742E+08      2454848.636550918
2010-JUN-19 07:49:15.607      2455366.825875081 2455366.826641099   00 10 01.8194  +00 07 04.553   00 10 34.9198  +00 10 40.329    0.7531233113505646E+09      n.d.        85.4506 G    2584.175    2451.675    48.3426  57.7789     -01 33 54.224     73.6571 -24.9987     173.4      2455366.797565092   0.2112384504860292E+08  0.3106633393206248E+00  0.1524774949243593E+03  0.1001360532053908E+03  0.1708250144771996E+03  0.2948090351156602E+03  0.2588297587120464E+03  0.5419685647757354E+08      2455480.388915641
