  -129.5  -205.8  63.3  48.2     4  -129.5  -205.8  63.3  48.2     4   0.00 120.0  2.0   19 09 32.19295 -23 35 13.2861 03 26 41.5000 22 06 1996 2450256.6435358799 1996.474041166  19.1589424875 -23.5870239265 18.1  46.5  50.8    50 Ananke                0.0000 160/LNA              Varios               Altair               PRAIA V.0.1.0        1rd degree           UCAC4                JUP300               23 Sep 2013                                                  
   -93.4  -390.0  98.4 110.6     5   -93.4  -390.0  98.4 110.6     5   0.00 120.0  2.0   18 52 35.27605 -23 51 38.6353 01 57 38.3780 25 07 1996 2450289.5816941899 1996.564220928  18.8764655708 -23.8607320358 18.8  48.4  44.8    83 Ananke                0.0000 160/LNA              Varios               Altair               PRAIA V.0.1.0        1rd degree           UCAC4                JUP300               23 Sep 2013                                                  
    52.7  -172.0  60.0   7.9     3    52.7  -172.0  60.0   7.9     3   0.00 120.0  2.0   18 46 42.24192 -23 26 37.1150 22 54 32.3332 01 10 1996 2450358.4545408934 1996.752784506  18.7784005340 -23.4436430473 20.0  58.0  52.3    53 Ananke                0.0000 160/LNA              Varios               Altair               PRAIA V.0.1.0        1rd degree           UCAC4                JUP300               23 Sep 2013                                                  
   285.0    21.6  73.2  34.8     5   285.0    21.6  73.2  34.8     5   0.00 120.0  2.0   23 48  1.47563 -02 34 45.2207 23 47 32.8342 19 08 1998 2451045.4913522480 1998.633788781  23.8004098986  -2.5792279704 19.1  53.6  68.6    10 Ananke                0.6900 OHP                  Varios               Altair               PRAIA V.0.1.1        1rd degree           UCAC4                SAT359               10 Dec 2013                                                  
   139.3   227.0  30.4   5.6     3   139.3   227.0  30.4   5.6     3   0.00 120.0  2.0   23 41  3.60870 -03 14 26.0801 03 40 40.0002 03 09 1998 2451059.6532407431 1998.672561918  23.6843357503  -3.2405777970 18.0  35.7  71.3     4 Ananke                0.0000 160/LNA              Varios               Altair               PRAIA V.0.1.0        1rd degree           UCAC4                JUP300               23 Sep 2013                                                  
   178.6   120.6  52.4  50.0    14   172.5   123.5 104.2  51.7    16  12.50 120.0  2.0   23 25 54.27845 -04 43 18.0775 22 35 35.2850 30 09 1998 2451087.4413806135 1998.748641699  23.4317440129  -4.7216882064 18.4  61.9  57.1    12 Ananke                0.6900 OHP                  Varios               Altair               PRAIA V.0.1.1        1rd degree           UCAC4                SAT359               10 Dec 2013                                                  
    42.4  -169.0  51.4  13.6     7    48.9  -176.1  51.0  23.8     8  12.50 120.0  2.0   02 09 50.58060 +10 11  7.0723 03 43 00.3371 10 10 1999 2451461.6548650130 1999.773182382   2.1640501674  10.1852978589 18.6  54.1  41.7    14 Ananke                0.6900 OHP                  Varios               Altair               PRAIA V.0.1.1        1rd degree           UCAC4                SAT359               10 Dec 2013                                                  
    51.6  -176.4  41.7  57.1     9    51.6  -176.4  41.7  57.1     9   0.00 120.0  2.0   02 09 20.91318 +10 08 35.2777 03 16 09.5690 11 10 1999 2451462.6362218633 1999.775869190   2.1558092172  10.1431327026 18.5  47.6  38.7    18 Ananke                0.6900 OHP                  Varios               Altair               PRAIA V.0.1.1        1rd degree           UCAC4                SAT359               10 Dec 2013                                                  
   116.9  -127.5  97.1  42.1     8   144.0  -116.7 122.0  51.0     9  11.11 120.0  2.0   02 06 49.78296 +09 55 50.9715 23 46 25.7874 15 10 1999 2451467.4905762426 1999.789159688   2.1138286009   9.9308254079 18.5  29.0  57.4    12 Ananke                0.6900 OHP                  Varios               Altair               PRAIA V.0.1.1        1rd degree           UCAC4                SAT359               10 Dec 2013                                                  
  -192.4  -138.8 114.4  85.5     5  -192.4  -138.8 114.4  85.5     5   0.00 120.0  2.0   01 53 25.30395 +08 52 14.4529 21 52 27.2299 09 11 1999 2451492.4114262722 1999.857389257   1.8903622080   8.8706813700 18.7  43.0  57.4     9 Ananke                0.6900 OHP                  Varios               Altair               PRAIA V.0.1.1        1rd degree           UCAC4                SAT359               10 Dec 2013                                                  
   -73.4   -81.6  27.7  40.5    11   -73.4   -81.6  27.7  40.5    11   0.00 120.0  2.0   01 52 51.73450 +08 49 46.6579 00 31 25.2674 11 11 1999 2451493.5218202244 1999.860429350   1.8810373609   8.8296271974 18.0  68.3  58.2    14 Ananke                0.6900 OHP                  Varios               Altair               PRAIA V.0.1.1        1rd degree           UCAC4                SAT359               10 Dec 2013                                                  
    45.0  -156.6  37.1  39.8     8    45.0  -156.6  37.1  39.8     8   0.00 120.0  2.0   01 44 49.86424 +08 17 46.5788 23 19 45.3849 29 11 1999 2451512.4720530664 1999.912312260   1.7471845113   8.2962718879 18.9  48.7  51.4    12 Ananke                0.6900 OHP                  Varios               Altair               PRAIA V.0.1.1        1rd degree           UCAC4                SAT359               10 Dec 2013                                                  
    47.0  -171.7  48.8  49.0     6    47.0  -171.7  48.8  49.0     6   0.00 120.0  2.0   01 44 32.30776 +08 16 48.8242 20 47 54.5281 30 11 1999 2451513.3666033349 1999.914761405   1.7423077102   8.2802289540 18.4  42.7  49.7    12 Ananke                0.6900 OHP                  Varios               Altair               PRAIA V.0.1.1        1rd degree           UCAC4                SAT359               10 Dec 2013                                                  
    58.4  -150.9  80.1  54.7     7    58.4  -150.9  80.1  54.7     7   0.00 120.0  2.0   01 44 13.48795 +08 15 48.8966 20 29 48.9229 01 12 1999 2451514.3540384602 1999.917464855   1.7370799856   8.2635823816 18.8  33.4  50.1    16 Ananke                0.6900 OHP                  Varios               Altair               PRAIA V.0.1.1        1rd degree           UCAC4                SAT359               10 Dec 2013                                                  
    34.5  -165.3  73.4  31.0     4    34.5  -165.3  73.4  31.0     4   0.00 120.0  2.0   01 42 46.27783 +08 11 43.5109 23 50 07.3001 06 12 1999 2451519.4931400474 1999.931534948   1.7128549518   8.1954196853 18.9  40.3  31.5    11 Ananke                0.6900 OHP                  Varios               Altair               PRAIA V.0.1.1        1rd degree           UCAC4                SAT359               10 Dec 2013                                                  
   118.1  -156.1  31.0   5.9     7   129.5  -147.1  37.8  35.3    10  30.00 120.0  2.0   01 42 33.90510 +08 11 14.3727 20 00 18.2956 07 12 1999 2451520.3335450883 1999.933835852   1.7094180834   8.1873257627 18.8  39.6  34.4    11 Ananke                0.6900 OHP                  Varios               Altair               PRAIA V.0.1.1        1rd degree           UCAC4                SAT359               10 Dec 2013                                                  
    47.1  -122.7  32.8  18.2     7    -2.8  -111.3  90.2  42.7    10  30.00 120.0  2.0   06 58 11.12120 +22 37 42.7610 00 45 08.7714 21 11 2001 2452234.5313515211 2001.889202878   6.9697558894  22.6285447110 19.0  43.0  45.7   112 Ananke                0.6900 OHP                  Varios               Altair               PRAIA V.0.1.1        1rd degree           UCAC4                SAT359               10 Dec 2013                                                  
    49.2  -145.9  31.7   9.6     9    44.3  -142.6  33.7  13.8    10  10.00 120.0  2.0   06 57 52.82829 +22 38 53.9060 03 15 00.8232 22 11 2001 2452235.6354261944 2001.892225670   6.9646745262  22.6483072259 18.9  46.9  44.0   123 Ananke                0.6900 OHP                  Varios               Altair               PRAIA V.0.1.1        1rd degree           UCAC4                SAT359               10 Dec 2013                                                  
    27.4   -66.3  54.4  17.0    10    27.4   -66.3  54.4  17.0    10   0.00 120.0  2.0   06 47  4.88176 +23 11 25.3138 02 02 22.0350 18 12 2001 2452261.5849772571 2001.963271669   6.7846893790  23.1903649468 18.7  49.4  48.7   137 Ananke                0.6900 OHP                  Varios               Altair               PRAIA V.0.1.1        1rd degree           UCAC4                SAT359               10 Dec 2013                                                  
   -72.0   -89.3  88.3  70.9     4   -21.2   -80.0 136.9  64.8     5  20.00 120.0  2.0   06 45 30.56664 +23 15 22.7304 01 48 11.3478 21 12 2001 2452264.5751313400 2001.971458265   6.7584907333  23.2563139882 18.7  40.5  44.5   142 Ananke                0.6900 OHP                  Varios               Altair               PRAIA V.0.1.1        1rd degree           UCAC4                SAT359               10 Dec 2013                                                  
    41.5   -52.5  46.1  26.8     4    41.5   -52.5  46.1  26.8     4   0.00 120.0  2.0   06 45  2.81358 +23 16 31.4620 22 41 43.4101 21 12 2001 2452265.4456413202 2001.973841591   6.7507815498  23.2754061227 18.6  45.8  45.5   143 Ananke                0.6900 OHP                  Varios               Altair               PRAIA V.0.1.1        1rd degree           UCAC4                SAT359               10 Dec 2013                                                  
    -1.0   -65.7  77.7  21.5     6    -1.0   -65.7  77.7  21.5     6   0.00 120.0  2.0   06 34 45.51524 +23 39 40.7591 00 55 26.0334 10 01 2002 2452284.5384957567 2002.026114978   6.5793097900  23.6613219665 18.6  46.7  48.0   177 Ananke                0.6900 OHP                  Varios               Altair               PRAIA V.0.1.1        1rd degree           UCAC4                SAT359               10 Dec 2013                                                  
   123.5   -64.2 101.8  53.0     6   123.5   -64.2 101.8  53.0     6   0.00 120.0  2.0   06 33 48.22959 +23 41 39.0244 21 47 50.6865 11 01 2002 2452286.4082255382 2002.031234019   6.5633971075  23.6941734435 18.5  51.3  50.5   146 Ananke                0.6900 OHP                  Varios               Altair               PRAIA V.0.1.1        1rd degree           UCAC4                SAT359               10 Dec 2013                                                  
   -71.3   119.8  76.5  92.3     4   -71.3   119.8  76.5  92.3     4   0.00 120.0  2.0   06 23 30.99765 +24 01 59.4503 22 44 12.6725 07 02 2002 2452313.4473688952 2002.105263159   6.3919437930  24.0331806490 19.0  43.0  45.0   125 Ananke                0.6900 OHP                  Varios               Altair               PRAIA V.0.1.1        1rd degree           UCAC4                SAT359               10 Dec 2013                                                  
  -173.2  -111.1  17.5  15.5     9  -170.4  -117.7  18.7  25.4    10  10.00 120.0  2.0   16 34 18.12701 -22 00  1.1658 00 37 29.5494 10 09 2007 2454353.5260364511 2007.690694145  16.5717019480 -22.0003238286 19.4  30.9  29.3  1614 Ananke                0.2800 ESO                  Varios               Altair               PRAIA V.0.1.1        1rd degree           UCAC4                jup300+de421         21 Nov 2014                                                  
   -24.4  -188.6  26.4  10.0     5   -24.4  -188.6  26.4  10.0     5   0.00 120.0  2.0   19 21 20.78014 -22 50 36.5524 07 05 19.4401 09 07 2008 2454656.7953638900 2008.521000311  19.3557722598 -22.8434867826 18.6  43.6  50.8    40 Ananke                0.0000 160/LNA              Varios               Altair               PRAIA V.0.1.0        1rd degree           UCAC4                JUP300               23 Sep 2013                                                  
   -77.5  -123.3  52.9  35.5     4   103.6  -370.0 407.5 552.6     5  20.00 120.0  2.0   19 02  6.92909 -22 48  0.4771 01 26 59.3326 24 09 2008 2454733.5604089424 2008.731171550  19.0352580815 -22.8001325260 19.9  46.0  49.0    45 Ananke                0.0000 160/LNA              Varios               Altair               PRAIA V.0.1.0        1rd degree           UCAC4                JUP300               23 Sep 2013                                                  
   231.2  -104.3  13.0  12.7    22   232.3  -106.5  20.8  13.1    26  15.38 120.0  2.0   21 49  9.42481 -14 26 49.4678 08 57 44.1163 21 05 2009 2454972.8734272723 2009.386374886  21.8192846686 -14.4470743931 19.4  32.0  30.6   323 Ananke                0.2800 ESO                  Varios               Altair               PRAIA V.0.1.1        1rd degree           UCAC4                jup300+de421         21 Nov 2014                                                  
   201.8  -140.3  17.5  22.0    26   204.6  -139.5  32.0  23.7    30  13.33 120.0  2.0   21 49 46.51020 -14 25 26.7098 07 19 55.2508 23 05 2009 2454974.8055005884 2009.391664614  21.8295861666 -14.4240860555 19.4  29.8  27.5   346 Ananke                0.2800 ESO                  Varios               Altair               PRAIA V.0.1.1        1rd degree           UCAC4                jup300+de421         21 Nov 2014                                                  
    21.5   -97.0  82.8  65.2    28    23.1  -113.0  84.7 103.6    33  15.15 120.0  2.0   00 10  1.82011 +00 07  4.4545 07 49 15.6071 19 06 2010 2455366.8258750825 2010.464957905   0.1671722520   0.1179040217 18.4  92.7  64.3     4 Ananke                0.0000 160/LNA              Varios               Altair               PRAIA V.0.1.0        1rd degree           UCAC4                JUP300               23 Sep 2013                                                  
