OBSERVATORIO (?=LISTA SITIOS, X=PROMPT, G=GEOCENTRICO, H=HELIOCENTRICO, OU CODIGO IAU): NOME/ID DO OBJETO DO SISTEMA SOLAR: EFEMERIDE DE/LE (EX: de421, <ENTER>=CANONICO JPL): Arquivo com datas: Alvo: CARME (    511)     Efemerides: jup300+de421   Sitio: 874 (OPD/LNA) (314°25'02.5"E 22°32'07.8"S  1810.7 m)

     Data Cal. UTC                  JD_UTC         JD_TT (Obs.)      R.A.__(ICRF//J2000.0)__DEC     R.A.__(ap./sem atms.)__DEC            DIST (km)           APmag        S-O-A (°)     X_(sat-primario)_Y      AZ (°)   EL (°)       Hour Angle       AZ__SOL__EL (°)    L-O-A (°)    JD_TT (El. Orb.)    Semi-eixo maior (km)       Excentricidade          Inclinacao (°)      Long. Nodo Ascend. (°)    Arg. Periastro (°)       Anom. Media (°)       Anom. Verdadeira (°)      Per. Orbital (s)       Pass. Periast. (JD_TT)
1996-JUN-22 03:03:04.334      2450256.627133495 2450256.627853218   18 57 16.1131  -23 09 10.781   18 57 04.9903  -23 09 16.576    0.6150590018513949E+09      n.d.       167.8747 G   -4253.627   -1622.776    95.4666  77.5442     -00 54 01.001    342.8675 -89.0602     126.4      2450256.604107422   0.2307259861312512E+08  0.2203011894605680E+00  0.1511970526227648E+03  0.1510114927026459E+03  0.7949955989935924E+02  0.3112804219460905E+03  0.2887506157650532E+03  0.6186704941066914E+08      2450353.509217463
1996-JUL-26 03:42:49.311      2450290.654737396 2450290.655457119   18 41 27.0918  -23 23 04.790   18 41 16.2025  -23 23 06.386    0.6176603259593714E+09      n.d.       156.0220 S   -2346.244    -792.584   261.7021  58.8225     +02 15 42.150    110.0881 -81.4624      36.9      2450290.631610923   0.2349332602283958E+08  0.2242374822936270E+00  0.1511806282087008E+03  0.1509960404098240E+03  0.7455147126975095E+02  0.3321374417384223E+03  0.3164455222203675E+03  0.6356695320657347E+08      2450347.574060037
1996-OCT-01 22:50:59.333      2450358.452075613 2450358.452795336   18 42 31.3119  -23 09 03.536   18 42 19.5950  -23 09 06.906    0.7425149051040542E+09      n.d.        90.6966 S    2295.137     723.013   263.2028  64.6627     +01 50 06.347    254.0291 -25.7514     150.8      2450358.424128873   0.2311743051354090E+08  0.2069068266428294E+00  0.1511511676264120E+03  0.1508951782286130E+03  0.6824391213700386E+02  0.9335704626996455E+01  0.1446822633169777E+02  0.6204745589730088E+08      2450339.800906101
1998-AUG-14 03:04:35.663      2451039.628190544 2451039.628921840   23 56 27.3392  -02 05 10.696   23 56 23.6182  -02 05 34.458    0.6080575050526029E+09      n.d.       142.7749 G    4912.295    1799.792    64.9847  49.3684     -02 24 46.221    184.2821 -81.8932      44.6      2451039.605446404   0.2292653370653611E+08  0.2627228126520080E+00  0.1487117453280555E+03  0.1499919484480719E+03  0.6590928509500131E+02  0.3445761740842365E+03  0.3330400763670374E+03  0.6128049079058075E+08      2451069.993165732
1998-AUG-18 22:28:01.934      2451044.436133495 2451044.436864791   23 55 00.6076  -02 13 35.146   23 54 56.9808  -02 13 58.147    0.6030221957415347E+09      n.d.       147.7764 G    5018.782    1978.255    96.0384  -8.5709     -06 40 55.958    274.7564 -23.6284     109.6      2451044.413583977   0.2283617515364598E+08  0.2602061912630508E+00  0.1486957937608699E+03  0.1499659150300273E+03  0.6634498047648113E+02  0.3466678681503848E+03  0.3367446170716868E+03  0.6091856797875418E+08      2451070.525157420
1999-OCT-09 03:03:15.663      2451460.627264618 2451460.628007488   01 52 59.7630  +09 28 38.619   01 52 59.4534  +09 28 34.152    0.5795340634398296E+09      n.d.       165.6357 G   -7033.024   -4315.088    19.3108  56.3096     -00 42 52.312    173.0367 -61.2212     161.4      2451460.605633237   0.2297750808291528E+08  0.3098119353127464E+00  0.1470626943229279E+03  0.1514783938127126E+03  0.5219790295615972E+02  0.2153332110496660E+03  0.1999321095869691E+03  0.6148497899479911E+08      2451746.576391977
1999-OCT-12 01:52:37.686      2451463.578213959 2451463.578956829   01 51 38.9439  +09 20 18.196   01 51 38.6559  +09 20 13.781    0.5777859641056809E+09      n.d.       168.8688 G   -6963.793   -4344.662    40.4094  49.7249     -01 40 31.452    206.5269 -57.2423     161.9      2451463.556650084   0.2304475214833942E+08  0.3059249744089612E+00  0.1470812998590039E+03  0.1515873603044687E+03  0.5212006045123595E+02  0.2168608683669032E+03  0.2009773003488909E+03  0.6175508161313231E+08      2451747.750604431
1999-NOV-10 23:29:51.264      2451493.479065556 2451493.479808426   01 37 53.1132  +07 59 12.691   01 37 52.9715  +07 59 08.742    0.5825120426728417E+09      n.d.       157.3822 S   -5930.947   -4390.733    44.9928  49.0278     -01 51 39.064    234.5935 -27.6543     127.6      2451493.457319224   0.2354766986285516E+08  0.2811235459150573E+00  0.1471739522018272E+03  0.1524148331580243E+03  0.5036033520367344E+02  0.2336620021891938E+03  0.2126666341862866E+03  0.6378764157887644E+08      2451752.549491361
1999-NOV-30 21:36:13.533      2451513.400156632 2451513.400899502   01 31 47.7302  +07 27 13.410   01 31 47.5318  +07 27 09.010    0.6068682747311550E+09      n.d.       135.7268 S   -4922.641   -4132.209    52.9888  44.3479     -02 20 38.907    245.7217  -1.5369     145.3      2451513.377469994   0.2386126837636145E+08  0.2651861334524864E+00  0.1471927852554557E+03  0.1530213766522820E+03  0.4912923702419042E+02  0.2442809311129453E+03  0.2209998028626736E+03  0.6506612239892127E+08      2451755.448943119
1999-DEC-02 19:19:53.378      2451515.305478912 2451515.306221782   01 31 26.7001  +07 25 40.178   01 31 26.4699  +07 25 35.619    0.6099388926288761E+09      n.d.       133.7072 G   -4815.336   -4096.323    73.7752  17.7101     -04 29 07.296    256.3762  28.5144     168.5      2451515.282673824   0.2388824534653198E+08  0.2634161805929569E+00  0.1471924948790684E+03  0.1530891063159739E+03  0.4906016937183479E+02  0.2451856679324755E+03  0.2217779086852311E+03  0.6517649684610648E+08      2451755.868963430
1999-DEC-05 19:03:55.271      2451518.294389710 2451518.295132581   01 30 59.1536  +07 23 49.228   01 30 58.8929  +07 23 44.436    0.6149773153616644E+09      n.d.       130.5607 G   -4643.978   -4036.614    74.2349  16.8970     -04 32 50.792    257.0227  32.4703     154.7      2451518.271390107   0.2390238146058330E+08  0.2624863730175711E+00  0.1471916225656696E+03  0.1531529818399811E+03  0.4904557899893543E+02  0.2466090122639053E+03  0.2228760276850405E+03  0.6523435869423677E+08      2451756.086088110
1999-DEC-08 18:59:13.418      2451521.291127523 2451521.291870393   01 30 38.4699  +07 22 41.893   01 30 38.1944  +07 22 36.956    0.6202892793273124E+09      n.d.       127.4338 G   -4468.422   -3972.661    73.3838  18.5602     -04 25 23.043    256.9902  33.8934     119.0      2451521.267922834   0.2396331044377181E+08  0.2593875175757940E+00  0.1471889953949882E+03  0.1532638007564552E+03  0.4874658469097436E+02  0.2482462423852554E+03  0.2243109548115276E+03  0.6548394857329093E+08      2451756.545614338
2000-NOV-28 02:26:08.500      2451876.601487269 2451876.602230139   04 12 42.6540  +20 43 53.974   04 12 46.1334  +20 43 59.890    0.6214927827242057E+09      n.d.       178.8178 S   -4212.983    1085.192     6.7153  46.4636     -00 19 45.764    188.0620 -45.7386     155.2      2451876.578236016   0.2320011492409141E+08  0.2320656931041796E+00  0.1460778991978115E+03  0.1575685940843360E+03  0.6148418836094954E+02  0.4638646065668455E+02  0.6971883348283869E+02  0.6238064228041138E+08      2451783.547847355
2001-NOV-20 03:39:22.114      2452233.652339282 2452233.653082152   07 12 19.6021  +21 47 02.165   07 12 26.0556  +21 46 51.069    0.6430407615902883E+09      n.d.       131.1014 G    5468.414   -2534.326    43.8337  31.2265     -02 38 30.021    162.4532 -45.9494     170.2      2452233.628256178   0.2361812806355897E+08  0.1797433512757537E+00  0.1467804328715297E+03  0.1604610277392121E+03  0.9867111135161321E+02  0.1807917007082509E+03  0.1805595741338862E+03  0.6407414908203022E+08      2452602.796828887
2001-NOV-23 01:18:38.580      2452236.554613194 2452236.555356065   07 11 42.5708  +21 47 59.170   07 11 49.1089  +21 47 48.041    0.6385821092125959E+09      n.d.       134.1752 G    5599.992   -2570.999    62.7558   7.2193     -04 47 10.056    208.8024 -41.8468     135.3      2452236.530702322   0.2358566501829964E+08  0.1813296060429129E+00  0.1467757042895715E+03  0.1605109218181965E+03  0.9915369981055284E+02  0.1815815924286846E+03  0.1811145629966944E+03  0.6394208990193775E+08      2452603.314584044
2001-DEC-19 22:51:04.271      2452263.452132766 2452263.452875637   07 01 08.9335  +22 05 14.041   07 01 16.2288  +22 05 03.286    0.6117697783601904E+09      n.d.       163.9282 G    6585.624   -2746.813    65.6829   0.6502     -05 18 08.680    236.7761 -14.0910     138.2      2452263.429257065   0.2311485579199886E+08  0.2047400756841240E+00  0.1467391010830039E+03  0.1607617932484687E+03  0.1013851375025391E+03  0.1922361846863958E+03  0.1882667425153941E+03  0.6203709031149683E+08      2452598.035062158
2001-DEC-21 22:06:39.518      2452265.421290718 2452265.422033588   07 00 06.9608  +22 06 52.994   07 00 14.2876  +22 06 42.433    0.6110038713741271E+09      n.d.       166.1724 S    6639.248   -2747.286    68.9010  -6.9482     -05 53 45.680    242.0275  -5.0578     114.2      2452265.398444618   0.2307498889376633E+08  0.2065875284335414E+00  0.1467327802596302E+03  0.1607935262709678E+03  0.1017508666814437E+03  0.1927674233632501E+03  0.1885972755538302E+03  0.6187666363594341E+08      2452598.082147471
2002-JAN-09 01:05:24.294      2452283.545420069 2452283.546162940   06 50 03.6690  +22 22 21.671   06 50 11.2948  +22 22 12.720    0.6125211185541873E+09      n.d.       172.9853 S    7006.211   -2679.247    28.4623  39.6544     -01 33 30.535    216.1274 -36.0975     133.7      2452283.522515206   0.2277989852780094E+08  0.2217869280054706E+00  0.1467061266949828E+03  0.1609050606637193E+03  0.1027267986833662E+03  0.2011243000028736E+03  0.1938752090756167E+03  0.6069351857180845E+08      2452593.538116042
2002-FEB-07 22:03:50.744      2452313.419337315 2452313.420080185   06 36 25.7916  +22 42 44.276   06 36 33.4624  +22 42 38.380    0.6478067285493436E+09      n.d.       139.4697 S    7161.402   -2381.102    40.0841  32.8260     -02 23 39.384    251.4414  -4.7565     170.6      2452313.395070205   0.2243665606782122E+08  0.2406781131344767E+00  0.1466604091494537E+03  0.1610429774736820E+03  0.1037814074414129E+03  0.2161593488773852E+03  0.2031896268928554E+03  0.5932692430169278E+08      2452587.752819069
2002-FEB-09 00:35:29.328      2452314.524645000 2452314.525387870   06 36 05.7106  +22 43 18.220   06 36 13.3842  +22 43 12.491    0.6497936537933353E+09      n.d.       138.2718 S    7158.256   -2368.281   355.8894  44.6393     +00 12 40.750    230.3077 -35.7121     174.9      2452314.500301142   0.2242098562359764E+08  0.2410516068440862E+00  0.1466516209367294E+03  0.1610640724568665E+03  0.1040097012844468E+03  0.2164456103902588E+03  0.2033635399292391E+03  0.5926478155808818E+08      2452588.025234974
2002-DEC-29 01:33:58.186      2452637.565256782 2452637.565999653   09 13 53.9852  +17 12 53.314   09 14 04.1023  +17 12 09.974    0.6658476425715644E+09      n.d.       141.4231 G   -4495.712    2793.292    62.8325  16.4715     -04 13 04.267    207.0386 -39.2451      78.8      2452637.540293232   0.2262681670924805E+08  0.2134989060298632E+00  0.1467767578936903E+03  0.1611525316019696E+03  0.8853819508151355E+02  0.3743050766593324E+02  0.5591082349318809E+02  0.6008275328044436E+08      2452565.236796664
2003-JAN-30 00:04:45.294      2452669.503302014 2452669.504044884   09 00 13.0079  +18 16 24.912   09 00 23.9585  +18 15 41.828    0.6330660234655443E+09      n.d.       177.1228 G   -4035.624    2471.239    54.7024  25.8338     -03 22 41.820    233.1047 -28.3349     147.0      2452669.479604024   0.2300146582426853E+08  0.2204236626512388E+00  0.1467581055761602E+03  0.1611669388294286E+03  0.9195413552364306E+02  0.5048740814452756E+02  0.7343193251268940E+02  0.6158116600008796E+08      2452569.522252499
2004-MAR-24 20:49:24.504      2453089.367644722 2453089.368387592   10 58 13.0924  +07 32 50.564   10 58 26.8198  +07 31 28.056    0.6888751513451841E+09      n.d.       158.3677 S    4366.084   -3911.027    77.1797  10.6005     -05 00 44.299    273.4962   3.6858     113.7      2453089.341792175   0.2333751524077174E+08  0.3311234225354907E+00  0.1461707045558006E+03  0.1607575155896277E+03  0.8053419649894371E+02  0.2687816200812360E+03  0.2335245280304191E+03  0.6293562646453051E+08      2453273.912454638
2004-APR-23 21:46:41.557      2453119.407425428 2453119.408168299   10 48 05.7109  +08 36 45.703   10 48 19.3165  +08 35 25.949    0.7347515004067863E+09      n.d.       126.1430 S    3060.965   -2983.439    45.2973  48.0432     -01 54 53.729    277.8107 -15.4052      78.8      2453119.379801597   0.2365707464953111E+08  0.3209761386630530E+00  0.1460547103771382E+03  0.1609270645257041E+03  0.7809778938881612E+02  0.2853183918020263E+03  0.2484173487091867E+03  0.6423270300075146E+08      2453273.604388756
2005-MAR-08 03:30:08.414      2453437.645930718 2453437.646673588   13 10 58.6889  -05 37 34.935   13 11 15.4972  -05 39 21.153    0.6671520129477388E+09      n.d.       149.0318 G    5208.152   -1352.625    58.7134  60.6118     -01 39 41.741    170.8880 -62.2764     119.2      2453437.620916665   0.2343934607764861E+08  0.3223474213252359E+00  0.1448517150601757E+03  0.1613999903615883E+03  0.7803656098096687E+02  0.7694552270355723E+02  0.1137806155219342E+03  0.6334799513729791E+08      2453280.909734886
2005-MAR-10 01:02:46.787      2453439.543597071 2453439.544339942   13 10 22.5506  -05 33 57.267   13 10 39.3774  -05 35 43.744    0.6650375530522575E+09      n.d.       151.0859 G    5292.575   -1412.661    83.2246  30.0366     -03 58 58.357    234.0065 -48.5480     146.4      2453439.518664743   0.2342820304257572E+08  0.3223364599586228E+00  0.1448445643386611E+03  0.1613972895840088E+03  0.7795445263691704E+02  0.7796903989100284E+02  0.1146878488362243E+03  0.6330282717305828E+08      2453280.836159050
2005-APR-03 02:04:26.157      2453463.586413854 2453463.587156725   13 00 44.2219  -04 37 54.643   13 01 01.3319  -04 39 43.752    0.6516441534877095E+09      n.d.       177.0331 G    6146.783   -2131.397    47.2858  64.8997     -01 12 53.543    222.9216 -67.2835     102.5      2453463.561998505   0.2311276963797465E+08  0.3301092996198293E+00  0.1446654172953822E+03  0.1612991804925974E+03  0.7540976893416780E+02  0.9195602187681138E+02  0.1269461492896043E+03  0.6202869207574815E+08      2453280.180061599
2005-APR-04 03:19:18.943      2453464.638413692 2453464.639156563   13 00 15.9697  -04 35 14.913   13 00 33.0912  -04 37 04.154    0.6516542428886745E+09      n.d.       177.8800 S    6174.753   -2160.378   354.6630  72.0112     +00 06 36.342    168.1859 -72.8319     117.7      2453464.613997942   0.2310295584901233E+08  0.3294968998440592E+00  0.1446659390639774E+03  0.1612995630118931E+03  0.7533436652146894E+02  0.9265718000123807E+02  0.1274239130558035E+03  0.6198918976508716E+08      2453279.951462120
2005-APR-14 00:06:41.463      2453474.504646563 2453474.505389433   12 55 52.0835  -04 10 40.618   12 56 09.2208  -04 12 30.293    0.6542489928260974E+09      n.d.       170.2601 S    6399.934   -2419.040    67.3536  50.9282     -02 22 43.396    259.9359 -45.8817     109.6      2453474.480130680   0.2297620087009748E+08  0.3328435523734722E+00  0.1446008057084240E+03  0.1612479184777192E+03  0.7434974393016039E+02  0.9850332260077460E+02  0.1320440833829721E+03  0.6147973215890168E+08      2453279.779838427
2005-MAY-04 21:12:39.710      2453495.383792940 2453495.384535810   12 47 42.7177  -03 27 36.650   12 47 59.8282  -03 29 26.747    0.6738709291795495E+09      n.d.       147.8779 S    6675.550   -2878.716    79.4916  32.0898     -03 46 16.698    283.8090  -9.1803     168.7      2453495.358519574   0.2275386596749385E+08  0.3378090245124156E+00  0.1444989554287039E+03  0.1611473965871026E+03  0.7261267380881867E+02  0.1109954496755563E+03  0.1409844634002432E+03  0.6058950870154911E+08      2453279.143249386
2005-MAY-06 22:52:35.660      2453497.453190509 2453497.453933380   12 47 03.5162  -03 24 25.028   12 47 20.6115  -03 26 15.015    0.6767699194336443E+09      n.d.       145.7053 S    6690.068   -2917.447    60.4228  55.7259     -01 57 32.019    276.2228 -32.1128     163.2      2453497.427805150   0.2274023843148022E+08  0.3389909121192509E+00  0.1444890812430660E+03  0.1611359276891152E+03  0.7255399433655806E+02  0.1120066484188790E+03  0.1417242081014534E+03  0.6053508528580786E+08      2453279.438735750
2005-MAY-08 22:46:40.140      2453499.449075694 2453499.449818565   12 46 27.8058  -03 21 33.901   12 46 44.8904  -03 23 23.824    0.6797159856689023E+09      n.d.       143.6209 S    6702.199   -2953.632    59.6780  56.2055     -01 54 59.683    277.2944 -30.9336     137.2      2453499.423576595   0.2269587284616734E+08  0.3397048252426099E+00  0.1444735353581404E+03  0.1611174800628668E+03  0.7218969233515287E+02  0.1135002946398137E+03  0.1427341489421743E+03  0.6035801826737624E+08      2453279.173677636
2005-MAY-14 21:57:48.035      2453505.415139294 2453505.415882164   12 44 53.9736  -03 14 27.494   12 45 11.0507  -03 16 17.441    0.6893432500794953E+09      n.d.       137.4584 S    6727.989   -3055.005    65.2571  51.2655     -02 18 46.613    282.6489 -20.2904      63.9      2453505.389268528   0.2262929107307603E+08  0.3421621220421793E+00  0.1444436454170049E+03  0.1610795920266745E+03  0.7172877438191541E+02  0.1170083376246912E+03  0.1451119191374050E+03  0.6009260910711306E+08      2453279.330359862
2006-MAY-25 21:25:11.049      2453881.392488993 2453881.393243437   14 31 38.6321  -13 49 31.808   14 32 00.6044  -13 51 23.386    0.6827541023894252E+09      n.d.       155.5356 S   -4860.036     611.801    92.0228  33.6467     -03 55 52.540    287.4413 -13.5879     171.8      2453881.366884244   0.2290727592916586E+08  0.2124426118442901E+00  0.1435609033746117E+03  0.1647475407107785E+03  0.7537552413750039E+02  0.3016855513214609E+03  0.2783138148346147E+03  0.6120329563696829E+08      2453996.112140235
2007-AUG-19 00:48:28.939      2454331.533668275 2454331.534422720   16 37 55.4464  -22 01 52.063   16 38 23.5920  -22 02 55.411    0.7645425735325418E+09      n.d.       105.4558 S    3363.261   -1953.241   261.9514  49.4911     +02 55 45.841    259.6045 -55.9466      38.0      2454331.504905872   0.2400373268333032E+08  0.1625557937721088E+00  0.1437551548819767E+03  0.1673376054019866E+03  0.8243194901956906E+02  0.1637228885753843E+03  0.1680836137073771E+03  0.6564970971580149E+08      2453985.942916777
2007-SEP-10 01:29:19.056      2454353.562026111 2454353.562780555   16 42 50.1100  -22 16 05.411   16 43 18.0458  -22 17 05.432    0.8163407211114194E+09      n.d.        85.3249 S    2147.217   -1802.358   253.9735  21.8260     +04 58 32.436    234.7866 -62.1107     102.3      2454353.531264034   0.2415690043780182E+08  0.1577873216365373E+00  0.1438240793066074E+03  0.1677600416715166E+03  0.8680862345188247E+02  0.1687594180454856E+03  0.1717086884881829E+03  0.6627907698751814E+08      2453993.924189027
2008-JUN-04 07:24:06.973      2454621.808414039 2454621.809168484   19 24 14.2595  -22 16 57.591   19 24 46.4036  -22 15 59.197    0.6394555899512669E+09      n.d.       144.5059 G   -6334.464   -1489.561   265.2977  64.7365     +01 49 26.992     76.1141 -29.7139     152.2      2454621.784480827   0.2257441829498146E+08  0.2612652579246552E+00  0.1433479661596880E+03  0.1704557221392322E+03  0.1084693034385309E+03  0.2804765327781699E+03  0.2506044874193670E+03  0.5987416775432286E+08      2454774.864516092
2008-JUL-11 06:49:36.701      2454658.784452558 2454658.785207002   19 08 04.5543  -22 41 51.986   19 08 37.6501  -22 41 04.544    0.6080668259222379E+09      n.d.       176.4415 S   -5101.850    -561.527   257.5333  35.7273     +03 56 52.442     79.2345 -39.0192      74.9      2454658.761731249   0.2313657811227579E+08  0.2625718360538357E+00  0.1434960352319746E+03  0.1704965071399188E+03  0.1033838969545172E+03  0.3044184585960126E+03  0.2753358799108103E+03  0.6212456042867818E+08      2454769.775711048
2008-AUG-12 01:09:54.208      2454690.548544074 2454690.549298518   18 55 08.6539  -22 56 19.851   18 55 41.9752  -22 55 42.511    0.6283188524507086E+09      n.d.       143.0955 S   -3183.564     256.181   265.5342  81.8460     +00 35 19.639    259.8110 -61.2171      18.9      2454690.525040797   0.2350001340477723E+08  0.2626153679900966E+00  0.1436225684024322E+03  0.1706135264993918E+03  0.9965726046488415E+02  0.3231042322418558E+03  0.2994394318530329E+03  0.6359409666492096E+08      2454765.960773222
2008-SEP-19 23:31:16.998      2454729.480057848 2454729.480812292   18 54 45.6809  -22 53 19.518   18 55 18.5184  -22 52 43.414    0.6994483843945866E+09      n.d.       105.3388 S    -215.211     948.963   264.6509  69.1262     +01 30 35.261    253.9643 -35.9154     135.7      2454729.453808490   0.2348281354271895E+08  0.2548178132477741E+00  0.1437305018166353E+03  0.1708556635878881E+03  0.9675818116144100E+02  0.3436825874303863E+03  0.3320401021986471E+03  0.6352429184152035E+08      2454762.779171085
2009-MAY-21 09:28:36.714      2454972.894869375 2454972.895635393   21 51 19.2739  -14 01 46.423   21 51 50.8089  -13 59 04.539    0.7549920989173764E+09      n.d.        95.1130 G   -2071.493   -1573.301   317.9194  78.7124     +00 31 04.603     68.5172  -1.1847      54.6      2454972.866487205   0.2424156277052743E+08  0.2676787302179275E+00  0.1441141266221296E+03  0.1714043110238892E+03  0.1107806766766270E+03  0.8767792902924718E+02  0.1173628785539757E+03  0.6662781305020212E+08      2454785.051779643
2009-MAY-23 08:02:51.092      2454974.835313565 2454974.836079584   21 51 45.6511  -14 00 26.870   21 52 17.2338  -13 57 44.370    0.7503696273652430E+09      n.d.        96.8711 G   -2182.338   -1641.534    54.7373  75.8513     -00 47 28.424     75.2922 -20.1776      81.9      2454974.807109857   0.2421146839903890E+08  0.2685003870762620E+00  0.1441129519821033E+03  0.1714020804159497E+03  0.1105089927158047E+03  0.8880190040066532E+02  0.1184084724368803E+03  0.6650378022240683E+08      2454784.938859228
2009-JUL-20 07:54:14.098      2455032.829329838 2455032.830095856   21 44 38.7878  -15 06 08.246   21 45 12.3434  -15 03 20.156    0.6382440439327054E+09      n.d.       154.2267 G   -5110.098   -3468.118   271.8641  46.9902     +02 59 38.415     76.6399 -24.2617     130.0      2455032.805455017   0.2376700554929677E+08  0.3060746522833719E+00  0.1442208749945618E+03  0.1717100994313205E+03  0.1081498452951123E+03  0.1155128496772926E+03  0.1417525024908556E+03  0.6468094241556511E+08      2454792.595836375
2013-NOV-10 06:13:43.366      2456606.759529699 2456606.760307292   07 33 28.0242  +21 07 13.522   07 34 18.4574  +21 05 13.288    0.6724752526826837E+09      n.d.       116.0990 G    4712.047   -2836.188    21.0155  43.6196     -01 04 37.418    123.5926 -25.5668     153.7      2456606.734344899   0.2389548503296416E+08  0.1909709059865137E+00  0.1419597901170649E+03  0.1812084713537559E+03  0.1172458178967527E+03  0.1657223704643700E+03  0.1700961533791543E+03  0.6520612814439391E+08      2456259.315552303
