2451462.52513229
2451462.55286782
2451462.55800208
2451462.56314028
2451462.56827847
2451493.40137674
2451493.40785255
2451493.41458762
2451493.42806852
2451493.44171817
2451493.44729873
2451493.45288530
2451493.45846817
2451512.33279676
2451512.33838275
2451512.34396100
2451512.34953692
2451512.37155359
2451512.38251331
2451512.38809120
2451512.39849144
2451512.40407836
2451512.40965706
2451513.29366389
2451513.29669016
2451513.30424271
2451513.31097917
2451513.31771910
2451513.32446435
2451513.33119896
2451513.33793542
2451513.34467535
2451513.45851921
2451513.46641262
2451514.31280058
2451514.31954595
2451514.32628206
2451514.39125104
2451515.33889421
2451515.34679306
2451515.35469502
2451515.36259236
2451515.37049329
2451520.37451921
2451520.38364954
2451520.39688090
2451520.40594317
2451520.44878889
