Ananke    2015-01-03 10:10:53.000  09 33 23.0674 +14 22 45.589   1.454 201.57 -13.08  4.67 15.1
Ananke    2015-01-11 18:00:12.000  09 30 04.3597 +14 41 31.750   0.190  21.16 -15.72  4.59 14.8
Ananke    2015-01-19 23:07:36.000  09 26 12.8821 +15 03 00.680   0.313 200.86 -17.70  4.54 16.4
Ananke    2015-02-15 13:51:10.000  09 11 48.2487 +16 20 49.191   1.412 200.27 -18.79  4.50 16.4
Ananke    2015-03-17 11:06:45.000  08 58 42.6945 +17 31 25.262   1.108  21.93 -10.82  4.71 11.2
Ananke    2015-03-24 17:59:57.000  08 56 52.5288 +17 42 26.905   0.334  23.99  -7.82  4.79 14.0
Ananke    2015-05-08 03:09:11.000  09 00 09.2045 +17 47 53.204   0.903 191.95 +13.53  5.42 13.0
Ananke    2015-05-17 13:38:01.000  09 03 49.0544 +17 36 04.452   0.794 193.31 +17.93  5.56 14.6
Ananke    2015-05-24 03:46:39.000  09 06 53.5982 +17 25 22.130   0.853 194.00 +20.87  5.65 14.6
Ananke    2015-05-24 22:35:33.000  09 07 17.1276 +17 23 57.526   0.460 194.08 +21.21  5.66 14.8
Ananke    2015-06-02 01:46:09.000  09 11 39.6615 +17 07 49.370   0.496 194.77 +24.62  5.77 15.3
Ananke    2015-06-06 02:03:54.000  09 14 00.7716 +16 58 48.977   0.362  15.08 +26.21  5.83 15.7
Ananke    2015-06-07 10:23:18.000  09 14 49.7595 +16 55 39.203   0.070  15.14 +26.74  5.84 15.9
Ananke    2015-06-15 03:00:32.000  09 19 44.1481 +16 36 08.142   1.297  15.73 +29.64  5.94 15.4
Ananke    2015-06-15 17:36:13.000  09 20 08.4885 +16 34 32.334   1.483 195.77 +29.85  5.94 16.9
Ananke    2015-06-27 06:30:07.000  09 28 14.2969 +16 00 44.367   0.294 196.54 +33.71  6.07 12.9
Ananke    2015-07-06 17:12:50.000  09 35 22.8310 +15 29 31.972   1.279  17.11 +36.43  6.15 17.0
Ananke    2015-07-09 05:41:07.000  09 37 21.1766 +15 20 42.886   0.987  17.26 +37.10  6.17 10.4
Ananke    2015-10-19 23:36:55.000  11 04 49.2347 +07 36 12.289   1.064  22.03 +37.39  6.01 16.5
Ananke    2015-10-23 06:10:53.000  11 07 19.0054 +07 21 09.802   0.350 202.16 +36.45  5.97 14.5
Ananke    2015-10-26 02:18:46.000  11 09 26.2507 +07 08 18.509   1.647 202.25 +35.59  5.94 16.4
Ananke    2015-12-29 23:01:51.000  11 40 39.5500 +03 44 59.985   1.934 209.43  +6.21  5.06 12.3
Ananke    2016-02-18 15:28:51.000  11 31 59.3078 +04 18 25.092   0.128  18.87 -15.87  4.53 14.5
Ananke    2016-03-28 09:08:05.000  11 12 45.3316 +05 57 30.080   1.045  18.69 -16.94  4.57 13.3
Ananke    2016-07-16 18:01:51.000  11 19 37.7037 +04 41 32.195   1.526  23.13 +27.35  6.10 14.3
Ananke    2016-08-11 06:58:53.000  11 35 16.5387 +03 02 10.422   1.598 202.91 +34.92  6.37 15.4
Ananke    2016-11-01 16:25:37.000  12 36 20.9712 -03 15 54.117   0.196  21.56 +37.66  6.34 13.6
Ananke    2016-11-01 16:58:59.000  12 36 21.9616 -03 16 01.184   1.322  21.55 +37.65  6.34 16.7
Ananke    2016-11-07 22:17:55.000  12 40 52.3402 -03 42 30.096   0.852  21.32 +36.37  6.28 17.0
Ananke    2016-11-13 10:02:40.000  12 44 45.2518 -04 05 02.933   1.523  21.08 +35.07  6.22 16.0
Ananke    2016-11-23 03:12:27.000  12 51 21.9394 -04 42 40.595   0.496 200.60 +32.43  6.10 16.6
Ananke    2016-11-26 15:32:12.000  12 53 39.6069 -04 55 31.477   0.750  20.41 +31.35  6.05 14.1
Ananke    2016-12-03 07:47:31.000  12 57 51.3077 -05 18 36.302   1.784  19.98 +29.13  5.96 10.5
Ananke    2016-12-07 11:23:56.000  13 00 20.4898 -05 31 59.314   1.078  19.69 +27.64  5.90 13.9
Ananke    2017-02-13 20:49:56.000  13 20 55.5558 -06 51 31.720   1.673  55.15  -3.25  4.78 12.0
Ananke    2017-04-03 06:26:07.000  13 07 41.6706 -04 56 31.147   1.305  26.38 -15.08  4.36 15.8
Ananke    2017-04-11 02:55:57.000  13 04 27.2382 -04 32 47.394   1.943 205.70 -14.93  4.35 15.3
Ananke    2017-05-01 03:58:08.000  12 56 54.8795 -03 40 30.731   1.546 203.87 -11.75  4.42 14.4
Ananke    2017-05-02 03:41:57.000  12 56 35.9797 -03 38 25.749   1.665 203.75 -11.50  4.43 15.5
Ananke    2017-07-27 11:05:29.000  13 05 12.2828 -05 05 17.885   0.650  26.93 +23.14  5.63 16.6
Ananke    2017-08-03 21:59:39.000  13 09 00.7302 -05 33 55.679   0.251  26.55 +25.81  5.75 15.2
Ananke    2017-08-05 06:28:16.000  13 09 44.3857 -05 39 21.053   0.567  26.48 +26.27  5.77 16.8
Ananke    2017-08-18 13:35:17.000  13 17 25.5265 -06 35 36.298   0.962  25.82 +30.48  5.97 15.9
Ananke    2017-08-27 05:04:57.000  13 22 53.3278 -07 14 32.827   0.620 205.38 +32.87  6.09 16.4
Ananke    2017-12-12 00:34:28.000  14 42 11.5647 -15 14 37.637   1.887  19.29 +34.20  6.31 14.2
Ananke    2017-12-15 22:58:37.000  14 44 55.3604 -15 28 18.438   1.197 199.07 +33.14  6.27 16.9
Ananke    2017-12-19 10:53:41.000  14 47 17.5831 -15 40 08.508   1.801  18.89 +32.13  6.23 16.1
Ananke    2017-12-22 09:12:36.000  14 49 14.2765 -15 49 40.086   0.549 198.74 +31.23  6.20 16.5
Ananke    2017-12-23 04:19:21.000  14 49 45.5211 -15 52 14.193   0.687  18.71 +30.98  6.19 16.6
Ananke    2017-12-23 19:24:10.000  14 50 10.0490 -15 54 14.451   1.231  18.67 +30.78  6.18 16.0
Carme     2015-01-09 20:05:57.000  09 28 27.6463 +15 57 40.895   1.416  17.72 -12.65  4.41 12.6
Carme     2015-01-24 09:12:04.000  09 22 10.5994 +16 25 51.075   1.002 196.83 -15.52  4.30 15.7
Carme     2015-01-28 12:00:31.000  09 20 10.7237 +16 34 25.753   1.475  16.57 -15.91  4.28 15.8
Carme     2015-02-07 05:20:21.000  09 15 18.6129 +16 54 51.119   0.323 195.94 -16.11  4.26 14.9
Carme     2015-02-15 01:54:17.000  09 11 24.2517 +17 10 30.715   1.958  15.36 -15.51  4.26 15.5
Carme     2015-02-26 09:39:03.000  09 06 13.5416 +17 30 19.122   1.419 194.41 -13.45  4.30 13.4
Carme     2015-03-23 22:23:04.000  08 58 42.4132 +17 54 55.480   0.110 188.83  -4.83  4.52 11.8
Carme     2015-04-27 18:47:38.000  09 01 24.9218 +17 34 33.589   1.725  19.16 +11.23  5.00 14.6
Carme     2015-05-11 16:43:11.000  09 06 34.3166 +17 09 43.330   0.356 198.35 +17.56  5.22 15.9
Carme     2015-05-18 23:40:35.000  09 10 03.1550 +16 53 13.446   0.028 198.86 +20.74  5.33 11.9
Carme     2015-05-25 03:00:27.000  09 13 21.2580 +16 37 35.511   0.221 198.27 +23.29  5.42 16.5
Carme     2015-05-30 03:01:38.000  09 16 16.2256 +16 23 43.798   0.180 198.34 +25.27  5.50 14.0
Carme     2015-06-11 08:13:11.000  09 24 08.4941 +15 45 50.815   1.506  18.60 +29.75  5.67 17.0
Carme     2015-06-16 14:18:41.000  09 27 48.9181 +15 27 56.641   0.391 198.76 +31.52  5.74 13.5
Carme     2015-06-16 17:21:21.000  09 27 54.3525 +15 27 29.886   0.312 198.77 +31.56  5.74 16.4
Carme     2015-07-02 17:43:26.000  09 39 57.6957 +14 27 14.188   1.309  19.30 +36.18  5.94 15.5
Carme     2015-07-04 05:32:21.000  09 41 08.3401 +14 21 14.403   1.107  19.35 +36.56  5.95 17.1
Carme     2015-07-04 06:33:41.000  09 41 10.4295 +14 21 06.831   1.814 199.36 +36.57  5.95 14.7
Carme     2015-07-11 23:49:16.000  09 47 22.9992 +13 49 04.687   0.402  19.63 +38.38  6.03 15.6
Carme     2015-07-13 23:18:42.000  09 49 00.2429 +13 40 36.538   1.627  19.72 +38.80  6.05 16.3
Carme     2015-10-10 11:57:23.000  11 03 08.9727 +06 37 41.286   0.877  22.11 +37.80  6.16 20.7
Carme     2015-10-16 02:11:23.000  11 07 19.3176 +06 12 26.534   1.810 202.15 +36.38  6.12 16.0
Carme     2015-11-28 04:35:45.000  11 33 28.2633 +03 34 29.218   0.331 201.45 +20.43  5.62 15.2
Carme     2015-12-03 04:23:09.000  11 35 35.9810 +03 22 01.253   1.568  21.15 +18.11  5.55 13.6
Carme     2015-12-18 22:42:11.000  11 40 43.7876 +02 53 23.507   0.860  19.19 +10.31  5.31 14.1
Carme     2016-02-17 13:53:30.000  11 34 19.9949 +03 55 48.272   1.475 205.82 -16.20  4.60 15.7
Carme     2016-03-06 23:17:10.000  11 25 41.1815 +04 56 53.223   1.838  24.88 -18.93  4.54 14.7
Carme     2016-03-17 16:50:19.000  11 20 17.3034 +05 33 57.465   1.102  24.50 -18.73  4.56 16.4
Carme     2016-03-25 22:17:12.000  11 16 18.3537 +06 00 54.032   0.281 204.24 -17.71  4.59 14.8
Carme     2016-04-18 16:57:33.000  11 07 06.8290 +07 01 43.260   0.653  23.67 -11.18  4.80 14.2
Carme     2016-06-22 14:21:19.000  11 10 47.3953 +06 39 53.599   0.259  22.84 +17.43  5.77 15.3
Carme     2016-06-23 23:16:22.000  11 11 18.4256 +06 36 40.238   1.050 202.85 +18.00  5.79 16.4
Carme     2016-07-05 04:15:25.000  11 16 03.8807 +06 06 41.488   1.494  22.91 +22.57  5.95 16.4
Carme     2016-07-10 09:19:50.000  11 18 34.9884 +05 50 51.294   1.545 202.94 +24.56  6.02 15.8
Carme     2016-07-17 11:14:19.000  11 22 16.7652 +05 27 28.090   1.381 202.99 +27.10  6.11 16.8
Carme     2016-07-27 18:41:48.000  11 28 10.4990 +04 50 01.204   0.984 203.06 +30.50  6.22 13.3
Carme     2016-08-07 03:14:38.000  11 34 38.2022 +04 08 45.815   1.647  23.13 +33.53  6.32 14.6
Carme     2016-11-02 08:38:53.000  12 40 19.2091 -02 53 13.916   1.361  22.98 +39.64  6.25 15.4
Carme     2016-11-17 05:58:49.000  12 51 35.6950 -04 04 25.577   0.476 202.76 +36.60  6.08 17.2
Carme     2016-12-08 11:41:54.000  13 06 18.4303 -05 35 50.305   0.722  22.36 +30.10  5.79 16.7
Carme     2016-12-15 06:33:03.000  13 10 30.3245 -06 01 28.607   1.688 202.22 +27.55  5.69 16.4
Carme     2016-12-16 05:10:20.000  13 11 03.8504 -06 04 54.754   0.141  22.21 +27.18  5.67 13.7
Carme     2016-12-26 23:03:47.000  13 16 59.2232 -06 40 43.926   0.920 201.99 +22.67  5.50 16.5
Carme     2016-12-27 08:56:32.000  13 17 11.7178 -06 42 00.657   0.560  21.98 +22.49  5.50 12.2
Carme     2016-12-28 23:15:10.000  13 17 59.4900 -06 46 48.205   1.094  21.95 +21.77  5.47 15.5
Carme     2017-01-02 13:37:31.000  13 20 09.6885 -06 59 48.099   1.286  21.87 +19.67  5.40 16.3
Carme     2017-02-15 17:23:03.000  13 29 40.1656 -07 56 23.058   0.382  18.85  -1.63  4.72 12.3
Carme     2017-03-01 14:03:13.000  13 27 55.4130 -07 46 51.543   0.844 200.36  -7.46  4.55 13.3
Carme     2017-03-30 05:21:21.000  13 18 22.8440 -06 53 59.492   0.610  20.40 -14.91  4.36 14.8
Carme     2017-04-17 08:29:10.000  13 10 21.7561 -06 09 46.474   1.454 200.12 -15.33  4.36 15.4
Carme     2017-04-22 19:38:20.000  13 08 00.3055 -05 56 57.236   0.955 199.95 -14.79  4.39 16.1
Carme     2017-04-28 10:46:40.000  13 05 42.0991 -05 44 34.854   0.924  19.72 -13.90  4.42 12.4
Carme     2017-05-20 17:20:57.000  12 58 45.5605 -05 09 05.749   0.305  17.13  -7.79  4.62 12.3
Carme     2017-07-18 07:54:22.000  13 04 07.6296 -06 00 08.462   0.799  24.47 +17.22  5.52 15.1
Carme     2017-08-06 15:56:31.000  13 12 54.6642 -06 57 53.434   1.254 203.32 +24.95  5.83 16.3
Carme     2017-09-01 08:43:54.000  13 28 21.6267 -08 34 03.623   0.732 202.19 +33.34  6.18 10.7
Carme     2017-09-02 02:55:26.000  13 28 52.0839 -08 37 09.088   0.485  22.17 +33.54  6.19 16.9
Carme     2017-09-03 22:21:01.000  13 30 05.4735 -08 44 31.675   0.645  22.09 +34.03  6.21 16.6
Carme     2017-12-23 16:50:54.000  14 54 29.4898 -15 57 06.712   1.660 195.95 +31.57  6.23 13.0
Elara     2015-01-02 17:32:21.000  09 39 20.8767 +15 05 14.235   1.442  12.87 -12.12  4.50 15.8
Elara     2015-01-05 12:08:41.000  09 38 17.5099 +15 08 46.159   0.786  13.04 -13.40  4.47 12.7
Elara     2015-01-11 13:17:07.000  09 35 36.8073 +15 17 54.187   1.034 193.36 -15.95  4.40 14.4
Elara     2015-01-14 20:25:00.000  09 33 57.1026 +15 23 37.702   0.156  13.51 -17.17  4.38 15.8
Elara     2015-01-17 06:34:33.000  09 32 38.9932 +15 28 11.773   1.133 193.63 -17.98  4.36 16.1
Elara     2015-01-22 23:06:40.000  09 29 21.6351 +15 39 49.058   0.099  13.87 -19.52  4.32 16.5
Elara     2015-01-24 10:48:28.000  09 28 27.3151 +15 43 02.423   1.220  13.96 -19.84  4.31 15.3
Elara     2015-01-25 04:36:08.000  09 27 59.9290 +15 44 42.777   0.648 194.00 -19.99  4.31 16.3
Elara     2015-01-31 00:32:15.000  09 24 17.9416 +15 58 08.734   0.170  14.27 -20.81  4.29 16.6
Elara     2015-02-12 19:05:13.000  09 15 58.0471 +16 29 25.642   1.315  14.98 -20.69  4.30 10.8
Elara     2015-02-12 23:14:18.000  09 15 51.3990 +16 29 52.118   0.457  14.98 -20.67  4.30 16.5
Elara     2015-02-16 02:59:39.000  09 13 51.2068 +16 37 37.854   0.355  15.17 -20.24  4.31 15.9
Elara     2015-02-23 11:26:19.000  09 09 25.8556 +16 55 10.543   1.754 195.67 -18.67  4.35 11.1
Elara     2015-02-25 14:35:38.000  09 08 13.9123 +17 00 01.003   1.111 195.84 -18.09  4.36 12.9
Elara     2015-03-08 14:12:57.000  09 02 49.7430 +17 22 40.365   0.137 196.96 -14.32  4.46 11.8
Elara     2015-03-30 01:45:15.000  08 56 54.5042 +17 51 43.656   1.139  25.60  -4.46  4.74 13.5
Elara     2015-05-10 17:25:41.000  09 03 57.2800 +17 39 20.073   1.193  12.77 +17.00  5.43 19.8
Elara     2015-05-12 11:55:42.000  09 04 43.3084 +17 36 50.338   0.303  13.01 +17.85  5.46 14.7
Elara     2015-05-23 03:28:15.000  09 09 58.7107 +17 18 31.035   1.276  14.24 +22.76  5.64 16.4
Elara     2015-06-01 23:17:57.000  09 15 42.3084 +16 56 57.635   1.364 195.20 +26.89  5.79 16.7
Elara     2015-06-03 05:24:36.000  09 16 29.3039 +16 53 50.458   1.706  15.32 +27.39  5.81 14.2
Elara     2015-06-06 03:01:41.000  09 18 20.6339 +16 46 28.729   1.621  15.58 +28.53  5.85 14.7
Elara     2015-06-20 07:21:47.000  09 28 10.9193 +16 05 18.765   1.130  16.81 +33.60  6.04 13.5
Elara     2015-06-22 09:25:34.000  09 29 43.4411 +15 58 34.140   0.446  16.98 +34.27  6.06 17.0
Elara     2015-06-26 18:55:35.000  09 33 02.4049 +15 43 45.720   1.396  17.36 +35.60  6.11 16.1
Elara     2015-06-27 16:07:01.000  09 33 43.0229 +15 40 43.530   0.127 197.47 +35.86  6.12 14.8
Elara     2015-07-02 03:47:04.000  09 37 12.2081 +15 24 44.795   1.592 197.81 +37.10  6.17 16.3
Elara     2015-10-05 18:54:22.000  10 55 13.6000 +07 50 03.147   1.384  24.82 +35.89  6.20 17.2
Elara     2015-10-20 12:14:01.000  11 05 00.3284 +06 42 47.158   0.878  24.69 +31.18  6.04 13.5
Elara     2015-10-29 04:16:11.000  11 10 12.5387 +06 07 25.164   1.923  24.26 +28.18  5.94 13.7
Elara     2015-11-25 04:26:50.000  11 23 26.7949 +04 43 13.263   0.014 201.29 +17.82  5.57 16.2
Elara     2015-12-18 03:59:50.000  11 30 22.0281 +04 08 23.865   0.456 193.15  +8.02  5.23 11.2
Elara     2016-03-17 14:12:52.000  11 12 58.9800 +07 04 40.685   0.945  25.85 -14.26  4.52 15.8
Elara     2016-03-26 18:35:50.000  11 09 40.9338 +07 27 46.795   0.332  24.42 -12.66  4.56 15.9
Elara     2016-04-11 02:32:08.000  11 05 16.7829 +07 55 18.874   1.865  20.47  -8.58  4.67 14.0
Elara     2016-06-02 02:26:17.000  11 05 20.0484 +07 22 52.648   0.352 215.02 +10.80  5.31 13.4
Elara     2016-06-19 23:23:12.000  11 10 28.7365 +06 34 09.432   0.388  30.53 +16.95  5.55 11.7
Elara     2016-06-27 08:23:51.000  11 13 14.5985 +06 10 35.201   0.401  29.06 +19.40  5.65 15.1
Elara     2016-07-01 07:29:48.000  11 14 52.6082 +05 57 15.268   0.590  28.32 +20.72  5.71 15.8
Elara     2016-07-03 10:58:34.000  11 15 48.2618 +05 49 52.159   0.023  27.87 +21.44  5.74 13.3
Elara     2016-07-10 00:13:52.000  11 18 49.2400 +05 26 34.166   0.026 206.88 +23.61  5.82 14.9
Elara     2016-07-31 23:49:53.000  11 30 50.2216 +04 01 39.989   1.109 204.12 +30.58  6.08 16.3
Elara     2016-08-04 08:53:05.000  11 32 55.3618 +03 47 47.735   1.217 203.82 +31.57  6.12 16.3
Elara     2016-12-07 21:07:58.000  13 05 31.3637 -05 18 37.420   0.161  20.13 +30.14  5.96 16.9
Elara     2016-12-25 18:00:12.000  13 15 48.1804 -06 14 45.198   0.110 200.15 +23.42  5.71 14.9
Elara     2016-12-29 10:26:18.000  13 17 38.2797 -06 24 51.294   1.752  20.26 +21.86  5.65 14.8
Elara     2017-01-19 17:41:53.000  13 25 51.2884 -07 11 27.592   1.501 202.22 +11.97  5.31 15.7
Elara     2017-01-26 21:59:14.000  13 27 33.4504 -07 22 19.125   1.200  24.39  +8.34  5.19 13.7
Elara     2017-02-21 15:28:30.000  13 28 17.7167 -07 36 14.177   0.831 188.14  -5.31  4.79 12.4
Elara     2017-03-01 08:03:51.000  13 26 45.3848 -07 31 37.695   1.580 193.27  -9.13  4.69 14.4
Elara     2017-03-14 12:43:39.000  13 22 18.1824 -07 13 20.475   1.793  16.93 -14.80  4.54 15.3
Elara     2017-04-06 19:35:36.000  13 10 22.3562 -06 12 23.884   0.296  20.42 -20.17  4.40 14.3
Elara     2017-04-16 21:04:31.000  13 04 36.7983 -05 39 24.848   1.165 201.52 -20.13  4.40 14.7
Elara     2017-04-21 05:19:20.000  13 02 11.2142 -05 24 57.340   1.664 201.96 -19.68  4.41 14.4
Elara     2017-04-21 12:00:43.000  13 02 02.0271 -05 24 01.911   1.718 201.99 -19.64  4.41 16.5
Elara     2017-05-22 06:24:00.000  12 48 59.4163 -03 59 37.428   0.842 205.62 -10.14  4.66 15.5
Elara     2017-08-02 05:57:36.000  13 01 32.7480 -05 01 11.588   1.522  21.79 +25.53  5.79 16.3
Elara     2017-08-18 23:45:36.000  13 11 40.5214 -06 02 12.587   0.906 202.13 +32.37  6.03 14.4
Elara     2017-09-18 03:02:15.000  13 34 01.9950 -08 18 29.287   0.351  22.35 +41.55  6.36 12.3
Elara     2017-12-09 01:16:49.000  14 43 14.2601 -15 00 37.609   1.796 199.22 +36.73  6.21 17.0
Elara     2017-12-12 14:32:24.000  14 45 55.6214 -15 14 05.767   0.226  18.85 +35.56  6.17 16.8
Elara     2017-12-18 14:49:39.000  14 50 20.1144 -15 35 26.386   1.571  18.14 +33.47  6.09 15.3
Himalia   2015-01-05 01:07:09.000  09 32 20.9233 +15 35 10.584   1.914  29.94 -11.41  4.51 14.8
Himalia   2015-01-15 01:03:21.000  09 29 00.9265 +16 01 18.932   1.114  27.21 -13.17  4.45 14.8
Himalia   2015-02-02 08:03:35.000  09 21 46.5321 +16 49 43.658   1.699 202.72 -14.32  4.40 16.0
Himalia   2015-02-14 16:12:05.000  09 16 41.4840 +17 18 02.448   1.540 199.68 -13.64  4.42 12.5
Himalia   2015-02-25 19:27:45.000  09 12 25.6457 +17 38 06.563   1.749  16.72 -12.01  4.47 12.2
Himalia   2015-02-28 09:17:46.000  09 11 31.5455 +17 41 53.701   1.396  15.96 -11.50  4.49 14.1
Himalia   2015-03-03 00:39:25.000  09 10 38.6352 +17 45 26.467   0.714 195.15 -10.94  4.50 14.1
Himalia   2015-05-20 08:59:36.000  09 13 37.6521 +16 48 39.598   1.546  21.84 +17.60  5.48 15.2
Himalia   2015-05-22 06:52:21.000  09 14 25.8437 +16 44 05.646   0.124 201.62 +18.32  5.51 16.4
Himalia   2015-06-02 16:14:13.000  09 19 46.8676 +16 14 30.501   0.100  20.53 +22.38  5.67 14.5
Himalia   2015-06-06 02:41:01.000  09 21 34.2809 +16 04 53.249   0.611  20.32 +23.54  5.71 16.4
Himalia   2015-06-08 20:25:26.000  09 23 03.2029 +15 57 01.059   0.144  20.14 +24.44  5.75 16.7
Himalia   2015-06-09 22:29:52.000  09 23 39.2777 +15 53 51.969   1.349 200.09 +24.80  5.76 11.6
Himalia   2015-06-20 16:15:12.000  09 29 57.6850 +15 21 00.007   1.221  19.56 +28.11  5.90 16.4
Himalia   2015-07-05 17:02:17.000  09 39 45.6144 +14 31 18.362   1.488  19.04 +32.07  6.06 16.7
Himalia   2015-07-16 03:15:35.000  09 47 05.8941 +13 54 48.764   0.377 198.77 +34.42  6.15 16.4
Himalia   2015-10-07 21:52:31.000  10 53 40.1835 +08 21 00.489   0.442 200.31 +39.31  6.25 16.6
Himalia   2015-10-23 07:54:47.000  11 05 26.6037 +07 14 32.030   0.993 201.33 +36.11  6.12 15.5
Himalia   2015-10-31 00:24:16.000  11 10 56.2964 +06 42 07.110   1.825  21.84 +33.94  6.04 16.9
Himalia   2015-11-07 21:22:50.000  11 16 14.3041 +06 10 05.194   0.283 202.36 +31.33  5.94 16.2
Himalia   2015-11-08 04:27:17.000  11 16 25.7881 +06 08 55.566   1.053 202.38 +31.23  5.94 16.9
Himalia   2015-11-09 09:01:01.000  11 17 11.6890 +06 04 11.474   0.572  22.45 +30.79  5.92 15.9
Himalia   2015-11-11 12:58:43.000  11 18 33.8286 +05 55 43.695   0.298  22.59 +29.98  5.90 14.6
Himalia   2015-11-12 20:14:19.000  11 19 22.2740 +05 50 40.732   1.737  22.68 +29.48  5.88 15.7
Himalia   2015-12-04 03:31:52.000  11 30 41.9967 +04 37 36.039   0.220  24.18 +20.14  5.56 15.0
Himalia   2016-04-15 07:49:11.000  11 01 28.1338 +07 29 06.983   0.486  27.20 -13.22  4.58 19.6
Himalia   2016-04-16 17:43:46.000  11 00 59.8683 +07 32 46.880   1.580 207.54 -12.64  4.60 14.0
Himalia   2016-04-17 06:26:38.000  11 00 49.5996 +07 34 06.052   0.976 207.68 -12.42  4.60 15.0
Himalia   2016-06-21 05:06:10.000  11 07 41.6793 +07 17 24.305   0.579  22.87 +21.99  5.65 14.3
Himalia   2016-07-06 22:27:02.000  11 16 10.2917 +06 22 03.423   0.989  24.27 +28.85  5.90 16.0
Himalia   2016-07-12 11:04:20.000  11 19 32.7549 +05 59 11.490   0.756  24.59 +30.94  5.98 15.5
Himalia   2016-08-05 10:56:19.000  11 35 55.5599 +04 04 39.203   1.148  25.39 +38.16  6.27 16.1
Himalia   2016-11-03 13:32:18.000  12 45 56.4954 -04 04 08.041   1.369 203.37 +37.56  6.29 15.1
Himalia   2016-11-07 14:34:05.000  12 48 51.1765 -04 22 52.872   1.502  23.09 +36.45  6.25 15.2
Himalia   2016-11-10 03:17:46.000  12 50 38.6536 -04 34 13.154   0.027  23.35 +35.72  6.22 15.4
Himalia   2016-11-23 02:41:02.000  12 59 22.5083 -05 27 47.587   0.025  22.19 +31.44  6.06 14.9
Himalia   2016-11-23 20:45:39.000  12 59 51.3573 -05 30 38.578   0.167  21.60 +31.16  6.05 15.8
Himalia   2016-11-27 10:54:21.000  13 02 06.1707 -05 43 47.667   1.272  21.17 +29.81  6.01 16.6
Himalia   2016-12-10 11:41:53.000  13 09 34.4137 -06 24 54.867   0.530 199.19 +24.41  5.82 15.9
Himalia   2016-12-12 07:11:48.000  13 10 31.0663 -06 29 45.499   0.965 198.85 +23.61  5.79 15.5
Himalia   2017-01-08 01:18:18.000  13 21 13.8505 -07 14 12.822   0.614 189.54 +11.26  5.37 13.3
Himalia   2017-04-05 12:18:18.000  13 09 26.2961 -05 16 07.264   1.585 198.81 -14.74  4.53 10.9
Himalia   2017-04-15 01:50:22.000  13 05 32.4988 -04 57 10.795   0.015  17.31 -14.36  4.54 15.0
Himalia   2017-05-05 20:41:02.000  12 58 02.0012 -04 26 07.803   0.761 193.00 -10.92  4.64 14.3
Himalia   2017-05-07 14:55:23.000  12 57 30.5071 -04 24 22.391   0.353  12.48 -10.48  4.66 15.1
Himalia   2017-09-17 16:36:34.000  13 33 43.7810 -08 42 29.443   1.423  18.88 +35.02  6.22 16.7
Himalia   2017-12-02 07:06:30.000  14 34 21.4257 -13 44 22.714   0.709  18.76 +39.85  6.32 16.4
Himalia   2017-12-07 00:38:45.000  14 38 10.8849 -14 03 15.357   0.959  18.70 +39.05  6.29 16.7
Himalia   2017-12-10 05:17:32.000  14 40 43.9046 -14 15 47.295   0.755  18.66 +38.42  6.26 13.8
Himalia   2017-12-19 17:06:58.000  14 48 07.2738 -14 51 52.505   1.752  18.51 +36.18  6.17 14.3
Himalia   2017-12-26 10:18:54.000  14 53 08.1415 -15 16 03.539   1.629 198.40 +34.25  6.10 16.9
Himalia   2017-12-28 13:50:27.000  14 54 41.5491 -15 23 35.658   1.158  18.38 +33.59  6.08 16.5
Lysithea  2015-01-16 20:36:25.000  09 29 34.7910 +16 09 21.607   1.626  17.52 -12.39  4.46 14.1
Lysithea  2015-01-23 06:37:03.000  09 27 07.6210 +16 19 59.771   0.499  16.00 -13.31  4.44 14.7
Lysithea  2015-01-26 09:43:36.000  09 25 51.7061 +16 25 05.870   0.870  15.35 -13.64  4.43 14.2
Lysithea  2015-01-28 09:49:51.000  09 25 02.0237 +16 28 21.441   1.042 194.96 -13.82  4.42 14.6
Lysithea  2015-05-01 02:28:34.000  09 06 15.5838 +17 06 41.986   0.398  18.72  +9.15  5.18  7.7
Lysithea  2015-05-17 02:38:43.000  09 11 13.7701 +16 44 27.291   0.644 196.59 +15.77  5.41 15.5
Lysithea  2015-05-20 23:41:10.000  09 12 47.5527 +16 37 49.173   1.173 196.38 +17.34  5.47  8.6
Lysithea  2015-05-21 22:45:09.000  09 13 11.9995 +16 36 05.315   0.516 196.35 +17.72  5.48 13.9
Lysithea  2015-06-02 21:27:31.000  09 18 53.2489 +16 12 19.519   1.142  16.08 +22.24  5.65 16.4
Lysithea  2015-06-11 13:46:29.000  09 23 40.4129 +15 52 27.658   0.070 196.13 +25.30  5.77 16.7
Lysithea  2015-06-17 09:52:59.000  09 27 09.9646 +15 37 51.028   1.757  16.16 +27.24  5.84 13.0
Lysithea  2015-06-19 22:36:42.000  09 28 44.6024 +15 31 15.698   0.227  16.20 +28.05  5.87 14.9
Lysithea  2015-06-28 00:53:48.000  09 34 01.0440 +15 08 56.286   1.270  16.39 +30.45  5.96 13.1
Lysithea  2015-07-07 18:29:51.000  09 40 45.9629 +14 39 52.710   1.237  16.70 +33.04  6.07 15.3
Lysithea  2015-07-13 20:09:36.000  09 45 10.1367 +14 20 33.371   0.824  16.94 +34.50  6.12 15.1
Lysithea  2015-07-17 23:24:48.000  09 48 14.6461 +14 06 52.818   0.096 197.16 +35.42  6.16 13.7
Lysithea  2015-10-08 02:33:28.000  10 53 58.3883 +08 17 57.028   1.936  23.02 +39.22  6.26 15.3
Lysithea  2015-11-17 12:27:56.000  11 21 38.0873 +05 13 15.658   1.226 205.07 +27.45  5.82 15.8
Lysithea  2015-11-25 00:49:06.000  11 25 41.2100 +04 44 45.896   1.624  25.25 +24.22  5.71 15.7
Lysithea  2015-11-27 13:46:25.000  11 26 57.3867 +04 35 50.858   0.817 205.30 +23.08  5.67 16.6
Lysithea  2015-12-05 01:22:48.000  11 30 22.2133 +04 11 38.933   0.686 205.41 +19.54  5.55 14.9
Lysithea  2015-12-18 21:13:42.000  11 35 15.4565 +03 36 50.041   1.550 205.49 +12.48  5.32 13.0
Lysithea  2016-01-07 08:10:38.000  11 38 32.5790 +03 13 35.583   0.344 203.62  +2.11  4.99 11.3
Lysithea  2016-02-18 12:52:39.000  11 29 47.4712 +04 20 13.809   0.255 206.75 -16.42  4.46 15.3
Lysithea  2016-02-21 06:17:13.000  11 28 34.2942 +04 29 23.579   1.356  26.75 -17.13  4.44 15.3
Lysithea  2016-03-19 15:03:54.000  11 14 26.8617 +06 16 02.558   0.958  26.94 -19.46  4.38 16.2
Lysithea  2016-03-19 23:31:23.000  11 14 15.7447 +06 17 27.660   0.183  26.93 -19.43  4.38 13.1
Lysithea  2016-03-28 09:23:35.000  11 09 58.3464 +06 50 02.474   0.277 207.07 -18.22  4.42 10.9
Lysithea  2016-04-21 10:16:56.000  11 00 36.2595 +08 02 06.557   0.697  27.93 -10.43  4.64 14.8
Lysithea  2016-07-03 23:41:35.000  11 13 49.3883 +06 27 39.526   1.853  26.66 +27.21  5.85 16.2
Lysithea  2016-07-22 13:31:21.000  11 25 12.8720 +05 02 53.243   0.466 206.34 +34.17  6.11 16.3
Lysithea  2016-07-23 07:48:56.000  11 25 43.3670 +04 59 06.466   0.698  26.32 +34.42  6.12 16.4
Lysithea  2016-08-08 11:10:44.000  11 37 06.4197 +03 35 44.341   0.305  25.84 +38.90  6.30 16.2
Lysithea  2016-08-12 14:55:53.000  11 40 11.9629 +03 13 23.471   0.524 205.71 +39.81  6.34 15.5
Lysithea  2016-11-12 22:39:17.000  12 53 01.2025 -04 45 11.726   0.744  20.86 +35.74  6.19 16.8
Lysithea  2016-11-16 04:55:31.000  12 55 20.0308 -04 58 15.615   0.285 200.57 +34.72  6.15 17.0
Lysithea  2016-11-23 04:40:19.000  13 00 07.1828 -05 24 38.997   0.319 199.92 +32.34  6.07 15.6
Lysithea  2016-12-01 06:33:33.000  13 05 18.7443 -05 52 07.273   0.148  19.07 +29.25  5.96 16.9
Lysithea  2017-02-19 15:20:34.000  13 24 07.5207 -06 49 46.721   0.017  25.40  -8.32  4.76 14.6
Lysithea  2017-03-24 05:05:31.000  13 13 04.3886 -05 49 01.976   0.185 197.83 -15.25  4.53 15.7
Lysithea  2017-05-06 11:18:07.000  12 55 56.9212 -04 35 42.651   0.478  13.49 -10.36  4.65 11.4
Lysithea  2017-08-30 08:28:37.000  13 22 57.9758 -07 38 08.040   1.008 199.91 +31.43  6.07 16.9
Lysithea  2017-08-30 13:29:19.000  13 23 06.0772 -07 38 54.040   1.224  19.91 +31.48  6.07 14.4
Lysithea  2017-09-14 01:03:18.000  13 32 55.7764 -08 31 09.636   0.244  19.54 +34.58  6.20 16.5
Lysithea  2017-09-17 22:49:08.000  13 35 42.1706 -08 45 43.385   0.249  19.47 +35.29  6.23 16.8
Lysithea  2017-12-03 07:56:50.000  14 34 32.9750 -13 53 10.298   1.405 199.72 +37.77  6.27 16.3
Lysithea  2017-12-25 17:58:42.000  14 51 17.3853 -15 19 09.625   1.611  19.16 +33.31  6.07 16.6
Lysithea  2017-12-28 03:30:22.000  14 52 58.9727 -15 27 35.670   1.241 199.06 +32.65  6.05 16.9
Lysithea  2017-12-29 13:58:01.000  14 53 59.0744 -15 32 35.611   1.146 199.01 +32.25  6.03 15.9
Nereida   2015-01-06 00:57:57.000  22 29 48.8291 -10 13 21.152   0.130 338.29 +23.87 30.56 21.4
Nereida   2015-01-10 23:55:17.000  22 30 18.9551 -10 10 24.024   0.107 158.34 +25.72 30.62 22.2
Nereida   2015-01-16 02:46:34.000  22 30 52.2640 -10 07 09.041   0.082 338.36 +27.45 30.68 21.5
Nereida   2015-01-24 15:52:52.000  22 31 52.2181 -10 01 18.692   0.226 338.44 +29.94 30.77 21.6
Nereida   2015-01-26 08:47:19.000  22 32 04.7347 -10 00 05.360   0.023 158.44 +30.36 30.79 18.1
Nereida   2015-02-02 15:01:36.000  22 32 59.7955 -09 54 44.091   0.192 158.48 +31.90 30.85 20.3
Nereida   2015-02-03 01:09:22.000  22 33 03.0762 -09 54 25.115   0.061 158.48 +31.97 30.85 21.7
Nereida   2015-02-05 23:56:16.000  22 33 26.1868 -09 52 10.803   0.228 338.50 +32.48 30.87 20.1
Nereida   2015-02-16 10:36:52.000  22 34 50.2432 -09 44 01.725   0.221 338.54 +33.69 30.92 22.1
Nereida   2015-02-19 04:09:11.000  22 35 12.6155 -09 41 51.690   0.236 338.55 +33.87 30.93 22.2
Nereida   2015-02-24 12:51:00.000  22 35 56.7867 -09 37 34.948   0.260 338.53 +34.09 30.94 22.5
Nereida   2015-02-25 05:57:52.000  22 36 02.6719 -09 37 00.517   0.071 338.53 +34.11 30.94 21.8
Nereida   2015-03-07 11:04:03.000  22 37 27.7315 -09 28 43.862   0.296 338.30 +35.02 30.95 22.3
Nereida   2015-03-16 03:39:04.000  22 38 42.6694 -09 21 19.744   0.187 158.16 +35.90 30.93 20.4
Nereida   2015-03-22 15:36:31.000  22 39 38.3846 -09 15 50.240   0.218 338.24 +34.88 30.89 21.4
Nereida   2015-03-27 09:41:47.000  22 40 17.8715 -09 11 56.856   0.130 158.30 +33.74 30.86 19.6
Nereida   2015-04-02 02:52:48.000  22 41 03.5370 -09 07 28.289   0.180 158.39 +32.14 30.81 21.1
Nereida   2015-04-02 19:41:41.000  22 41 08.9855 -09 06 56.416   0.094 158.40 +31.93 30.81 20.5
Nereida   2015-04-05 00:46:17.000  22 41 25.9525 -09 05 17.177   0.088 338.42 +31.24 30.79 19.6
Nereida   2015-04-06 14:00:18.000  22 41 37.6361 -09 04 08.736   0.026 338.44 +30.75 30.77 20.9
Nereida   2015-04-11 03:57:41.000  22 42 11.0661 -09 00 53.823   0.255 338.54 +29.20 30.72 20.7
Nereida   2015-04-12 03:08:00.000  22 42 17.8935 -09 00 14.013   0.211 338.54 +28.86 30.71 21.5
Nereida   2015-04-20 14:12:53.000  22 43 14.2665 -08 54 47.218   0.272 338.70 +25.64 30.61 19.7
Nereida   2015-04-20 14:49:06.000  22 43 14.4109 -08 54 45.795   0.278 158.71 +25.63 30.61 19.6
Nereida   2015-04-28 03:23:57.000  22 43 58.8243 -08 50 30.790   0.077 158.92 +22.46 30.50 19.0
Nereida   2015-05-19 17:36:29.000  22 45 32.5502 -08 41 46.596   0.189 340.06 +12.35 30.16 19.9
Nereida   2015-07-10 16:19:34.000  22 45 28.3577 -08 44 02.665   0.241 335.76 -12.46 29.33 18.8
Nereida   2015-07-17 09:36:00.000  22 45 05.1336 -08 46 35.346   0.185 156.24 -15.05 29.24 19.7
Nereida   2015-08-09 02:31:05.000  22 43 17.9051 -08 57 58.703   0.216 337.09 -21.60 29.02 18.7
Nereida   2015-08-16 01:48:53.000  22 42 38.2444 -09 02 05.555   0.042 157.28 -22.84 28.98 20.9
Nereida   2015-09-18 19:48:04.000  22 39 12.9433 -09 22 56.799   0.039 337.95 -22.83 28.99 21.4
Nereida   2015-09-25 20:52:18.000  22 38 32.6755 -09 26 57.487   0.262 338.09 -21.54 29.03 16.4
Nereida   2015-09-28 15:05:20.000  22 38 17.6014 -09 28 26.955   0.164 338.14 -20.92 29.05 16.8
Nereida   2015-10-23 22:59:04.000  22 36 26.0454 -09 39 19.326   0.008 338.83 -12.60 29.33 17.2
Nereida   2015-10-24 22:56:03.000  22 36 22.8830 -09 39 37.634   0.205 338.87 -12.18 29.34 19.7
Nereida   2015-11-06 03:36:57.000  22 35 53.1309 -09 42 24.463   0.118 159.74  -6.75 29.53 20.2
Nereida   2015-11-08 03:58:41.000  22 35 49.8916 -09 42 41.953   0.138 160.03  -5.79 29.56 17.3
Nereida   2015-12-06 13:32:51.000  22 35 58.7941 -09 41 24.658   0.094 156.87  +8.61 30.04 19.9
Nereida   2015-12-13 14:53:45.000  22 36 16.9056 -09 39 31.631   0.175 157.34 +12.19 30.16 21.5
Nereida   2015-12-21 11:35:27.000  22 36 44.2462 -09 36 44.313   0.157 337.59 +16.01 30.28 19.6
Nereida   2015-12-23 03:46:23.000  22 36 50.9965 -09 36 03.158   0.128 337.63 +16.80 30.31 19.7
Nereida   2016-01-14 11:07:37.000  22 38 48.9251 -09 24 12.507   0.178 337.98 +26.00 30.63 21.0
Nereida   2016-01-21 19:09:52.000  22 39 37.4845 -09 19 22.329   0.276 338.03 +28.35 30.71 20.2
Nereida   2016-01-31 11:30:07.000  22 40 47.1236 -09 12 26.714   0.243 158.11 +30.84 30.80 18.9
Nereida   2016-02-06 10:43:11.000  22 41 32.5908 -09 07 56.558   0.068 158.14 +32.03 30.85 21.1
Nereida   2016-02-11 09:08:32.000  22 42 11.3001 -09 04 07.062   0.260 338.17 +32.79 30.88 20.0
Nereida   2016-02-17 15:56:02.000  22 43 01.6306 -08 59 08.040   0.100 158.18 +33.49 30.91 18.2
Nereida   2016-03-04 04:20:43.000  22 45 10.4473 -08 46 19.579   0.082 157.87 +35.97 30.95 19.1
Nereida   2016-03-04 09:09:01.000  22 45 12.1903 -08 46 09.467   0.285 337.86 +36.02 30.95 18.2
Nereida   2016-10-12 00:06:16.000  22 45 41.9093 -08 48 04.768   0.256 158.17 -17.63 29.16 20.5
Nereida   2016-10-16 19:39:24.000  22 45 21.2059 -08 50 07.659   0.097 338.33 -15.99 29.21 20.7
Nereida   2016-12-27 03:12:02.000  22 45 24.0927 -08 48 46.382   0.065 337.29 +17.90 30.34 18.8
Nereida   2017-09-29 13:17:34.000  22 55 19.3589 -07 53 30.859   0.231 157.59 -21.70 29.02 16.2
Pasiphae  2015-01-08 15:18:35.000  09 26 51.8534 +15 24 40.860   1.768  22.78 -13.98  4.45 15.6
Pasiphae  2015-01-12 14:36:05.000  09 25 12.9376 +15 34 39.824   1.491 202.45 -15.03  4.41 14.6
Pasiphae  2015-01-19 06:03:09.000  09 22 10.2306 +15 52 32.383   1.691  21.96 -16.45  4.36 15.3
Pasiphae  2015-01-26 16:23:00.000  09 18 26.6750 +16 13 59.033   0.827 201.51 -17.46  4.32 16.0
Pasiphae  2015-02-06 19:37:56.000  09 12 32.1699 +16 46 58.450   1.646  21.00 -17.79  4.29 15.6
Pasiphae  2015-03-10 14:12:22.000  08 57 52.7785 +18 06 36.454   1.132 201.21 -11.29  4.43 15.9
Pasiphae  2015-03-17 20:29:57.000  08 55 46.6035 +18 18 27.328   0.817  22.26  -8.57  4.49 15.3
Pasiphae  2015-04-30 21:16:35.000  08 57 36.4389 +18 25 49.387   1.191  13.04 +11.99  5.08 14.1
Pasiphae  2015-05-03 21:36:21.000  08 58 37.5479 +18 22 24.465   0.743  13.50 +13.41  5.12 15.6
Pasiphae  2015-05-13 14:40:13.000  09 02 34.6345 +18 08 16.183   0.352  14.58 +17.87  5.27 14.2
Pasiphae  2015-05-25 21:05:51.000  09 08 54.0123 +17 43 53.618   1.441  15.54 +23.20  5.45 15.8
Pasiphae  2015-06-01 18:48:12.000  09 13 01.7640 +17 27 13.731   0.301  15.99 +25.96  5.54 11.9
Pasiphae  2015-07-07 04:32:30.000  09 38 58.9863 +15 32 24.615   1.247 198.05 +37.29  5.95 15.7
Pasiphae  2015-07-07 20:43:11.000  09 39 32.1281 +15 29 48.782   1.602 198.08 +37.45  5.96 12.7
Pasiphae  2015-10-09 08:08:11.000  11 00 32.5211 +08 18 09.043   0.381 201.11 +38.74  6.03 16.5
Pasiphae  2015-10-09 22:50:54.000  11 01 01.9921 +08 15 20.509   0.657 201.11 +38.60  6.02 15.1
Pasiphae  2015-10-11 09:29:14.000  11 02 10.9770 +08 08 43.208   1.169  21.11 +38.26  6.01 16.8
Pasiphae  2015-10-14 11:55:05.000  11 04 37.6424 +07 54 43.818   0.425 201.12 +37.50  5.98 15.6
Pasiphae  2015-10-18 22:17:38.000  11 08 02.8412 +07 35 04.521   1.229  21.10 +36.33  5.94 16.2
Pasiphae  2015-10-19 04:37:40.000  11 08 14.9540 +07 33 57.751   1.335 201.11 +36.25  5.94 14.5
Pasiphae  2015-10-21 05:10:58.000  11 09 46.6200 +07 25 09.227   0.970  21.09 +35.68  5.92 14.1
Pasiphae  2015-11-14 08:53:55.000  11 26 16.5480 +05 51 08.766   1.515  20.62 +27.40  5.64 16.9
Pasiphae  2015-11-16 17:58:19.000  11 27 41.6392 +05 43 11.725   1.956  20.52 +26.43  5.61 16.6
Pasiphae  2015-11-23 08:11:40.000  11 31 23.8959 +05 22 42.392   0.895 200.21 +23.66  5.51 15.5
Pasiphae  2015-12-14 10:15:22.000  11 40 40.5353 +04 33 51.328   0.536  18.02 +13.85  5.21 15.7
Pasiphae  2015-12-31 15:45:22.000  11 44 48.9292 +04 16 21.435   1.921  10.09  +5.33  4.95 12.6
Pasiphae  2016-02-08 23:51:20.000  11 40 58.1105 +04 58 55.740   0.921 206.24 -12.12  4.49 12.8
Pasiphae  2016-03-05 14:02:23.000  11 30 15.9012 +06 10 54.249   0.100 202.81 -17.20  4.37 15.5
Pasiphae  2016-03-10 03:53:30.000  11 28 02.2884 +06 24 42.542   1.390 202.29 -17.37  4.37 11.6
Pasiphae  2016-04-09 03:58:40.000  11 14 36.7707 +07 39 20.761   0.901  17.93 -12.88  4.54 14.9
Pasiphae  2016-06-13 00:15:43.000  11 12 48.5020 +07 06 43.352   0.593  29.97 +14.32  5.50 13.9
Pasiphae  2016-06-27 13:55:47.000  11 18 03.4160 +06 23 45.194   1.642  27.96 +20.29  5.74 11.7
Pasiphae  2016-07-18 15:07:07.000  11 28 15.5076 +05 05 31.806   0.885  26.68 +27.80  6.05 14.0
Pasiphae  2016-07-22 16:14:50.000  11 30 30.4310 +04 48 43.434   0.698 206.54 +29.04  6.11 14.6
Pasiphae  2016-07-24 01:37:17.000  11 31 17.8471 +04 42 49.054   0.074 206.51 +29.46  6.12 15.1
Pasiphae  2016-07-24 17:37:02.000  11 31 40.7472 +04 39 57.506   0.787  26.47 +29.66  6.13 14.9
Pasiphae  2016-08-14 16:20:09.000  11 44 35.9841 +03 04 50.504   1.936 206.00 +34.84  6.36 15.2
Pasiphae  2016-08-17 10:14:51.000  11 46 24.0309 +02 51 39.767   0.073  25.94 +35.36  6.39 16.1
Pasiphae  2016-11-17 17:09:10.000  12 51 04.2715 -04 36 00.648   0.476 202.50 +33.83  6.16 15.5
Pasiphae  2016-11-23 00:07:32.000  12 54 36.0513 -04 57 37.405   1.438 202.08 +32.64  6.09 15.7
Pasiphae  2016-11-24 09:12:30.000  12 55 30.4248 -05 03 07.732   0.154  21.97 +32.30  6.07 16.9
Pasiphae  2016-11-26 02:56:52.000  12 56 38.6046 -05 09 55.643   1.155 201.82 +31.86  6.04 15.2
Pasiphae  2016-11-30 12:00:45.000  12 59 27.3961 -05 26 35.518   1.248 201.45 +30.66  5.98 16.0
Pasiphae  2016-12-14 02:02:32.000  13 07 39.7713 -06 13 13.738   1.430 200.20 +26.28  5.76 16.5
Pasiphae  2016-12-31 06:11:43.000  13 16 29.2864 -06 59 15.199   0.274 198.15 +19.45  5.47 13.2
Pasiphae  2017-02-26 18:31:18.000  13 25 29.8204 -07 14 28.748   1.912 214.65  -7.00  4.56 13.7
Pasiphae  2017-03-03 12:21:37.000  13 24 34.4955 -07 05 34.695   0.061  31.86  -8.70  4.50 13.7
Pasiphae  2017-03-05 13:12:42.000  13 24 06.4695 -07 01 20.462   0.511  31.01  -9.39  4.48 14.5
Pasiphae  2017-03-22 20:21:48.000  13 18 39.6574 -06 17 03.815   1.218  27.18 -13.89  4.34 15.6
Pasiphae  2017-03-25 20:27:08.000  13 17 29.9406 -06 08 11.003   1.618 206.82 -14.39  4.33 15.3
Pasiphae  2017-05-06 04:30:18.000  13 00 49.4790 -04 10 15.453   0.449 204.10 -11.66  4.39 15.0
Pasiphae  2017-05-12 01:41:53.000  12 59 04.4360 -03 58 38.614   0.032 203.72  -9.97  4.44 15.8
Pasiphae  2017-05-17 19:18:40.000  12 57 39.6352 -03 49 28.308   1.624  23.25  -8.10  4.50 15.0
Pasiphae  2017-07-24 19:44:47.000  13 06 58.7697 -04 55 30.535   1.101 203.61 +21.01  5.49 16.5
Pasiphae  2017-08-06 17:58:31.000  13 13 38.4665 -05 38 29.393   0.301  23.12 +26.09  5.68 15.4
Pasiphae  2017-08-20 12:33:05.000  13 21 59.4142 -06 30 55.816   0.370 202.57 +30.93  5.87 15.2
Pasiphae  2017-08-21 14:52:14.000  13 22 42.2897 -06 35 19.829   1.618 202.53 +31.29  5.89 16.1
Pasiphae  2017-08-30 20:44:22.000  13 28 58.7686 -07 13 46.572   0.687  22.16 +34.09  6.00 16.6
Pasiphae  2017-09-02 01:24:42.000  13 30 31.9617 -07 23 07.531   1.493 202.06 +34.70  6.03 16.7
Pasiphae  2017-12-10 11:26:15.000  14 51 36.5092 -14 23 10.496   1.216 196.25 +37.15  6.22 14.4
Pasiphae  2017-12-11 07:49:35.000  14 52 16.3699 -14 25 59.044   1.104 196.18 +36.94  6.21 17.1
Pasiphae  2017-12-21 08:29:48.000  14 59 53.3440 -14 57 18.040   1.584 195.45 +34.13  6.12 12.1
Pasiphae  2017-12-21 21:00:08.000  15 00 16.2643 -14 58 53.313   1.846  15.42 +33.97  6.11 16.8
Pasiphae  2017-12-22 12:23:45.000  15 00 44.5029 -15 00 42.518   1.473 195.37 +33.77  6.11 16.5
Pasiphae  2017-12-27 21:20:41.000  15 04 35.3434 -15 15 51.126   0.742  14.97 +32.00  6.05 16.9
Phoebe    2015-01-02 21:47:57.000  15 55 45.4663 -18 22 10.083   0.758 190.67 +30.15 10.74 16.6
Phoebe    2015-02-03 02:06:19.000  16 05 44.6513 -18 46 16.031   0.227 188.22 +18.17 10.30 15.5
Phoebe    2015-04-16 06:11:16.000  16 06 51.1392 -18 37 28.317   0.476  12.64 -13.98  9.15 15.8
Phoebe    2015-04-18 23:49:06.000  16 06 15.8800 -18 35 36.625   0.062  12.41 -14.80  9.12 16.1
Phoebe    2015-04-24 20:07:44.000  16 04 53.6729 -18 31 24.588   0.518  12.00 -16.36  9.06 16.3
Phoebe    2015-05-12 23:20:12.000  15 59 54.8894 -18 16 56.327   0.733  11.17 -19.31  8.94 16.5
Phoebe    2015-05-16 09:37:01.000  15 58 53.7459 -18 14 03.811   0.780 191.04 -19.53  8.93 14.9
Phoebe    2015-06-10 05:01:57.000  15 51 37.2096 -17 54 44.835   0.594 189.93 -17.78  8.96 15.0
Phoebe    2015-06-25 10:31:47.000  15 47 53.4917 -17 45 59.788   0.015   8.55 -14.02  9.06 16.1
Phoebe    2015-07-17 19:58:53.000  15 44 28.8534 -17 40 39.369   0.755   0.22  -5.75  9.31 13.6
Phoebe    2015-08-31 20:13:50.000  15 47 19.6383 -18 02 31.887   0.497 197.41 +15.81 10.01 14.4
Phoebe    2015-09-24 01:02:40.000  15 53 45.3311 -18 28 21.567   0.669  14.61 +26.07 10.37 16.4
Phoebe    2015-10-07 21:19:17.000  15 58 54.1031 -18 46 36.408   0.360 193.48 +31.20 10.55 16.1
Phoebe    2016-01-14 13:32:08.000  16 46 11.4814 -20 45 13.045   0.856 186.82 +32.29 10.71 15.2
Phoebe    2016-01-16 09:05:31.000  16 46 57.2197 -20 46 29.795   0.167 186.70 +31.66 10.69 16.7
Phoebe    2016-01-19 19:44:42.000  16 48 21.7672 -20 48 47.744   0.860   6.47 +30.43 10.65 16.9
Phoebe    2016-01-25 20:12:05.000  16 50 42.0169 -20 52 22.090   0.839 186.06 +28.13 10.59 16.3
Phoebe    2016-01-29 16:52:00.000  16 52 06.5438 -20 54 25.304   0.715 185.79 +26.56 10.54 16.8
Phoebe    2016-02-01 03:34:28.000  16 52 57.7453 -20 55 38.023   0.244   5.62 +25.52 10.51 15.5
Phoebe    2016-02-03 14:44:57.000  16 53 47.4325 -20 56 46.088   0.831   5.45 +24.44 10.47 13.9
Phoebe    2016-02-11 23:47:51.000  16 56 20.8685 -20 59 58.032   0.396 184.79 +20.56 10.36 14.6
Phoebe    2016-03-02 08:54:28.000  17 00 34.1681 -21 03 58.753   0.140 182.39 +10.80 10.07 15.6
Phoebe    2016-03-06 01:02:53.000  17 01 04.7856 -21 04 12.946   0.700 181.48  +8.87 10.01 13.7
Phoebe    2016-04-03 21:19:05.000  17 01 37.9142 -21 00 58.257   0.156 192.10  -6.01  9.57 14.1
Phoebe    2016-04-16 17:23:56.000  16 59 56.3783 -20 56 50.992   0.252 188.78 -11.73  9.40 15.1
Phoebe    2016-04-21 22:20:42.000  16 58 56.7422 -20 54 45.770   0.708 188.26 -13.77  9.34 14.2
Phoebe    2016-04-22 15:49:06.000  16 58 47.6118 -20 54 27.888   0.096 188.20 -14.04  9.33 15.6
Phoebe    2016-04-24 03:01:04.000  16 58 28.6724 -20 53 49.608   0.395 188.10 -14.58  9.32 13.8
Phoebe    2016-04-30 10:13:22.000  16 56 59.1413 -20 50 56.426   0.427   7.73 -16.71  9.25 15.7
Phoebe    2016-05-06 12:28:48.000  16 55 21.0773 -20 47 53.032   0.682   7.50 -18.49  9.20 14.4
Phoebe    2016-05-10 19:25:42.000  16 54 06.2304 -20 45 35.943   0.738   7.39 -19.53  9.17 15.9
Phoebe    2016-05-17 18:07:53.000  16 51 56.8510 -20 41 42.097   0.024 187.24 -20.85  9.13 14.6
Phoebe    2016-06-16 01:55:22.000  16 42 06.0657 -20 24 35.516   0.346   6.84 -21.25  9.11 13.1
Phoebe    2016-06-25 18:17:49.000  16 39 03.4204 -20 19 31.401   0.807 186.59 -19.55  9.16 16.1
Phoebe    2016-06-26 13:06:42.000  16 38 49.3885 -20 19 10.058   0.581   6.56 -19.38  9.16 16.4
Phoebe    2016-09-13 22:37:16.000  16 33 49.2386 -20 23 35.896   0.672  12.38 +15.16 10.19 16.2
Phoebe    2016-10-11 02:00:20.000  16 41 36.5067 -20 44 18.478   0.189   9.65 +27.40 10.57 16.7
Phoebe    2016-10-13 05:14:43.000  16 42 23.5341 -20 46 08.890   0.526 189.48 +28.24 10.59 16.7
Phoebe    2016-10-22 18:35:14.000  16 46 09.4446 -20 54 39.390   0.700   8.80 +31.71 10.70 17.0
Phoebe    2016-10-29 23:54:37.000  16 49 15.5226 -21 01 10.159   0.540 188.31 +34.03 10.77 15.6
Phoebe    2016-11-01 14:48:55.000  16 50 25.9467 -21 03 33.950   0.747   8.14 +34.79 10.79 16.5
Phoebe    2016-11-03 02:54:48.000  16 51 07.0195 -21 04 54.664   0.208 188.03 +35.20 10.81 17.1
Phoebe    2016-11-06 13:32:06.000  16 52 42.6591 -21 08 01.479   0.363   7.81 +36.09 10.83 17.1
Phoebe    2016-11-10 07:41:33.000  16 54 29.4682 -21 11 22.757   0.040   7.58 +36.97 10.86 16.9
Phoebe    2016-11-12 11:01:11.000  16 55 31.3105 -21 13 16.760   0.330   7.42 +37.43 10.87 16.9
Phoebe    2017-01-07 17:15:58.000  17 24 24.8819 -21 52 45.438   0.757 183.83 +37.85 10.83 16.7
Phoebe    2017-01-08 08:02:56.000  17 24 43.2330 -21 53 02.382   0.853 183.80 +37.72 10.83 17.1
Phoebe    2017-01-11 12:43:23.000  17 26 17.5541 -21 54 28.335   0.144   3.61 +37.04 10.80 15.9
Phoebe    2017-01-11 13:23:27.000  17 26 18.3695 -21 54 28.996   0.090   3.61 +37.03 10.80 15.6
Phoebe    2017-01-12 19:53:07.000  17 26 55.4626 -21 55 00.414   0.677 183.53 +36.74 10.79 16.9
Phoebe    2017-01-12 21:00:41.000  17 26 56.8220 -21 55 02.750   0.490   3.53 +36.73 10.79 15.9
Phoebe    2017-01-15 01:21:00.000  17 27 59.8737 -21 55 54.552   0.811 183.40 +36.21 10.77 14.3
Phoebe    2017-01-15 18:37:54.000  17 28 20.5151 -21 56 12.274   0.047 183.35 +36.03 10.76 16.9
Phoebe    2017-01-24 11:55:55.000  17 32 22.9265 -21 59 15.238   0.435 182.87 +33.59 10.68 15.6
Phoebe    2017-01-27 08:31:14.000  17 33 38.9394 -22 00 07.422   0.284   2.71 +32.68 10.64 16.1
Phoebe    2017-01-27 17:07:49.000  17 33 48.3494 -22 00 13.656   0.349   2.69 +32.56 10.64 16.5
Phoebe    2017-01-28 06:14:56.000  17 34 02.6285 -22 00 23.236   0.653   2.66 +32.38 10.63 16.9
Phoebe    2017-01-29 23:35:14.000  17 34 47.1598 -22 00 51.123   0.279   2.57 +31.80 10.61 16.4
Phoebe    2017-02-02 04:12:55.000  17 36 07.7488 -22 01 40.127   0.717   2.40 +30.67 10.57 17.0
Phoebe    2017-02-05 06:50:16.000  17 37 23.6677 -22 02 21.840   0.235 182.23 +29.52 10.53 16.5
Phoebe    2017-02-06 05:59:12.000  17 37 46.6802 -22 02 34.937   0.526   2.18 +29.15 10.52 15.8
Phoebe    2017-02-06 08:19:48.000  17 37 48.9974 -22 02 35.501   0.135 182.18 +29.12 10.52 16.3
Phoebe    2017-02-08 01:55:58.000  17 38 29.6551 -22 02 56.354   0.338 182.09 +28.45 10.50 15.8
Phoebe    2017-02-09 01:03:21.000  17 38 51.8814 -22 03 07.567   0.262 182.04 +28.07 10.48 16.6
Phoebe    2017-02-09 21:16:54.000  17 39 11.0998 -22 03 17.679   0.433   2.00 +27.73 10.47 16.6
Phoebe    2017-02-10 16:53:26.000  17 39 29.5373 -22 03 25.318   0.774 181.96 +27.41 10.46 15.9
Phoebe    2017-02-10 22:30:22.000  17 39 34.7797 -22 03 27.905   0.669 181.94 +27.31 10.46 15.9
Phoebe    2017-02-11 10:03:17.000  17 39 45.5077 -22 03 34.032   0.425   1.92 +27.12 10.45 16.6
Phoebe    2017-02-15 12:30:22.000  17 41 14.1104 -22 04 13.164   0.390   1.72 +25.42 10.39 16.2
Phoebe    2017-02-17 13:25:42.000  17 41 56.1632 -22 04 30.647   0.801   1.63 +24.55 10.36 16.0
Phoebe    2017-02-20 01:31:07.000  17 42 45.9496 -22 04 49.339   0.573   1.51 +23.45 10.32 15.6
Phoebe    2017-02-21 06:44:01.000  17 43 09.3934 -22 04 56.694   0.486 181.45 +22.91 10.31 14.6
Phoebe    2017-02-21 21:03:53.000  17 43 20.7043 -22 05 01.719   0.593   1.42 +22.64 10.30 14.3
Phoebe    2017-02-24 07:18:29.000  17 44 05.3979 -22 05 16.796   0.830   1.31 +21.53 10.26 15.3
Phoebe    2017-02-27 23:17:48.000  17 45 08.9065 -22 05 35.034   0.107   1.15 +19.82 10.20 15.9
Phoebe    2017-02-28 02:13:42.000  17 45 10.9388 -22 05 34.695   0.796 181.14 +19.76 10.20 15.8
Phoebe    2017-03-04 00:07:40.000  17 46 13.0130 -22 05 50.981   0.372 180.97 +17.89 10.14 16.4
Phoebe    2017-03-04 03:10:22.000  17 46 14.9274 -22 05 52.316   0.517   0.96 +17.82 10.14 16.2
Phoebe    2017-03-07 21:20:31.000  17 47 08.8114 -22 06 03.434   0.224   0.79 +15.99 10.08 15.9
Phoebe    2017-03-11 06:24:41.000  17 47 52.5050 -22 06 11.409   0.680   0.63 +14.33 10.02 16.2
Phoebe    2017-03-14 20:34:48.000  17 48 33.9070 -22 06 15.486   0.739 180.46 +12.55  9.96 15.9
Phoebe    2017-03-20 01:18:05.000  17 49 24.3977 -22 06 19.942   0.336 180.18  +9.94  9.88 15.5
Phoebe    2017-03-20 04:51:52.000  17 49 25.6731 -22 06 20.904   0.570   0.17  +9.86  9.88 15.4
Phoebe    2017-03-22 08:49:34.000  17 49 43.2090 -22 06 20.063   0.740 180.04  +8.77  9.84 15.4
Phoebe    2017-04-01 02:54:11.000  17 50 37.0368 -22 06 16.270   0.181 358.80  +3.83  9.68 14.4
Phoebe    2017-04-05 08:55:17.000  17 50 47.4811 -22 06 10.807   0.438 176.51  +1.72  9.62 13.6
Phoebe    2017-04-20 14:25:24.000  17 50 20.9307 -22 05 44.781   0.501 181.69  -5.45  9.40 14.8
Phoebe    2017-05-02 11:24:50.000  17 48 53.6577 -22 05 17.886   0.224 181.09 -10.40  9.25 14.3
Phoebe    2017-05-02 15:49:13.000  17 48 51.8824 -22 05 18.023   0.381   1.08 -10.47  9.25 15.1
Phoebe    2017-05-04 03:25:09.000  17 48 37.0998 -22 05 13.755   0.056 181.05 -11.03  9.23 15.7
Phoebe    2017-05-05 20:42:30.000  17 48 18.9752 -22 05 09.305   0.058   1.02 -11.65  9.21 15.7
Phoebe    2017-05-07 09:34:38.000  17 48 01.9252 -22 05 05.015   0.047 181.00 -12.20  9.20 19.5
Phoebe    2017-05-09 03:43:58.000  17 47 41.4548 -22 05 00.916   0.771   0.98 -12.80  9.18 19.5
Phoebe    2017-05-13 21:02:54.000  17 46 41.5169 -22 04 47.068   0.868   0.95 -14.32  9.14 15.6
Phoebe    2017-05-14 20:34:12.000  17 46 28.2200 -22 04 43.135   0.029 180.94 -14.61  9.13 15.8
Phoebe    2017-05-16 15:04:40.000  17 46 03.4794 -22 04 37.812   0.269   0.93 -15.13  9.12 15.7
Phoebe    2017-05-22 10:39:57.000  17 44 36.2533 -22 04 17.902   0.109   0.94 -16.66  9.08 15.8
Phoebe    2017-05-26 07:11:18.000  17 43 33.9198 -22 04 03.102   0.421 180.95 -17.52  9.05 16.1
Phoebe    2017-05-26 20:52:50.000  17 43 24.4238 -22 04 02.180   0.852   0.95 -17.64  9.05 15.8
Phoebe    2017-06-03 09:02:57.000  17 41 14.1407 -22 03 30.281   0.334 180.99 -18.87  9.02 14.6
Phoebe    2017-06-03 12:24:24.000  17 41 11.6319 -22 03 29.906   0.107 180.99 -18.89  9.02 15.7
Phoebe    2017-06-03 23:32:37.000  17 41 03.2931 -22 03 27.619   0.388 180.99 -18.95  9.02 16.4
Phoebe    2017-06-05 17:08:46.000  17 40 31.9144 -22 03 21.086   0.666   1.00 -19.15  9.01 16.4
Phoebe    2017-06-07 02:26:03.000  17 40 06.5740 -22 03 14.443   0.196   1.01 -19.29  9.01 14.3
Phoebe    2017-06-08 09:36:09.000  17 39 42.6817 -22 03 08.028   0.360 181.01 -19.41  9.01 16.3
Phoebe    2017-06-08 15:59:03.000  17 39 37.7716 -22 03 07.003   0.178 181.01 -19.43  9.01 20.0
Phoebe    2017-06-08 17:41:55.000  17 39 36.4506 -22 03 07.299   0.444   1.02 -19.44  9.01 15.4
Phoebe    2017-06-10 06:29:36.000  17 39 08.0282 -22 02 59.605   0.224 181.02 -19.55  9.01 15.8
Phoebe    2017-06-11 02:14:17.000  17 38 52.7084 -22 02 56.614   0.592   1.02 -19.60  9.01 15.8
Phoebe    2017-06-22 08:20:43.000  17 35 21.3440 -22 02 02.392   0.121   1.07 -19.71  9.02 16.4
Phoebe    2017-06-22 16:11:35.000  17 35 15.2266 -22 02 01.178   0.485   1.06 -19.69  9.02 16.3
Phoebe    2017-06-22 20:21:48.000  17 35 11.9787 -22 01 59.960   0.106   1.06 -19.68  9.02 15.4
Phoebe    2017-06-23 00:08:06.000  17 35 09.0421 -22 01 59.324   0.227   1.06 -19.68  9.02 16.4
Phoebe    2017-06-28 01:10:31.000  17 33 35.7494 -22 01 35.514   0.434   1.05 -19.29  9.04 16.3
Phoebe    2017-06-28 22:06:43.000  17 33 19.8495 -22 01 31.399   0.374   1.05 -19.20  9.05 14.9
Phoebe    2017-06-30 14:37:37.000  17 32 49.3321 -22 01 23.067   0.232 181.04 -19.00  9.05 16.1
Phoebe    2017-07-05 14:53:48.000  17 31 21.0480 -22 01 01.793   0.183   0.98 -18.27  9.08 16.3
Phoebe    2017-07-06 16:07:21.000  17 31 03.0375 -22 00 58.066   0.713   0.97 -18.09  9.09 10.5
Phoebe    2017-07-07 02:34:43.000  17 30 55.6306 -22 00 55.428   0.196 180.96 -18.01  9.09 15.5
Phoebe    2017-07-07 08:32:57.000  17 30 51.4151 -22 00 54.998   0.353   0.96 -17.97  9.10 16.2
Phoebe    2017-07-13 01:57:31.000  17 29 17.7857 -22 00 34.983   0.728   0.83 -16.81  9.14 16.1
Phoebe    2017-07-20 14:13:23.000  17 27 26.3808 -22 00 15.979   0.800   0.55 -14.90  9.21 15.7
Phoebe    2017-07-23 23:31:35.000  17 26 41.1135 -22 00 09.475   0.684 180.35 -13.89  9.25 15.8
Phoebe    2017-08-03 04:01:22.000  17 24 46.7143 -22 00 12.036   0.096 179.30 -10.42  9.38 15.7
Phoebe    2017-08-06 05:32:52.000  17 24 19.2241 -22 00 17.930   0.473 178.78  -9.27  9.42 15.7
Phoebe    2017-08-16 10:14:46.000  17 23 12.5783 -22 00 59.984   0.213 174.87  -5.16  9.57 14.7
Phoebe    2017-09-27 00:47:30.000  17 25 45.5052 -22 09 30.997   0.437 186.19 +14.17 10.28 14.9
Phoebe    2017-10-03 05:33:16.000  17 27 05.1749 -22 11 24.490   0.302   5.49 +16.96 10.38 19.8
Phoebe    2017-10-22 19:49:28.000  17 32 40.7669 -22 17 39.793   0.820 183.94 +25.09 10.68 16.5
Phoebe    2017-10-26 02:29:20.000  17 33 48.1672 -22 18 42.460   0.855 183.73 +26.31 10.73 16.0
Phoebe    2017-10-27 11:16:30.000  17 34 17.1070 -22 19 09.685   0.501   3.64 +26.80 10.75 16.3
Phoebe    2017-10-28 12:20:21.000  17 34 39.5664 -22 19 28.963   0.129   3.57 +27.17 10.76 16.2
Phoebe    2017-10-29 13:31:59.000  17 35 02.4256 -22 19 47.804   0.659 183.51 +27.53 10.77 16.6
Phoebe    2017-10-30 16:40:56.000  17 35 27.3647 -22 20 09.104   0.358 183.44 +27.92 10.79 16.3
Phoebe    2017-10-31 10:48:58.000  17 35 44.2016 -22 20 22.606   0.788 183.39 +28.18 10.80 16.1
Phoebe    2017-11-01 06:21:34.000  17 36 02.4983 -22 20 38.266   0.051 183.34 +28.45 10.81 13.0
Phoebe    2017-11-02 05:07:29.000  17 36 24.0138 -22 20 56.051   0.472   3.28 +28.76 10.82 16.8
Phoebe    2017-11-02 11:24:16.000  17 36 29.9867 -22 21 00.900   0.585   3.27 +28.85 10.82 16.7
Phoebe    2017-11-03 14:23:12.000  17 36 55.8370 -22 21 20.725   0.182   3.20 +29.22 10.83 16.1
Phoebe    2017-11-09 14:22:30.000  17 39 18.6013 -22 23 05.450   0.852   2.83 +31.06 10.90 14.8
Phoebe    2017-11-10 04:02:32.000  17 39 32.5595 -22 23 14.516   0.418   2.79 +31.23 10.90 16.7
Phoebe    2017-11-11 13:55:03.000  17 40 07.4440 -22 23 36.999   0.337 182.71 +31.63 10.92 15.4
Phoebe    2017-11-17 12:48:38.000  17 42 38.8790 -22 25 09.772   0.322 182.35 +33.21 10.97 15.8
Sinope    2015-02-07 04:21:52.000  09 11 54.5116 +16 19 12.526   0.762 199.07 -18.26  4.43 14.7
Sinope    2015-02-24 09:26:59.000  09 03 04.5549 +17 02 47.077   0.787 198.92 -16.01  4.46 15.0
Sinope    2015-04-12 19:45:23.000  08 52 45.3301 +18 00 33.411   0.345 180.62  +2.87  4.94 13.9
Sinope    2015-05-07 20:41:51.000  08 58 42.5633 +17 43 57.214   1.336  13.20 +15.07  5.30 13.7
Sinope    2015-05-14 21:00:11.000  09 01 40.0707 +17 33 44.592   0.998  13.92 +18.37  5.40 16.3
Sinope    2015-05-16 16:40:37.000  09 02 31.1385 +17 30 45.237   1.615 194.07 +19.21  5.43 15.7
Sinope    2015-06-06 05:14:58.000  09 14 11.4848 +16 46 15.150   0.168  15.54 +27.94  5.71 15.4
Sinope    2015-06-18 14:28:03.000  09 22 47.6111 +16 10 52.109   0.648  16.32 +32.51  5.85 14.1
Sinope    2015-07-06 15:54:48.000  09 36 54.4230 +15 09 00.046   1.717  17.40 +37.96  6.04 16.8
Sinope    2015-10-06 07:20:21.000  10 57 20.9919 +08 07 39.387   0.441 201.33 +40.03  6.15 17.0
Sinope    2015-10-17 00:15:08.000  11 05 46.3763 +07 18 31.054   0.438 201.54 +37.22  6.07 16.7
Sinope    2015-10-23 18:08:10.000  11 10 47.0098 +06 48 58.914   1.517  21.62 +35.12  6.01 16.8
Sinope    2015-11-04 16:21:06.000  11 18 59.0668 +06 00 23.856   0.283  21.72 +30.89  5.89 16.5
Sinope    2015-11-06 20:53:57.000  11 20 23.2698 +05 52 02.094   1.290  21.73 +30.04  5.86 14.1
Sinope    2015-11-18 21:35:15.000  11 27 27.2518 +05 09 58.039   1.945  21.72 +24.95  5.72 15.1
Sinope    2015-11-20 16:14:47.000  11 28 23.9948 +05 04 23.690   0.997 201.70 +24.15  5.69 15.0
Sinope    2015-12-01 00:24:45.000  11 33 20.1507 +04 35 05.156   1.099  21.55 +19.31  5.55 13.1
Sinope    2015-12-18 13:26:59.000  11 39 16.7831 +04 00 28.085   0.236  20.78 +10.40  5.31 15.0
Sinope    2015-12-31 22:08:43.000  11 41 29.2367 +03 48 27.455   1.803  17.48  +3.46  5.12 13.5
Sinope    2016-02-20 02:41:32.000  11 30 59.4295 +04 56 39.086   1.494 202.01 -17.03  4.61 13.2
Sinope    2016-03-03 08:42:35.000  11 25 01.8966 +05 32 01.928   0.716 201.37 -18.82  4.57 16.1
Sinope    2016-03-12 09:47:45.000  11 20 21.7735 +05 58 54.565   0.620  20.84 -19.04  4.58 15.8
Sinope    2016-06-11 18:56:05.000  11 04 35.2053 +06 55 41.976   0.465 207.18 +13.61  5.64 14.9
Sinope    2016-06-21 01:56:14.000  11 07 37.3973 +06 33 07.713   0.934 206.04 +17.70  5.79 11.4
Sinope    2016-06-30 21:22:53.000  11 11 35.5977 +06 04 42.521   1.117 205.34 +21.79  5.93 16.6
Sinope    2016-07-05 19:02:59.000  11 13 50.7129 +05 48 51.196   0.716  25.10 +23.74  6.00 16.3
Sinope    2016-07-08 09:22:09.000  11 15 06.3708 +05 40 04.761   0.454 205.00 +24.74  6.04 14.5
Sinope    2016-07-13 07:59:42.000  11 17 37.5432 +05 22 35.874   0.148  24.83 +26.56  6.10 14.5
Sinope    2016-07-20 12:42:18.000  11 21 33.3236 +04 55 32.614   0.611  24.65 +29.04  6.19 16.8
Sinope    2016-07-23 20:38:20.000  11 23 28.2565 +04 42 25.664   0.535  24.58 +30.12  6.23 16.8
Sinope    2016-12-04 22:13:47.000  12 57 28.2663 -05 35 10.872   1.629  22.35 +28.34  5.96 12.8
Sinope    2016-12-13 09:47:46.000  13 02 12.5266 -06 04 01.207   0.065 202.04 +25.12  5.83 14.3
Sinope    2016-12-28 13:05:19.000  13 09 24.8355 -06 46 54.091   0.077 201.40 +18.71  5.58 16.3
Sinope    2016-12-28 16:57:50.000  13 09 28.8652 -06 47 17.353   0.325 201.40 +18.64  5.58 13.6
Sinope    2017-01-13 08:28:53.000  13 14 51.0953 -07 17 51.030   0.855 200.21 +11.36  5.31 14.4
Sinope    2017-01-18 05:27:46.000  13 16 02.1685 -07 24 13.275   1.285 199.52  +9.04  5.23 12.9
Sinope    2017-03-01 19:49:59.000  13 15 10.9500 -07 10 02.511   1.270  25.30  -9.60  4.59 12.7
Sinope    2017-03-02 16:59:39.000  13 14 57.3853 -07 08 26.926   0.947  25.21  -9.90  4.58 12.2
Sinope    2017-04-02 10:54:53.000  13 03 33.1500 -05 50 54.350   1.322 204.29 -15.77  4.37 15.4
Sinope    2017-04-23 00:47:26.000  12 54 47.0240 -04 51 41.784   0.080 204.44 -14.20  4.38 15.9
Sinope    2017-05-03 00:52:37.000  12 51 11.1135 -04 27 04.975   1.433 204.72 -11.88  4.43 15.4
Sinope    2017-05-10 17:50:58.000  12 48 56.8757 -04 11 36.782   1.317  25.09  -9.54  4.49 15.6
Sinope    2017-05-22 13:15:07.000  12 46 37.8723 -03 54 59.091   1.418  26.69  -5.22  4.61 13.3
Sinope    2017-07-02 19:40:30.000  12 50 38.3295 -04 14 11.718   1.651  21.35 +13.42  5.17 12.6
Sinope    2017-07-03 05:44:41.000  12 50 46.4853 -04 14 58.053   0.377  21.36 +13.61  5.18 14.3
Sinope    2017-07-11 06:14:53.000  12 53 41.4224 -04 32 07.520   0.366  21.56 +17.23  5.31 15.9
Sinope    2017-08-06 05:59:02.000  13 06 56.1565 -05 50 28.176   0.460 201.55 +27.93  5.70 16.6
Sinope    2017-08-06 18:16:54.000  13 07 14.8519 -05 52 18.510   0.286 201.54 +28.12  5.71 13.0
Sinope    2017-09-02 18:39:43.000  13 25 46.9095 -07 40 05.872   1.808  21.06 +36.49  6.06 13.9
Sinope    2017-09-18 02:51:15.000  13 37 41.7142 -08 47 28.959   0.768  20.66 +39.70  6.22 15.9
Sinope    2017-12-05 19:15:54.000  14 41 46.0740 -14 15 36.185   1.042 197.50 +36.29  6.34 17.0
Sinope    2017-12-06 04:06:45.000  14 42 02.5437 -14 16 52.547   0.180 197.46 +36.20  6.33 15.0
Sinope    2017-12-07 20:19:45.000  14 43 17.0691 -14 22 33.686   0.518  17.42 +35.78  6.32 15.6
Sinope    2017-12-10 07:32:33.000  14 45 05.5384 -14 30 47.411   1.872  17.30 +35.12  6.30 16.0
Sinope    2017-12-18 18:53:27.000  14 51 05.5732 -14 57 33.759   0.993  16.91 +32.64  6.22 15.5
